1569337557.053
1569337557.303
1569337557.553
1569337557.803
1569337558.053
1569337558.303
1569337558.553
1569337558.803
1569337559.053
1569337559.303
1569337559.553
1569337559.803
1569337560.053
1569337560.303
1569337560.553
1569337560.803
1569337561.053
1569337561.303
1569337561.553
1569337561.803
1569337562.053
1569337562.303
1569337562.553
1569337562.803
1569337563.053
1569337563.303
1569337563.553
1569337563.803
1569337564.053
1569337564.303
1569337564.553
1569337564.803
1569337565.053
1569337565.303
1569337565.553
1569337565.803
1569337566.053
1569337566.303
1569337566.553
1569337566.803
1569337567.053
1569337567.303
1569337567.553
1569337567.803
1569337568.053
1569337568.303
1569337568.553
1569337568.803
1569337569.053
1569337569.303
1569337569.553
1569337569.803
1569337570.053
1569337570.303
1569337570.553
1569337570.803
1569337571.053
1569337571.303
1569337571.553
1569337571.803
1569337572.053
1569337572.303
1569337572.553
1569337572.803
1569337573.053
1569337573.303
1569337573.553
1569337573.803
1569337574.053
1569337574.303
1569337574.553
1569337574.803
1569337575.053
1569337575.303
1569337575.553
1569337575.803
1569337576.053
1569337576.303
1569337576.553
1569337576.803
1569337577.053
1569337577.303
1569337577.553
1569337577.803
1569337578.053
1569337578.303
1569337578.553
1569337578.803
1569337579.053
1569337579.303
1569337579.553
1569337579.803
1569337580.053
1569337580.303
1569337580.553
1569337580.803
1569337581.053
1569337581.303
1569337581.553
1569337581.803
1569337582.053
1569337582.303
1569337582.553
1569337582.803
1569337583.053
1569337583.303
1569337583.553
1569337583.803
1569337584.053
1569337584.303
1569337584.553
1569337584.803
1569337585.053
1569337585.303
1569337585.553
1569337585.803
1569337586.053
1569337586.303
1569337586.553
1569337586.803
1569337587.053
1569337587.303
1569337587.553
1569337587.803
1569337588.053
1569337588.303
1569337588.553
1569337588.803
1569337589.053
1569337589.303
1569337589.553
1569337589.803
1569337590.053
1569337590.303
1569337590.553
1569337590.803
1569337591.053
1569337591.303
1569337591.553
1569337591.803
1569337592.053
1569337592.303
1569337592.553
1569337592.803
1569337593.053
1569337593.303
1569337593.553
1569337593.803
1569337594.053
1569337594.303
1569337594.553
1569337594.803
1569337595.053
1569337595.303
1569337595.553
1569337595.803
1569337596.053
1569337596.303
1569337596.553
1569337596.803
1569337597.053
1569337597.303
1569337597.553
1569337597.803
1569337598.053
1569337598.303
1569337598.553
1569337598.803
1569337599.053
1569337599.303
1569337599.553
1569337599.803
1569337600.053
1569337600.303
1569337600.553
1569337600.803
1569337601.053
1569337601.303
1569337601.553
1569337601.803
1569337602.053
1569337602.303
1569337602.553
1569337602.803
1569337603.053
1569337603.303
1569337603.553
1569337603.803
1569337604.053
1569337604.303
1569337604.553
1569337604.803
1569337605.053
1569337605.303
1569337605.553
1569337605.803
1569337606.053
1569337606.303
1569337606.553
1569337606.803
1569337607.053
1569337607.303
1569337607.553
1569337607.803
1569337608.053
1569337608.303
1569337608.553
1569337608.803
1569337609.053
1569337609.303
1569337609.553
1569337609.803
1569337610.053
1569337610.303
1569337610.553
1569337610.803
1569337611.053
1569337611.303
1569337611.553
1569337611.803
1569337612.053
1569337612.303
1569337612.553
1569337612.803
1569337613.053
1569337613.303
1569337613.553
1569337613.803
1569337614.053
1569337614.303
1569337614.553
1569337614.803
1569337615.053
1569337615.303
1569337615.553
1569337615.803
1569337616.053
1569337616.303
1569337616.553
1569337616.803
1569337617.053
1569337617.303
1569337617.553
1569337617.803
1569337618.053
1569337618.303
1569337618.553
1569337618.803
1569337619.053
1569337619.303
1569337619.553
1569337619.803
1569337620.053
1569337620.303
1569337620.553
1569337620.803
1569337621.053
1569337621.303
1569337621.553
1569337621.803
1569337622.053
1569337622.303
1569337622.553
1569337622.803
1569337623.053
1569337623.303
1569337623.553
1569337623.803
1569337624.053
1569337624.303
1569337624.553
1569337624.803
1569337625.053
1569337625.303
1569337625.553
1569337625.803
1569337626.053
1569337626.303
1569337626.553
1569337626.803
1569337627.053
1569337627.303
1569337627.553
1569337627.803
1569337628.053
1569337628.303
1569337628.553
1569337628.803
1569337629.053
1569337629.303
1569337629.553
1569337629.803
1569337630.053
1569337630.303
1569337630.553
1569337630.803
1569337631.053
1569337631.303
1569337631.553
1569337631.803
1569337632.053
1569337632.303
1569337632.553
1569337632.803
1569337633.053
1569337633.303
1569337633.553
1569337633.803
1569337634.053
1569337634.303
1569337634.553
1569337634.803
1569337635.053
1569337635.303
1569337635.553
1569337635.803
1569337636.053
1569337636.303
1569337636.553
1569337636.803
1569337637.053
1569337637.303
1569337637.553
1569337637.803
1569337638.053
1569337638.303
1569337638.553
1569337638.803
1569337639.053
1569337639.303
1569337639.553
1569337639.803
1569337640.053
1569337640.303
1569337640.553
1569337640.803
1569337641.053
1569337641.303
1569337641.553
1569337641.803
1569337642.053
1569337642.303
1569337642.553
1569337642.803
1569337643.053
1569337643.303
1569337643.553
1569337643.803
1569337644.053
1569337644.303
1569337644.553
1569337644.803
1569337645.053
1569337645.303
1569337645.553
1569337645.803
1569337646.053
1569337646.303
1569337646.553
1569337646.803
1569337647.053
1569337647.303
1569337647.553
1569337647.803
1569337648.053
1569337648.303
1569337648.553
1569337648.803
1569337649.053
1569337649.303
1569337649.553
1569337649.803
1569337650.053
1569337650.303
1569337650.553
1569337650.803
1569337651.053
1569337651.303
1569337651.553
1569337651.803
1569337652.053
1569337652.303
1569337652.553
1569337652.803
1569337653.053
1569337653.303
1569337653.553
1569337653.803
1569337654.053
1569337654.303
1569337654.553
1569337654.803
1569337655.053
1569337655.303
1569337655.553
1569337655.803
1569337656.053
1569337656.303
1569337656.553
1569337656.803
1569337657.053
1569337657.303
1569337657.553
1569337657.803
1569337658.053
1569337658.303
1569337658.553
1569337658.803
1569337659.053
1569337659.303
1569337659.553
1569337659.803
1569337660.053
1569337660.303
1569337660.553
1569337660.803
1569337661.053
1569337661.303
1569337661.553
1569337661.803
1569337662.053
1569337662.303
1569337662.553
1569337662.803
1569337663.053
1569337663.303
1569337663.553
1569337663.803
1569337664.053
1569337664.303
1569337664.553
1569337664.803
1569337665.053
1569337665.303
1569337665.553
1569337665.803
1569337666.053
1569337666.303
1569337666.553
1569337666.803
1569337667.053
1569337667.303
1569337667.553
1569337667.803
1569337668.053
1569337668.303
1569337668.553
1569337668.803
1569337669.053
1569337669.303
1569337669.553
1569337669.803
1569337670.053
1569337670.303
1569337670.553
1569337670.803
1569337671.053
1569337671.303
1569337671.553
1569337671.803
1569337672.053
1569337672.303
1569337672.553
1569337672.803
1569337673.053
1569337673.303
1569337673.553
1569337673.803
1569337674.053
1569337674.303
1569337674.553
1569337674.803
1569337675.053
1569337675.303
1569337675.553
1569337675.803
1569337676.053
1569337676.303
1569337676.553
1569337676.803
1569337677.053
1569337677.303
1569337677.553
1569337677.803
1569337678.053
1569337678.303
1569337678.553
1569337678.803
1569337679.053
1569337679.303
1569337679.553
1569337679.803
1569337680.053
1569337680.303
1569337680.553
1569337680.803
1569337681.053
1569337681.303
1569337681.553
1569337681.803
1569337682.053
1569337682.303
1569337682.553
1569337682.803
1569337683.053
1569337683.303
1569337683.553
1569337683.803
1569337684.053
1569337684.303
1569337684.553
1569337684.803
1569337685.053
1569337685.303
1569337685.553
1569337685.803
1569337686.053
1569337686.303
1569337686.553
1569337686.803
1569337687.053
1569337687.303
1569337687.553
1569337687.803
1569337688.053
1569337688.303
1569337688.553
1569337688.803
1569337689.053
1569337689.303
1569337689.553
1569337689.803
1569337690.053
1569337690.303
1569337690.553
1569337690.803
1569337691.053
1569337691.303
1569337691.553
1569337691.803
1569337692.053
1569337692.303
1569337692.553
1569337692.803
1569337693.053
1569337693.303
1569337693.553
1569337693.803
1569337694.053
1569337694.303
1569337694.553
1569337694.803
1569337695.053
1569337695.303
1569337695.553
1569337695.803
1569337696.053
1569337696.303
1569337696.553
1569337696.803
1569337697.053
1569337697.303
1569337697.553
1569337697.803
1569337698.053
1569337698.303
1569337698.553
1569337698.803
1569337699.053
1569337699.303
1569337699.553
1569337699.803
1569337700.053
1569337700.303
1569337700.553
1569337700.803
1569337701.053
1569337701.303
1569337701.553
1569337701.803
1569337702.053
1569337702.303
1569337702.553
1569337702.803
1569337703.053
1569337703.303
1569337703.553
1569337703.803
1569337704.053
1569337704.303
1569337704.553
1569337704.803
1569337705.053
1569337705.303
1569337705.553
1569337705.803
1569337706.053
1569337706.303
1569337706.553
1569337706.803
1569337707.053
1569337707.303
1569337707.553
1569337707.803
1569337708.053
1569337708.303
1569337708.553
1569337708.803
1569337709.053
1569337709.303
1569337709.553
1569337709.803
1569337710.053
1569337710.303
1569337710.553
1569337710.803
1569337711.053
1569337711.303
1569337711.553
1569337711.803
1569337712.053
1569337712.303
1569337712.553
1569337712.803
1569337713.053
1569337713.303
1569337713.553
1569337713.803
1569337714.053
1569337714.303
1569337714.553
1569337714.803
1569337715.053
1569337715.303
1569337715.553
1569337715.803
1569337716.053
1569337716.303
1569337716.553
1569337716.803
1569337717.053
1569337717.303
1569337717.553
1569337717.803
1569337718.053
1569337718.303
1569337718.553
1569337718.803
1569337719.053
1569337719.303
1569337719.553
1569337719.803
1569337720.053
1569337720.303
1569337720.553
1569337720.803
1569337721.053
1569337721.303
1569337721.553
1569337721.803
1569337722.053
1569337722.303
1569337722.553
1569337722.803
1569337723.053
1569337723.303
1569337723.553
1569337723.803
1569337724.053
1569337724.303
1569337724.553
1569337724.803
1569337725.053
1569337725.303
1569337725.553
1569337725.803
1569337726.053
1569337726.303
1569337726.553
1569337726.803
1569337727.053
1569337727.303
1569337727.553
1569337727.803
1569337728.053
1569337728.303
1569337728.553
1569337728.803
1569337729.053
1569337729.303
1569337729.553
1569337729.803
1569337730.053
1569337730.303
1569337730.553
1569337730.803
1569337731.053
1569337731.303
1569337731.553
1569337731.803
1569337732.053
1569337732.303
1569337732.553
1569337732.803
1569337733.053
1569337733.303
1569337733.553
1569337733.803
1569337734.053
1569337734.303
1569337734.553
1569337734.803
1569337735.053
1569337735.303
1569337735.553
1569337735.803
1569337736.053
1569337736.303
1569337736.553
1569337736.803
1569337737.053
1569337737.303
1569337737.553
1569337737.803
1569337738.053
1569337738.303
1569337738.553
1569337738.803
1569337739.053
1569337739.303
1569337739.553
1569337739.803
1569337740.053
1569337740.303
1569337740.553
1569337740.803
1569337741.053
1569337741.303
1569337741.553
1569337741.803
1569337742.053
1569337742.303
1569337742.553
1569337742.803
1569337743.053
1569337743.303
1569337743.553
1569337743.803
1569337744.053
1569337744.303
1569337744.553
1569337744.803
1569337745.053
1569337745.303
1569337745.553
1569337745.803
1569337746.053
1569337746.303
1569337746.553
1569337746.803
1569337747.053
1569337747.303
1569337747.553
1569337747.803
1569337748.053
1569337748.303
1569337748.553
1569337748.803
1569337749.053
1569337749.303
1569337749.553
1569337749.803
1569337750.053
1569337750.303
1569337750.553
1569337750.803
1569337751.053
1569337751.303
1569337751.553
1569337751.803
1569337752.053
1569337752.303
1569337752.553
1569337752.803
1569337753.053
1569337753.303
1569337753.553
1569337753.803
1569337754.053
1569337754.303
1569337754.553
1569337754.803
1569337755.053
1569337755.303
1569337755.553
1569337755.803
1569337756.053
1569337756.303
1569337756.553
1569337756.803
1569337757.053
1569337757.303
1569337757.553
1569337757.803
1569337758.053
1569337758.303
1569337758.553
1569337758.803
1569337759.053
1569337759.303
1569337759.553
1569337759.803
1569337760.053
1569337760.303
1569337760.553
1569337760.803
1569337761.053
1569337761.303
1569337761.553
1569337761.803
1569337762.053
1569337762.303
1569337762.553
1569337762.803
1569337763.053
1569337763.303
1569337763.553
1569337763.803
1569337764.053
1569337764.303
1569337764.553
1569337764.803
1569337765.053
1569337765.303
1569337765.553
1569337765.803
1569337766.053
1569337766.303
1569337766.553
1569337766.803
1569337767.053
1569337767.303
1569337767.553
1569337767.803
1569337768.053
1569337768.303
1569337768.553
1569337768.803
1569337769.053
1569337769.303
1569337769.553
1569337769.803
1569337770.053
1569337770.303
1569337770.553
1569337770.803
1569337771.053
1569337771.303
1569337771.553
1569337771.803
1569337772.053
1569337772.303
1569337772.553
1569337772.803
1569337773.053
1569337773.303
1569337773.553
1569337773.803
1569337774.053
1569337774.303
1569337774.553
1569337774.803
1569337775.053
1569337775.303
1569337775.553
1569337775.803
1569337776.053
1569337776.303
1569337776.553
1569337776.803
1569337777.053
1569337777.303
1569337777.553
1569337777.803
1569337778.053
1569337778.303
1569337778.553
1569337778.803
1569337779.053
1569337779.303
1569337779.553
1569337779.803
1569337780.053
1569337780.303
1569337780.553
1569337780.803
1569337781.053
1569337781.303
1569337781.553
1569337781.803
1569337782.053
1569337782.303
1569337782.553
1569337782.803
1569337783.053
1569337783.303
1569337783.553
1569337783.803
1569337784.053
1569337784.303
1569337784.553
1569337784.803
1569337785.053
1569337785.303
1569337785.553
1569337785.803
1569337786.053
1569337786.303
1569337786.553
1569337786.803
1569337787.053
1569337787.303
1569337787.553
1569337787.803
1569337788.053
1569337788.303
1569337788.553
1569337788.803
1569337789.053
1569337789.303
1569337789.553
1569337789.803
1569337790.053
1569337790.303
1569337790.553
1569337790.803
1569337791.053
1569337791.303
1569337791.553
1569337791.803
1569337792.053
1569337792.303
1569337792.553
1569337792.803
1569337793.053
1569337793.303
1569337793.553
1569337793.803
1569337794.053
1569337794.303
1569337794.553
1569337794.803
1569337795.053
1569337795.303
1569337795.553
1569337795.803
1569337796.053
1569337796.303
1569337796.553
1569337796.803
1569337797.053
1569337797.303
1569337797.553
1569337797.803
1569337798.053
1569337798.303
1569337798.553
1569337798.803
1569337799.053
1569337799.303
1569337799.553
1569337799.803
1569337800.053
1569337800.303
1569337800.553
1569337800.803
1569337801.053
1569337801.303
1569337801.553
1569337801.803
1569337802.053
1569337802.303
1569337802.553
1569337802.803
1569337803.053
1569337803.303
1569337803.553
1569337803.803
1569337804.053
1569337804.303
1569337804.553
1569337804.803
1569337805.053
1569337805.303
1569337805.553
1569337805.803
1569337806.053
1569337806.303
1569337806.553
1569337806.803
1569337807.053
1569337807.303
1569337807.553
1569337807.803
1569337808.053
1569337808.303
1569337808.553
1569337808.803
1569337809.053
1569337809.303
1569337809.553
1569337809.803
1569337810.053
1569337810.303
1569337810.553
1569337810.803
1569337811.053
1569337811.303
1569337811.553
1569337811.803
1569337812.053
1569337812.303
1569337812.553
1569337812.803
1569337813.053
1569337813.303
1569337813.553
1569337813.803
1569337814.053
1569337814.303
1569337814.553
1569337814.803
1569337815.053
1569337815.303
1569337815.553
1569337815.803
1569337816.053
1569337816.303
1569337816.553
1569337816.803
1569337817.053
1569337817.303
1569337817.553
1569337817.803
1569337818.053
1569337818.303
1569337818.553
1569337818.803
1569337819.053
1569337819.303
1569337819.553
1569337819.803
1569337820.053
1569337820.303
1569337820.553
1569337820.803
1569337821.053
1569337821.303
1569337821.553
1569337821.803
1569337822.053
1569337822.303
1569337822.553
1569337822.803
1569337823.053
1569337823.303
1569337823.553
1569337823.803
1569337824.053
1569337824.303
1569337824.553
1569337824.803
1569337825.053
1569337825.303
1569337825.553
1569337825.803
1569337826.053
1569337826.303
1569337826.553
1569337826.803
1569337827.053
1569337827.303
1569337827.553
1569337827.803
1569337828.053
1569337828.303
1569337828.553
1569337828.803
1569337829.053
1569337829.303
1569337829.553
1569337829.803
1569337830.053
1569337830.303
1569337830.553
1569337830.803
1569337831.053
1569337831.303
1569337831.553
1569337831.803
1569337832.053
1569337832.303
1569337832.553
1569337832.803
1569337833.053
1569337833.303
1569337833.553
1569337833.803
1569337834.053
1569337834.303
1569337834.553
1569337834.803
1569337835.053
1569337835.303
1569337835.553
1569337835.803
1569337836.053
1569337836.303
1569337836.553
1569337836.803
1569337837.053
1569337837.303
1569337837.553
1569337837.803
1569337838.053
1569337838.303
1569337838.553
1569337838.803
1569337839.053
1569337839.303
1569337839.553
1569337839.803
1569337840.053
1569337840.303
1569337840.553
1569337840.803
1569337841.053
1569337841.303
1569337841.553
1569337841.803
1569337842.053
1569337842.303
1569337842.553
1569337842.803
1569337843.053
1569337843.303
1569337843.553
1569337843.803
1569337844.053
1569337844.303
1569337844.553
1569337844.803
1569337845.053
1569337845.303
1569337845.553
1569337845.803
1569337846.053
1569337846.303
1569337846.553
1569337846.803
1569337847.053
1569337847.303
1569337847.553
1569337847.803
1569337848.053
1569337848.303
1569337848.553
1569337848.803
1569337849.053
1569337849.303
1569337849.553
1569337849.803
1569337850.053
1569337850.303
1569337850.553
1569337850.803
1569337851.053
1569337851.303
1569337851.553
1569337851.803
1569337852.053
1569337852.303
1569337852.553
1569337852.803
1569337853.053
1569337853.303
1569337853.553
1569337853.803
1569337854.053
1569337854.303
1569337854.553
1569337854.803
1569337855.053
1569337855.303
1569337855.553
1569337855.803
1569337856.053
1569337856.303
1569337856.553
1569337856.803
1569337857.053
1569337857.303
1569337857.553
1569337857.803
1569337858.053
1569337858.303
1569337858.553
1569337858.803
1569337859.053
1569337859.303
1569337859.553
1569337859.803
1569337860.053
1569337860.303
1569337860.553
1569337860.803
1569337861.053
1569337861.303
1569337861.553
1569337861.803
1569337862.053
1569337862.303
1569337862.553
1569337862.803
1569337863.053
1569337863.303
1569337863.553
1569337863.803
1569337864.053
1569337864.303
1569337864.553
1569337864.803
1569337865.053
1569337865.303
1569337865.553
1569337865.803
1569337866.053
1569337866.303
1569337866.553
1569337866.803
1569337867.053
1569337867.303
1569337867.553
1569337867.803
1569337868.053
1569337868.303
1569337868.553
1569337868.803
1569337869.053
1569337869.303
1569337869.553
1569337869.803
1569337870.053
1569337870.303
1569337870.553
1569337870.803
1569337871.053
1569337871.303
1569337871.553
1569337871.803
1569337872.053
1569337872.303
1569337872.553
1569337872.803
1569337873.053
1569337873.303
1569337873.553
1569337873.803
1569337874.053
1569337874.303
1569337874.553
1569337874.803
1569337875.053
1569337875.303
1569337875.553
1569337875.803
1569337876.053
1569337876.303
1569337876.553
1569337876.803
1569337877.053
1569337877.303
1569337877.553
1569337877.803
