1569338530.053
1569338530.303
1569338530.553
1569338530.803
1569338531.053
1569338531.303
1569338531.553
1569338531.803
1569338532.053
1569338532.303
1569338532.553
1569338532.803
1569338533.053
1569338533.303
1569338533.553
1569338533.803
1569338534.053
1569338534.303
1569338534.553
1569338534.803
1569338535.053
1569338535.303
1569338535.553
1569338535.803
1569338536.053
1569338536.303
1569338536.553
1569338536.803
1569338537.053
1569338537.303
1569338537.553
1569338537.803
1569338538.053
1569338538.303
1569338538.553
1569338538.803
1569338539.053
1569338539.303
1569338539.553
1569338539.803
1569338540.053
1569338540.303
1569338540.553
1569338540.803
1569338541.053
1569338541.303
1569338541.553
1569338541.803
1569338542.053
1569338542.303
1569338542.553
1569338542.803
1569338543.053
1569338543.303
1569338543.553
1569338543.803
1569338544.053
1569338544.303
1569338544.553
1569338544.803
1569338545.053
1569338545.303
1569338545.553
1569338545.803
1569338546.053
1569338546.303
1569338546.553
1569338546.803
1569338547.053
1569338547.303
1569338547.553
1569338547.803
1569338548.053
1569338548.303
1569338548.553
1569338548.803
1569338549.053
1569338549.303
1569338549.553
1569338549.803
1569338550.053
1569338550.303
1569338550.553
1569338550.803
1569338551.053
1569338551.303
1569338551.553
1569338551.803
1569338552.053
1569338552.303
1569338552.553
1569338552.803
1569338553.053
1569338553.303
1569338553.553
1569338553.803
1569338554.053
1569338554.303
1569338554.553
1569338554.803
1569338555.053
1569338555.303
1569338555.553
1569338555.803
1569338556.053
1569338556.303
1569338556.553
1569338556.803
1569338557.053
1569338557.303
1569338557.553
1569338557.803
1569338558.053
1569338558.303
1569338558.553
1569338558.803
1569338559.053
1569338559.303
1569338559.553
1569338559.803
1569338560.053
1569338560.303
1569338560.553
1569338560.803
1569338561.053
1569338561.303
1569338561.553
1569338561.803
1569338562.053
1569338562.303
1569338562.553
1569338562.803
1569338563.053
1569338563.303
1569338563.553
1569338563.803
1569338564.053
1569338564.303
1569338564.553
1569338564.803
1569338565.053
1569338565.303
1569338565.553
1569338565.803
1569338566.053
1569338566.303
1569338566.553
1569338566.803
1569338567.053
1569338567.303
1569338567.553
1569338567.803
1569338568.053
1569338568.303
1569338568.553
1569338568.803
1569338569.053
1569338569.303
1569338569.553
1569338569.803
1569338570.053
1569338570.303
1569338570.553
1569338570.803
1569338571.053
1569338571.303
1569338571.553
1569338571.803
1569338572.053
1569338572.303
1569338572.553
1569338572.803
1569338573.053
1569338573.303
1569338573.553
1569338573.803
1569338574.053
1569338574.303
1569338574.553
1569338574.803
1569338575.053
1569338575.303
1569338575.553
1569338575.803
1569338576.053
1569338576.303
1569338576.553
1569338576.803
1569338577.053
1569338577.303
1569338577.553
1569338577.803
1569338578.053
1569338578.303
1569338578.553
1569338578.803
1569338579.053
1569338579.303
1569338579.553
1569338579.803
1569338580.053
1569338580.303
1569338580.553
1569338580.803
1569338581.053
1569338581.303
1569338581.553
1569338581.803
1569338582.053
1569338582.303
1569338582.553
1569338582.803
1569338583.053
1569338583.303
1569338583.553
1569338583.803
1569338584.053
1569338584.303
1569338584.553
1569338584.803
1569338585.053
1569338585.303
1569338585.553
1569338585.803
1569338586.053
1569338586.303
1569338586.553
1569338586.803
1569338587.053
1569338587.303
1569338587.553
1569338587.803
1569338588.053
1569338588.303
1569338588.553
1569338588.803
1569338589.053
1569338589.303
1569338589.553
1569338589.803
1569338590.053
1569338590.303
1569338590.553
1569338590.803
1569338591.053
1569338591.303
1569338591.553
1569338591.803
1569338592.053
1569338592.303
1569338592.553
1569338592.803
1569338593.053
1569338593.303
1569338593.553
1569338593.803
1569338594.053
1569338594.303
1569338594.553
1569338594.803
1569338595.053
1569338595.303
1569338595.553
1569338595.803
1569338596.053
1569338596.303
1569338596.553
1569338596.803
1569338597.053
1569338597.303
1569338597.553
1569338597.803
1569338598.053
1569338598.303
1569338598.553
1569338598.803
1569338599.053
1569338599.303
1569338599.553
1569338599.803
1569338600.053
1569338600.303
1569338600.553
1569338600.803
1569338601.053
1569338601.303
1569338601.553
1569338601.803
1569338602.053
1569338602.303
1569338602.553
1569338602.803
1569338603.053
1569338603.303
1569338603.553
1569338603.803
1569338604.053
1569338604.303
1569338604.553
1569338604.803
1569338605.053
1569338605.303
1569338605.553
1569338605.803
1569338606.053
1569338606.303
1569338606.553
1569338606.803
1569338607.053
1569338607.303
1569338607.553
1569338607.803
1569338608.053
1569338608.303
1569338608.553
1569338608.803
1569338609.053
1569338609.303
1569338609.553
1569338609.803
1569338610.053
1569338610.303
1569338610.553
1569338610.803
1569338611.053
1569338611.303
1569338611.553
1569338611.803
1569338612.053
1569338612.303
1569338612.553
1569338612.803
1569338613.053
1569338613.303
1569338613.553
1569338613.803
1569338614.053
1569338614.303
1569338614.553
1569338614.803
1569338615.053
1569338615.303
1569338615.553
1569338615.803
1569338616.053
1569338616.303
1569338616.553
1569338616.803
1569338617.053
1569338617.303
1569338617.553
1569338617.803
1569338618.053
1569338618.303
1569338618.553
1569338618.803
1569338619.053
1569338619.303
1569338619.553
1569338619.803
1569338620.053
1569338620.303
1569338620.553
1569338620.803
1569338621.053
1569338621.303
1569338621.553
1569338621.803
1569338622.053
1569338622.303
1569338622.553
1569338622.803
1569338623.053
1569338623.303
1569338623.553
1569338623.803
1569338624.053
1569338624.303
1569338624.553
1569338624.803
1569338625.053
1569338625.303
1569338625.553
1569338625.803
1569338626.053
1569338626.303
1569338626.553
1569338626.803
1569338627.053
1569338627.303
1569338627.553
1569338627.803
1569338628.053
1569338628.303
1569338628.553
1569338628.803
1569338629.053
1569338629.303
1569338629.553
1569338629.803
1569338630.053
1569338630.303
1569338630.553
1569338630.803
1569338631.053
1569338631.303
1569338631.553
1569338631.803
1569338632.053
1569338632.303
1569338632.553
1569338632.803
1569338633.053
1569338633.303
1569338633.553
1569338633.803
1569338634.053
1569338634.303
1569338634.553
1569338634.803
1569338635.053
1569338635.303
1569338635.553
1569338635.803
1569338636.053
1569338636.303
1569338636.553
1569338636.803
1569338637.053
1569338637.303
1569338637.553
1569338637.803
1569338638.053
1569338638.303
1569338638.553
1569338638.803
1569338639.053
1569338639.303
1569338639.553
1569338639.803
1569338640.053
1569338640.303
1569338640.553
1569338640.803
1569338641.053
1569338641.303
1569338641.553
1569338641.803
1569338642.053
1569338642.303
1569338642.553
1569338642.803
1569338643.053
1569338643.303
1569338643.553
1569338643.803
1569338644.053
1569338644.303
1569338644.553
1569338644.803
1569338645.053
1569338645.303
1569338645.553
1569338645.803
1569338646.053
1569338646.303
1569338646.553
1569338646.803
1569338647.053
1569338647.303
1569338647.553
1569338647.803
1569338648.053
1569338648.303
1569338648.553
1569338648.803
1569338649.053
1569338649.303
1569338649.553
1569338649.803
1569338650.053
1569338650.303
1569338650.553
1569338650.803
1569338651.053
1569338651.303
1569338651.553
1569338651.803
1569338652.053
1569338652.303
1569338652.553
1569338652.803
1569338653.053
1569338653.303
1569338653.553
1569338653.803
1569338654.053
1569338654.303
1569338654.553
1569338654.803
1569338655.053
1569338655.303
1569338655.553
1569338655.803
1569338656.053
1569338656.303
1569338656.553
1569338656.803
1569338657.053
1569338657.303
1569338657.553
1569338657.803
1569338658.053
1569338658.303
1569338658.553
1569338658.803
1569338659.053
1569338659.303
1569338659.553
1569338659.803
1569338660.053
1569338660.303
1569338660.553
1569338660.803
1569338661.053
1569338661.303
1569338661.553
1569338661.803
1569338662.053
1569338662.303
1569338662.553
1569338662.803
1569338663.053
1569338663.303
1569338663.553
1569338663.803
1569338664.053
1569338664.303
1569338664.553
1569338664.803
1569338665.053
1569338665.303
1569338665.553
1569338665.803
1569338666.053
1569338666.303
1569338666.553
1569338666.803
1569338667.053
1569338667.303
1569338667.553
1569338667.803
1569338668.053
1569338668.303
1569338668.553
1569338668.803
1569338669.053
1569338669.303
1569338669.553
1569338669.803
1569338670.053
1569338670.303
1569338670.553
1569338670.803
1569338671.053
1569338671.303
1569338671.553
1569338671.803
1569338672.053
1569338672.303
1569338672.553
1569338672.803
1569338673.053
1569338673.303
1569338673.553
1569338673.803
1569338674.053
1569338674.303
1569338674.553
1569338674.803
1569338675.053
1569338675.303
1569338675.553
1569338675.803
1569338676.053
1569338676.303
1569338676.553
1569338676.803
1569338677.053
1569338677.303
1569338677.553
1569338677.803
1569338678.053
1569338678.303
1569338678.553
1569338678.803
1569338679.053
1569338679.303
1569338679.553
1569338679.803
1569338680.053
1569338680.303
1569338680.553
1569338680.803
1569338681.053
1569338681.303
1569338681.553
1569338681.803
1569338682.053
1569338682.303
1569338682.553
1569338682.803
1569338683.053
1569338683.303
1569338683.553
1569338683.803
1569338684.053
1569338684.303
1569338684.553
1569338684.803
1569338685.053
1569338685.303
1569338685.553
1569338685.803
1569338686.053
1569338686.303
1569338686.553
1569338686.803
1569338687.053
1569338687.303
1569338687.553
1569338687.803
1569338688.053
1569338688.303
1569338688.553
1569338688.803
1569338689.053
1569338689.303
1569338689.553
1569338689.803
1569338690.053
1569338690.303
1569338690.553
1569338690.803
1569338691.053
1569338691.303
1569338691.553
1569338691.803
1569338692.053
1569338692.303
1569338692.553
1569338692.803
1569338693.053
1569338693.303
1569338693.553
1569338693.803
1569338694.053
1569338694.303
1569338694.553
1569338694.803
1569338695.053
1569338695.303
1569338695.553
1569338695.803
1569338696.053
1569338696.303
1569338696.553
1569338696.803
1569338697.053
1569338697.303
1569338697.553
1569338697.803
1569338698.053
1569338698.303
1569338698.553
1569338698.803
1569338699.053
1569338699.303
1569338699.553
1569338699.803
1569338700.053
1569338700.303
1569338700.553
1569338700.803
1569338701.053
1569338701.303
1569338701.553
1569338701.803
1569338702.053
1569338702.303
1569338702.553
1569338702.803
1569338703.053
1569338703.303
1569338703.553
1569338703.803
1569338704.053
1569338704.303
1569338704.553
1569338704.803
1569338705.053
1569338705.303
1569338705.553
1569338705.803
1569338706.053
1569338706.303
1569338706.553
1569338706.803
1569338707.053
1569338707.303
1569338707.553
1569338707.803
1569338708.053
1569338708.303
1569338708.553
1569338708.803
1569338709.053
1569338709.303
1569338709.553
1569338709.803
1569338710.053
1569338710.303
1569338710.553
1569338710.803
1569338711.053
1569338711.303
1569338711.553
1569338711.803
1569338712.053
1569338712.303
1569338712.553
1569338712.803
1569338713.053
1569338713.303
1569338713.553
1569338713.803
1569338714.053
1569338714.303
1569338714.553
1569338714.803
1569338715.053
1569338715.303
1569338715.553
1569338715.803
1569338716.053
1569338716.303
1569338716.553
1569338716.803
1569338717.053
1569338717.303
1569338717.553
1569338717.803
1569338718.053
1569338718.303
1569338718.553
1569338718.803
1569338719.053
1569338719.303
1569338719.553
1569338719.803
1569338720.053
1569338720.303
1569338720.553
1569338720.803
1569338721.053
1569338721.303
1569338721.553
1569338721.803
1569338722.053
1569338722.303
1569338722.553
1569338722.803
1569338723.053
1569338723.303
1569338723.553
1569338723.803
1569338724.053
1569338724.303
1569338724.553
1569338724.803
1569338725.053
1569338725.303
1569338725.553
1569338725.803
1569338726.053
1569338726.303
1569338726.553
1569338726.803
1569338727.053
1569338727.303
1569338727.553
1569338727.803
1569338728.053
1569338728.303
1569338728.553
1569338728.803
1569338729.053
1569338729.303
1569338729.553
1569338729.803
1569338730.053
1569338730.303
1569338730.553
1569338730.803
1569338731.053
1569338731.303
1569338731.553
1569338731.803
1569338732.053
1569338732.303
1569338732.553
1569338732.803
1569338733.053
1569338733.303
1569338733.553
1569338733.803
1569338734.053
1569338734.303
1569338734.553
1569338734.803
1569338735.053
1569338735.303
1569338735.553
1569338735.803
1569338736.053
1569338736.303
1569338736.553
1569338736.803
1569338737.053
1569338737.303
1569338737.553
1569338737.803
1569338738.053
1569338738.303
1569338738.553
1569338738.803
1569338739.053
1569338739.303
1569338739.553
1569338739.803
1569338740.053
1569338740.303
1569338740.553
1569338740.803
1569338741.053
1569338741.303
1569338741.553
1569338741.803
1569338742.053
1569338742.303
1569338742.553
1569338742.803
1569338743.053
1569338743.303
1569338743.553
1569338743.803
1569338744.053
1569338744.303
1569338744.553
1569338744.803
1569338745.053
1569338745.303
1569338745.553
1569338745.803
1569338746.053
1569338746.303
1569338746.553
1569338746.803
1569338747.053
1569338747.303
1569338747.553
1569338747.803
1569338748.053
1569338748.303
1569338748.553
1569338748.803
1569338749.053
1569338749.303
1569338749.553
1569338749.803
1569338750.053
1569338750.303
1569338750.553
1569338750.803
1569338751.053
1569338751.303
1569338751.553
1569338751.803
1569338752.053
1569338752.303
1569338752.553
1569338752.803
1569338753.053
1569338753.303
1569338753.553
1569338753.803
1569338754.053
1569338754.303
1569338754.553
1569338754.803
1569338755.053
1569338755.303
1569338755.553
1569338755.803
1569338756.053
1569338756.303
1569338756.553
1569338756.803
1569338757.053
1569338757.303
1569338757.553
1569338757.803
1569338758.053
1569338758.303
1569338758.553
1569338758.803
1569338759.053
1569338759.303
1569338759.553
1569338759.803
1569338760.053
1569338760.303
1569338760.553
1569338760.803
1569338761.053
1569338761.303
1569338761.553
1569338761.803
1569338762.053
1569338762.303
1569338762.553
1569338762.803
1569338763.053
1569338763.303
1569338763.553
1569338763.803
1569338764.053
1569338764.303
1569338764.553
1569338764.803
1569338765.053
1569338765.303
1569338765.553
1569338765.803
1569338766.053
1569338766.303
1569338766.553
1569338766.803
1569338767.053
1569338767.303
1569338767.553
1569338767.803
1569338768.053
1569338768.303
1569338768.553
1569338768.803
1569338769.053
1569338769.303
1569338769.553
1569338769.803
1569338770.053
1569338770.303
1569338770.553
1569338770.803
1569338771.053
1569338771.303
1569338771.553
1569338771.803
1569338772.053
1569338772.303
1569338772.553
1569338772.803
1569338773.053
1569338773.303
1569338773.553
1569338773.803
1569338774.053
1569338774.303
1569338774.553
1569338774.803
1569338775.053
1569338775.303
1569338775.553
1569338775.803
1569338776.053
1569338776.303
1569338776.553
1569338776.803
1569338777.053
1569338777.303
1569338777.553
1569338777.803
1569338778.053
1569338778.303
1569338778.553
1569338778.803
1569338779.053
1569338779.303
1569338779.553
1569338779.803
1569338780.053
1569338780.303
1569338780.553
1569338780.803
1569338781.053
1569338781.303
1569338781.553
1569338781.803
1569338782.053
1569338782.303
1569338782.553
1569338782.803
1569338783.053
1569338783.303
1569338783.553
1569338783.803
1569338784.053
1569338784.303
1569338784.553
1569338784.803
1569338785.053
1569338785.303
1569338785.553
1569338785.803
1569338786.053
1569338786.303
1569338786.553
1569338786.803
1569338787.053
1569338787.303
1569338787.553
1569338787.803
1569338788.053
1569338788.303
1569338788.553
1569338788.803
1569338789.053
1569338789.303
1569338789.553
1569338789.803
1569338790.053
1569338790.303
1569338790.553
1569338790.803
1569338791.053
1569338791.303
1569338791.553
1569338791.803
1569338792.053
1569338792.303
1569338792.553
1569338792.803
1569338793.053
1569338793.303
1569338793.553
1569338793.803
1569338794.053
1569338794.303
1569338794.553
1569338794.803
1569338795.053
1569338795.303
1569338795.553
1569338795.803
1569338796.053
1569338796.303
1569338796.553
1569338796.803
1569338797.053
1569338797.303
1569338797.553
1569338797.803
1569338798.053
1569338798.303
1569338798.553
1569338798.803
1569338799.053
1569338799.303
1569338799.553
1569338799.803
1569338800.053
1569338800.303
1569338800.553
1569338800.803
1569338801.053
1569338801.303
1569338801.553
1569338801.803
1569338802.053
1569338802.303
1569338802.553
1569338802.803
1569338803.053
1569338803.303
1569338803.553
1569338803.803
1569338804.053
1569338804.303
1569338804.553
1569338804.803
1569338805.053
1569338805.303
1569338805.553
1569338805.803
1569338806.053
1569338806.303
1569338806.553
1569338806.803
1569338807.053
1569338807.303
1569338807.553
1569338807.803
1569338808.053
1569338808.303
1569338808.553
1569338808.803
1569338809.053
1569338809.303
1569338809.553
1569338809.803
1569338810.053
1569338810.303
1569338810.553
1569338810.803
1569338811.053
1569338811.303
1569338811.553
1569338811.803
1569338812.053
1569338812.303
1569338812.553
1569338812.803
1569338813.053
1569338813.303
1569338813.553
1569338813.803
1569338814.053
1569338814.303
1569338814.553
1569338814.803
1569338815.053
1569338815.303
1569338815.553
1569338815.803
1569338816.053
1569338816.303
1569338816.553
1569338816.803
1569338817.053
1569338817.303
1569338817.553
1569338817.803
1569338818.053
1569338818.303
1569338818.553
1569338818.803
1569338819.053
1569338819.303
1569338819.553
1569338819.803
1569338820.053
1569338820.303
1569338820.553
1569338820.803
1569338821.053
1569338821.303
1569338821.553
1569338821.803
1569338822.053
1569338822.303
1569338822.553
1569338822.803
1569338823.053
1569338823.303
1569338823.553
1569338823.803
1569338824.053
1569338824.303
1569338824.553
1569338824.803
1569338825.053
1569338825.303
1569338825.553
1569338825.803
1569338826.053
1569338826.303
1569338826.553
1569338826.803
1569338827.053
1569338827.303
1569338827.553
1569338827.803
1569338828.053
1569338828.303
1569338828.553
1569338828.803
1569338829.053
1569338829.303
1569338829.553
1569338829.803
