0.8459635
0.8421198
0.838276
0.8369948
0.8357135
0.8344323
0.8305885
0.8318698
0.8305885
0.828026
0.8254635
0.8293073
0.8357135
0.8305885
0.8305885
0.8293073
0.8305885
0.8305885
0.8318698
0.8318698
0.8318698
0.828026
0.8293073
0.8305885
0.828026
0.8267447
0.828026
0.8241823
0.8216197
0.8190572
0.817776
0.8164947
0.817776
0.8190572
0.8216197
0.8203385
0.8190572
0.8203385
0.8164947
0.8203385
0.8152134
0.8139322
0.8113697
0.8113697
0.8139322
0.8100885
0.8113697
0.8075259
0.8075259
0.8036822
0.8011197
0.8024009
0.8011197
0.7972759
0.7934322
0.7959946
0.7998384
0.7972759
0.7972759
0.7972759
0.7972759
0.7959946
0.7934322
0.7947134
0.7921509
0.7883071
0.7972759
0.7921509
0.7870259
0.7831821
0.7857446
0.7806196
0.7806196
0.7793384
0.7793384
0.7767758
0.7703696
0.7742133
0.7690883
0.7716509
0.7742133
0.7729321
0.7729321
0.7729321
0.7742133
0.7690883
0.7690883
0.7678071
0.7678071
0.7652445
0.7626821
0.7639633
0.7639633
0.757557
0.757557
0.7549945
0.7549945
0.7562758
0.747307
0.7485883
0.7460257
0.7485883
0.7511508
0.7460257
0.747307
0.7485883
0.7460257
0.7485883
0.7460257
0.7396195
0.7434632
0.7434632
0.7434632
0.742182
0.7409008
0.737057
0.7357757
0.7332132
0.7293695
0.7332132
0.7268069
0.7280882
0.7280882
0.7306507
0.7242444
0.7242444
0.7306507
0.7255257
0.7280882
0.7255257
0.7255257
0.721682
0.7229632
0.7229632
0.7280882
0.7280882
0.7229632
0.7229632
0.7229632
0.7229632
0.7255257
0.7268069
0.7204007
0.7242444
0.7229632
0.7268069
0.721682
0.7204007
0.7204007
0.7178382
0.721682
0.721682
0.7255257
0.7165569
0.721682
0.721682
0.7204007
0.7191194
0.7204007
0.7178382
0.721682
0.7165569
0.7139944
0.7127132
0.7152756
0.7114319
0.7114319
0.7139944
0.7088694
0.7139944
0.7101507
0.7088694
0.7152756
0.7088694
0.7063069
0.6986194
0.7024632
0.7050256
0.7037444
0.7024632
0.7037444
0.7024632
0.7037444
0.7024632
0.7024632
0.6999006
0.6947756
0.6986194
0.6973381
0.6986194
0.6947756
0.6973381
0.6934943
0.6934943
0.6960568
0.6922131
0.6934943
0.6883693
0.6883693
0.6909319
0.6909319
0.6883693
0.6870881
0.6896506
0.6883693
0.6832443
0.6845255
0.676838
0.6729943
0.6717131
0.6717131
0.6691505
0.6691505
0.6704318
0.6678693
0.6704318
0.6691505
0.6653067
0.6653067
0.6627442
0.6653067
0.6653067
0.6627442
0.6653067
0.661463
0.6640255
0.6627442
0.6589005
0.6627442
0.6589005
0.6524942
0.6550567
0.6576192
0.6550567
0.656338
0.6550567
0.656338
0.656338
0.6537755
0.6550567
0.6576192
0.6524942
0.6550567
0.6499317
0.6537755
0.6486505
0.6499317
0.6537755
0.651213
0.6499317
0.651213
0.6499317
0.6499317
0.6499317
0.6473692
0.6460879
0.6460879
0.6435254
0.6473692
0.6473692
0.6473692
0.6473692
0.6499317
0.6422442
0.6486505
0.6486505
0.6473692
0.6460879
0.6448067
0.640963
0.6448067
0.6422442
0.640963
0.6371192
0.6281504
0.6358379
0.6332754
0.6345567
0.6294317
0.6307129
0.6281504
0.6268691
0.6294317
0.6294317
0.6294317
0.6371192
0.6371192
0.6435254
0.6435254
0.6448067
0.6448067
0.6422442
0.6371192
0.640963
0.6396817
0.6345567
0.6281504
0.6294317
0.6230254
0.6230254
0.6230254
0.6204629
0.6191816
0.6166191
0.6166191
0.6153378
0.6179004
0.6140566
0.6140566
0.6076503
0.6127753
0.6076503
0.6076503
0.6076503
0.6063691
0.6038066
0.6050878
0.6025253
0.6012441
0.6025253
0.6038066
0.6012441
0.6038066
0.5999628
0.5999628
0.5999628
0.596119
0.596119
0.5948378
0.5897128
0.5935565
0.5935565
0.5884315
0.5935565
0.5922753
0.5909941
0.5935565
0.5884315
0.5909941
0.585869
0.580744
0.5820252
0.5794628
0.580744
0.580744
0.580744
0.5781815
0.5794628
0.5743377
0.575619
0.575619
0.5730565
0.5781815
0.5743377
0.5730565
0.5717752
0.5743377
0.5730565
0.5692127
0.5692127
0.5679315
0.5666502
0.5679315
0.5692127
0.5628064
0.5628064
0.5628064
0.5679315
0.565369
0.5781815
0.580744
0.580744
0.5833065
0.5794628
0.5794628
0.5743377
0.5692127
0.570494
0.5730565
0.5794628
0.5820252
0.5833065
0.585869
0.5884315
0.5909941
0.5974003
0.5948378
0.5922753
0.5922753
0.5871503
0.5935565
0.5935565
0.585869
0.5884315
0.5871503
0.5833065
0.5948378
0.5974003
0.5974003
0.5974003
0.5974003
0.596119
0.5974003
0.5948378
0.5935565
0.5909941
0.585869
0.5922753
0.5871503
0.5909941
0.5909941
0.5909941
0.5884315
0.5909941
0.5897128
0.585869
0.5845878
0.580744
0.585869
0.585869
0.585869
0.5871503
0.5909941
0.5871503
0.5922753
0.5909941
0.5922753
0.5974003
0.596119
0.6076503
0.6127753
0.6089316
0.6063691
0.6038066
0.6038066
0.5986816
0.5974003
0.5948378
0.596119
0.5922753
0.5935565
0.5884315
0.585869
0.585869
0.5845878
0.5884315
0.585869
0.5833065
0.5845878
0.5820252
0.5820252
0.5833065
0.585869
0.5820252
0.5781815
0.5769002
0.575619
0.5730565
0.5743377
0.5717752
0.570494
0.5679315
0.5717752
0.5717752
0.5679315
0.5679315
0.5666502
0.570494
0.5717752
0.570494
0.5666502
0.5679315
0.5640877
0.5666502
0.5640877
0.565369
0.565369
0.565369
0.5679315
0.565369
0.5666502
0.5615252
0.5576814
0.5615252
0.5628064
0.5615252
0.5589627
0.565369
0.5640877
0.5615252
0.5589627
0.5551189
0.5589627
0.5589627
0.5576814
0.5576814
0.5589627
0.5525564
0.5525564
0.5525564
0.5499939
0.5512751
0.5525564
0.5499939
0.5448689
0.5410252
0.5448689
0.5423064
0.5435876
0.5435876
0.5410252
0.5410252
0.5359001
0.5397439
0.5371814
0.5359001
0.5320563
0.5359001
0.5384626
0.5333376
0.5384626
0.5333376
0.5346189
0.5371814
0.5371814
0.5359001
0.5346189
0.5294939
0.5320563
0.5320563
0.5307751
0.5359001
0.5346189
0.5307751
0.5320563
0.5333376
0.5333376
0.5269313
0.5243688
0.5230876
0.5346189
0.5320563
0.5320563
0.5307751
0.5282126
0.5294939
0.5307751
0.5282126
0.5294939
0.5269313
0.5320563
0.5307751
0.5359001
0.5333376
0.5333376
0.5307751
0.5282126
0.5269313
0.5269313
0.5269313
0.5230876
0.5307751
0.5307751
0.5320563
0.5333376
0.5333376
0.5320563
0.5320563
0.5282126
0.5269313
0.5294939
0.5256501
0.5307751
0.5269313
0.5307751
0.5307751
0.5307751
0.5243688
0.5243688
0.5218063
0.5230876
0.5205251
0.5243688
0.5320563
0.5397439
0.5512751
0.5564002
0.5640877
0.5820252
0.5794628
0.5730565
0.570494
0.5615252
0.5525564
0.5538377
0.5564002
0.5628064
0.5692127
0.5794628
0.5884315
0.5909941
0.5897128
0.5833065
0.5781815
0.5717752
0.5769002
0.5769002
0.5743377
0.5717752
0.565369
0.5615252
0.5551189
0.5538377
0.5474314
0.5435876
0.5359001
0.5371814
0.5320563
0.5333376
0.5371814
0.5397439
0.5435876
0.5448689
0.5435876
0.5397439
0.5384626
0.5320563
0.5346189
0.5307751
0.5333376
0.5320563
0.5346189
0.5410252
0.5487127
0.5679315
0.5743377
0.5743377
0.5640877
0.5628064
0.5589627
0.5512751
0.5423064
0.5371814
0.5320563
0.5294939
0.5269313
0.5256501
0.5269313
0.5243688
0.5256501
0.5243688
0.5243688
0.5307751
0.5282126
0.5243688
0.5230876
0.5256501
0.5218063
0.5230876
0.5166813
0.5218063
0.5243688
0.5205251
0.5192438
0.5154001
0.5179626
0.5192438
0.5192438
0.5205251
0.5179626
0.5166813
0.5179626
0.5179626
0.5166813
0.5154001
0.5128375
0.5141188
0.5141188
0.5102751
0.5115563
0.5115563
0.5064313
0.5077125
0.5128375
0.5089938
0.5089938
0.5077125
0.5064313
0.5064313
0.5102751
0.5064313
0.5064313
0.5077125
0.50515
0.5064313
0.50515
0.5064313
0.5038688
0.5064313
0.5064313
0.50515
0.5077125
0.5089938
0.5089938
0.5115563
0.5128375
0.5089938
0.5064313
0.5115563
0.5089938
0.5013062
0.5064313
0.50515
0.5025875
0.500025
0.5025875
0.5038688
0.4974625
0.4923375
0.4949
0.4987437
0.4949
0.4961812
0.4936187
0.4936187
0.489775
0.4923375
0.489775
0.4923375
0.4910562
0.489775
0.4872125
0.4884937
0.4872125
0.48465
0.4859312
0.4833687
0.4872125
0.489775
0.48465
0.4884937
0.4833687
0.4820875
0.48465
0.4859312
0.4872125
0.4872125
0.48465
0.48465
0.4820875
0.4859312
0.4795249
0.4833687
0.4795249
0.4808062
0.4782437
0.4795249
0.4795249
0.4782437
0.4769624
0.4769624
0.4769624
0.4769624
0.4782437
0.4743999
0.4782437
0.4820875
0.4782437
0.4782437
0.4833687
0.4820875
0.4820875
0.4820875
0.4795249
0.4884937
0.48465
0.4795249
0.4808062
0.4756812
0.4731187
0.4718374
0.4731187
0.4756812
0.4743999
0.4756812
0.4731187
0.4743999
0.4743999
0.4743999
0.4756812
0.4756812
0.4756812
0.4795249
0.4795249
0.4795249
0.4782437
0.4769624
0.4756812
0.4743999
0.4718374
0.4731187
0.4731187
0.4667124
0.5473623
0.5499248
0.5499248
0.5512061
0.5524873
0.5473623
0.5499248
0.5576124
0.5550498
0.5614561
0.5614561
0.5652999
0.5640186
0.5640186
0.5601748
0.5588936
0.5576124
0.5601748
0.5550498
0.5550498
0.5550498
0.5486436
0.5499248
0.5563311
0.5486436
0.5512061
0.5473623
0.5473623
0.5447998
0.5460811
0.5447998
0.5499248
0.5460811
0.5473623
0.5435185
0.5447998
0.5422373
0.5447998
0.5447998
0.540956
0.5396748
0.540956
0.5383936
0.5383936
0.5383936
0.5383936
0.5383936
0.5422373
0.5435185
0.5435185
0.540956
0.5383936
0.5383936
0.5422373
0.5422373
0.5396748
0.5396748
0.5383936
0.5383936
0.5435185
0.5422373
0.5447998
0.5396748
0.540956
0.5447998
0.5383936
0.540956
0.5345498
0.5383936
0.5422373
0.5447998
0.5486436
0.5473623
0.5537686
0.5550498
0.5512061
0.5486436
0.5563311
0.5614561
0.5614561
0.5652999
0.5678624
0.5665811
0.5665811
0.5614561
0.5614561
0.5601748
0.5614561
0.5614561
0.5627373
0.5614561
0.5614561
0.5652999
0.5640186
0.5601748
0.5601748
0.5652999
0.5601748
0.5537686
0.5563311
0.5537686
0.5563311
0.5550498
0.5550498
0.5537686
0.5588936
0.5563311
0.5576124
0.5499248
0.5473623
0.5524873
0.5537686
0.5537686
0.5537686
0.5512061
0.5499248
0.5499248
0.5524873
0.5486436
0.5486436
0.5473623
0.5524873
0.5486436
0.5473623
0.5524873
0.5499248
0.5499248
0.5486436
0.5512061
0.5486436
0.5512061
0.5473623
0.5524873
0.5550498
0.5576124
0.5588936
0.5601748
0.5627373
0.5717061
0.5755499
0.5832374
0.5793937
0.5742686
0.5845187
0.5947687
0.6088625
0.6127062
0.6127062
0.6075813
0.5986125
0.59605
0.5883625
0.5845187
0.5793937
0.5806749
0.5768312
0.5717061
0.5691437
0.5665811
0.5678624
0.5588936
0.5601748
0.5563311
0.5537686
0.5499248
0.5537686
0.5524873
0.5524873
0.5499248
0.5524873
0.5524873
0.5563311
0.5499248
0.5512061
0.5512061
0.5512061
0.5537686
0.5499248
0.5537686
0.5537686
0.5563311
0.5524873
0.5499248
0.5550498
0.5537686
0.5537686
0.5524873
0.5524873
0.5550498
0.5550498
0.5512061
0.5473623
0.5486436
0.5473623
0.5512061
0.5435185
0.5447998
0.5435185
0.5435185
0.5447998
0.5499248
0.5614561
0.5857999
0.5896437
0.5909249
0.5857999
0.5832374
0.5781124
0.5755499
0.5755499
0.5768312
0.5793937
0.5755499
0.5729874
0.5729874
0.5729874
0.5704249
0.5665811
0.5627373
0.5563311
0.5614561
0.5588936
0.5627373
0.5614561
0.5563311
0.5537686
0.5537686
0.5499248
0.5486436
0.5486436
0.540956
0.5499248
0.5473623
0.5473623
0.5473623
0.5460811
0.5473623
0.5512061
0.5460811
0.5435185
0.5422373
0.540956
0.5435185
0.5422373
0.5422373
0.5396748
0.5435185
0.5383936
0.5396748
0.5396748
0.5422373
0.5396748
0.5383936
0.5396748
0.5396748
0.540956
0.540956
0.5422373
0.5422373
0.540956
0.5435185
0.5486436
0.5499248
0.5460811
0.5499248
0.5499248
0.5486436
0.5499248
0.5512061
0.5537686
0.5473623
0.5512061
0.5524873
0.5499248
0.5499248
0.5537686
0.5537686
0.5537686
0.5729874
0.5934874
0.6024562
0.6024562
0.5986125
0.59605
0.5896437
0.5819561
0.5755499
0.5742686
0.5704249
0.5614561
0.5742686
0.5986125
0.611425
0.6139875
0.6139875
0.6101437
0.6075813
0.5998937
0.6075813
0.6127062
0.6088625
0.6024562
0.5998937
0.5986125
0.5934874
0.5947687
0.5934874
0.5922062
0.5909249
0.5947687
0.59605
0.5947687
0.5973312
0.59605
0.601175
0.6037375
0.611425
0.6139875
0.611425
0.6127062
0.6139875
0.6178313
0.611425
0.6101437
0.6063
0.6075813
0.6024562
0.6063
0.6050187
0.6024562
0.6050187
0.6063
0.6037375
0.6075813
0.6024562
0.601175
0.6063
0.6075813
0.6037375
0.6075813
0.6024562
0.6037375
0.6024562
0.6037375
0.6075813
0.6024562
0.6024562
0.6063
0.6088625
0.6139875
0.6191126
0.6203938
0.621675
0.6370501
0.6575502
0.6754877
0.6857377
0.7049565
0.7152066
0.7216128
0.7459567
0.7382692
0.7293004
0.7267379
0.7305816
0.7331441
0.7357066
0.7344254
0.7421129
0.7510817
0.7536442
0.7587692
0.7638942
0.7638942
0.7587692
0.7562067
0.757488
0.7562067
0.7549254
0.7587692
0.7536442
0.7523629
0.7498004
0.7510817
0.7498004
0.7549254
0.7510817
0.7536442
0.7498004
0.7498004
0.7459567
0.7446754
0.7472379
0.7472379
0.7472379
0.7433941
0.7446754
