0.7075881
0.7114319
0.7088694
0.7101507
0.7088694
0.7063069
0.7024632
0.7011819
0.7011819
0.7037444
0.7037444
0.7011819
0.7037444
0.6999006
0.6999006
0.6999006
0.7011819
0.6934943
0.6960568
0.6973381
0.6973381
0.6909319
0.6883693
0.6922131
0.6934943
0.6883693
0.6909319
0.6909319
0.6909319
0.6896506
0.6870881
0.6883693
0.6896506
0.6845255
0.6858068
0.6858068
0.6832443
0.6858068
0.6819631
0.6845255
0.6832443
0.6819631
0.6819631
0.6806818
0.6794006
0.6819631
0.6819631
0.6794006
0.6781193
0.676838
0.6832443
0.6781193
0.6806818
0.6806818
0.6794006
0.6794006
0.6819631
0.6806818
0.6845255
0.6858068
0.6845255
0.6870881
0.6883693
0.6973381
0.7024632
0.7024632
0.6960568
0.6947756
0.6934943
0.6909319
0.6870881
0.6883693
0.6858068
0.6819631
0.6832443
0.6819631
0.6819631
0.6794006
0.6832443
0.6845255
0.6819631
0.6806818
0.6781193
0.6755568
0.6781193
0.6755568
0.6806818
0.6858068
0.6806818
0.6806818
0.676838
0.6704318
0.6717131
0.6704318
0.6678693
0.6691505
0.666588
0.6678693
0.666588
0.661463
0.6653067
0.6640255
0.6640255
0.661463
0.6627442
0.661463
0.661463
0.6627442
0.6601818
0.661463
0.6537755
0.6601818
0.656338
0.6589005
0.6576192
0.6589005
0.6601818
0.6589005
0.661463
0.6601818
0.6640255
0.6589005
0.6691505
0.6742755
0.6806818
0.6806818
0.6832443
0.6845255
0.6845255
0.6819631
0.7037444
0.7409008
0.7844633
0.8318698
0.8613386
0.9151513
0.9330888
0.9676827
1.000995
1.01637
1.048402
1.090683
1.100933
1.100933
1.108621
1.122714
1.116308
1.113746
1.099652
1.084277
1.070183
1.053527
1.03687
1.01637
1.002277
0.9933078
0.9779327
0.9702452
0.9638389
0.9548702
0.9535889
0.9433389
0.9369326
0.9343701
0.9228388
0.9202763
0.9241201
0.9164325
0.91387
0.9049013
0.9023387
0.8997762
0.9010575
0.8946512
0.8920887
0.8920887
0.8856824
0.8844012
0.8818387
0.8818387
0.8792762
0.8779949
0.8754324
0.8728699
0.8715886
0.8703074
0.8741512
0.8703074
0.8741512
0.8767136
0.8805574
0.8818387
0.8805574
0.8754324
0.8754324
0.8844012
0.8703074
0.8677449
0.8651823
0.8651823
0.8626199
0.8613386
0.8574948
0.8600574
0.8587761
0.8562136
0.8536511
0.8562136
0.8510886
0.8510886
0.8536511
0.8498073
0.8472448
0.8459635
0.8434011
0.8421198
0.8434011
0.8408386
0.8395573
0.8421198
0.8357135
0.8369948
0.8369948
0.8357135
0.8344323
0.8305885
0.8318698
0.8318698
0.8344323
0.833151
0.8293073
0.8318698
0.8293073
0.8293073
0.828026
0.8267447
0.8293073
0.8267447
0.8216197
0.8190572
0.8190572
0.8216197
0.817776
0.8203385
0.8203385
0.8152134
0.8190572
0.817776
0.8152134
0.8152134
0.8139322
0.8164947
0.812651
0.8100885
0.8152134
0.8113697
0.8113697
0.8100885
0.8100885
0.8113697
0.8113697
0.8088072
0.8113697
0.8036822
0.8036822
0.8062447
0.8049634
0.8036822
0.8024009
0.8036822
0.8011197
0.8049634
0.8049634
0.7998384
0.8024009
0.7972759
0.8011197
0.7959946
0.8024009
0.7985572
0.8011197
0.7998384
0.7985572
0.7985572
0.7972759
0.7921509
0.7934322
0.7972759
0.8011197
0.812651
0.8357135
0.8651823
0.89337
0.9151513
0.9433389
0.9535889
0.9574326
0.9497451
0.9433389
0.9305263
0.9266825
0.918995
0.9164325
0.9113075
0.9023387
0.8997762
0.8959324
0.8959324
0.8856824
0.8844012
0.8818387
0.8831199
0.8779949
0.8767136
0.8741512
0.8741512
0.8741512
0.8690261
0.8677449
0.8651823
0.8677449
0.8677449
0.8664636
0.8639011
0.8651823
0.8626199
0.8613386
0.8574948
0.8587761
0.8587761
0.8562136
0.8562136
0.8536511
0.8549323
0.8523698
0.8485261
0.8510886
0.8485261
0.8485261
0.8472448
0.8459635
0.8434011
0.8446823
0.8446823
0.8408386
0.8408386
0.8421198
0.8446823
0.8408386
0.8536511
0.8408386
0.8357135
0.8369948
0.838276
0.8369948
0.838276
0.8344323
0.8344323
0.833151
0.833151
0.8293073
0.8318698
0.8293073
0.8267447
0.8267447
0.828026
0.828026
0.833151
0.8293073
0.828026
0.8293073
0.8267447
0.828026
0.8241823
0.8254635
0.828026
0.828026
0.8254635
0.822901
0.8241823
0.822901
0.8216197
0.8241823
0.8216197
0.8241823
0.8190572
0.8164947
0.822901
0.8190572
0.817776
0.817776
0.8164947
0.8139322
0.8152134
0.8152134
0.812651
0.8100885
0.8113697
0.8100885
0.8088072
0.8088072
0.8100885
0.8100885
0.8088072
0.8075259
0.8062447
0.8088072
0.8011197
0.8075259
0.8062447
0.8036822
0.8024009
0.8062447
0.8036822
0.8024009
0.8024009
0.8011197
0.8011197
0.8011197
0.8024009
0.8036822
0.8011197
0.7985572
0.7998384
0.7985572
0.8011197
0.7972759
0.7972759
0.7972759
0.7921509
0.7985572
0.7972759
0.7972759
0.7934322
0.7921509
0.7895884
0.7908697
0.7870259
0.7883071
0.7921509
0.7870259
0.7883071
0.7908697
0.7870259
0.7857446
0.7844633
0.7870259
0.7870259
0.7844633
0.7857446
0.7844633
0.7844633
0.7844633
0.7857446
0.7819009
0.7844633
0.7870259
0.7819009
0.7831821
0.7793384
0.7819009
0.7819009
0.7793384
0.7793384
0.7780571
0.7793384
0.7806196
0.7780571
0.7780571
0.7806196
0.7819009
0.7767758
0.7780571
0.7742133
0.7742133
0.7742133
0.7742133
0.7716509
0.7729321
0.7742133
0.7742133
0.7703696
0.7742133
0.7754946
0.7729321
0.7754946
0.7754946
0.7729321
0.7754946
0.7703696
0.7716509
0.7690883
0.7678071
0.7690883
0.7652445
0.7639633
0.7678071
0.7678071
0.7678071
0.7678071
0.7665258
0.7626821
0.7614008
0.7639633
0.7626821
0.7614008
0.7601196
0.7626821
0.7601196
0.7614008
0.7588383
0.7614008
0.757557
0.7562758
0.7703696
0.7562758
0.7537133
0.7511508
0.7537133
0.7485883
0.7498695
0.7498695
0.7511508
0.7511508
0.7537133
0.7498695
0.7498695
0.747307
0.7434632
0.747307
0.747307
0.7460257
0.7447445
0.7434632
0.7434632
0.7447445
0.7434632
0.7434632
0.7409008
0.737057
0.7396195
0.742182
0.7409008
0.7396195
0.7383382
0.7383382
0.7357757
0.737057
0.742182
0.7357757
0.7344944
0.737057
0.7332132
0.7344944
0.737057
0.7293695
0.731932
0.7306507
0.731932
0.7306507
0.7306507
0.7280882
0.731932
0.7293695
0.7306507
0.7306507
0.7306507
0.7255257
0.7280882
0.7293695
0.7268069
0.7255257
0.721682
0.7332132
0.7242444
0.7293695
0.7293695
0.7280882
0.7268069
0.7255257
0.7255257
0.7255257
0.7242444
0.7229632
0.7242444
0.7242444
0.721682
0.7229632
0.7242444
0.721682
0.7204007
0.721682
0.7178382
0.7127132
0.7165569
0.7191194
0.7191194
0.7191194
0.7204007
0.7165569
0.7165569
0.7165569
0.7165569
0.7178382
0.7152756
0.7127132
0.7127132
0.7152756
0.7165569
0.7165569
0.7114319
0.7127132
0.7127132
0.7139944
0.7139944
0.7114319
0.7075881
0.7114319
0.7127132
0.7101507
0.7101507
0.7088694
0.7114319
0.7101507
0.7088694
0.7075881
0.7063069
0.7037444
0.7050256
0.7050256
0.7075881
0.7011819
0.7050256
0.7037444
0.7024632
0.7024632
0.6999006
0.7011819
0.6986194
0.6973381
0.6986194
0.6999006
0.6986194
0.6960568
0.6973381
0.6973381
0.6973381
0.6947756
0.6947756
0.6960568
0.6960568
0.6947756
0.6947756
0.6947756
0.6960568
0.6947756
0.6960568
0.6973381
0.6934943
0.6934943
0.6909319
0.6922131
0.6922131
0.6922131
0.6960568
0.6922131
0.6909319
0.6896506
0.6909319
0.6922131
0.6947756
0.6909319
0.6896506
0.6896506
0.6922131
0.6896506
0.6909319
0.6922131
0.6870881
0.6909319
0.6896506
0.6883693
0.6883693
0.6922131
0.6909319
0.6922131
0.6909319
0.6909319
0.6934943
0.6934943
0.6934943
0.6909319
0.6909319
0.6845255
0.6922131
0.6909319
0.6934943
0.6922131
0.6909319
0.6883693
0.6896506
0.6909319
0.6896506
0.6909319
0.6870881
0.6883693
0.6870881
0.6870881
0.6858068
0.6858068
0.6870881
0.6845255
0.6832443
0.6819631
0.6858068
0.6794006
0.6832443
0.6845255
0.6832443
0.6832443
0.6832443
0.6845255
0.6832443
0.6794006
0.6832443
0.6819631
0.6806818
0.6832443
0.6806818
0.6819631
0.6794006
0.6819631
0.6806818
0.6794006
0.6794006
0.6819631
0.6806818
0.6755568
0.6794006
0.6806818
0.6806818
0.6806818
0.6806818
0.6781193
0.6781193
0.6781193
0.6755568
0.6794006
0.6755568
0.6755568
0.6781193
0.6781193
0.6755568
0.6755568
0.6742755
0.6755568
0.6755568
0.6755568
0.6781193
0.6742755
0.6742755
0.6742755
0.6717131
0.6729943
0.6717131
0.6717131
0.6717131
0.6717131
0.6717131
0.6717131
0.6717131
0.6717131
0.6717131
0.6717131
0.6717131
0.6717131
0.6717131
0.6717131
0.6717131
0.6717131
0.6717131
0.6717131
0.6717131
0.6691505
0.6717131
0.6691505
0.6691505
0.6691505
0.6704318
0.666588
0.6691505
0.666588
0.6678693
0.6691505
0.6704318
0.666588
0.6678693
0.6678693
0.6691505
0.6691505
0.676838
0.666588
0.666588
0.6640255
0.666588
0.6640255
0.6653067
0.6653067
0.6640255
0.6640255
0.6640255
0.6640255
0.666588
0.6640255
0.6640255
0.661463
0.6653067
0.666588
0.666588
0.6691505
0.6653067
0.6653067
0.6678693
0.666588
0.6678693
0.661463
0.6627442
0.6640255
0.6640255
0.6653067
0.6627442
0.6640255
0.6640255
0.6640255
0.6627442
0.6640255
0.6627442
0.6601818
0.661463
0.666588
0.6640255
0.6601818
0.6589005
0.6627442
0.6627442
0.6589005
0.661463
0.6576192
0.6627442
0.6601818
0.661463
0.6601818
0.6601818
0.6589005
0.6601818
0.6589005
0.661463
0.6576192
0.656338
0.656338
0.656338
0.6589005
0.656338
0.656338
0.6576192
0.6550567
0.6537755
0.6550567
0.6550567
0.6486505
0.6524942
0.6524942
0.651213
0.651213
0.6550567
0.651213
0.6550567
0.651213
0.651213
0.6537755
0.6460879
0.6524942
0.651213
0.6524942
0.6499317
0.6486505
0.6499317
0.651213
0.6499317
0.6486505
0.6499317
0.6448067
0.6486505
0.6473692
0.6473692
0.6460879
0.6473692
0.6486505
0.6460879
0.6460879
0.6473692
0.6460879
0.6435254
0.6473692
0.6460879
0.6448067
0.6473692
0.6435254
0.6473692
0.6422442
0.6435254
0.6448067
0.6448067
0.640963
0.6448067
0.6448067
0.6448067
0.6448067
0.6448067
0.6422442
0.6448067
0.6435254
0.6448067
0.6473692
0.6422442
0.640963
0.6448067
0.640963
0.6435254
0.6460879
0.6448067
0.6422442
0.640963
0.6396817
0.640963
0.6358379
0.640963
0.640963
0.640963
0.6422442
0.6371192
0.640963
0.6384004
0.6358379
0.6396817
0.6358379
0.6358379
0.6396817
0.640963
0.6345567
0.6384004
0.6371192
0.6396817
0.6358379
0.6358379
0.6371192
0.6371192
0.6345567
0.640963
0.6396817
0.6371192
0.6345567
0.6345567
0.6319942
0.6332754
0.6332754
0.6332754
0.6332754
0.6281504
0.6319942
0.6332754
0.6345567
0.6307129
0.6319942
0.6319942
0.6319942
0.6332754
0.6281504
0.6307129
0.6307129
0.6294317
0.6281504
0.6307129
0.6281504
0.6307129
0.6307129
0.6294317
0.6307129
0.6281504
0.6281504
0.6255879
0.6281504
0.6281504
0.6281504
0.6255879
0.6268691
0.6294317
0.6268691
0.6255879
0.6255879
0.6255879
0.6268691
0.6243066
0.6255879
0.6230254
0.6230254
0.6230254
0.6230254
0.6230254
0.6230254
0.6230254
0.6230254
0.6230254
0.6230254
0.6230254
0.6230254
0.6230254
0.6230254
0.6230254
0.6230254
0.6230254
0.6230254
0.6230254
0.6191816
0.6217442
0.6268691
0.6243066
0.6217442
0.6230254
0.6230254
0.6230254
0.6255879
0.6243066
0.6243066
0.6243066
0.6281504
0.6255879
0.6230254
0.6255879
0.6217442
0.6243066
0.6217442
0.6217442
0.6230254
0.6204629
0.6166191
0.6179004
0.6191816
0.6191816
0.6166191
0.6153378
0.6191816
0.6179004
0.6191816
0.6217442
0.6179004
0.6166191
0.6166191
0.6179004
0.6153378
0.6179004
0.6191816
0.6166191
0.6191816
0.6179004
0.6179004
0.6166191
0.6140566
0.6166191
0.6114941
0.6127753
0.6102129
0.6140566
0.6114941
0.6089316
0.6114941
0.6102129
0.6140566
0.6089316
0.6127753
0.6089316
0.6102129
0.6102129
0.6102129
0.6089316
0.6076503
0.6089316
0.6114941
0.6127753
0.6038066
0.6076503
0.6089316
0.6102129
0.6076503
0.6063691
0.6063691
0.6050878
0.6076503
0.6063691
0.6050878
0.5999628
0.6076503
0.6089316
0.6076503
0.6050878
0.6038066
0.6038066
0.6038066
0.6050878
0.6050878
0.6038066
0.6012441
0.6038066
0.6038066
0.6025253
0.6038066
0.6012441
0.6025253
0.6012441
0.5999628
0.5999628
0.5999628
0.5948378
0.596119
0.5999628
0.6012441
0.6025253
0.5999628
0.5999628
0.6025253
0.6038066
0.6038066
0.6012441
0.5986816
0.6025253
0.6025253
0.6025253
0.6025253
0.6012441
0.5999628
0.6012441
0.5986816
0.5999628
0.5986816
0.5948378
0.5986816
0.6025253
0.5948378
0.5999628
0.596119
0.5948378
0.596119
0.5986816
0.5948378
0.5974003
0.5922753
0.5999628
0.6012441
0.596119
0.5999628
0.5935565
0.5935565
0.596119
0.5935565
0.5986816
0.5948378
0.5871503
0.5935565
0.5948378
0.5935565
0.5935565
0.5935565
0.5935565
0.5909941
0.5922753
0.5935565
0.5974003
0.5922753
0.5909941
0.5909941
0.5909941
0.5909941
0.5909941
0.5909941
0.5897128
0.5909941
0.5909941
0.5935565
0.5909941
0.5909941
0.5897128
0.5909941
0.5884315
0.5871503
0.5897128
0.5897128
0.5871503
0.5871503
0.5871503
0.5820252
0.5871503
0.585869
0.585869
0.5845878
