25.64948
25.62514
25.61617
25.62001
25.61873
25.62001
25.61873
25.60848
25.59695
25.58285
25.57388
25.53929
25.42842
25.44636
25.50273
25.56552
25.64623
25.68851
25.68083
25.64623
25.60651
25.54502
25.47967
25.42201
25.36436
25.30414
25.26314
25.20804
25.17217
25.1363
25.14014
25.09529
25.06839
25.05173
24.96811
24.94377
24.92455
24.89508
24.86433
24.84767
24.82333
24.7977
24.78361
24.76439
24.74261
24.7298
24.71442
24.70033
24.68239
24.65548
24.61961
24.59911
24.58373
24.56451
24.54273
24.46073
24.44919
24.38898
24.38257
24.32876
24.29801
24.27751
24.25188
24.20191
24.15835
24.14682
24.13016
24.10326
24.10197
24.09429
24.10197
24.07251
24.04176
23.9433
23.93817
23.91511
23.89845
23.86258
23.85361
23.82927
23.80749
23.79339
23.79211
23.75239
23.71652
23.69473
23.68705
23.6627
23.62555
23.59992
23.58711
23.59992
23.58327
23.56789
23.55124
23.45308
23.42361
23.41721
23.38774
23.36468
23.34802
23.31599
23.3019
23.26474
23.26346
23.2468
23.27755
23.25961
23.2263
23.19299
23.17505
23.13405
23.10843
23.09049
23.0623
23.03924
23.04308
23.01489
22.94366
22.91804
22.9001
22.86422
22.85397
22.84628
22.82835
22.85782
22.87191
22.85397
22.85397
22.82194
22.78222
22.74891
22.71944
22.66947
22.64513
22.60413
22.61053
22.56185
22.57082
22.54647
22.52982
22.51572
22.44644
22.41953
22.38494
22.37469
22.3465
22.32856
22.31191
22.29781
22.29269
22.26963
22.24913
22.21838
22.18634
22.17225
22.14791
22.11203
22.10563
22.07231
22.04797
22.03772
22.03259
22.02619
22.01466
21.95068
21.90071
21.91224
21.88662
21.85715
21.83024
21.81231
21.79693
21.77771
21.77131
21.75849
21.74055
21.71621
21.7034
21.67649
21.64702
21.62652
21.59706
21.56374
21.55093
21.53812
21.52018
21.49252
21.49893
21.49124
21.47459
21.44255
21.4528
21.4323
21.38746
21.38105
21.39515
21.35543
21.31827
21.28496
21.2824
21.31059
21.35799
21.41821
21.43999
21.43102
21.41309
21.37209
21.32212
21.29393
21.25933
21.21962
21.20552
21.17221
21.13505
21.12352
21.11071
21.08508
21.05946
21.04152
21.01974
20.94862
20.93581
20.90762
20.87687
20.8615
20.83203
20.8
20.8
20.71416
20.75772
20.73081
20.69878
20.68597
20.66034
20.63984
20.6155
20.58347
20.56937
20.54631
20.52325
20.52069
20.50915
20.45215
20.42909
20.42397
20.40091
20.40091
20.37784
20.34581
20.33812
20.32275
20.29328
20.27919
20.24972
20.23178
20.21512
20.20872
20.19334
20.17797
20.169
20.1485
20.12287
20.11134
20.08572
20.05112
20.03703
20.02037
20.00372
19.93783
19.93014
19.91349
19.88786
19.88274
19.86608
19.84558
19.83021
19.80843
19.78152
19.76999
19.74436
19.72002
19.71233
19.70208
19.69311
19.69055
19.67646
19.64955
19.6393
19.60855
19.57652
19.55089
19.53167
19.50605
19.45521
19.45008
19.4283
19.42061
19.41164
19.39627
19.3668
19.37193
19.3463
19.33733
19.31427
19.28608
19.25405
19.23996
19.22458
19.19127
19.18999
19.16949
19.1413
19.12849
19.10542
19.07339
19.0593
19.02599
19.00677
18.96667
18.94489
18.92311
18.91414
18.90261
18.88339
18.87058
18.85136
18.83086
18.82061
18.79754
18.7732
18.74501
18.73989
18.71554
18.69889
18.6912
18.68095
18.6502
18.63611
18.61561
18.58614
18.56692
18.53233
18.51054
18.46148
18.44226
18.41279
18.39485
18.38844
18.37307
18.34872
18.33463
18.30901
18.27954
18.26288
18.23597
18.21804
18.20138
18.18088
18.15654
18.15269
18.1386
18.1245
18.1181
18.09632
18.0771
18.06429
18.04507
18.02072
18.01303
17.97154
17.94591
17.93822
17.92541
17.91004
17.90107
17.88185
17.86519
17.84982
17.83316
17.8101
17.81394
17.78319
17.755
17.72041
17.69607
17.67429
17.66019
17.64866
17.62176
17.60638
17.58844
17.56282
17.53975
17.5231
17.50772
17.46386
17.44464
17.42414
17.41004
17.39979
17.38954
17.37161
17.36264
17.34342
17.31651
17.30626
17.28832
17.25758
17.24861
17.22042
17.20248
17.21914
17.17814
17.16148
17.16917
17.11664
17.07436
17.06795
17.02439
17.00004
16.95663
16.93869
16.91948
16.90794
16.89385
16.88232
16.87335
16.84901
16.83235
16.81826
16.81313
16.78879
16.76829
16.75291
16.73113
16.73882
16.70166
16.68501
16.67091
16.64913
16.6171
16.603
16.59147
16.56072
16.52101
16.49282
16.44049
16.41487
16.39565
16.39693
16.37899
16.35593
16.33927
16.33158
16.30596
16.28802
16.27393
16.25215
16.2214
16.21627
16.17527
16.15477
16.16118
16.1253
16.1048
16.10352
16.09712
16.0779
16.04715
16.0433
15.99718
15.97027
15.91768
15.89717
15.87796
15.87155
15.83568
15.83824
15.81518
15.81646
15.80877
15.80621
15.77674
15.77802
15.72805
15.70883
15.69346
15.6563
15.64477
15.66655
15.64221
15.6153
15.6012
15.58071
15.55636
15.53714
15.51408
15.48974
15.46667
15.41793
15.39743
15.39487
15.38206
15.3654
15.3385
15.31031
15.29493
15.2834
15.26546
15.23984
15.19115
15.15399
15.13478
15.1194
15.11299
15.0989
15.10531
15.13221
15.0989
15.08096
15.06943
15.04637
15.03996
15.01306
14.97334
14.92953
14.91416
14.90647
14.86163
14.87188
14.83856
14.83984
14.80909
14.78091
14.75272
14.71941
14.71172
14.70659
14.713
14.66944
14.65406
14.65022
14.62075
14.61434
14.57591
14.55541
14.54644
14.52594
14.51184
14.49134
14.48494
14.49006
14.46444
14.42798
14.39466
14.37929
14.36007
14.34342
14.32676
14.31138
14.29857
14.2896
14.27807
14.27038
14.24988
14.22554
14.21401
14.19991
14.17941
14.15763
14.15635
14.1397
14.12816
14.12048
14.11535
14.11023
14.09101
14.07051
14.05898
14.0372
14.01541
13.99748
13.9821
13.95648
13.94169
13.94041
13.93272
13.91222
13.89428
13.88403
13.87507
13.88147
13.85457
13.84816
13.82766
13.82125
13.79563
13.78025
13.76103
13.7495
13.73925
13.72644
13.70594
13.69185
13.66878
13.64444
13.63547
13.63163
13.59447
13.57782
13.58294
13.54835
13.52528
13.50991
13.48428
13.46506
13.43241
13.43241
13.40806
13.38244
13.35297
13.344
13.33759
13.30684
13.29531
13.27994
13.26072
13.27738
13.25175
13.24022
13.21203
13.18769
13.16463
13.14669
13.14284
13.10953
13.08519
13.06469
13.04419
13.03394
13.02369
13.00191
12.99037
12.99166
12.96731
12.95394
12.93472
12.90782
12.88348
12.85657
12.86169
12.83094
12.81172
12.79122
12.80019
12.77585
12.75279
12.73357
12.71563
12.69769
12.69257
12.68232
12.66822
12.65541
12.64644
12.63235
12.62594
12.61697
12.60929
12.59519
12.58751
12.57341
12.56316
12.54266
12.53113
12.51447
12.49654
12.48372
12.47219
12.4523
12.43821
12.4254
12.40618
12.40361
12.39336
12.38824
12.38439
12.36902
12.35749
12.33955
12.32546
12.30624
12.29343
12.27293
12.25883
12.24474
12.23193
12.21655
12.22039
12.22167
12.21399
12.21014
12.19733
12.17939
12.17299
12.15761
12.14993
12.13711
12.12558
12.10636
12.09483
12.08586
12.08714
12.08586
12.07817
12.05383
12.04358
12.0423
12.08202
12.13839
12.19477
12.26268
12.31393
12.34211
12.32033
12.29855
12.25499
12.22296
12.18708
12.14608
12.12046
12.08971
12.07305
12.04742
12.03077
12.00899
11.98721
11.97055
11.95433
11.93896
11.92871
11.91974
11.9159
11.91718
11.92358
11.94921
11.99918
12.06068
12.10424
12.12474
12.11449
12.0863
12.05555
12.04146
12.06196
12.09271
12.12986
12.1478
12.13243
12.09911
12.06708
12.04915
12.03761
12.01968
11.99149
11.96202
11.93511
11.92102
11.88386
11.85183
11.82493
11.82108
11.79418
11.76983
11.76343
11.74293
11.72371
11.70321
11.68911
11.69296
11.66221
11.64427
11.63018
11.61736
11.60327
11.59302
11.58277
11.57636
11.56739
11.56227
11.54433
11.54177
11.50846
11.5123
11.48796
11.49949
11.48924
11.50461
11.48796
11.49564
11.46489
11.44652
11.43499
11.41449
11.39527
11.37605
11.37092
11.34274
11.32992
11.31327
11.29789
11.29533
11.27227
11.25433
11.23639
11.22999
11.21846
11.21205
11.19283
11.19796
11.17105
11.15567
11.1403
11.14158
11.11211
11.09674
11.08392
11.08136
11.04933
11.04677
11.05574
11.03267
11.01858
11.02883
11.04164
11.04292
11.0378
11.03267
11.01346
11.00705
10.99039
10.97886
10.94939
10.91936
10.90271
10.88861
10.87196
10.8553
10.83864
10.82071
10.80405
10.79252
10.77971
10.77586
10.77586
10.80021
10.8348
10.86811
10.90143
10.91296
10.90399
10.88477
10.86427
10.8348
10.80789
10.81046
10.83352
10.86427
10.86683
10.86427
10.8348
10.81302
10.79252
10.77714
10.75793
10.73999
10.72974
10.70924
10.68617
10.67208
10.66055
10.64646
10.63749
10.62467
10.60546
10.59905
10.59008
10.58752
10.58239
10.58111
10.57599
10.56702
10.56061
10.54908
10.53242
10.52602
10.51192
10.49911
10.4863
10.48374
10.45939
10.45046
10.44021
10.42868
10.42099
10.41202
10.40177
10.39024
10.38256
10.37359
10.37359
10.35949
10.34924
10.33899
10.33002
10.31721
10.31593
10.30824
10.29543
10.29031
10.28006
10.27109
10.26084
10.2429
10.23009
10.21856
10.20574
10.19549
10.18268
10.17243
10.16218
10.14809
10.13143
10.11862
10.10709
10.09684
10.08018
10.06096
10.0443
10.03534
10.01868
10.00587
9.994336
9.982804
9.977679
9.977679
10.00202
10.03534
10.06352
10.07377
10.06609
10.04687
10.02124
9.993054
9.962304
9.940033
9.911845
9.890064
9.882377
9.86572
9.849064
9.829845
9.809345
9.800376
9.790126
9.799095
9.772188
9.75297
9.741439
9.726064
9.736314
9.715814
9.701719
9.694032
9.686344
9.673532
9.664563
9.656876
9.6415
9.621
9.606907
9.603063
9.594094
9.576157
9.560781
9.540281
9.524906
9.512094
9.494157
9.481344
9.4775
9.4775
9.462125
9.460668
9.445292
9.438886
9.419667
9.423511
9.404292
9.385074
9.374824
9.363292
9.340229
9.336386
9.315886
9.297948
9.30051
9.274885
9.258229
9.246697
9.245417
9.232604
9.223636
9.213386
9.201854
9.194166
9.173666
9.164698
9.153167
9.160854
9.158292
9.181354
9.165978
9.139072
9.130104
9.117291
9.098072
9.100635
9.091666
9.107041
9.128822
9.144197
9.135229
9.124979
9.103197
9.091666
9.069885
9.048103
9.039135
9.021197
9.001978
9.000697
8.976354
8.964822
8.953291
8.943041
8.945457
8.924956
8.910863
8.899331
8.892925
8.881393
8.869863
8.85705
8.841675
8.833987
8.822456
8.821175
8.812206
8.800674
8.782738
8.7648
8.7443
8.731487
8.710987
8.698174
8.685362
8.667424
8.654612
8.643081
8.635393
8.628987
8.616175
8.596955
8.58158
8.567487
8.554674
8.539299
8.525206
8.520081
8.505986
8.49958
8.494455
8.480361
8.476518
8.466268
8.459862
8.44833
8.432955
8.429269
8.421581
8.412613
8.397238
8.388269
8.384425
8.374175
8.362644
8.352394
8.344707
8.333176
8.322926
8.315238
8.320363
8.311394
8.292175
8.2768
8.2768
8.263988
8.255018
8.251175
8.2358
8.226831
8.221706
8.214019
8.201206
8.193519
8.181987
8.180706
8.176862
8.157643
8.139706
8.130737
8.129456
8.121768
8.1128
8.10383
8.09358
8.084612
8.092299
8.10383
8.128175
8.132018
8.128175
8.1128
8.106393
8.096143
8.078206
8.064112
8.046174
8.033361
8.020549
8.010299
8.007737
7.996205
7.979549
7.968018
7.976986
7.959049
7.948799
7.938549
7.938549
7.918049
7.918844
7.913719
7.906032
7.895782
7.886813
7.879125
7.866313
7.859907
7.852219
7.84325
7.835563
7.820188
7.813781
7.804812
7.790719
7.78175
7.777906
7.767656
7.756125
7.747156
7.751
7.742031
7.733062
7.722812
7.715125
7.701031
7.692062
7.680531
7.666437
7.661312
7.648499
7.643374
7.653625
7.695906
7.780469
7.898344
7.990594
8.040564
8.071313
8.070032
8.059782
8.022626
7.984188
7.950875
7.920125
7.891938
7.868875
7.841969
7.824031
7.80225
7.784313
7.762531
7.744594
7.7305
7.716406
7.706156
7.694625
7.681812
7.667718
7.654906
7.622875
7.619031
7.608781
7.59725
7.588281
7.572906
7.565218
7.563937
7.570343
7.569062
7.563937
7.552405
7.543437
7.526781
7.515249
7.503718
7.490905
7.47553
7.467843
7.458874
7.446062
7.437093
7.437787
7.435225
7.427537
7.413443
7.409599
7.408318
7.394224
7.391662
7.369881
7.360912
7.353224
7.340412
7.32888
7.313505
7.304536
7.295568
7.28788
7.27763
7.258411
7.252005
7.23663
7.232786
7.219974
7.212286
7.204599
7.202036
7.181536
7.176411
7.171286
7.161036
7.148223
7.135411
7.137973
7.122599
7.107224
7.098255
7.085442
7.088005
7.073911
7.064942
7.061098
7.049567
7.043161
7.044442
7.039317
7.030348
7.014973
7.009848
6.999598
6.993192
6.990629
6.984223
6.973973
6.963723
6.959879
6.954754
6.945786
6.938098
6.937317
6.933473
6.929629
6.92066
6.904005
6.900161
6.886067
6.883504
6.874536
6.864285
6.870692
6.85916
6.851473
6.846348
6.83866
6.833536
6.823286
6.814317
6.809192
6.79766
6.793817
6.782285
6.773316
6.76691
6.760504
6.752817
6.747692
6.738723
6.732316
6.728473
6.719504
6.710535
6.70541
6.704129
6.69516
6.693879
6.687472
6.67466
6.668254
6.656723
6.649035
6.640066
6.631097
6.624691
6.615722
6.605472
6.593941
6.588816
6.578566
6.569597
6.554222
6.547816
6.538847
6.531159
6.520909
6.515784
6.502972
6.502972
6.496566
6.479909
6.470941
6.46069
6.459409
6.453003
6.45044
6.444034
6.432503
6.445894
6.430519
6.420269
6.412581
6.404894
6.3908
6.386956
6.384394
6.375425
6.363894
6.352363
6.343394
6.338269
6.3293
6.320331
6.306237
6.302393
6.292143
6.283175
6.279331
6.272925
6.263956
6.265237
6.25755
6.246018
6.242175
6.234487
6.230643
6.226799
6.212706
6.211424
6.201174
6.187081
6.180675
6.171706
6.172987
