1569339009.053
1569339009.303
1569339009.553
1569339009.803
1569339010.053
1569339010.303
1569339010.553
1569339010.803
1569339011.053
1569339011.303
1569339011.553
1569339011.803
1569339012.053
1569339012.303
1569339012.553
1569339012.803
1569339013.053
1569339013.303
1569339013.553
1569339013.803
1569339014.053
1569339014.303
1569339014.553
1569339014.803
1569339015.053
1569339015.303
1569339015.553
1569339015.803
1569339016.053
1569339016.303
1569339016.553
1569339016.803
1569339017.053
1569339017.303
1569339017.553
1569339017.803
1569339018.053
1569339018.303
1569339018.553
1569339018.803
1569339019.053
1569339019.303
1569339019.553
1569339019.803
1569339020.053
1569339020.303
1569339020.553
1569339020.803
1569339021.053
1569339021.303
1569339021.553
1569339021.803
1569339022.053
1569339022.303
1569339022.553
1569339022.803
1569339023.053
1569339023.303
1569339023.553
1569339023.803
1569339024.053
1569339024.303
1569339024.553
1569339024.803
1569339025.053
1569339025.303
1569339025.553
1569339025.803
1569339026.053
1569339026.303
1569339026.553
1569339026.803
1569339027.053
1569339027.303
1569339027.553
1569339027.803
1569339028.053
1569339028.303
1569339028.553
1569339028.803
1569339029.053
1569339029.303
1569339029.553
1569339029.803
1569339030.053
1569339030.303
1569339030.553
1569339030.803
1569339031.053
1569339031.303
1569339031.553
1569339031.803
1569339032.053
1569339032.303
1569339032.553
1569339032.803
1569339033.053
1569339033.303
1569339033.553
1569339033.803
1569339034.053
1569339034.303
1569339034.553
1569339034.803
1569339035.053
1569339035.303
1569339035.553
1569339035.803
1569339036.053
1569339036.303
1569339036.553
1569339036.803
1569339037.053
1569339037.303
1569339037.553
1569339037.803
1569339038.053
1569339038.303
1569339038.553
1569339038.803
1569339039.053
1569339039.303
1569339039.553
1569339039.803
1569339040.053
1569339040.303
1569339040.553
1569339040.803
1569339041.053
1569339041.303
1569339041.553
1569339041.803
1569339042.053
1569339042.303
1569339042.553
1569339042.803
1569339043.053
1569339043.303
1569339043.553
1569339043.803
1569339044.053
1569339044.303
1569339044.553
1569339044.803
1569339045.053
1569339045.303
1569339045.553
1569339045.803
1569339046.053
1569339046.303
1569339046.553
1569339046.803
1569339047.053
1569339047.303
1569339047.553
1569339047.803
1569339048.053
1569339048.303
1569339048.553
1569339048.803
1569339049.053
1569339049.303
1569339049.553
1569339049.803
1569339050.053
1569339050.303
1569339050.553
1569339050.803
1569339051.053
1569339051.303
1569339051.553
1569339051.803
1569339052.053
1569339052.303
1569339052.553
1569339052.803
1569339053.053
1569339053.303
1569339053.553
1569339053.803
1569339054.053
1569339054.303
1569339054.553
1569339054.803
1569339055.053
1569339055.303
1569339055.553
1569339055.803
1569339056.053
1569339056.303
1569339056.553
1569339056.803
1569339057.053
1569339057.303
1569339057.553
1569339057.803
1569339058.053
1569339058.303
1569339058.553
1569339058.803
1569339059.053
1569339059.303
1569339059.553
1569339059.803
1569339060.053
1569339060.303
1569339060.553
1569339060.803
1569339061.053
1569339061.303
1569339061.553
1569339061.803
1569339062.053
1569339062.303
1569339062.553
1569339062.803
1569339063.053
1569339063.303
1569339063.553
1569339063.803
1569339064.053
1569339064.303
1569339064.553
1569339064.803
1569339065.053
1569339065.303
1569339065.553
1569339065.803
1569339066.053
1569339066.303
1569339066.553
1569339066.803
1569339067.053
1569339067.303
1569339067.553
1569339067.803
1569339068.053
1569339068.303
1569339068.553
1569339068.803
1569339069.053
1569339069.303
1569339069.553
1569339069.803
1569339070.053
1569339070.303
1569339070.553
1569339070.803
1569339071.053
1569339071.303
1569339071.553
1569339071.803
1569339072.053
1569339072.303
1569339072.553
1569339072.803
1569339073.053
1569339073.303
1569339073.553
1569339073.803
1569339074.053
1569339074.303
1569339074.553
1569339074.803
1569339075.053
1569339075.303
1569339075.553
1569339075.803
1569339076.053
1569339076.303
1569339076.553
1569339076.803
1569339077.053
1569339077.303
1569339077.553
1569339077.803
1569339078.053
1569339078.303
1569339078.553
1569339078.803
1569339079.053
1569339079.303
1569339079.553
1569339079.803
1569339080.053
1569339080.303
1569339080.553
1569339080.803
1569339081.053
1569339081.303
1569339081.553
1569339081.803
1569339082.053
1569339082.303
1569339082.553
1569339082.803
1569339083.053
1569339083.303
1569339083.553
1569339083.803
1569339084.053
1569339084.303
1569339084.553
1569339084.803
1569339085.053
1569339085.303
1569339085.553
1569339085.803
1569339086.053
1569339086.303
1569339086.553
1569339086.803
1569339087.053
1569339087.303
1569339087.553
1569339087.803
1569339088.053
1569339088.303
1569339088.553
1569339088.803
1569339089.053
1569339089.303
1569339089.553
1569339089.803
1569339090.053
1569339090.303
1569339090.553
1569339090.803
1569339091.053
1569339091.303
1569339091.553
1569339091.803
1569339092.053
1569339092.303
1569339092.553
1569339092.803
1569339093.053
1569339093.303
1569339093.553
1569339093.803
1569339094.053
1569339094.303
1569339094.553
1569339094.803
1569339095.053
1569339095.303
1569339095.553
1569339095.803
1569339096.053
1569339096.303
1569339096.553
1569339096.803
1569339097.053
1569339097.303
1569339097.553
1569339097.803
1569339098.053
1569339098.303
1569339098.553
1569339098.803
1569339099.053
1569339099.303
1569339099.553
1569339099.803
1569339100.053
1569339100.303
1569339100.553
1569339100.803
1569339101.053
1569339101.303
1569339101.553
1569339101.803
1569339102.053
1569339102.303
1569339102.553
1569339102.803
1569339103.053
1569339103.303
1569339103.553
1569339103.803
1569339104.053
1569339104.303
1569339104.553
1569339104.803
1569339105.053
1569339105.303
1569339105.553
1569339105.803
1569339106.053
1569339106.303
1569339106.553
1569339106.803
1569339107.053
1569339107.303
1569339107.553
1569339107.803
1569339108.053
1569339108.303
1569339108.553
1569339108.803
1569339109.053
1569339109.303
1569339109.553
1569339109.803
1569339110.053
1569339110.303
1569339110.553
1569339110.803
1569339111.053
1569339111.303
1569339111.553
1569339111.803
1569339112.053
1569339112.303
1569339112.553
1569339112.803
1569339113.053
1569339113.303
1569339113.553
1569339113.803
1569339114.053
1569339114.303
1569339114.553
1569339114.803
1569339115.053
1569339115.303
1569339115.553
1569339115.803
1569339116.053
1569339116.303
1569339116.553
1569339116.803
1569339117.053
1569339117.303
1569339117.553
1569339117.803
1569339118.053
1569339118.303
1569339118.553
1569339118.803
1569339119.053
1569339119.303
1569339119.553
1569339119.803
1569339120.053
1569339120.303
1569339120.553
1569339120.803
1569339121.053
1569339121.303
1569339121.553
1569339121.803
1569339122.053
1569339122.303
1569339122.553
1569339122.803
1569339123.053
1569339123.303
1569339123.553
1569339123.803
1569339124.053
1569339124.303
1569339124.553
1569339124.803
1569339125.053
1569339125.303
1569339125.553
1569339125.803
1569339126.053
1569339126.303
1569339126.553
1569339126.803
1569339127.053
1569339127.303
1569339127.553
1569339127.803
1569339128.053
1569339128.303
1569339128.553
1569339128.803
1569339129.053
1569339129.303
1569339129.553
1569339129.803
1569339130.053
1569339130.303
1569339130.553
1569339130.803
1569339131.053
1569339131.303
1569339131.553
1569339131.803
1569339132.053
1569339132.303
1569339132.553
1569339132.803
1569339133.053
1569339133.303
1569339133.553
1569339133.803
1569339134.053
1569339134.303
1569339134.553
1569339134.803
1569339135.053
1569339135.303
1569339135.553
1569339135.803
1569339136.053
1569339136.303
1569339136.553
1569339136.803
1569339137.053
1569339137.303
1569339137.553
1569339137.803
1569339138.053
1569339138.303
1569339138.553
1569339138.803
1569339139.053
1569339139.303
1569339139.553
1569339139.803
1569339140.053
1569339140.303
1569339140.553
1569339140.803
1569339141.053
1569339141.303
1569339141.553
1569339141.803
1569339142.053
1569339142.303
1569339142.553
1569339142.803
1569339143.053
1569339143.303
1569339143.553
1569339143.803
1569339144.053
1569339144.303
1569339144.553
1569339144.803
1569339145.053
1569339145.303
1569339145.553
1569339145.803
1569339146.053
1569339146.303
1569339146.553
1569339146.803
1569339147.053
1569339147.303
1569339147.553
1569339147.803
1569339148.053
1569339148.303
1569339148.553
1569339148.803
1569339149.053
1569339149.303
1569339149.553
1569339149.803
1569339150.053
1569339150.303
1569339150.553
1569339150.803
1569339151.053
1569339151.303
1569339151.553
1569339151.803
1569339152.053
1569339152.303
1569339152.553
1569339152.803
1569339153.053
1569339153.303
1569339153.553
1569339153.803
1569339154.053
1569339154.303
1569339154.553
1569339154.803
1569339155.053
1569339155.303
1569339155.553
1569339155.803
1569339156.053
1569339156.303
1569339156.553
1569339156.803
1569339157.053
1569339157.303
1569339157.553
1569339157.803
1569339158.053
1569339158.303
1569339158.553
1569339158.803
1569339159.053
1569339159.303
1569339159.553
1569339159.803
1569339160.053
1569339160.303
1569339160.553
1569339160.803
1569339161.053
1569339161.303
1569339161.553
1569339161.803
1569339162.053
1569339162.303
1569339162.553
1569339162.803
1569339163.053
1569339163.303
1569339163.553
1569339163.803
1569339164.053
1569339164.303
1569339164.553
1569339164.803
1569339165.053
1569339165.303
1569339165.553
1569339165.803
1569339166.053
1569339166.303
1569339166.553
1569339166.803
1569339167.053
1569339167.303
1569339167.553
1569339167.803
1569339168.053
1569339168.303
1569339168.553
1569339168.803
1569339169.053
1569339169.303
1569339169.553
1569339169.803
1569339170.053
1569339170.303
1569339170.553
1569339170.803
1569339171.053
1569339171.303
1569339171.553
1569339171.803
1569339172.053
1569339172.303
1569339172.553
1569339172.803
1569339173.053
1569339173.303
1569339173.553
1569339173.803
1569339174.053
1569339174.303
1569339174.553
1569339174.803
1569339175.053
1569339175.303
1569339175.553
1569339175.803
1569339176.053
1569339176.303
1569339176.553
1569339176.803
1569339177.053
1569339177.303
1569339177.553
1569339177.803
1569339178.053
1569339178.303
1569339178.553
1569339178.803
1569339179.053
1569339179.303
1569339179.553
1569339179.803
1569339180.053
1569339180.303
1569339180.553
1569339180.803
1569339181.053
1569339181.303
1569339181.553
1569339181.803
1569339182.053
1569339182.303
1569339182.553
1569339182.803
1569339183.053
1569339183.303
1569339183.553
1569339183.803
1569339184.053
1569339184.303
1569339184.553
1569339184.803
1569339185.053
1569339185.303
1569339185.553
1569339185.803
1569339186.053
1569339186.303
1569339186.553
1569339186.803
1569339187.053
1569339187.303
1569339187.553
1569339187.803
1569339188.053
1569339188.303
1569339188.553
1569339188.803
1569339189.053
1569339189.303
1569339189.553
1569339189.803
1569339190.053
1569339190.303
1569339190.553
1569339190.803
1569339191.053
1569339191.303
1569339191.553
1569339191.803
1569339192.053
1569339192.303
1569339192.553
1569339192.803
1569339193.053
1569339193.303
1569339193.553
1569339193.803
1569339194.053
1569339194.303
1569339194.553
1569339194.803
1569339195.053
1569339195.303
1569339195.553
1569339195.803
1569339196.053
1569339196.303
1569339196.553
1569339196.803
1569339197.053
1569339197.303
1569339197.553
1569339197.803
1569339198.053
1569339198.303
1569339198.553
1569339198.803
1569339199.053
1569339199.303
1569339199.553
1569339199.803
1569339200.053
1569339200.303
1569339200.553
1569339200.803
1569339201.053
1569339201.303
1569339201.553
1569339201.803
1569339202.053
1569339202.303
1569339202.553
1569339202.803
1569339203.053
1569339203.303
1569339203.553
1569339203.803
1569339204.053
1569339204.303
1569339204.553
1569339204.803
1569339205.053
1569339205.303
1569339205.553
1569339205.803
1569339206.053
1569339206.303
1569339206.553
1569339206.803
1569339207.053
1569339207.303
1569339207.553
1569339207.803
1569339208.053
1569339208.303
1569339208.553
1569339208.803
1569339209.053
1569339209.303
1569339209.553
1569339209.803
1569339210.053
1569339210.303
1569339210.553
1569339210.803
1569339211.053
1569339211.303
1569339211.553
1569339211.803
1569339212.053
1569339212.303
1569339212.553
1569339212.803
1569339213.053
1569339213.303
1569339213.553
1569339213.803
1569339214.053
1569339214.303
1569339214.553
1569339214.803
1569339215.053
1569339215.303
1569339215.553
1569339215.803
1569339216.053
1569339216.303
1569339216.553
1569339216.803
1569339217.053
1569339217.303
1569339217.553
1569339217.803
1569339218.053
1569339218.303
1569339218.553
1569339218.803
1569339219.053
1569339219.303
1569339219.553
1569339219.803
1569339220.053
1569339220.303
1569339220.553
1569339220.803
1569339221.053
1569339221.303
1569339221.553
1569339221.803
1569339222.053
1569339222.303
1569339222.553
1569339222.803
1569339223.053
1569339223.303
1569339223.553
1569339223.803
1569339224.053
1569339224.303
1569339224.553
1569339224.803
1569339225.053
1569339225.303
1569339225.553
1569339225.803
1569339226.053
1569339226.303
1569339226.553
1569339226.803
1569339227.053
1569339227.303
1569339227.553
1569339227.803
1569339228.053
1569339228.303
1569339228.553
1569339228.803
1569339229.053
1569339229.303
1569339229.553
1569339229.803
1569339230.053
1569339230.303
1569339230.553
1569339230.803
1569339231.053
1569339231.303
1569339231.553
1569339231.803
1569339232.053
1569339232.303
1569339232.553
1569339232.803
1569339233.053
1569339233.303
1569339233.553
1569339233.803
1569339234.053
1569339234.303
1569339234.553
1569339234.803
1569339235.053
1569339235.303
1569339235.553
1569339235.803
1569339236.053
1569339236.303
1569339236.553
1569339236.803
1569339237.053
1569339237.303
1569339237.553
1569339237.803
1569339238.053
1569339238.303
1569339238.553
1569339238.803
1569339239.053
1569339239.303
1569339239.553
1569339239.803
1569339240.053
1569339240.303
1569339240.553
1569339240.803
1569339241.053
1569339241.303
1569339241.553
1569339241.803
1569339242.053
1569339242.303
1569339242.553
1569339242.803
1569339243.053
1569339243.303
1569339243.553
1569339243.803
1569339244.053
1569339244.303
1569339244.553
1569339244.803
1569339245.053
1569339245.303
1569339245.553
1569339245.803
1569339246.053
1569339246.303
1569339246.553
1569339246.803
1569339247.053
1569339247.303
1569339247.553
1569339247.803
1569339248.053
1569339248.303
1569339248.553
1569339248.803
1569339249.053
1569339249.303
1569339249.553
1569339249.803
1569339250.053
1569339250.303
1569339250.553
1569339250.803
1569339251.053
1569339251.303
1569339251.553
1569339251.803
1569339252.053
1569339252.303
1569339252.553
1569339252.803
1569339253.053
1569339253.303
1569339253.553
1569339253.803
1569339254.053
1569339254.303
1569339254.553
1569339254.803
1569339255.053
1569339255.303
1569339255.553
1569339255.803
1569339256.053
1569339256.303
1569339256.553
1569339256.803
1569339257.053
1569339257.303
1569339257.553
1569339257.803
1569339258.053
1569339258.303
1569339258.553
1569339258.803
1569339259.053
1569339259.303
1569339259.553
1569339259.803
1569339260.053
1569339260.303
1569339260.553
1569339260.803
1569339261.053
1569339261.303
1569339261.553
1569339261.803
1569339262.053
1569339262.303
1569339262.553
1569339262.803
1569339263.053
1569339263.303
1569339263.553
1569339263.803
1569339264.053
1569339264.303
1569339264.553
1569339264.803
1569339265.053
1569339265.303
1569339265.553
1569339265.803
1569339266.053
1569339266.303
1569339266.553
1569339266.803
1569339267.053
1569339267.303
1569339267.553
1569339267.803
1569339268.053
1569339268.303
1569339268.553
1569339268.803
1569339269.053
1569339269.303
1569339269.553
1569339269.803
1569339270.053
1569339270.303
1569339270.553
1569339270.803
1569339271.053
1569339271.303
1569339271.553
1569339271.803
1569339272.053
1569339272.303
1569339272.553
1569339272.803
1569339273.053
1569339273.303
1569339273.553
1569339273.803
1569339274.053
1569339274.303
1569339274.553
1569339274.803
1569339275.053
1569339275.303
1569339275.553
1569339275.803
1569339276.053
1569339276.303
1569339276.553
1569339276.803
1569339277.053
1569339277.303
1569339277.553
1569339277.803
1569339278.053
1569339278.303
1569339278.553
1569339278.803
1569339279.053
1569339279.303
1569339279.553
1569339279.803
1569339280.053
1569339280.303
1569339280.553
1569339280.803
1569339281.053
1569339281.303
1569339281.553
1569339281.803
1569339282.053
1569339282.303
1569339282.553
1569339282.803
1569339283.053
1569339283.303
1569339283.553
1569339283.803
1569339284.053
1569339284.303
1569339284.553
1569339284.803
1569339285.053
1569339285.303
1569339285.553
1569339285.803
1569339286.053
1569339286.303
1569339286.553
1569339286.803
1569339287.053
1569339287.303
1569339287.553
1569339287.803
1569339288.053
1569339288.303
1569339288.553
1569339288.803
1569339289.053
1569339289.303
1569339289.553
1569339289.803
1569339290.053
1569339290.303
1569339290.553
1569339290.803
1569339291.053
1569339291.303
1569339291.553
1569339291.803
1569339292.053
1569339292.303
1569339292.553
1569339292.803
1569339293.053
1569339293.303
1569339293.553
1569339293.803
1569339294.053
1569339294.303
1569339294.553
1569339294.803
1569339295.053
1569339295.303
1569339295.553
1569339295.803
1569339296.053
1569339296.303
1569339296.553
1569339296.803
1569339297.053
1569339297.303
1569339297.553
1569339297.803
1569339298.053
1569339298.303
1569339298.553
1569339298.803
1569339299.053
1569339299.303
1569339299.553
1569339299.803
1569339300.053
1569339300.303
1569339300.553
1569339300.803
1569339301.053
1569339301.303
1569339301.553
1569339301.803
1569339302.053
1569339302.303
1569339302.553
1569339302.803
1569339303.053
1569339303.303
1569339303.553
1569339303.803
1569339304.053
1569339304.303
1569339304.553
1569339304.803
1569339305.053
1569339305.303
1569339305.553
1569339305.803
1569339306.053
1569339306.303
1569339306.553
1569339306.803
1569339307.053
1569339307.303
1569339307.553
1569339307.803
1569339308.053
1569339308.303
1569339308.553
1569339308.803
1569339309.053
1569339309.303
1569339309.553
1569339309.803
