1569337059.053
1569337059.303
1569337059.553
1569337059.803
1569337060.053
1569337060.303
1569337060.553
1569337060.803
1569337061.053
1569337061.303
1569337061.553
1569337061.803
1569337062.053
1569337062.303
1569337062.553
1569337062.803
1569337063.053
1569337063.303
1569337063.553
1569337063.803
1569337064.053
1569337064.303
1569337064.553
1569337064.803
1569337065.053
1569337065.303
1569337065.553
1569337065.803
1569337066.053
1569337066.303
1569337066.553
1569337066.803
1569337067.053
1569337067.303
1569337067.553
1569337067.803
1569337068.053
1569337068.303
1569337068.553
1569337068.803
1569337069.053
1569337069.303
1569337069.553
1569337069.803
1569337070.053
1569337070.303
1569337070.553
1569337070.803
1569337071.053
1569337071.303
1569337071.553
1569337071.803
1569337072.053
1569337072.303
1569337072.553
1569337072.803
1569337073.053
1569337073.303
1569337073.553
1569337073.803
1569337074.053
1569337074.303
1569337074.553
1569337074.803
1569337075.053
1569337075.303
1569337075.553
1569337075.803
1569337076.053
1569337076.303
1569337076.553
1569337076.803
1569337077.053
1569337077.303
1569337077.553
1569337077.803
1569337078.053
1569337078.303
1569337078.553
1569337078.803
1569337079.053
1569337079.303
1569337079.553
1569337079.803
1569337080.053
1569337080.303
1569337080.553
1569337080.803
1569337081.053
1569337081.303
1569337081.553
1569337081.803
1569337082.053
1569337082.303
1569337082.553
1569337082.803
1569337083.053
1569337083.303
1569337083.553
1569337083.803
1569337084.053
1569337084.303
1569337084.553
1569337084.803
1569337085.053
1569337085.303
1569337085.553
1569337085.803
1569337086.053
1569337086.303
1569337086.553
1569337086.803
1569337087.053
1569337087.303
1569337087.553
1569337087.803
1569337088.053
1569337088.303
1569337088.553
1569337088.803
1569337089.053
1569337089.303
1569337089.553
1569337089.803
1569337090.053
1569337090.303
1569337090.553
1569337090.803
1569337091.053
1569337091.303
1569337091.553
1569337091.803
1569337092.053
1569337092.303
1569337092.553
1569337092.803
1569337093.053
1569337093.303
1569337093.553
1569337093.803
1569337094.053
1569337094.303
1569337094.553
1569337094.803
1569337095.053
1569337095.303
1569337095.553
1569337095.803
1569337096.053
1569337096.303
1569337096.553
1569337096.803
1569337097.053
1569337097.303
1569337097.553
1569337097.803
1569337098.053
1569337098.303
1569337098.553
1569337098.803
1569337099.053
1569337099.303
1569337099.553
1569337099.803
1569337100.053
1569337100.303
1569337100.553
1569337100.803
1569337101.053
1569337101.303
1569337101.553
1569337101.803
1569337102.053
1569337102.303
1569337102.553
1569337102.803
1569337103.053
1569337103.303
1569337103.553
1569337103.803
1569337104.053
1569337104.303
1569337104.553
1569337104.803
1569337105.053
1569337105.303
1569337105.553
1569337105.803
1569337106.053
1569337106.303
1569337106.553
1569337106.803
1569337107.053
1569337107.303
1569337107.553
1569337107.803
1569337108.053
1569337108.303
1569337108.553
1569337108.803
1569337109.053
1569337109.303
1569337109.553
1569337109.803
1569337110.053
1569337110.303
1569337110.553
1569337110.803
1569337111.053
1569337111.303
1569337111.553
1569337111.803
1569337112.053
1569337112.303
1569337112.553
1569337112.803
1569337113.053
1569337113.303
1569337113.553
1569337113.803
1569337114.053
1569337114.303
1569337114.553
1569337114.803
1569337115.053
1569337115.303
1569337115.553
1569337115.803
1569337116.053
1569337116.303
1569337116.553
1569337116.803
1569337117.053
1569337117.303
1569337117.553
1569337117.803
1569337118.053
1569337118.303
1569337118.553
1569337118.803
1569337119.053
1569337119.303
1569337119.553
1569337119.803
1569337120.053
1569337120.303
1569337120.553
1569337120.803
1569337121.053
1569337121.303
1569337121.553
1569337121.803
1569337122.053
1569337122.303
1569337122.553
1569337122.803
1569337123.053
1569337123.303
1569337123.553
1569337123.803
1569337124.053
1569337124.303
1569337124.553
1569337124.803
1569337125.053
1569337125.303
1569337125.553
1569337125.803
1569337126.053
1569337126.303
1569337126.553
1569337126.803
1569337127.053
1569337127.303
1569337127.553
1569337127.803
1569337128.053
1569337128.303
1569337128.553
1569337128.803
1569337129.053
1569337129.303
1569337129.553
1569337129.803
1569337130.053
1569337130.303
1569337130.553
1569337130.803
1569337131.053
1569337131.303
1569337131.553
1569337131.803
1569337132.053
1569337132.303
1569337132.553
1569337132.803
1569337133.053
1569337133.303
1569337133.553
1569337133.803
1569337134.053
1569337134.303
1569337134.553
1569337134.803
1569337135.053
1569337135.303
1569337135.553
1569337135.803
1569337136.053
1569337136.303
1569337136.553
1569337136.803
1569337137.053
1569337137.303
1569337137.553
1569337137.803
1569337138.053
1569337138.303
1569337138.553
1569337138.803
1569337139.053
1569337139.303
1569337139.553
1569337139.803
1569337140.053
1569337140.303
1569337140.553
1569337140.803
1569337141.053
1569337141.303
1569337141.553
1569337141.803
1569337142.053
1569337142.303
1569337142.553
1569337142.803
1569337143.053
1569337143.303
1569337143.553
1569337143.803
1569337144.053
1569337144.303
1569337144.553
1569337144.803
1569337145.053
1569337145.303
1569337145.553
1569337145.803
1569337146.053
1569337146.303
1569337146.553
1569337146.803
1569337147.053
1569337147.303
1569337147.553
1569337147.803
1569337148.053
1569337148.303
1569337148.553
1569337148.803
1569337149.053
1569337149.303
1569337149.553
1569337149.803
1569337150.053
1569337150.303
1569337150.553
1569337150.803
1569337151.053
1569337151.303
1569337151.553
1569337151.803
1569337152.053
1569337152.303
1569337152.553
1569337152.803
1569337153.053
1569337153.303
1569337153.553
1569337153.803
1569337154.053
1569337154.303
1569337154.553
1569337154.803
1569337155.053
1569337155.303
1569337155.553
1569337155.803
1569337156.053
1569337156.303
1569337156.553
1569337156.803
1569337157.053
1569337157.303
1569337157.553
1569337157.803
1569337158.053
1569337158.303
1569337158.553
1569337158.803
1569337159.053
1569337159.303
1569337159.553
1569337159.803
1569337160.053
1569337160.303
1569337160.553
1569337160.803
1569337161.053
1569337161.303
1569337161.553
1569337161.803
1569337162.053
1569337162.303
1569337162.553
1569337162.803
1569337163.053
1569337163.303
1569337163.553
1569337163.803
1569337164.053
1569337164.303
1569337164.553
1569337164.803
1569337165.053
1569337165.303
1569337165.553
1569337165.803
1569337166.053
1569337166.303
1569337166.553
1569337166.803
1569337167.053
1569337167.303
1569337167.553
1569337167.803
1569337168.053
1569337168.303
1569337168.553
1569337168.803
1569337169.053
1569337169.303
1569337169.553
1569337169.803
1569337170.053
1569337170.303
1569337170.553
1569337170.803
1569337171.053
1569337171.303
1569337171.553
1569337171.803
1569337172.053
1569337172.303
1569337172.553
1569337172.803
1569337173.053
1569337173.303
1569337173.553
1569337173.803
1569337174.053
1569337174.303
1569337174.553
1569337174.803
1569337175.053
1569337175.303
1569337175.553
1569337175.803
1569337176.053
1569337176.303
1569337176.553
1569337176.803
1569337177.053
1569337177.303
1569337177.553
1569337177.803
1569337178.053
1569337178.303
1569337178.553
1569337178.803
1569337179.053
1569337179.303
1569337179.553
1569337179.803
1569337180.053
1569337180.303
1569337180.553
1569337180.803
1569337181.053
1569337181.303
1569337181.553
1569337181.803
1569337182.053
1569337182.303
1569337182.553
1569337182.803
1569337183.053
1569337183.303
1569337183.553
1569337183.803
1569337184.053
1569337184.303
1569337184.553
1569337184.803
1569337185.053
1569337185.303
1569337185.553
1569337185.803
1569337186.053
1569337186.303
1569337186.553
1569337186.803
1569337187.053
1569337187.303
1569337187.553
1569337187.803
1569337188.053
1569337188.303
1569337188.553
1569337188.803
1569337189.053
1569337189.303
1569337189.553
1569337189.803
1569337190.053
1569337190.303
1569337190.553
1569337190.803
1569337191.053
1569337191.303
1569337191.553
1569337191.803
1569337192.053
1569337192.303
1569337192.553
1569337192.803
1569337193.053
1569337193.303
1569337193.553
1569337193.803
1569337194.053
1569337194.303
1569337194.553
1569337194.803
1569337195.053
1569337195.303
1569337195.553
1569337195.803
1569337196.053
1569337196.303
1569337196.553
1569337196.803
1569337197.053
1569337197.303
1569337197.553
1569337197.803
1569337198.053
1569337198.303
1569337198.553
1569337198.803
1569337199.053
1569337199.303
1569337199.553
1569337199.803
1569337200.053
1569337200.303
1569337200.553
1569337200.803
1569337201.053
1569337201.303
1569337201.553
1569337201.803
1569337202.053
1569337202.303
1569337202.553
1569337202.803
1569337203.053
1569337203.303
1569337203.553
1569337203.803
1569337204.053
1569337204.303
1569337204.553
1569337204.803
1569337205.053
1569337205.303
1569337205.553
1569337205.803
1569337206.053
1569337206.303
1569337206.553
1569337206.803
1569337207.053
1569337207.303
1569337207.553
1569337207.803
1569337208.053
1569337208.303
1569337208.553
1569337208.803
1569337209.053
1569337209.303
1569337209.553
1569337209.803
1569337210.053
1569337210.303
1569337210.553
1569337210.803
1569337211.053
1569337211.303
1569337211.553
1569337211.803
1569337212.053
1569337212.303
1569337212.553
1569337212.803
1569337213.053
1569337213.303
1569337213.553
1569337213.803
1569337214.053
1569337214.303
1569337214.553
1569337214.803
1569337215.053
1569337215.303
1569337215.553
1569337215.803
1569337216.053
1569337216.303
1569337216.553
1569337216.803
1569337217.053
1569337217.303
1569337217.553
1569337217.803
1569337218.053
1569337218.303
1569337218.553
1569337218.803
1569337219.053
1569337219.303
1569337219.553
1569337219.803
1569337220.053
1569337220.303
1569337220.553
1569337220.803
1569337221.053
1569337221.303
1569337221.553
1569337221.803
1569337222.053
1569337222.303
1569337222.553
1569337222.803
1569337223.053
1569337223.303
1569337223.553
1569337223.803
1569337224.053
1569337224.303
1569337224.553
1569337224.803
1569337225.053
1569337225.303
1569337225.553
1569337225.803
1569337226.053
1569337226.303
1569337226.553
1569337226.803
1569337227.053
1569337227.303
1569337227.553
1569337227.803
1569337228.053
1569337228.303
1569337228.553
1569337228.803
1569337229.053
1569337229.303
1569337229.553
1569337229.803
1569337230.053
1569337230.303
1569337230.553
1569337230.803
1569337231.053
1569337231.303
1569337231.553
1569337231.803
1569337232.053
1569337232.303
1569337232.553
1569337232.803
1569337233.053
1569337233.303
1569337233.553
1569337233.803
1569337234.053
1569337234.303
1569337234.553
1569337234.803
1569337235.053
1569337235.303
1569337235.553
1569337235.803
1569337236.053
1569337236.303
1569337236.553
1569337236.803
1569337237.053
1569337237.303
1569337237.553
1569337237.803
1569337238.053
1569337238.303
1569337238.553
1569337238.803
1569337239.053
1569337239.303
1569337239.553
1569337239.803
1569337240.053
1569337240.303
1569337240.553
1569337240.803
1569337241.053
1569337241.303
1569337241.553
1569337241.803
1569337242.053
1569337242.303
1569337242.553
1569337242.803
1569337243.053
1569337243.303
1569337243.553
1569337243.803
1569337244.053
1569337244.303
1569337244.553
1569337244.803
1569337245.053
1569337245.303
1569337245.553
1569337245.803
1569337246.053
1569337246.303
1569337246.553
1569337246.803
1569337247.053
1569337247.303
1569337247.553
1569337247.803
1569337248.053
1569337248.303
1569337248.553
1569337248.803
1569337249.053
1569337249.303
1569337249.553
1569337249.803
1569337250.053
1569337250.303
1569337250.553
1569337250.803
1569337251.053
1569337251.303
1569337251.553
1569337251.803
1569337252.053
1569337252.303
1569337252.553
1569337252.803
1569337253.053
1569337253.303
1569337253.553
1569337253.803
1569337254.053
1569337254.303
1569337254.553
1569337254.803
1569337255.053
1569337255.303
1569337255.553
1569337255.803
1569337256.053
1569337256.303
1569337256.553
1569337256.803
1569337257.053
1569337257.303
1569337257.553
1569337257.803
1569337258.053
1569337258.303
1569337258.553
1569337258.803
1569337259.053
1569337259.303
1569337259.553
1569337259.803
1569337260.053
1569337260.303
1569337260.553
1569337260.803
1569337261.053
1569337261.303
1569337261.553
1569337261.803
1569337262.053
1569337262.303
1569337262.553
1569337262.803
1569337263.053
1569337263.303
1569337263.553
1569337263.803
1569337264.053
1569337264.303
1569337264.553
1569337264.803
1569337265.053
1569337265.303
1569337265.553
1569337265.803
1569337266.053
1569337266.303
1569337266.553
1569337266.803
1569337267.053
1569337267.303
1569337267.553
1569337267.803
1569337268.053
1569337268.303
1569337268.553
1569337268.803
1569337269.053
1569337269.303
1569337269.553
1569337269.803
1569337270.053
1569337270.303
1569337270.553
1569337270.803
1569337271.053
1569337271.303
1569337271.553
1569337271.803
1569337272.053
1569337272.303
1569337272.553
1569337272.803
1569337273.053
1569337273.303
1569337273.553
1569337273.803
1569337274.053
1569337274.303
1569337274.553
1569337274.803
1569337275.053
1569337275.303
1569337275.553
1569337275.803
1569337276.053
1569337276.303
1569337276.553
1569337276.803
1569337277.053
1569337277.303
1569337277.553
1569337277.803
1569337278.053
1569337278.303
1569337278.553
1569337278.803
1569337279.053
1569337279.303
1569337279.553
1569337279.803
1569337280.053
1569337280.303
1569337280.553
1569337280.803
1569337281.053
1569337281.303
1569337281.553
1569337281.803
1569337282.053
1569337282.303
1569337282.553
1569337282.803
1569337283.053
1569337283.303
1569337283.553
1569337283.803
1569337284.053
1569337284.303
1569337284.553
1569337284.803
1569337285.053
1569337285.303
1569337285.553
1569337285.803
1569337286.053
1569337286.303
1569337286.553
1569337286.803
1569337287.053
1569337287.303
1569337287.553
1569337287.803
1569337288.053
1569337288.303
1569337288.553
1569337288.803
1569337289.053
1569337289.303
1569337289.553
1569337289.803
1569337290.053
1569337290.303
1569337290.553
1569337290.803
1569337291.053
1569337291.303
1569337291.553
1569337291.803
1569337292.053
1569337292.303
1569337292.553
1569337292.803
1569337293.053
1569337293.303
1569337293.553
1569337293.803
1569337294.053
1569337294.303
1569337294.553
1569337294.803
1569337295.053
1569337295.303
1569337295.553
1569337295.803
1569337296.053
1569337296.303
1569337296.553
1569337296.803
1569337297.053
1569337297.303
1569337297.553
1569337297.803
1569337298.053
1569337298.303
1569337298.553
1569337298.803
1569337299.053
1569337299.303
1569337299.553
1569337299.803
1569337300.053
1569337300.303
1569337300.553
1569337300.803
1569337301.053
1569337301.303
1569337301.553
1569337301.803
1569337302.053
1569337302.303
1569337302.553
1569337302.803
1569337303.053
1569337303.303
1569337303.553
1569337303.803
1569337304.053
1569337304.303
1569337304.553
1569337304.803
1569337305.053
1569337305.303
1569337305.553
1569337305.803
1569337306.053
1569337306.303
1569337306.553
1569337306.803
1569337307.053
1569337307.303
1569337307.553
1569337307.803
1569337308.053
1569337308.303
1569337308.553
1569337308.803
1569337309.053
1569337309.303
1569337309.553
1569337309.803
1569337310.053
1569337310.303
1569337310.553
1569337310.803
1569337311.053
1569337311.303
1569337311.553
1569337311.803
1569337312.053
1569337312.303
1569337312.553
1569337312.803
1569337313.053
1569337313.303
1569337313.553
1569337313.803
1569337314.053
1569337314.303
1569337314.553
1569337314.803
1569337315.053
1569337315.303
1569337315.553
1569337315.803
1569337316.053
1569337316.303
1569337316.553
1569337316.803
1569337317.053
1569337317.303
1569337317.553
1569337317.803
1569337318.053
1569337318.303
1569337318.553
1569337318.803
1569337319.053
1569337319.303
1569337319.553
1569337319.803
1569337320.053
1569337320.303
1569337320.553
1569337320.803
1569337321.053
1569337321.303
1569337321.553
1569337321.803
1569337322.053
1569337322.303
1569337322.553
1569337322.803
1569337323.053
1569337323.303
1569337323.553
1569337323.803
1569337324.053
1569337324.303
1569337324.553
1569337324.803
1569337325.053
1569337325.303
1569337325.553
1569337325.803
1569337326.053
1569337326.303
1569337326.553
1569337326.803
1569337327.053
1569337327.303
1569337327.553
1569337327.803
1569337328.053
1569337328.303
1569337328.553
1569337328.803
1569337329.053
1569337329.303
1569337329.553
1569337329.803
1569337330.053
1569337330.303
1569337330.553
1569337330.803
1569337331.053
1569337331.303
1569337331.553
1569337331.803
1569337332.053
1569337332.303
1569337332.553
1569337332.803
1569337333.053
1569337333.303
1569337333.553
1569337333.803
1569337334.053
1569337334.303
1569337334.553
1569337334.803
1569337335.053
1569337335.303
1569337335.553
1569337335.803
1569337336.053
1569337336.303
1569337336.553
1569337336.803
1569337337.053
1569337337.303
1569337337.553
1569337337.803
1569337338.053
1569337338.303
1569337338.553
1569337338.803
1569337339.053
1569337339.303
1569337339.553
1569337339.803
1569337340.053
1569337340.303
1569337340.553
1569337340.803
1569337341.053
1569337341.303
1569337341.553
1569337341.803
1569337342.053
1569337342.303
1569337342.553
1569337342.803
1569337343.053
1569337343.303
1569337343.553
1569337343.803
1569337344.053
1569337344.303
1569337344.553
1569337344.803
1569337345.053
1569337345.303
1569337345.553
1569337345.803
1569337346.053
1569337346.303
1569337346.553
1569337346.803
1569337347.053
1569337347.303
1569337347.553
1569337347.803
1569337348.053
1569337348.303
1569337348.553
1569337348.803
1569337349.053
1569337349.303
1569337349.553
1569337349.803
1569337350.053
1569337350.303
1569337350.553
1569337350.803
1569337351.053
1569337351.303
1569337351.553
1569337351.803
1569337352.053
1569337352.303
1569337352.553
1569337352.803
1569337353.053
1569337353.303
1569337353.553
1569337353.803
1569337354.053
1569337354.303
1569337354.553
1569337354.803
1569337355.053
1569337355.303
1569337355.553
1569337355.803
1569337356.053
1569337356.303
1569337356.553
1569337356.803
1569337357.053
1569337357.303
1569337357.553
1569337357.803
1569337358.053
1569337358.303
1569337358.553
1569337358.803
