1569337557.29019
1569337557.54021
1569337557.79022
1569337558.04023
1569337558.29024
1569337558.54025
1569337558.79026
1569337559.04028
1569337559.29029
1569337559.5403
1569337559.79031
1569337560.04032
1569337560.29033
1569337560.54034
1569337560.79036
1569337561.04037
1569337561.29038
1569337561.54039
1569337561.7904
1569337562.04041
1569337562.29043
1569337562.54044
1569337562.79045
1569337563.04046
1569337563.29047
1569337563.54048
1569337563.79049
1569337564.04051
1569337564.29052
1569337564.54053
1569337564.79054
1569337565.04055
1569337565.29056
1569337565.54058
1569337565.79059
1569337566.0406
1569337566.29061
1569337566.54062
1569337566.79063
1569337567.04065
1569337567.29066
1569337567.54067
1569337567.79068
1569337568.04069
1569337568.2907
1569337568.54071
1569337568.79073
1569337569.04074
1569337569.29075
1569337569.54076
1569337569.79077
1569337570.04078
1569337570.2908
1569337570.54081
1569337570.79082
1569337571.04083
1569337571.29084
1569337571.54085
1569337571.79087
1569337572.04088
1569337572.29089
1569337572.5409
1569337572.79091
1569337573.04092
1569337573.29093
1569337573.54095
1569337573.79096
1569337574.04097
1569337574.29098
1569337574.54099
1569337574.791
1569337575.04102
1569337575.29103
1569337575.54104
1569337575.79105
1569337576.04106
1569337576.29107
1569337576.54109
1569337576.7911
1569337577.04111
1569337577.29112
1569337577.54113
1569337577.79114
1569337578.04115
1569337578.29117
1569337578.54118
1569337578.79119
1569337579.0412
1569337579.29121
1569337579.54122
1569337579.79124
1569337580.04125
1569337580.29126
1569337580.54127
1569337580.79128
1569337581.04129
1569337581.29131
1569337581.54132
1569337581.79133
1569337582.04134
1569337582.29135
1569337582.54136
1569337582.79137
1569337583.04139
1569337583.2914
1569337583.54141
1569337583.79142
1569337584.04143
1569337584.29144
1569337584.54146
1569337584.79147
1569337585.04148
1569337585.29149
1569337585.5415
1569337585.79151
1569337586.04153
1569337586.29154
1569337586.54155
1569337586.79156
1569337587.04157
1569337587.29158
1569337587.54159
1569337587.79161
1569337588.04162
1569337588.29163
1569337588.54164
1569337588.79165
1569337589.04166
1569337589.29168
1569337589.54169
1569337589.7917
1569337590.04171
1569337590.29172
1569337590.54173
1569337590.79174
1569337591.04176
1569337591.29177
1569337591.54178
1569337591.79179
1569337592.0418
1569337592.29181
1569337592.54183
1569337592.79184
1569337593.04185
1569337593.29186
1569337593.54187
1569337593.79188
1569337594.0419
1569337594.29191
1569337594.54192
1569337594.79193
1569337595.04194
1569337595.29195
1569337595.54197
1569337595.79198
1569337596.04199
1569337596.292
1569337596.54201
1569337596.79202
1569337597.04203
1569337597.29205
1569337597.54206
1569337597.79207
1569337598.04208
1569337598.29209
1569337598.5421
1569337598.79212
1569337599.04213
1569337599.29214
1569337599.54215
1569337599.79216
1569337600.04217
1569337600.29218
1569337600.5422
1569337600.79221
1569337601.04222
1569337601.29223
1569337601.54224
1569337601.79225
1569337602.04227
1569337602.29228
1569337602.54229
1569337602.7923
1569337603.04231
1569337603.29232
1569337603.54234
1569337603.79235
1569337604.04236
1569337604.29237
1569337604.54238
1569337604.79239
1569337605.0424
1569337605.29242
1569337605.54243
1569337605.79244
1569337606.04245
1569337606.29246
1569337606.54247
1569337606.79249
1569337607.0425
1569337607.29251
1569337607.54252
1569337607.79253
1569337608.04254
1569337608.29256
1569337608.54257
1569337608.79258
1569337609.04259
1569337609.2926
1569337609.54261
1569337609.79262
1569337610.04264
1569337610.29265
1569337610.54266
1569337610.79267
1569337611.04268
1569337611.29269
1569337611.54271
1569337611.79272
1569337612.04273
1569337612.29274
1569337612.54275
1569337612.79276
1569337613.04278
1569337613.29279
1569337613.5428
1569337613.79281
1569337614.04282
1569337614.29283
1569337614.54284
1569337614.79286
1569337615.04287
1569337615.29288
1569337615.54289
1569337615.7929
1569337616.04291
1569337616.29293
1569337616.54294
1569337616.79295
1569337617.04296
1569337617.29297
1569337617.54298
1569337617.79299
1569337618.04301
1569337618.29302
1569337618.54303
1569337618.79304
1569337619.04305
1569337619.29306
1569337619.54308
1569337619.79309
1569337620.0431
1569337620.29311
1569337620.54312
1569337620.79313
1569337621.04315
1569337621.29316
1569337621.54317
1569337621.79318
1569337622.04319
1569337622.2932
1569337622.54322
1569337622.79323
1569337623.04324
1569337623.29325
1569337623.54326
1569337623.79327
1569337624.04328
1569337624.2933
1569337624.54331
1569337624.79332
1569337625.04333
1569337625.29334
1569337625.54335
1569337625.79337
1569337626.04338
1569337626.29339
1569337626.5434
1569337626.79341
1569337627.04342
1569337627.29343
1569337627.54345
1569337627.79346
1569337628.04347
1569337628.29348
1569337628.54349
1569337628.7935
1569337629.04352
1569337629.29353
1569337629.54354
1569337629.79355
1569337630.04356
1569337630.29357
1569337630.54359
1569337630.7936
1569337631.04361
1569337631.29362
1569337631.54363
1569337631.79364
1569337632.04365
1569337632.29367
1569337632.54368
1569337632.79369
1569337633.0437
1569337633.29371
1569337633.54372
1569337633.79374
1569337634.04375
1569337634.29376
1569337634.54377
1569337634.79378
1569337635.04379
1569337635.29381
1569337635.54382
1569337635.79383
1569337636.04384
1569337636.29385
1569337636.54386
1569337636.79387
1569337637.04389
1569337637.2939
1569337637.54391
1569337637.79392
1569337638.04393
1569337638.29394
1569337638.54396
1569337638.79397
1569337639.04398
1569337639.29399
1569337639.544
1569337639.79401
1569337640.04403
1569337640.29404
1569337640.54405
1569337640.79406
1569337641.04407
1569337641.29408
1569337641.54409
1569337641.79411
1569337642.04412
1569337642.29413
1569337642.54414
1569337642.79415
1569337643.04416
1569337643.29418
1569337643.54419
1569337643.7942
1569337644.04421
1569337644.29422
1569337644.54423
1569337644.79425
1569337645.04426
1569337645.29427
1569337645.54428
1569337645.79429
1569337646.0443
1569337646.29431
1569337646.54433
1569337646.79434
1569337647.04435
1569337647.29436
1569337647.54437
1569337647.79438
1569337648.0444
1569337648.29441
1569337648.54442
1569337648.79443
1569337649.04444
1569337649.29445
1569337649.54447
1569337649.79448
1569337650.04449
1569337650.2945
1569337650.54451
1569337650.79452
1569337651.04453
1569337651.29455
1569337651.54456
1569337651.79457
1569337652.04458
1569337652.29459
1569337652.5446
1569337652.79462
1569337653.04463
1569337653.29464
1569337653.54465
1569337653.79466
1569337654.04467
1569337654.29468
1569337654.5447
1569337654.79471
1569337655.04472
1569337655.29473
1569337655.54474
1569337655.79475
1569337656.04477
1569337656.29478
1569337656.54479
1569337656.7948
1569337657.04481
1569337657.29482
1569337657.54484
1569337657.79485
1569337658.04486
1569337658.29487
1569337658.54488
1569337658.79489
1569337659.0449
1569337659.29492
1569337659.54493
1569337659.79494
1569337660.04495
1569337660.29496
1569337660.54497
1569337660.79499
1569337661.045
1569337661.29501
1569337661.54502
1569337661.79503
1569337662.04504
1569337662.29506
1569337662.54507
1569337662.79508
1569337663.04509
1569337663.2951
1569337663.54511
1569337663.79512
1569337664.04514
1569337664.29515
1569337664.54516
1569337664.79517
1569337665.04518
1569337665.29519
1569337665.54521
1569337665.79522
1569337666.04523
1569337666.29524
1569337666.54525
1569337666.79526
1569337667.04528
1569337667.29529
1569337667.5453
1569337667.79531
1569337668.04532
1569337668.29533
1569337668.54534
1569337668.79536
1569337669.04537
1569337669.29538
1569337669.54539
1569337669.7954
1569337670.04541
1569337670.29543
1569337670.54544
1569337670.79545
1569337671.04546
1569337671.29547
1569337671.54548
1569337671.7955
1569337672.04551
1569337672.29552
1569337672.54553
1569337672.79554
1569337673.04555
1569337673.29556
1569337673.54558
1569337673.79559
1569337674.0456
1569337674.29561
1569337674.54562
1569337674.79563
1569337675.04565
1569337675.29566
1569337675.54567
1569337675.79568
1569337676.04569
1569337676.2957
1569337676.54572
1569337676.79573
1569337677.04574
1569337677.29575
1569337677.54576
1569337677.79577
1569337678.04578
1569337678.2958
1569337678.54581
1569337678.79582
1569337679.04583
1569337679.29584
1569337679.54585
1569337679.79587
1569337680.04588
1569337680.29589
1569337680.5459
1569337680.79591
1569337681.04592
1569337681.29594
1569337681.54595
1569337681.79596
1569337682.04597
1569337682.29598
1569337682.54599
1569337682.796
1569337683.04602
1569337683.29603
1569337683.54604
1569337683.79605
1569337684.04606
1569337684.29607
1569337684.54609
1569337684.7961
1569337685.04611
1569337685.29612
1569337685.54613
1569337685.79614
1569337686.04615
1569337686.29617
1569337686.54618
1569337686.79619
1569337687.0462
1569337687.29621
1569337687.54622
1569337687.79624
1569337688.04625
1569337688.29626
1569337688.54627
1569337688.79628
1569337689.04629
1569337689.29631
1569337689.54632
1569337689.79633
1569337690.04634
1569337690.29635
1569337690.54636
1569337690.79637
1569337691.04639
1569337691.2964
1569337691.54641
1569337691.79642
1569337692.04643
1569337692.29644
1569337692.54646
1569337692.79647
1569337693.04648
1569337693.29649
1569337693.5465
1569337693.79651
1569337694.04653
1569337694.29654
1569337694.54655
1569337694.79656
1569337695.04657
1569337695.29658
1569337695.54659
1569337695.79661
1569337696.04662
1569337696.29663
1569337696.54664
1569337696.79665
1569337697.04666
1569337697.29668
1569337697.54669
1569337697.7967
1569337698.04671
1569337698.29672
1569337698.54673
1569337698.79675
1569337699.04676
1569337699.29677
1569337699.54678
1569337699.79679
1569337700.0468
1569337700.29681
1569337700.54683
1569337700.79684
1569337701.04685
1569337701.29686
1569337701.54687
1569337701.79688
1569337702.0469
1569337702.29691
1569337702.54692
1569337702.79693
1569337703.04694
1569337703.29695
1569337703.54697
1569337703.79698
1569337704.04699
1569337704.297
1569337704.54701
1569337704.79702
1569337705.04703
1569337705.29705
1569337705.54706
1569337705.79707
1569337706.04708
1569337706.29709
1569337706.5471
1569337706.79712
1569337707.04713
1569337707.29714
1569337707.54715
1569337707.79716
1569337708.04717
1569337708.29719
1569337708.5472
1569337708.79721
1569337709.04722
1569337709.29723
1569337709.54724
1569337709.79725
1569337710.04727
1569337710.29728
1569337710.54729
1569337710.7973
1569337711.04731
1569337711.29732
1569337711.54734
1569337711.79735
1569337712.04736
1569337712.29737
1569337712.54738
1569337712.79739
1569337713.04741
1569337713.29742
1569337713.54743
1569337713.79744
1569337714.04745
1569337714.29746
1569337714.54747
1569337714.79749
1569337715.0475
1569337715.29751
1569337715.54752
1569337715.79753
1569337716.04754
1569337716.29756
1569337716.54757
1569337716.79758
1569337717.04759
1569337717.2976
1569337717.54761
1569337717.79763
1569337718.04764
1569337718.29765
1569337718.54766
1569337718.79767
1569337719.04768
1569337719.29769
1569337719.54771
1569337719.79772
1569337720.04773
1569337720.29774
1569337720.54775
1569337720.79776
1569337721.04778
1569337721.29779
1569337721.5478
1569337721.79781
1569337722.04782
1569337722.29783
1569337722.54784
1569337722.79786
1569337723.04787
1569337723.29788
1569337723.54789
1569337723.7979
1569337724.04791
1569337724.29793
1569337724.54794
1569337724.79795
1569337725.04796
1569337725.29797
1569337725.54798
1569337725.798
1569337726.04801
1569337726.29802
1569337726.54803
1569337726.79804
1569337727.04805
1569337727.29806
1569337727.54808
1569337727.79809
1569337728.0481
1569337728.29811
1569337728.54812
1569337728.79813
1569337729.04815
1569337729.29816
1569337729.54817
1569337729.79818
1569337730.04819
1569337730.2982
1569337730.54822
1569337730.79823
1569337731.04824
1569337731.29825
1569337731.54826
1569337731.79827
1569337732.04828
1569337732.2983
1569337732.54831
1569337732.79832
1569337733.04833
1569337733.29834
1569337733.54835
1569337733.79837
1569337734.04838
1569337734.29839
1569337734.5484
1569337734.79841
1569337735.04842
1569337735.29844
1569337735.54845
1569337735.79846
1569337736.04847
1569337736.29848
1569337736.54849
1569337736.7985
1569337737.04852
1569337737.29853
1569337737.54854
1569337737.79855
1569337738.04856
1569337738.29857
1569337738.54859
1569337738.7986
1569337739.04861
1569337739.29862
1569337739.54863
1569337739.79864
1569337740.04866
1569337740.29867
1569337740.54868
1569337740.79869
1569337741.0487
1569337741.29871
1569337741.54872
1569337741.79874
1569337742.04875
1569337742.29876
1569337742.54877
1569337742.79878
1569337743.04879
1569337743.29881
1569337743.54882
1569337743.79883
1569337744.04884
1569337744.29885
1569337744.54886
1569337744.79888
1569337745.04889
1569337745.2989
1569337745.54891
1569337745.79892
1569337746.04893
1569337746.29894
1569337746.54896
1569337746.79897
1569337747.04898
1569337747.29899
1569337747.549
1569337747.79901
1569337748.04903
1569337748.29904
1569337748.54905
1569337748.79906
1569337749.04907
1569337749.29908
1569337749.54909
1569337749.79911
1569337750.04912
1569337750.29913
1569337750.54914
1569337750.79915
1569337751.04916
1569337751.29918
1569337751.54919
1569337751.7992
1569337752.04921
1569337752.29922
1569337752.54923
1569337752.79925
1569337753.04926
1569337753.29927
1569337753.54928
1569337753.79929
1569337754.0493
1569337754.29931
1569337754.54933
1569337754.79934
1569337755.04935
1569337755.29936
1569337755.54937
1569337755.79938
1569337756.0494
1569337756.29941
1569337756.54942
1569337756.79943
1569337757.04944
1569337757.29945
1569337757.54947
1569337757.79948
1569337758.04949
1569337758.2995
1569337758.54951
1569337758.79952
1569337759.04953
1569337759.29955
1569337759.54956
1569337759.79957
1569337760.04958
1569337760.29959
1569337760.5496
1569337760.79962
1569337761.04963
1569337761.29964
1569337761.54965
1569337761.79966
1569337762.04967
1569337762.29969
1569337762.5497
1569337762.79971
1569337763.04972
1569337763.29973
1569337763.54974
1569337763.79975
1569337764.04977
1569337764.29978
1569337764.54979
1569337764.7998
1569337765.04981
1569337765.29982
1569337765.54984
1569337765.79985
1569337766.04986
1569337766.29987
1569337766.54988
1569337766.79989
1569337767.04991
1569337767.29992
1569337767.54993
1569337767.79994
1569337768.04995
1569337768.29996
1569337768.54997
1569337768.79999
1569337769.05
1569337769.30001
1569337769.55002
1569337769.80003
1569337770.05004
1569337770.30006
1569337770.55007
1569337770.80008
1569337771.05009
1569337771.3001
1569337771.55011
1569337771.80013
1569337772.05014
1569337772.30015
1569337772.55016
1569337772.80017
1569337773.05018
1569337773.30019
1569337773.55021
1569337773.80022
1569337774.05023
1569337774.30024
1569337774.55025
1569337774.80026
1569337775.05028
1569337775.30029
1569337775.5503
1569337775.80031
1569337776.05032
1569337776.30033
1569337776.55034
1569337776.80036
1569337777.05037
1569337777.30038
1569337777.55039
1569337777.8004
1569337778.05041
1569337778.30043
1569337778.55044
1569337778.80045
1569337779.05046
1569337779.30047
1569337779.55048
1569337779.8005
1569337780.05051
1569337780.30052
1569337780.55053
1569337780.80054
1569337781.05055
1569337781.30057
1569337781.55058
1569337781.80059
1569337782.0506
1569337782.30061
1569337782.55062
1569337782.80063
1569337783.05065
1569337783.30066
1569337783.55067
1569337783.80068
1569337784.05069
1569337784.3007
1569337784.55072
1569337784.80073
1569337785.05074
1569337785.30075
1569337785.55076
1569337785.80077
1569337786.05078
1569337786.3008
1569337786.55081
1569337786.80082
1569337787.05083
1569337787.30084
1569337787.55085
1569337787.80087
1569337788.05088
1569337788.30089
1569337788.5509
1569337788.80091
1569337789.05092
1569337789.30094
1569337789.55095
1569337789.80096
1569337790.05097
1569337790.30098
1569337790.55099
1569337790.801
1569337791.05102
1569337791.30103
1569337791.55104
1569337791.80105
1569337792.05106
1569337792.30107
1569337792.55109
1569337792.8011
1569337793.05111
1569337793.30112
1569337793.55113
1569337793.80114
1569337794.05116
1569337794.30117
1569337794.55118
1569337794.80119
1569337795.0512
1569337795.30121
1569337795.55122
1569337795.80124
1569337796.05125
1569337796.30126
1569337796.55127
1569337796.80128
1569337797.05129
1569337797.30131
1569337797.55132
1569337797.80133
1569337798.05134
1569337798.30135
1569337798.55136
1569337798.80138
1569337799.05139
1569337799.3014
1569337799.55141
1569337799.80142
1569337800.05143
1569337800.30144
1569337800.55146
1569337800.80147
1569337801.05148
1569337801.30149
1569337801.5515
1569337801.80151
1569337802.05153
1569337802.30154
1569337802.55155
1569337802.80156
1569337803.05157
1569337803.30158
1569337803.5516
1569337803.80161
1569337804.05162
1569337804.30163
1569337804.55164
1569337804.80165
1569337805.05166
1569337805.30168
1569337805.55169
1569337805.8017
1569337806.05171
1569337806.30172
1569337806.55173
1569337806.80175
1569337807.05176
1569337807.30177
1569337807.55178
1569337807.80179
1569337808.0518
1569337808.30182
1569337808.55183
1569337808.80184
1569337809.05185
1569337809.30186
1569337809.55187
1569337809.80188
1569337810.0519
1569337810.30191
1569337810.55192
1569337810.80193
1569337811.05194
1569337811.30195
1569337811.55197
1569337811.80198
1569337812.05199
1569337812.302
1569337812.55201
1569337812.80202
1569337813.05203
1569337813.30205
1569337813.55206
1569337813.80207
1569337814.05208
1569337814.30209
1569337814.5521
1569337814.80212
1569337815.05213
1569337815.30214
1569337815.55215
1569337815.80216
1569337816.05217
1569337816.30219
1569337816.5522
1569337816.80221
1569337817.05222
1569337817.30223
1569337817.55224
1569337817.80225
1569337818.05227
1569337818.30228
1569337818.55229
1569337818.8023
1569337819.05231
1569337819.30232
1569337819.55234
1569337819.80235
1569337820.05236
1569337820.30237
1569337820.55238
1569337820.80239
1569337821.05241
1569337821.30242
1569337821.55243
1569337821.80244
1569337822.05245
1569337822.30246
1569337822.55247
1569337822.80249
1569337823.0525
1569337823.30251
1569337823.55252
1569337823.80253
1569337824.05254
1569337824.30256
1569337824.55257
1569337824.80258
1569337825.05259
1569337825.3026
1569337825.55261
1569337825.80263
1569337826.05264
1569337826.30265
1569337826.55266
1569337826.80267
1569337827.05268
1569337827.30269
1569337827.55271
1569337827.80272
1569337828.05273
1569337828.30274
1569337828.55275
1569337828.80276
1569337829.05278
1569337829.30279
1569337829.5528
1569337829.80281
1569337830.05282
1569337830.30283
1569337830.55285
1569337830.80286
1569337831.05287
1569337831.30288
1569337831.55289
1569337831.8029
1569337832.05291
1569337832.30293
1569337832.55294
1569337832.80295
1569337833.05296
1569337833.30297
1569337833.55298
1569337833.803
1569337834.05301
1569337834.30302
1569337834.55303
1569337834.80304
1569337835.05305
1569337835.30307
1569337835.55308
1569337835.80309
1569337836.0531
1569337836.30311
1569337836.55312
1569337836.80313
1569337837.05315
1569337837.30316
1569337837.55317
1569337837.80318
1569337838.05319
1569337838.3032
1569337838.55322
1569337838.80323
1569337839.05324
1569337839.30325
1569337839.55326
1569337839.80327
1569337840.05329
1569337840.3033
1569337840.55331
1569337840.80332
1569337841.05333
1569337841.30334
1569337841.55335
1569337841.80337
1569337842.05338
1569337842.30339
1569337842.5534
1569337842.80341
1569337843.05342
1569337843.30344
1569337843.55345
1569337843.80346
1569337844.05347
1569337844.30348
1569337844.55349
1569337844.8035
1569337845.05352
1569337845.30353
1569337845.55354
1569337845.80355
1569337846.05356
1569337846.30357
1569337846.55359
1569337846.8036
1569337847.05361
1569337847.30362
1569337847.55363
1569337847.80364
1569337848.05366
1569337848.30367
1569337848.55368
1569337848.80369
1569337849.0537
1569337849.30371
1569337849.55372
1569337849.80374
1569337850.05375
1569337850.30376
1569337850.55377
1569337850.80378
1569337851.05379
1569337851.30381
1569337851.55382
1569337851.80383
1569337852.05384
1569337852.30385
1569337852.55386
1569337852.80388
1569337853.05389
1569337853.3039
1569337853.55391
1569337853.80392
1569337854.05393
1569337854.30394
1569337854.55396
1569337854.80397
1569337855.05398
1569337855.30399
1569337855.554
1569337855.80401
1569337856.05403
1569337856.30404
1569337856.55405
1569337856.80406
1569337857.05407
1569337857.30408
1569337857.5541
1569337857.80411
1569337858.05412
1569337858.30413
1569337858.55414
1569337858.80415
1569337859.05416
1569337859.30418
1569337859.55419
1569337859.8042
1569337860.05421
1569337860.30422
1569337860.55423
1569337860.80425
1569337861.05426
1569337861.30427
1569337861.55428
1569337861.80429
1569337862.0543
1569337862.30432
1569337862.55433
1569337862.80434
1569337863.05435
1569337863.30436
1569337863.55437
1569337863.80438
1569337864.0544
1569337864.30441
1569337864.55442
1569337864.80443
1569337865.05444
1569337865.30445
1569337865.55447
1569337865.80448
1569337866.05449
1569337866.3045
1569337866.55451
1569337866.80452
1569337867.05454
1569337867.30455
1569337867.55456
1569337867.80457
1569337868.05458
1569337868.30459
1569337868.5546
1569337868.80462
1569337869.05463
1569337869.30464
1569337869.55465
1569337869.80466
1569337870.05467
1569337870.30469
1569337870.5547
1569337870.80471
1569337871.05472
1569337871.30473
1569337871.55474
1569337871.80475
1569337872.05477
1569337872.30478
1569337872.55479
1569337872.8048
1569337873.05481
1569337873.30482
1569337873.55484
1569337873.80485
1569337874.05486
1569337874.30487
1569337874.55488
1569337874.80489
1569337875.05491
1569337875.30492
1569337875.55493
1569337875.80494
1569337876.05495
1569337876.30496
1569337876.55498
1569337876.80499
1569337877.055
1569337877.30501
1569337877.55502
1569337877.80503
1569337878.05504
