1569338530.33524
1569338530.58525
1569338530.83527
1569338531.08528
1569338531.33529
1569338531.5853
1569338531.83531
1569338532.08532
1569338532.33534
1569338532.58535
1569338532.83536
1569338533.08537
1569338533.33538
1569338533.58539
1569338533.8354
1569338534.08542
1569338534.33543
1569338534.58544
1569338534.83545
1569338535.08546
1569338535.33547
1569338535.58549
1569338535.8355
1569338536.08551
1569338536.33552
1569338536.58553
1569338536.83554
1569338537.08556
1569338537.33557
1569338537.58558
1569338537.83559
1569338538.0856
1569338538.33561
1569338538.58562
1569338538.83564
1569338539.08565
1569338539.33566
1569338539.58567
1569338539.83568
1569338540.08569
1569338540.33571
1569338540.58572
1569338540.83573
1569338541.08574
1569338541.33575
1569338541.58576
1569338541.83578
1569338542.08579
1569338542.3358
1569338542.58581
1569338542.83582
1569338543.08583
1569338543.33584
1569338543.58586
1569338543.83587
1569338544.08588
1569338544.33589
1569338544.5859
1569338544.83591
1569338545.08593
1569338545.33594
1569338545.58595
1569338545.83596
1569338546.08597
1569338546.33598
1569338546.586
1569338546.83601
1569338547.08602
1569338547.33603
1569338547.58604
1569338547.83605
1569338548.08606
1569338548.33608
1569338548.58609
1569338548.8361
1569338549.08611
1569338549.33612
1569338549.58613
1569338549.83615
1569338550.08616
1569338550.33617
1569338550.58618
1569338550.83619
1569338551.0862
1569338551.33622
1569338551.58623
1569338551.83624
1569338552.08625
1569338552.33626
1569338552.58627
1569338552.83628
1569338553.0863
1569338553.33631
1569338553.58632
1569338553.83633
1569338554.08634
1569338554.33635
1569338554.58637
1569338554.83638
1569338555.08639
1569338555.3364
1569338555.58641
1569338555.83642
1569338556.08644
1569338556.33645
1569338556.58646
1569338556.83647
1569338557.08648
1569338557.33649
1569338557.5865
1569338557.83652
1569338558.08653
1569338558.33654
1569338558.58655
1569338558.83656
1569338559.08657
1569338559.33659
1569338559.5866
1569338559.83661
1569338560.08662
1569338560.33663
1569338560.58664
1569338560.83666
1569338561.08667
1569338561.33668
1569338561.58669
1569338561.8367
1569338562.08671
1569338562.33672
1569338562.58674
1569338562.83675
1569338563.08676
1569338563.33677
1569338563.58678
1569338563.83679
1569338564.08681
1569338564.33682
1569338564.58683
1569338564.83684
1569338565.08685
1569338565.33686
1569338565.58687
1569338565.83689
1569338566.0869
1569338566.33691
1569338566.58692
1569338566.83693
1569338567.08694
1569338567.33696
1569338567.58697
1569338567.83698
1569338568.08699
1569338568.337
1569338568.58701
1569338568.83703
1569338569.08704
1569338569.33705
1569338569.58706
1569338569.83707
1569338570.08708
1569338570.33709
1569338570.58711
1569338570.83712
1569338571.08713
1569338571.33714
1569338571.58715
1569338571.83716
1569338572.08718
1569338572.33719
1569338572.5872
1569338572.83721
1569338573.08722
1569338573.33723
1569338573.58725
1569338573.83726
1569338574.08727
1569338574.33728
1569338574.58729
1569338574.8373
1569338575.08731
1569338575.33733
1569338575.58734
1569338575.83735
1569338576.08736
1569338576.33737
1569338576.58738
1569338576.8374
1569338577.08741
1569338577.33742
1569338577.58743
1569338577.83744
1569338578.08745
1569338578.33747
1569338578.58748
1569338578.83749
1569338579.0875
1569338579.33751
1569338579.58752
1569338579.83753
1569338580.08755
1569338580.33756
1569338580.58757
1569338580.83758
1569338581.08759
1569338581.3376
1569338581.58762
1569338581.83763
1569338582.08764
1569338582.33765
1569338582.58766
1569338582.83767
1569338583.08769
1569338583.3377
1569338583.58771
1569338583.83772
1569338584.08773
1569338584.33774
1569338584.58775
1569338584.83777
1569338585.08778
1569338585.33779
1569338585.5878
1569338585.83781
1569338586.08782
1569338586.33784
1569338586.58785
1569338586.83786
1569338587.08787
1569338587.33788
1569338587.58789
1569338587.83791
1569338588.08792
1569338588.33793
1569338588.58794
1569338588.83795
1569338589.08796
1569338589.33797
1569338589.58799
1569338589.838
1569338590.08801
1569338590.33802
1569338590.58803
1569338590.83804
1569338591.08806
1569338591.33807
1569338591.58808
1569338591.83809
1569338592.0881
1569338592.33811
1569338592.58812
1569338592.83814
1569338593.08815
1569338593.33816
1569338593.58817
1569338593.83818
1569338594.08819
1569338594.33821
1569338594.58822
1569338594.83823
1569338595.08824
1569338595.33825
1569338595.58826
1569338595.83828
1569338596.08829
1569338596.3383
1569338596.58831
1569338596.83832
1569338597.08833
1569338597.33835
1569338597.58836
1569338597.83837
1569338598.08838
1569338598.33839
1569338598.5884
1569338598.83841
1569338599.08843
1569338599.33844
1569338599.58845
1569338599.83846
1569338600.08847
1569338600.33848
1569338600.5885
1569338600.83851
1569338601.08852
1569338601.33853
1569338601.58854
1569338601.83855
1569338602.08856
1569338602.33858
1569338602.58859
1569338602.8386
1569338603.08861
1569338603.33862
1569338603.58863
1569338603.83865
1569338604.08866
1569338604.33867
1569338604.58868
1569338604.83869
1569338605.0887
1569338605.33872
1569338605.58873
1569338605.83874
1569338606.08875
1569338606.33876
1569338606.58877
1569338606.83878
1569338607.0888
1569338607.33881
1569338607.58882
1569338607.83883
1569338608.08884
1569338608.33885
1569338608.58887
1569338608.83888
1569338609.08889
1569338609.3389
1569338609.58891
1569338609.83892
1569338610.08894
1569338610.33895
1569338610.58896
1569338610.83897
1569338611.08898
1569338611.33899
1569338611.589
1569338611.83902
1569338612.08903
1569338612.33904
1569338612.58905
1569338612.83906
1569338613.08907
1569338613.33909
1569338613.5891
1569338613.83911
1569338614.08912
1569338614.33913
1569338614.58914
1569338614.83916
1569338615.08917
1569338615.33918
1569338615.58919
1569338615.8392
1569338616.08921
1569338616.33922
1569338616.58924
1569338616.83925
1569338617.08926
1569338617.33927
1569338617.58928
1569338617.83929
1569338618.08931
1569338618.33932
1569338618.58933
1569338618.83934
1569338619.08935
1569338619.33936
1569338619.58938
1569338619.83939
1569338620.0894
1569338620.33941
1569338620.58942
1569338620.83943
1569338621.08944
1569338621.33946
1569338621.58947
1569338621.83948
1569338622.08949
1569338622.3395
1569338622.58951
1569338622.83953
1569338623.08954
1569338623.33955
1569338623.58956
1569338623.83957
1569338624.08958
1569338624.3396
1569338624.58961
1569338624.83962
1569338625.08963
1569338625.33964
1569338625.58965
1569338625.83966
1569338626.08968
1569338626.33969
1569338626.5897
1569338626.83971
1569338627.08972
1569338627.33973
1569338627.58975
1569338627.83976
1569338628.08977
1569338628.33978
1569338628.58979
1569338628.8398
1569338629.08981
1569338629.33983
1569338629.58984
1569338629.83985
1569338630.08986
1569338630.33987
1569338630.58988
1569338630.8399
1569338631.08991
1569338631.33992
1569338631.58993
1569338631.83994
1569338632.08995
1569338632.33997
1569338632.58998
1569338632.83999
1569338633.09
1569338633.34001
1569338633.59002
1569338633.84003
1569338634.09005
1569338634.34006
1569338634.59007
1569338634.84008
1569338635.09009
1569338635.3401
1569338635.59012
1569338635.84013
1569338636.09014
1569338636.34015
1569338636.59016
1569338636.84017
1569338637.09019
1569338637.3402
1569338637.59021
1569338637.84022
1569338638.09023
1569338638.34024
1569338638.59025
1569338638.84027
1569338639.09028
1569338639.34029
1569338639.5903
1569338639.84031
1569338640.09032
1569338640.34034
1569338640.59035
1569338640.84036
1569338641.09037
1569338641.34038
1569338641.59039
1569338641.84041
1569338642.09042
1569338642.34043
1569338642.59044
1569338642.84045
1569338643.09046
1569338643.34047
1569338643.59049
1569338643.8405
1569338644.09051
1569338644.34052
1569338644.59053
1569338644.84054
1569338645.09056
1569338645.34057
1569338645.59058
1569338645.84059
1569338646.0906
1569338646.34061
1569338646.59063
1569338646.84064
1569338647.09065
1569338647.34066
1569338647.59067
1569338647.84068
1569338648.09069
1569338648.34071
1569338648.59072
1569338648.84073
1569338649.09074
1569338649.34075
1569338649.59076
1569338649.84078
1569338650.09079
1569338650.3408
1569338650.59081
1569338650.84082
1569338651.09083
1569338651.34085
1569338651.59086
1569338651.84087
1569338652.09088
1569338652.34089
1569338652.5909
1569338652.84091
1569338653.09093
1569338653.34094
1569338653.59095
1569338653.84096
1569338654.09097
1569338654.34098
1569338654.591
1569338654.84101
1569338655.09102
1569338655.34103
1569338655.59104
1569338655.84105
1569338656.09106
1569338656.34108
1569338656.59109
1569338656.8411
1569338657.09111
1569338657.34112
1569338657.59113
1569338657.84115
1569338658.09116
1569338658.34117
1569338658.59118
1569338658.84119
1569338659.0912
1569338659.34122
1569338659.59123
1569338659.84124
1569338660.09125
1569338660.34126
1569338660.59127
1569338660.84128
1569338661.0913
1569338661.34131
1569338661.59132
1569338661.84133
1569338662.09134
1569338662.34135
1569338662.59137
1569338662.84138
1569338663.09139
1569338663.3414
1569338663.59141
1569338663.84142
1569338664.09144
1569338664.34145
1569338664.59146
1569338664.84147
1569338665.09148
1569338665.34149
1569338665.5915
1569338665.84152
1569338666.09153
1569338666.34154
1569338666.59155
1569338666.84156
1569338667.09157
1569338667.34159
1569338667.5916
1569338667.84161
1569338668.09162
1569338668.34163
1569338668.59164
1569338668.84166
1569338669.09167
1569338669.34168
1569338669.59169
1569338669.8417
1569338670.09171
1569338670.34172
1569338670.59174
1569338670.84175
1569338671.09176
1569338671.34177
1569338671.59178
1569338671.84179
1569338672.09181
1569338672.34182
1569338672.59183
1569338672.84184
1569338673.09185
1569338673.34186
1569338673.59188
1569338673.84189
1569338674.0919
1569338674.34191
1569338674.59192
1569338674.84193
1569338675.09194
1569338675.34196
1569338675.59197
1569338675.84198
1569338676.09199
1569338676.342
1569338676.59201
1569338676.84203
1569338677.09204
1569338677.34205
1569338677.59206
1569338677.84207
1569338678.09208
1569338678.3421
1569338678.59211
1569338678.84212
1569338679.09213
1569338679.34214
1569338679.59215
1569338679.84216
1569338680.09218
1569338680.34219
1569338680.5922
1569338680.84221
1569338681.09222
1569338681.34223
1569338681.59225
1569338681.84226
1569338682.09227
1569338682.34228
1569338682.59229
1569338682.8423
1569338683.09232
1569338683.34233
1569338683.59234
1569338683.84235
1569338684.09236
1569338684.34237
1569338684.59238
1569338684.8424
1569338685.09241
1569338685.34242
1569338685.59243
1569338685.84244
1569338686.09245
1569338686.34247
1569338686.59248
1569338686.84249
1569338687.0925
1569338687.34251
1569338687.59252
1569338687.84254
1569338688.09255
1569338688.34256
1569338688.59257
1569338688.84258
1569338689.09259
1569338689.3426
1569338689.59262
1569338689.84263
1569338690.09264
1569338690.34265
1569338690.59266
1569338690.84267
1569338691.09269
1569338691.3427
1569338691.59271
1569338691.84272
1569338692.09273
1569338692.34274
1569338692.59275
1569338692.84277
1569338693.09278
1569338693.34279
1569338693.5928
1569338693.84281
1569338694.09282
1569338694.34284
1569338694.59285
1569338694.84286
1569338695.09287
1569338695.34288
1569338695.59289
1569338695.84291
1569338696.09292
1569338696.34293
1569338696.59294
1569338696.84295
1569338697.09296
1569338697.34297
1569338697.59299
1569338697.843
1569338698.09301
1569338698.34302
1569338698.59303
1569338698.84304
1569338699.09306
1569338699.34307
1569338699.59308
1569338699.84309
1569338700.0931
1569338700.34311
1569338700.59313
1569338700.84314
1569338701.09315
1569338701.34316
1569338701.59317
1569338701.84318
1569338702.09319
1569338702.34321
1569338702.59322
1569338702.84323
1569338703.09324
1569338703.34325
1569338703.59326
1569338703.84328
1569338704.09329
1569338704.3433
1569338704.59331
1569338704.84332
1569338705.09333
1569338705.34335
1569338705.59336
1569338705.84337
1569338706.09338
1569338706.34339
1569338706.5934
1569338706.84341
1569338707.09343
1569338707.34344
1569338707.59345
1569338707.84346
1569338708.09347
1569338708.34348
1569338708.5935
1569338708.84351
1569338709.09352
1569338709.34353
1569338709.59354
1569338709.84355
1569338710.09357
1569338710.34358
1569338710.59359
1569338710.8436
1569338711.09361
1569338711.34362
1569338711.59363
1569338711.84365
1569338712.09366
1569338712.34367
1569338712.59368
1569338712.84369
1569338713.0937
1569338713.34372
1569338713.59373
1569338713.84374
1569338714.09375
1569338714.34376
1569338714.59377
1569338714.84379
1569338715.0938
1569338715.34381
1569338715.59382
1569338715.84383
1569338716.09384
1569338716.34385
1569338716.59387
1569338716.84388
1569338717.09389
1569338717.3439
1569338717.59391
1569338717.84392
1569338718.09394
1569338718.34395
1569338718.59396
1569338718.84397
1569338719.09398
1569338719.34399
1569338719.59401
1569338719.84402
1569338720.09403
1569338720.34404
1569338720.59405
1569338720.84406
1569338721.09407
1569338721.34409
1569338721.5941
1569338721.84411
1569338722.09412
1569338722.34413
1569338722.59414
1569338722.84416
1569338723.09417
1569338723.34418
1569338723.59419
1569338723.8442
1569338724.09421
1569338724.34422
1569338724.59424
1569338724.84425
1569338725.09426
1569338725.34427
1569338725.59428
1569338725.84429
1569338726.09431
1569338726.34432
1569338726.59433
1569338726.84434
1569338727.09435
1569338727.34436
1569338727.59438
1569338727.84439
1569338728.0944
1569338728.34441
1569338728.59442
1569338728.84443
1569338729.09444
1569338729.34446
1569338729.59447
1569338729.84448
1569338730.09449
1569338730.3445
1569338730.59451
1569338730.84453
1569338731.09454
1569338731.34455
1569338731.59456
1569338731.84457
1569338732.09458
1569338732.3446
1569338732.59461
1569338732.84462
1569338733.09463
1569338733.34464
1569338733.59465
1569338733.84466
1569338734.09468
1569338734.34469
1569338734.5947
1569338734.84471
1569338735.09472
1569338735.34473
1569338735.59475
1569338735.84476
1569338736.09477
1569338736.34478
1569338736.59479
1569338736.8448
1569338737.09482
1569338737.34483
1569338737.59484
1569338737.84485
1569338738.09486
1569338738.34487
1569338738.59488
1569338738.8449
1569338739.09491
1569338739.34492
1569338739.59493
1569338739.84494
1569338740.09495
1569338740.34497
1569338740.59498
1569338740.84499
1569338741.095
1569338741.34501
1569338741.59502
1569338741.84504
1569338742.09505
1569338742.34506
1569338742.59507
1569338742.84508
1569338743.09509
1569338743.3451
1569338743.59512
1569338743.84513
1569338744.09514
1569338744.34515
1569338744.59516
1569338744.84517
1569338745.09519
1569338745.3452
1569338745.59521
1569338745.84522
1569338746.09523
1569338746.34524
1569338746.59526
1569338746.84527
1569338747.09528
1569338747.34529
1569338747.5953
1569338747.84531
1569338748.09532
1569338748.34534
1569338748.59535
1569338748.84536
1569338749.09537
1569338749.34538
1569338749.59539
1569338749.84541
1569338750.09542
1569338750.34543
1569338750.59544
1569338750.84545
1569338751.09546
1569338751.34547
1569338751.59549
1569338751.8455
1569338752.09551
1569338752.34552
1569338752.59553
1569338752.84554
1569338753.09556
1569338753.34557
1569338753.59558
1569338753.84559
1569338754.0956
1569338754.34561
1569338754.59563
1569338754.84564
1569338755.09565
1569338755.34566
1569338755.59567
1569338755.84568
1569338756.0957
1569338756.34571
1569338756.59572
1569338756.84573
1569338757.09574
1569338757.34575
1569338757.59576
1569338757.84578
1569338758.09579
1569338758.3458
1569338758.59581
1569338758.84582
1569338759.09583
1569338759.34585
1569338759.59586
1569338759.84587
1569338760.09588
1569338760.34589
1569338760.5959
1569338760.84591
1569338761.09593
1569338761.34594
1569338761.59595
1569338761.84596
1569338762.09597
1569338762.34598
1569338762.596
1569338762.84601
1569338763.09602
1569338763.34603
1569338763.59604
1569338763.84605
1569338764.09607
1569338764.34608
1569338764.59609
1569338764.8461
1569338765.09611
1569338765.34612
1569338765.59613
1569338765.84615
1569338766.09616
1569338766.34617
1569338766.59618
1569338766.84619
1569338767.0962
1569338767.34622
1569338767.59623
1569338767.84624
1569338768.09625
1569338768.34626
1569338768.59627
1569338768.84629
1569338769.0963
1569338769.34631
1569338769.59632
1569338769.84633
1569338770.09634
1569338770.34635
1569338770.59637
1569338770.84638
1569338771.09639
1569338771.3464
1569338771.59641
1569338771.84642
1569338772.09644
1569338772.34645
1569338772.59646
1569338772.84647
1569338773.09648
1569338773.34649
1569338773.59651
1569338773.84652
1569338774.09653
1569338774.34654
1569338774.59655
1569338774.84656
1569338775.09657
1569338775.34659
1569338775.5966
1569338775.84661
1569338776.09662
1569338776.34663
1569338776.59664
1569338776.84666
1569338777.09667
1569338777.34668
1569338777.59669
1569338777.8467
1569338778.09671
1569338778.34672
1569338778.59674
1569338778.84675
1569338779.09676
1569338779.34677
1569338779.59678
1569338779.84679
1569338780.09681
1569338780.34682
1569338780.59683
1569338780.84684
1569338781.09685
1569338781.34686
1569338781.59688
1569338781.84689
1569338782.0969
1569338782.34691
1569338782.59692
1569338782.84693
1569338783.09695
1569338783.34696
1569338783.59697
1569338783.84698
1569338784.09699
1569338784.347
1569338784.59701
1569338784.84703
1569338785.09704
1569338785.34705
1569338785.59706
1569338785.84707
1569338786.09708
1569338786.3471
1569338786.59711
1569338786.84712
1569338787.09713
1569338787.34714
1569338787.59715
1569338787.84716
1569338788.09718
1569338788.34719
1569338788.5972
1569338788.84721
1569338789.09722
1569338789.34723
1569338789.59725
1569338789.84726
1569338790.09727
1569338790.34728
1569338790.59729
1569338790.8473
1569338791.09732
1569338791.34733
1569338791.59734
1569338791.84735
1569338792.09736
1569338792.34737
1569338792.59738
1569338792.8474
1569338793.09741
1569338793.34742
1569338793.59743
1569338793.84744
1569338794.09745
1569338794.34747
1569338794.59748
1569338794.84749
1569338795.0975
1569338795.34751
1569338795.59752
1569338795.84754
1569338796.09755
1569338796.34756
1569338796.59757
1569338796.84758
1569338797.09759
1569338797.3476
1569338797.59762
1569338797.84763
1569338798.09764
1569338798.34765
1569338798.59766
1569338798.84767
1569338799.09769
1569338799.3477
1569338799.59771
1569338799.84772
1569338800.09773
1569338800.34774
1569338800.59776
1569338800.84777
1569338801.09778
1569338801.34779
1569338801.5978
1569338801.84781
1569338802.09782
1569338802.34784
1569338802.59785
1569338802.84786
1569338803.09787
1569338803.34788
1569338803.59789
1569338803.84791
1569338804.09792
1569338804.34793
1569338804.59794
1569338804.84795
1569338805.09796
1569338805.34798
1569338805.59799
1569338805.848
1569338806.09801
1569338806.34802
1569338806.59803
1569338806.84804
1569338807.09806
1569338807.34807
1569338807.59808
1569338807.84809
1569338808.0981
1569338808.34811
1569338808.59813
1569338808.84814
1569338809.09815
1569338809.34816
1569338809.59817
1569338809.84818
1569338810.0982
1569338810.34821
1569338810.59822
1569338810.84823
1569338811.09824
1569338811.34825
1569338811.59826
1569338811.84828
1569338812.09829
1569338812.3483
1569338812.59831
1569338812.84832
1569338813.09833
1569338813.34835
1569338813.59836
1569338813.84837
1569338814.09838
1569338814.34839
1569338814.5984
1569338814.84841
1569338815.09843
1569338815.34844
1569338815.59845
1569338815.84846
1569338816.09847
1569338816.34848
1569338816.5985
1569338816.84851
1569338817.09852
1569338817.34853
1569338817.59854
1569338817.84855
1569338818.09857
1569338818.34858
1569338818.59859
1569338818.8486
1569338819.09861
1569338819.34862
1569338819.59863
1569338819.84865
1569338820.09866
1569338820.34867
1569338820.59868
1569338820.84869
1569338821.0987
1569338821.34872
1569338821.59873
1569338821.84874
1569338822.09875
1569338822.34876
1569338822.59877
1569338822.84879
1569338823.0988
1569338823.34881
1569338823.59882
1569338823.84883
1569338824.09884
1569338824.34885
1569338824.59887
1569338824.84888
1569338825.09889
1569338825.3489
1569338825.59891
1569338825.84892
1569338826.09894
1569338826.34895
1569338826.59896
1569338826.84897
1569338827.09898
1569338827.34899
1569338827.59901
1569338827.84902
1569338828.09903
1569338828.34904
1569338828.59905
1569338828.84906
1569338829.09907
1569338829.34909
1569338829.5991
1569338829.84911
1569338830.09912
