1569335503.1951
1569335503.44511
1569335503.69512
1569335503.94513
1569335504.19514
1569335504.44515
1569335504.69517
1569335504.94518
1569335505.19519
1569335505.4452
1569335505.69521
1569335505.94522
1569335506.19523
1569335506.44525
1569335506.69526
1569335506.94527
1569335507.19528
1569335507.44529
1569335507.6953
1569335507.94532
1569335508.19533
1569335508.44534
1569335508.69535
1569335508.94536
1569335509.19537
1569335509.44539
1569335509.6954
1569335509.94541
1569335510.19542
1569335510.44543
1569335510.69544
1569335510.94545
1569335511.19547
1569335511.44548
1569335511.69549
1569335511.9455
1569335512.19551
1569335512.44552
1569335512.69554
1569335512.94555
1569335513.19556
1569335513.44557
1569335513.69558
1569335513.94559
1569335514.19561
1569335514.44562
1569335514.69563
1569335514.94564
1569335515.19565
1569335515.44566
1569335515.69567
1569335515.94569
1569335516.1957
1569335516.44571
1569335516.69572
1569335516.94573
1569335517.19574
1569335517.44576
1569335517.69577
1569335517.94578
1569335518.19579
1569335518.4458
1569335518.69581
1569335518.94583
1569335519.19584
1569335519.44585
1569335519.69586
1569335519.94587
1569335520.19588
1569335520.44589
1569335520.69591
1569335520.94592
1569335521.19593
1569335521.44594
1569335521.69595
1569335521.94596
1569335522.19598
1569335522.44599
1569335522.696
1569335522.94601
1569335523.19602
1569335523.44603
1569335523.69604
1569335523.94606
1569335524.19607
1569335524.44608
1569335524.69609
1569335524.9461
1569335525.19611
1569335525.44613
1569335525.69614
1569335525.94615
1569335526.19616
1569335526.44617
1569335526.69618
1569335526.9462
1569335527.19621
1569335527.44622
1569335527.69623
1569335527.94624
1569335528.19625
1569335528.44626
1569335528.69628
1569335528.94629
1569335529.1963
1569335529.44631
1569335529.69632
1569335529.94633
1569335530.19635
1569335530.44636
1569335530.69637
1569335530.94638
1569335531.19639
1569335531.4464
1569335531.69642
1569335531.94643
1569335532.19644
1569335532.44645
1569335532.69646
1569335532.94647
1569335533.19648
1569335533.4465
1569335533.69651
1569335533.94652
1569335534.19653
1569335534.44654
1569335534.69655
1569335534.94657
1569335535.19658
1569335535.44659
1569335535.6966
1569335535.94661
1569335536.19662
1569335536.44664
1569335536.69665
1569335536.94666
1569335537.19667
1569335537.44668
1569335537.69669
1569335537.9467
1569335538.19672
1569335538.44673
1569335538.69674
1569335538.94675
1569335539.19676
1569335539.44677
1569335539.69679
1569335539.9468
1569335540.19681
1569335540.44682
1569335540.69683
1569335540.94684
1569335541.19686
1569335541.44687
1569335541.69688
1569335541.94689
1569335542.1969
1569335542.44691
1569335542.69692
1569335542.94694
1569335543.19695
1569335543.44696
1569335543.69697
1569335543.94698
1569335544.19699
1569335544.44701
1569335544.69702
1569335544.94703
1569335545.19704
1569335545.44705
1569335545.69706
1569335545.94708
1569335546.19709
1569335546.4471
1569335546.69711
1569335546.94712
1569335547.19713
1569335547.44714
1569335547.69716
1569335547.94717
1569335548.19718
1569335548.44719
1569335548.6972
1569335548.94721
1569335549.19723
1569335549.44724
1569335549.69725
1569335549.94726
1569335550.19727
1569335550.44728
1569335550.69729
1569335550.94731
1569335551.19732
1569335551.44733
1569335551.69734
1569335551.94735
1569335552.19736
1569335552.44738
1569335552.69739
1569335552.9474
1569335553.19741
1569335553.44742
1569335553.69743
1569335553.94745
1569335554.19746
1569335554.44747
1569335554.69748
1569335554.94749
1569335555.1975
1569335555.44752
1569335555.69753
1569335555.94754
1569335556.19755
1569335556.44756
1569335556.69757
1569335556.94758
1569335557.1976
1569335557.44761
1569335557.69762
1569335557.94763
1569335558.19764
1569335558.44765
1569335558.69767
1569335558.94768
1569335559.19769
1569335559.4477
1569335559.69771
1569335559.94772
1569335560.19773
1569335560.44775
1569335560.69776
1569335560.94777
1569335561.19778
1569335561.44779
1569335561.6978
1569335561.94782
1569335562.19783
1569335562.44784
1569335562.69785
1569335562.94786
1569335563.19787
1569335563.44789
1569335563.6979
1569335563.94791
1569335564.19792
1569335564.44793
1569335564.69794
1569335564.94795
1569335565.19797
1569335565.44798
1569335565.69799
1569335565.948
1569335566.19801
1569335566.44802
1569335566.69804
1569335566.94805
1569335567.19806
1569335567.44807
1569335567.69808
1569335567.94809
1569335568.19811
1569335568.44812
1569335568.69813
1569335568.94814
1569335569.19815
1569335569.44816
1569335569.69817
1569335569.94819
1569335570.1982
1569335570.44821
1569335570.69822
1569335570.94823
1569335571.19824
1569335571.44826
1569335571.69827
1569335571.94828
1569335572.19829
1569335572.4483
1569335572.69831
1569335572.94833
1569335573.19834
1569335573.44835
1569335573.69836
1569335573.94837
1569335574.19838
1569335574.44839
1569335574.69841
1569335574.94842
1569335575.19843
1569335575.44844
1569335575.69845
1569335575.94846
1569335576.19848
1569335576.44849
1569335576.6985
1569335576.94851
1569335577.19852
1569335577.44853
1569335577.69854
1569335577.94856
1569335578.19857
1569335578.44858
1569335578.69859
1569335578.9486
1569335579.19861
1569335579.44863
1569335579.69864
1569335579.94865
1569335580.19866
1569335580.44867
1569335580.69868
1569335580.9487
1569335581.19871
1569335581.44872
1569335581.69873
1569335581.94874
1569335582.19875
1569335582.44877
1569335582.69878
1569335582.94879
1569335583.1988
1569335583.44881
1569335583.69882
1569335583.94883
1569335584.19885
1569335584.44886
1569335584.69887
1569335584.94888
1569335585.19889
1569335585.4489
1569335585.69892
1569335585.94893
1569335586.19894
1569335586.44895
1569335586.69896
1569335586.94897
1569335587.19898
1569335587.449
1569335587.69901
1569335587.94902
1569335588.19903
1569335588.44904
1569335588.69905
1569335588.94907
1569335589.19908
1569335589.44909
1569335589.6991
1569335589.94911
1569335590.19912
1569335590.44914
1569335590.69915
1569335590.94916
1569335591.19917
1569335591.44918
1569335591.69919
1569335591.9492
1569335592.19922
1569335592.44923
1569335592.69924
1569335592.94925
1569335593.19926
1569335593.44927
1569335593.69929
1569335593.9493
1569335594.19931
1569335594.44932
1569335594.69933
1569335594.94934
1569335595.19936
1569335595.44937
1569335595.69938
1569335595.94939
1569335596.1994
1569335596.44941
1569335596.69942
1569335596.94944
1569335597.19945
1569335597.44946
1569335597.69947
1569335597.94948
1569335598.19949
1569335598.44951
1569335598.69952
1569335598.94953
1569335599.19954
1569335599.44955
1569335599.69956
1569335599.94958
1569335600.19959
1569335600.4496
1569335600.69961
1569335600.94962
1569335601.19963
1569335601.44964
1569335601.69966
1569335601.94967
1569335602.19968
1569335602.44969
1569335602.6997
1569335602.94971
1569335603.19973
1569335603.44974
1569335603.69975
1569335603.94976
1569335604.19977
1569335604.44978
1569335604.6998
1569335604.94981
1569335605.19982
1569335605.44983
1569335605.69984
1569335605.94985
1569335606.19986
1569335606.44988
1569335606.69989
1569335606.9499
1569335607.19991
1569335607.44992
1569335607.69993
1569335607.94995
1569335608.19996
1569335608.44997
1569335608.69998
1569335608.94999
1569335609.2
1569335609.45002
1569335609.70003
1569335609.95004
1569335610.20005
1569335610.45006
1569335610.70007
1569335610.95008
1569335611.2001
1569335611.45011
1569335611.70012
1569335611.95013
1569335612.20014
1569335612.45015
1569335612.70017
1569335612.95018
1569335613.20019
1569335613.4502
1569335613.70021
1569335613.95022
1569335614.20023
1569335614.45025
1569335614.70026
1569335614.95027
1569335615.20028
1569335615.45029
1569335615.7003
1569335615.95032
1569335616.20033
1569335616.45034
1569335616.70035
1569335616.95036
1569335617.20037
1569335617.45039
1569335617.7004
1569335617.95041
1569335618.20042
1569335618.45043
1569335618.70044
1569335618.95045
1569335619.20047
1569335619.45048
1569335619.70049
1569335619.9505
1569335620.20051
1569335620.45052
1569335620.70054
1569335620.95055
1569335621.20056
1569335621.45057
1569335621.70058
1569335621.95059
1569335622.20061
1569335622.45062
1569335622.70063
1569335622.95064
1569335623.20065
1569335623.45066
1569335623.70067
1569335623.95069
1569335624.2007
1569335624.45071
1569335624.70072
1569335624.95073
1569335625.20074
1569335625.45076
1569335625.70077
1569335625.95078
1569335626.20079
1569335626.4508
1569335626.70081
1569335626.95083
1569335627.20084
1569335627.45085
1569335627.70086
1569335627.95087
1569335628.20088
1569335628.45089
1569335628.70091
1569335628.95092
1569335629.20093
1569335629.45094
1569335629.70095
1569335629.95096
1569335630.20098
1569335630.45099
1569335630.701
1569335630.95101
1569335631.20102
1569335631.45103
1569335631.70105
1569335631.95106
1569335632.20107
1569335632.45108
1569335632.70109
1569335632.9511
1569335633.20111
1569335633.45113
1569335633.70114
1569335633.95115
1569335634.20116
1569335634.45117
1569335634.70118
1569335634.9512
1569335635.20121
1569335635.45122
1569335635.70123
1569335635.95124
1569335636.20125
1569335636.45127
1569335636.70128
1569335636.95129
1569335637.2013
1569335637.45131
1569335637.70132
1569335637.95133
1569335638.20135
1569335638.45136
1569335638.70137
1569335638.95138
1569335639.20139
1569335639.4514
1569335639.70142
1569335639.95143
1569335640.20144
1569335640.45145
1569335640.70146
1569335640.95147
1569335641.20149
1569335641.4515
1569335641.70151
1569335641.95152
1569335642.20153
1569335642.45154
1569335642.70155
1569335642.95157
1569335643.20158
1569335643.45159
1569335643.7016
1569335643.95161
1569335644.20162
1569335644.45164
1569335644.70165
1569335644.95166
1569335645.20167
1569335645.45168
1569335645.70169
1569335645.9517
1569335646.20172
1569335646.45173
1569335646.70174
1569335646.95175
1569335647.20176
1569335647.45177
1569335647.70179
1569335647.9518
1569335648.20181
1569335648.45182
1569335648.70183
1569335648.95184
1569335649.20186
1569335649.45187
1569335649.70188
1569335649.95189
1569335650.2019
1569335650.45191
1569335650.70192
1569335650.95194
1569335651.20195
1569335651.45196
1569335651.70197
1569335651.95198
1569335652.20199
1569335652.45201
1569335652.70202
1569335652.95203
1569335653.20204
1569335653.45205
1569335653.70206
1569335653.95208
1569335654.20209
1569335654.4521
1569335654.70211
1569335654.95212
1569335655.20213
1569335655.45214
1569335655.70216
1569335655.95217
1569335656.20218
1569335656.45219
1569335656.7022
1569335656.95221
1569335657.20223
1569335657.45224
1569335657.70225
1569335657.95226
1569335658.20227
1569335658.45228
1569335658.7023
1569335658.95231
1569335659.20232
1569335659.45233
1569335659.70234
1569335659.95235
1569335660.20236
1569335660.45238
1569335660.70239
1569335660.9524
1569335661.20241
1569335661.45242
1569335661.70243
1569335661.95245
1569335662.20246
1569335662.45247
1569335662.70248
1569335662.95249
1569335663.2025
1569335663.45252
1569335663.70253
1569335663.95254
1569335664.20255
1569335664.45256
1569335664.70257
1569335664.95258
1569335665.2026
1569335665.45261
1569335665.70262
1569335665.95263
1569335666.20264
1569335666.45265
1569335666.70267
1569335666.95268
1569335667.20269
1569335667.4527
1569335667.70271
1569335667.95272
1569335668.20274
1569335668.45275
1569335668.70276
1569335668.95277
1569335669.20278
1569335669.45279
1569335669.7028
1569335669.95282
1569335670.20283
1569335670.45284
1569335670.70285
1569335670.95286
1569335671.20287
1569335671.45289
1569335671.7029
1569335671.95291
1569335672.20292
1569335672.45293
1569335672.70294
1569335672.95296
1569335673.20297
1569335673.45298
1569335673.70299
1569335673.953
1569335674.20301
1569335674.45302
1569335674.70304
1569335674.95305
1569335675.20306
1569335675.45307
1569335675.70308
1569335675.95309
1569335676.20311
1569335676.45312
1569335676.70313
1569335676.95314
1569335677.20315
1569335677.45316
1569335677.70318
1569335677.95319
1569335678.2032
1569335678.45321
1569335678.70322
1569335678.95323
1569335679.20324
1569335679.45326
1569335679.70327
1569335679.95328
1569335680.20329
1569335680.4533
1569335680.70331
1569335680.95333
1569335681.20334
1569335681.45335
1569335681.70336
1569335681.95337
1569335682.20338
1569335682.45339
1569335682.70341
1569335682.95342
1569335683.20343
1569335683.45344
1569335683.70345
1569335683.95346
1569335684.20348
1569335684.45349
1569335684.7035
1569335684.95351
1569335685.20352
1569335685.45353
1569335685.70355
1569335685.95356
1569335686.20357
1569335686.45358
1569335686.70359
1569335686.9536
1569335687.20361
1569335687.45363
1569335687.70364
1569335687.95365
1569335688.20366
1569335688.45367
1569335688.70368
1569335688.9537
1569335689.20371
1569335689.45372
1569335689.70373
1569335689.95374
1569335690.20375
1569335690.45377
1569335690.70378
1569335690.95379
1569335691.2038
1569335691.45381
1569335691.70382
1569335691.95383
1569335692.20385
1569335692.45386
1569335692.70387
1569335692.95388
1569335693.20389
1569335693.4539
1569335693.70392
1569335693.95393
1569335694.20394
1569335694.45395
1569335694.70396
1569335694.95397
1569335695.20399
1569335695.454
1569335695.70401
1569335695.95402
1569335696.20403
1569335696.45404
1569335696.70405
1569335696.95407
1569335697.20408
1569335697.45409
1569335697.7041
1569335697.95411
1569335698.20412
1569335698.45414
1569335698.70415
1569335698.95416
1569335699.20417
1569335699.45418
1569335699.70419
1569335699.95421
1569335700.20422
1569335700.45423
1569335700.70424
1569335700.95425
1569335701.20426
1569335701.45427
1569335701.70429
1569335701.9543
1569335702.20431
1569335702.45432
1569335702.70433
1569335702.95434
1569335703.20436
1569335703.45437
1569335703.70438
1569335703.95439
1569335704.2044
1569335704.45441
1569335704.70443
1569335704.95444
1569335705.20445
1569335705.45446
1569335705.70447
1569335705.95448
1569335706.20449
1569335706.45451
1569335706.70452
1569335706.95453
1569335707.20454
1569335707.45455
1569335707.70456
1569335707.95458
1569335708.20459
1569335708.4546
1569335708.70461
1569335708.95462
1569335709.20463
1569335709.45464
1569335709.70466
1569335709.95467
1569335710.20468
1569335710.45469
1569335710.7047
1569335710.95471
1569335711.20473
1569335711.45474
1569335711.70475
1569335711.95476
1569335712.20477
1569335712.45478
1569335712.7048
1569335712.95481
1569335713.20482
1569335713.45483
1569335713.70484
1569335713.95485
1569335714.20486
1569335714.45488
1569335714.70489
1569335714.9549
1569335715.20491
1569335715.45492
1569335715.70493
1569335715.95495
1569335716.20496
1569335716.45497
1569335716.70498
1569335716.95499
1569335717.205
1569335717.45502
1569335717.70503
1569335717.95504
1569335718.20505
1569335718.45506
1569335718.70507
1569335718.95508
1569335719.2051
1569335719.45511
1569335719.70512
1569335719.95513
1569335720.20514
1569335720.45515
1569335720.70517
1569335720.95518
1569335721.20519
1569335721.4552
1569335721.70521
1569335721.95522
1569335722.20524
1569335722.45525
1569335722.70526
1569335722.95527
1569335723.20528
1569335723.45529
1569335723.7053
1569335723.95532
1569335724.20533
1569335724.45534
1569335724.70535
1569335724.95536
1569335725.20537
1569335725.45539
1569335725.7054
1569335725.95541
1569335726.20542
1569335726.45543
1569335726.70544
1569335726.95546
1569335727.20547
1569335727.45548
1569335727.70549
1569335727.9555
1569335728.20551
1569335728.45552
1569335728.70554
1569335728.95555
1569335729.20556
1569335729.45557
1569335729.70558
1569335729.95559
1569335730.20561
1569335730.45562
1569335730.70563
1569335730.95564
1569335731.20565
1569335731.45566
1569335731.70568
1569335731.95569
1569335732.2057
1569335732.45571
1569335732.70572
1569335732.95573
1569335733.20574
1569335733.45576
1569335733.70577
1569335733.95578
1569335734.20579
1569335734.4558
1569335734.70581
1569335734.95583
1569335735.20584
1569335735.45585
1569335735.70586
1569335735.95587
1569335736.20588
1569335736.45589
1569335736.70591
1569335736.95592
1569335737.20593
1569335737.45594
1569335737.70595
1569335737.95596
1569335738.20598
1569335738.45599
1569335738.706
1569335738.95601
1569335739.20602
1569335739.45603
1569335739.70605
1569335739.95606
1569335740.20607
1569335740.45608
1569335740.70609
1569335740.9561
1569335741.20612
1569335741.45613
1569335741.70614
1569335741.95615
1569335742.20616
1569335742.45617
1569335742.70618
1569335742.9562
1569335743.20621
1569335743.45622
1569335743.70623
1569335743.95624
1569335744.20625
1569335744.45627
1569335744.70628
1569335744.95629
1569335745.2063
1569335745.45631
1569335745.70632
1569335745.95633
1569335746.20635
1569335746.45636
1569335746.70637
1569335746.95638
1569335747.20639
1569335747.4564
1569335747.70642
1569335747.95643
1569335748.20644
1569335748.45645
1569335748.70646
1569335748.95647
1569335749.20649
1569335749.4565
1569335749.70651
1569335749.95652
1569335750.20653
1569335750.45654
1569335750.70655
1569335750.95657
1569335751.20658
1569335751.45659
1569335751.7066
1569335751.95661
1569335752.20662
1569335752.45664
1569335752.70665
1569335752.95666
1569335753.20667
1569335753.45668
1569335753.70669
1569335753.95671
1569335754.20672
1569335754.45673
1569335754.70674
1569335754.95675
1569335755.20676
1569335755.45677
1569335755.70679
1569335755.9568
1569335756.20681
1569335756.45682
1569335756.70683
1569335756.95684
1569335757.20686
1569335757.45687
1569335757.70688
1569335757.95689
1569335758.2069
1569335758.45691
1569335758.70693
1569335758.95694
1569335759.20695
1569335759.45696
1569335759.70697
1569335759.95698
1569335760.20699
1569335760.45701
1569335760.70702
1569335760.95703
1569335761.20704
1569335761.45705
1569335761.70706
1569335761.95708
1569335762.20709
1569335762.4571
1569335762.70711
1569335762.95712
1569335763.20713
1569335763.45715
1569335763.70716
1569335763.95717
1569335764.20718
1569335764.45719
1569335764.7072
1569335764.95721
1569335765.20723
1569335765.45724
1569335765.70725
1569335765.95726
1569335766.20727
1569335766.45728
1569335766.7073
1569335766.95731
1569335767.20732
1569335767.45733
1569335767.70734
1569335767.95735
1569335768.20737
1569335768.45738
1569335768.70739
1569335768.9574
1569335769.20741
1569335769.45742
1569335769.70743
1569335769.95745
1569335770.20746
1569335770.45747
1569335770.70748
1569335770.95749
1569335771.2075
1569335771.45752
1569335771.70753
1569335771.95754
1569335772.20755
1569335772.45756
1569335772.70757
1569335772.95758
1569335773.2076
1569335773.45761
1569335773.70762
1569335773.95763
1569335774.20764
1569335774.45765
1569335774.70767
1569335774.95768
1569335775.20769
1569335775.4577
1569335775.70771
1569335775.95772
1569335776.20774
1569335776.45775
1569335776.70776
1569335776.95777
1569335777.20778
1569335777.45779
1569335777.7078
1569335777.95782
1569335778.20783
1569335778.45784
1569335778.70785
1569335778.95786
1569335779.20787
1569335779.45789
1569335779.7079
1569335779.95791
1569335780.20792
1569335780.45793
1569335780.70794
1569335780.95796
1569335781.20797
1569335781.45798
1569335781.70799
1569335781.958
1569335782.20801
1569335782.45802
1569335782.70804
1569335782.95805
1569335783.20806
1569335783.45807
1569335783.70808
1569335783.95809
1569335784.20811
1569335784.45812
1569335784.70813
1569335784.95814
1569335785.20815
1569335785.45816
1569335785.70818
1569335785.95819
1569335786.2082
1569335786.45821
1569335786.70822
1569335786.95823
1569335787.20824
1569335787.45826
1569335787.70827
1569335787.95828
1569335788.20829
1569335788.4583
1569335788.70831
1569335788.95833
1569335789.20834
1569335789.45835
1569335789.70836
1569335789.95837
1569335790.20838
1569335790.4584
1569335790.70841
1569335790.95842
1569335791.20843
1569335791.45844
1569335791.70845
1569335791.95846
1569335792.20848
1569335792.45849
1569335792.7085
1569335792.95851
1569335793.20852
1569335793.45853
1569335793.70855
1569335793.95856
1569335794.20857
1569335794.45858
1569335794.70859
1569335794.9586
1569335795.20862
1569335795.45863
1569335795.70864
1569335795.95865
1569335796.20866
1569335796.45867
1569335796.70868
1569335796.9587
1569335797.20871
1569335797.45872
1569335797.70873
1569335797.95874
1569335798.20875
1569335798.45877
1569335798.70878
1569335798.95879
1569335799.2088
1569335799.45881
1569335799.70882
1569335799.95884
1569335800.20885
1569335800.45886
1569335800.70887
1569335800.95888
1569335801.20889
1569335801.4589
1569335801.70892
1569335801.95893
1569335802.20894
1569335802.45895
1569335802.70896
1569335802.95897
