34.27
34.27
34.27
34.27
34.29
34.29
34.29
34.29
34.29
34.29
34.29
34.29
34.29
34.29
34.29
34.29
34.29
34.29
34.29
34.29
34.29
34.29
34.29
34.29
34.31
34.31
34.31
34.31
34.29
34.29
34.29
34.29
34.29
34.29
34.29
34.29
34.27
34.27
34.27
34.27
34.31
34.31
34.31
34.31
34.29
34.29
34.29
34.29
34.31
34.31
34.31
34.31
34.33
34.33
34.33
34.33
34.31
34.31
34.31
34.31
34.35
34.35
34.35
34.35
34.33
34.33
34.33
34.33
34.33
34.33
34.33
34.33
34.35
34.35
34.35
34.35
34.33
34.33
34.33
34.33
34.35
34.35
34.35
34.35
34.35
34.35
34.35
34.35
34.35
34.35
34.35
34.35
34.35
34.35
34.35
34.35
34.35
34.35
34.35
34.35
34.37
34.37
34.37
34.37
34.37
34.37
34.37
34.37
34.37
34.37
34.37
34.37
34.37
34.37
34.37
34.37
34.37
34.37
34.37
34.37
34.41
34.41
34.41
34.41
34.39
34.39
34.39
34.39
34.37
34.37
34.37
34.37
34.41
34.41
34.41
34.41
34.39
34.39
34.39
34.39
34.41
34.41
34.41
34.41
34.39
34.39
34.39
34.39
34.41
34.41
34.41
34.41
34.39
34.39
34.39
34.39
34.43
34.43
34.43
34.43
34.43
34.43
34.43
34.43
34.41
34.41
34.41
34.41
34.43
34.43
34.43
34.43
34.43
34.43
34.43
34.43
34.43
34.43
34.43
34.43
34.43
34.43
34.43
34.43
34.47
34.47
34.47
34.47
34.45
34.45
34.45
34.45
34.43
34.43
34.43
34.43
34.47
34.47
34.47
34.47
34.43
34.43
34.43
34.43
34.47
34.47
34.47
34.47
34.49
34.49
34.49
34.49
34.47
34.47
34.47
34.47
34.47
34.47
34.47
34.47
34.47
34.47
34.47
34.47
34.47
34.47
34.47
34.47
34.49
34.49
34.49
34.49
34.49
34.49
34.49
34.49
34.49
34.49
34.49
34.49
34.51
34.51
34.51
34.51
34.51
34.51
34.51
34.51
34.49
34.49
34.49
34.49
34.51
34.51
34.51
34.51
34.51
34.51
34.51
34.51
34.55
34.55
34.55
34.55
34.51
34.51
34.51
34.51
34.53
34.53
34.53
34.53
34.53
34.53
34.53
34.53
34.53
34.53
34.53
34.53
34.55
34.55
34.55
34.55
34.55
34.55
34.55
34.55
34.55
34.55
34.55
34.55
34.57
34.57
34.57
34.57
34.55
34.55
34.55
34.55
34.55
34.55
34.55
34.55
34.59
34.59
34.59
34.59
34.57
34.57
34.57
34.57
34.55
34.55
34.55
34.55
34.57
34.57
34.57
34.57
34.59
34.59
34.59
34.59
34.57
34.57
34.57
34.57
34.59
34.59
34.59
34.59
34.59
34.59
34.59
34.59
34.61
34.61
34.61
34.61
34.61
34.61
34.61
34.61
34.59
34.59
34.59
34.59
34.63
34.63
34.63
34.63
34.59
34.59
34.59
34.59
34.61
34.61
34.61
34.61
34.63
34.63
34.63
34.63
34.63
34.63
34.63
34.63
34.63
34.63
34.63
34.63
34.65
34.65
34.65
34.65
34.65
34.65
34.65
34.65
34.63
34.63
34.63
34.63
34.63
34.63
34.63
34.63
34.65
34.65
34.65
34.65
34.65
34.65
34.65
34.65
34.67
34.67
34.67
34.67
34.65
34.65
34.65
34.65
34.67
34.67
34.67
34.67
34.67
34.67
34.67
34.67
34.69
34.69
34.69
34.69
34.67
34.67
34.67
34.67
34.69
34.69
34.69
34.69
34.67
34.67
34.67
34.67
34.71
34.71
34.71
34.71
34.69
34.69
34.69
34.69
34.69
34.69
34.69
34.69
34.69
34.69
34.69
34.69
34.71
34.71
34.71
34.71
34.73
34.73
34.73
34.73
34.71
34.71
34.71
34.71
34.71
34.71
34.71
34.71
34.73
34.73
34.73
34.73
34.73
34.73
34.73
34.73
34.73
34.73
34.73
34.73
34.73
34.73
34.73
34.73
34.73
34.73
34.73
34.73
34.75
34.75
34.75
34.75
34.73
34.73
34.73
34.73
34.71
34.71
34.71
34.71
34.73
34.73
34.73
34.73
34.73
34.73
34.73
34.73
34.77
34.77
34.77
34.77
34.75
34.75
34.75
34.75
34.75
34.75
34.75
34.75
34.73
34.73
34.73
34.73
34.75
34.75
34.75
34.75
34.77
34.77
34.77
34.77
34.77
34.77
34.77
34.77
34.77
34.77
34.77
34.77
34.77
34.77
34.77
34.77
34.77
34.77
34.77
34.77
34.77
34.77
34.77
34.77
34.79
34.79
34.79
34.79
34.79
34.79
34.79
34.79
34.79
34.79
34.79
34.79
34.79
34.79
34.79
34.79
34.81
34.81
34.81
34.81
34.83
34.83
34.83
34.83
34.81
34.81
34.81
34.81
34.81
34.81
34.81
34.81
34.81
34.81
34.81
34.81
34.83
34.83
34.83
34.83
34.83
34.83
34.83
34.83
34.81
34.81
34.81
34.81
34.83
34.83
34.83
34.83
34.83
34.83
34.83
34.83
34.85
34.85
34.85
34.85
34.83
34.83
34.83
34.83
34.83
34.83
34.83
34.83
34.85
34.85
34.85
34.85
34.85
34.85
34.85
34.85
34.85
34.85
34.85
34.85
34.87
34.87
34.87
34.87
34.87
34.87
34.87
34.87
34.85
34.85
34.85
34.85
34.85
34.85
34.85
34.85
34.87
34.87
34.87
34.87
34.87
34.87
34.87
34.87
34.85
34.85
34.85
34.85
34.89
34.89
34.89
34.89
34.87
34.87
34.87
34.87
34.89
34.89
34.89
34.89
34.89
34.89
34.89
34.89
34.89
34.89
34.89
34.89
34.89
34.89
34.89
34.89
34.87
34.87
34.87
34.87
34.89
34.89
34.89
34.89
34.89
34.89
34.89
34.89
34.89
34.89
34.89
34.89
34.89
34.89
34.89
34.89
34.89
34.89
34.89
34.89
34.89
34.89
34.89
34.89
34.91
34.91
34.91
34.91
34.91
34.91
34.91
34.91
34.91
34.91
34.91
34.91
34.93
34.93
34.93
34.93
34.91
34.91
34.91
34.91
34.95
34.95
34.95
34.95
34.95
34.95
34.95
34.95
34.93
34.93
34.93
34.93
34.95
34.95
34.95
34.95
34.93
34.93
34.93
34.93
34.97
34.97
34.97
34.97
34.93
34.93
34.93
34.93
34.95
34.95
34.95
34.95
34.97
34.97
34.97
34.97
34.95
34.95
34.95
34.95
34.97
34.97
34.97
34.97
34.95
34.95
34.95
34.95
34.97
34.97
34.97
34.97
34.95
34.95
34.95
34.95
34.97
34.97
34.97
34.97
34.95
34.95
34.95
34.95
34.97
34.97
34.97
34.97
34.97
34.97
34.97
34.97
34.97
34.97
34.97
34.97
34.97
34.97
34.97
34.97
34.99
34.99
34.99
34.99
34.97
34.97
34.97
34.97
34.99
34.99
34.99
34.99
34.99
34.99
34.99
34.99
34.99
34.99
34.99
34.99
34.99
34.99
34.99
34.99
34.99
34.99
34.99
34.99
35.01
35.01
35.01
35.01
34.99
34.99
34.99
34.99
34.99
34.99
34.99
34.99
34.97
34.97
34.97
34.97
34.97
34.97
34.97
34.97
35.01
35.01
35.01
35.01
34.99
34.99
34.99
34.99
34.99
34.99
34.99
34.99
34.97
34.97
34.97
34.97
34.99
34.99
34.99
34.99
34.99
34.99
34.99
34.99
34.99
34.99
34.99
34.99
34.97
34.97
34.97
34.97
34.97
34.97
34.97
34.97
34.97
34.97
34.97
34.97
34.97
34.97
34.97
34.97
34.95
34.95
34.95
34.95
34.99
34.99
34.99
34.99
34.99
34.99
34.99
34.99
34.97
34.97
34.97
34.97
34.99
34.99
34.99
34.99
34.97
34.97
34.97
34.97
34.95
34.95
34.95
34.95
34.97
34.97
34.97
34.97
34.99
34.99
34.99
34.99
34.99
34.99
34.99
34.99
34.97
34.97
34.97
34.97
34.97
34.97
34.97
34.97
34.95
34.95
34.95
34.95
34.97
34.97
34.97
34.97
34.97
34.97
34.97
34.97
34.97
34.97
34.97
34.97
34.97
34.97
34.97
34.97
34.95
34.95
34.95
34.95
34.95
34.95
34.95
34.95
34.95
34.95
34.95
34.95
34.95
34.95
34.95
34.95
34.97
34.97
34.97
34.97
34.95
34.95
34.95
34.95
34.99
34.99
34.99
34.99
34.97
34.97
34.97
34.97
34.99
34.99
34.99
34.99
34.97
34.97
34.97
34.97
34.97
34.97
34.97
34.97
34.97
34.97
34.97
34.97
34.97
34.97
34.97
34.97
34.97
34.97
34.97
34.97
34.97
34.97
34.97
34.97
34.99
34.99
34.99
34.99
34.99
34.99
34.99
34.99
34.97
34.97
34.97
34.97
34.99
34.99
34.99
34.99
34.97
34.97
34.97
34.97
34.99
34.99
34.99
34.99
34.99
34.99
34.99
34.99
34.99
34.99
34.99
34.99
34.99
34.99
34.99
34.99
34.99
34.99
34.99
34.99
34.99
34.99
34.99
34.99
34.99
34.99
34.99
34.99
34.97
34.97
34.97
34.97
34.97
34.97
34.97
34.97
34.99
34.99
34.99
34.99
34.99
34.99
34.99
34.99
34.99
34.99
34.99
34.99
35.01
35.01
35.01
35.01
34.99
34.99
34.99
34.99
35.01
35.01
35.01
35.01
35.01
35.01
35.01
35.01
35.03
35.03
35.03
35.03
35.01
35.01
35.01
35.01
35.01
35.01
35.01
35.01
34.99
34.99
34.99
34.99
34.99
34.99
34.99
34.99
35.01
35.01
35.01
35.01
35.01
35.01
35.01
35.01
35.01
35.01
35.01
35.01
35.01
35.01
35.01
35.01
35.03
35.03
35.03
35.03
35.01
35.01
35.01
35.01
35.03
35.03
35.03
35.03
35.01
35.01
35.01
35.01
35.01
35.01
35.01
35.01
35.03
35.03
35.03
35.03
35.03
35.03
35.03
35.03
35.03
35.03
35.03
35.03
35.03
35.03
35.03
35.03
35.03
35.03
35.03
35.03
35.03
35.03
35.03
35.03
35.03
35.03
35.03
35.03
35.03
35.03
35.03
35.03
35.03
35.03
35.03
35.03
