1569339009.35742
1569339009.60743
1569339009.85744
1569339010.10745
1569339010.35747
1569339010.60748
1569339010.85749
1569339011.1075
1569339011.35751
1569339011.60752
1569339011.85754
1569339012.10755
1569339012.35756
1569339012.60757
1569339012.85758
1569339013.10759
1569339013.35761
1569339013.60762
1569339013.85763
1569339014.10764
1569339014.35765
1569339014.60766
1569339014.85767
1569339015.10769
1569339015.3577
1569339015.60771
1569339015.85772
1569339016.10773
1569339016.35774
1569339016.60776
1569339016.85777
1569339017.10778
1569339017.35779
1569339017.6078
1569339017.85781
1569339018.10783
1569339018.35784
1569339018.60785
1569339018.85786
1569339019.10787
1569339019.35788
1569339019.60789
1569339019.85791
1569339020.10792
1569339020.35793
1569339020.60794
1569339020.85795
1569339021.10796
1569339021.35798
1569339021.60799
1569339021.858
1569339022.10801
1569339022.35802
1569339022.60803
1569339022.85805
1569339023.10806
1569339023.35807
1569339023.60808
1569339023.85809
1569339024.1081
1569339024.35811
1569339024.60813
1569339024.85814
1569339025.10815
1569339025.35816
1569339025.60817
1569339025.85818
1569339026.1082
1569339026.35821
1569339026.60822
1569339026.85823
1569339027.10824
1569339027.35825
1569339027.60827
1569339027.85828
1569339028.10829
1569339028.3583
1569339028.60831
1569339028.85832
1569339029.10833
1569339029.35835
1569339029.60836
1569339029.85837
1569339030.10838
1569339030.35839
1569339030.6084
1569339030.85842
1569339031.10843
1569339031.35844
1569339031.60845
1569339031.85846
1569339032.10847
1569339032.35848
1569339032.6085
1569339032.85851
1569339033.10852
1569339033.35853
1569339033.60854
1569339033.85855
1569339034.10857
1569339034.35858
1569339034.60859
1569339034.8586
1569339035.10861
1569339035.35862
1569339035.60864
1569339035.85865
1569339036.10866
1569339036.35867
1569339036.60868
1569339036.85869
1569339037.10871
1569339037.35872
1569339037.60873
1569339037.85874
1569339038.10875
1569339038.35876
1569339038.60877
1569339038.85879
1569339039.1088
1569339039.35881
1569339039.60882
1569339039.85883
1569339040.10884
1569339040.35886
1569339040.60887
1569339040.85888
1569339041.10889
1569339041.3589
1569339041.60891
1569339041.85892
1569339042.10894
1569339042.35895
1569339042.60896
1569339042.85897
1569339043.10898
1569339043.35899
1569339043.60901
1569339043.85902
1569339044.10903
1569339044.35904
1569339044.60905
1569339044.85906
1569339045.10908
1569339045.35909
1569339045.6091
1569339045.85911
1569339046.10912
1569339046.35913
1569339046.60914
1569339046.85916
1569339047.10917
1569339047.35918
1569339047.60919
1569339047.8592
1569339048.10921
1569339048.35923
1569339048.60924
1569339048.85925
1569339049.10926
1569339049.35927
1569339049.60928
1569339049.8593
1569339050.10931
1569339050.35932
1569339050.60933
1569339050.85934
1569339051.10935
1569339051.35936
1569339051.60938
1569339051.85939
1569339052.1094
1569339052.35941
1569339052.60942
1569339052.85943
1569339053.10945
1569339053.35946
1569339053.60947
1569339053.85948
1569339054.10949
1569339054.3595
1569339054.60952
1569339054.85953
1569339055.10954
1569339055.35955
1569339055.60956
1569339055.85957
1569339056.10958
1569339056.3596
1569339056.60961
1569339056.85962
1569339057.10963
1569339057.35964
1569339057.60965
1569339057.85967
1569339058.10968
1569339058.35969
1569339058.6097
1569339058.85971
1569339059.10972
1569339059.35974
1569339059.60975
1569339059.85976
1569339060.10977
1569339060.35978
1569339060.60979
1569339060.8598
1569339061.10982
1569339061.35983
1569339061.60984
1569339061.85985
1569339062.10986
1569339062.35987
1569339062.60989
1569339062.8599
1569339063.10991
1569339063.35992
1569339063.60993
1569339063.85994
1569339064.10996
1569339064.35997
1569339064.60998
1569339064.85999
1569339065.11
1569339065.36001
1569339065.61002
1569339065.86004
1569339066.11005
1569339066.36006
1569339066.61007
1569339066.86008
1569339067.11009
1569339067.36011
1569339067.61012
1569339067.86013
1569339068.11014
1569339068.36015
1569339068.61016
1569339068.86017
1569339069.11019
1569339069.3602
1569339069.61021
1569339069.86022
1569339070.11023
1569339070.36024
1569339070.61026
1569339070.86027
1569339071.11028
1569339071.36029
1569339071.6103
1569339071.86031
1569339072.11033
1569339072.36034
1569339072.61035
1569339072.86036
1569339073.11037
1569339073.36038
1569339073.61039
1569339073.86041
1569339074.11042
1569339074.36043
1569339074.61044
1569339074.86045
1569339075.11046
1569339075.36048
1569339075.61049
1569339075.8605
1569339076.11051
1569339076.36052
1569339076.61053
1569339076.86055
1569339077.11056
1569339077.36057
1569339077.61058
1569339077.86059
1569339078.1106
1569339078.36061
1569339078.61063
1569339078.86064
1569339079.11065
1569339079.36066
1569339079.61067
1569339079.86068
1569339080.1107
1569339080.36071
1569339080.61072
1569339080.86073
1569339081.11074
1569339081.36075
1569339081.61077
1569339081.86078
1569339082.11079
1569339082.3608
1569339082.61081
1569339082.86082
1569339083.11083
1569339083.36085
1569339083.61086
1569339083.86087
1569339084.11088
1569339084.36089
1569339084.6109
1569339084.86092
1569339085.11093
1569339085.36094
1569339085.61095
1569339085.86096
1569339086.11097
1569339086.36099
1569339086.611
1569339086.86101
1569339087.11102
1569339087.36103
1569339087.61104
1569339087.86105
1569339088.11107
1569339088.36108
1569339088.61109
1569339088.8611
1569339089.11111
1569339089.36112
1569339089.61114
1569339089.86115
1569339090.11116
1569339090.36117
1569339090.61118
1569339090.86119
1569339091.11121
1569339091.36122
1569339091.61123
1569339091.86124
1569339092.11125
1569339092.36126
1569339092.61127
1569339092.86129
1569339093.1113
1569339093.36131
1569339093.61132
1569339093.86133
1569339094.11134
1569339094.36136
1569339094.61137
1569339094.86138
1569339095.11139
1569339095.3614
1569339095.61141
1569339095.86142
1569339096.11144
1569339096.36145
1569339096.61146
1569339096.86147
1569339097.11148
1569339097.36149
1569339097.61151
1569339097.86152
1569339098.11153
1569339098.36154
1569339098.61155
1569339098.86156
1569339099.11158
1569339099.36159
1569339099.6116
1569339099.86161
1569339100.11162
1569339100.36163
1569339100.61164
1569339100.86166
1569339101.11167
1569339101.36168
1569339101.61169
1569339101.8617
1569339102.11171
1569339102.36173
1569339102.61174
1569339102.86175
1569339103.11176
1569339103.36177
1569339103.61178
1569339103.8618
1569339104.11181
1569339104.36182
1569339104.61183
1569339104.86184
1569339105.11185
1569339105.36186
1569339105.61188
1569339105.86189
1569339106.1119
1569339106.36191
1569339106.61192
1569339106.86193
1569339107.11195
1569339107.36196
1569339107.61197
1569339107.86198
1569339108.11199
1569339108.362
1569339108.61202
1569339108.86203
1569339109.11204
1569339109.36205
1569339109.61206
1569339109.86207
1569339110.11208
1569339110.3621
1569339110.61211
1569339110.86212
1569339111.11213
1569339111.36214
1569339111.61215
1569339111.86217
1569339112.11218
1569339112.36219
1569339112.6122
1569339112.86221
1569339113.11222
1569339113.36224
1569339113.61225
1569339113.86226
1569339114.11227
1569339114.36228
1569339114.61229
1569339114.8623
1569339115.11232
1569339115.36233
1569339115.61234
1569339115.86235
1569339116.11236
1569339116.36237
1569339116.61239
1569339116.8624
1569339117.11241
1569339117.36242
1569339117.61243
1569339117.86244
1569339118.11246
1569339118.36247
1569339118.61248
1569339118.86249
1569339119.1125
1569339119.36251
1569339119.61252
1569339119.86254
1569339120.11255
1569339120.36256
1569339120.61257
1569339120.86258
1569339121.11259
1569339121.36261
1569339121.61262
1569339121.86263
1569339122.11264
1569339122.36265
1569339122.61266
1569339122.86268
1569339123.11269
1569339123.3627
1569339123.61271
1569339123.86272
1569339124.11273
1569339124.36274
1569339124.61276
1569339124.86277
1569339125.11278
1569339125.36279
1569339125.6128
1569339125.86281
1569339126.11283
1569339126.36284
1569339126.61285
1569339126.86286
1569339127.11287
1569339127.36288
1569339127.6129
1569339127.86291
1569339128.11292
1569339128.36293
1569339128.61294
1569339128.86295
1569339129.11296
1569339129.36298
1569339129.61299
1569339129.863
1569339130.11301
1569339130.36302
1569339130.61303
1569339130.86305
1569339131.11306
1569339131.36307
1569339131.61308
1569339131.86309
1569339132.1131
1569339132.36311
1569339132.61313
1569339132.86314
1569339133.11315
1569339133.36316
1569339133.61317
1569339133.86318
1569339134.1132
1569339134.36321
1569339134.61322
1569339134.86323
1569339135.11324
1569339135.36325
1569339135.61327
1569339135.86328
1569339136.11329
1569339136.3633
1569339136.61331
1569339136.86332
1569339137.11333
1569339137.36335
1569339137.61336
1569339137.86337
1569339138.11338
1569339138.36339
1569339138.6134
1569339138.86342
1569339139.11343
1569339139.36344
1569339139.61345
1569339139.86346
1569339140.11347
1569339140.36349
1569339140.6135
1569339140.86351
1569339141.11352
1569339141.36353
1569339141.61354
1569339141.86355
1569339142.11357
1569339142.36358
1569339142.61359
1569339142.8636
1569339143.11361
1569339143.36362
1569339143.61364
1569339143.86365
1569339144.11366
1569339144.36367
1569339144.61368
1569339144.86369
1569339145.11371
1569339145.36372
1569339145.61373
1569339145.86374
1569339146.11375
1569339146.36376
1569339146.61377
1569339146.86379
1569339147.1138
1569339147.36381
1569339147.61382
1569339147.86383
1569339148.11384
1569339148.36386
1569339148.61387
1569339148.86388
1569339149.11389
1569339149.3639
1569339149.61391
1569339149.86393
1569339150.11394
1569339150.36395
1569339150.61396
1569339150.86397
1569339151.11398
1569339151.36399
1569339151.61401
1569339151.86402
1569339152.11403
1569339152.36404
1569339152.61405
1569339152.86406
1569339153.11408
1569339153.36409
1569339153.6141
1569339153.86411
1569339154.11412
1569339154.36413
1569339154.61415
1569339154.86416
1569339155.11417
1569339155.36418
1569339155.61419
1569339155.8642
1569339156.11421
1569339156.36423
1569339156.61424
1569339156.86425
1569339157.11426
1569339157.36427
1569339157.61428
1569339157.8643
1569339158.11431
1569339158.36432
1569339158.61433
1569339158.86434
1569339159.11435
1569339159.36437
1569339159.61438
1569339159.86439
1569339160.1144
1569339160.36441
1569339160.61442
1569339160.86443
1569339161.11445
1569339161.36446
1569339161.61447
1569339161.86448
1569339162.11449
1569339162.3645
1569339162.61452
1569339162.86453
1569339163.11454
1569339163.36455
1569339163.61456
1569339163.86457
1569339164.11458
1569339164.3646
1569339164.61461
1569339164.86462
1569339165.11463
1569339165.36464
1569339165.61465
1569339165.86467
1569339166.11468
1569339166.36469
1569339166.6147
1569339166.86471
1569339167.11472
1569339167.36474
1569339167.61475
1569339167.86476
1569339168.11477
1569339168.36478
1569339168.61479
1569339168.8648
1569339169.11482
1569339169.36483
1569339169.61484
1569339169.86485
1569339170.11486
1569339170.36487
1569339170.61489
1569339170.8649
1569339171.11491
1569339171.36492
1569339171.61493
1569339171.86494
1569339172.11496
1569339172.36497
1569339172.61498
1569339172.86499
1569339173.115
1569339173.36501
1569339173.61502
1569339173.86504
1569339174.11505
1569339174.36506
1569339174.61507
1569339174.86508
1569339175.11509
1569339175.36511
1569339175.61512
1569339175.86513
1569339176.11514
1569339176.36515
1569339176.61516
1569339176.86518
1569339177.11519
1569339177.3652
1569339177.61521
1569339177.86522
1569339178.11523
1569339178.36524
1569339178.61526
1569339178.86527
1569339179.11528
1569339179.36529
1569339179.6153
1569339179.86531
1569339180.11533
1569339180.36534
1569339180.61535
1569339180.86536
1569339181.11537
1569339181.36538
1569339181.6154
1569339181.86541
1569339182.11542
1569339182.36543
1569339182.61544
1569339182.86545
1569339183.11546
1569339183.36548
1569339183.61549
1569339183.8655
1569339184.11551
1569339184.36552
1569339184.61553
1569339184.86555
1569339185.11556
1569339185.36557
1569339185.61558
1569339185.86559
1569339186.1156
1569339186.36562
1569339186.61563
1569339186.86564
1569339187.11565
1569339187.36566
1569339187.61567
1569339187.86568
1569339188.1157
1569339188.36571
1569339188.61572
1569339188.86573
1569339189.11574
1569339189.36575
1569339189.61577
1569339189.86578
1569339190.11579
1569339190.3658
1569339190.61581
1569339190.86582
1569339191.11583
1569339191.36585
1569339191.61586
1569339191.86587
1569339192.11588
1569339192.36589
1569339192.6159
1569339192.86592
1569339193.11593
1569339193.36594
1569339193.61595
1569339193.86596
1569339194.11597
1569339194.36599
1569339194.616
1569339194.86601
1569339195.11602
1569339195.36603
1569339195.61604
1569339195.86606
1569339196.11607
1569339196.36608
1569339196.61609
1569339196.8661
1569339197.11611
1569339197.36612
1569339197.61614
1569339197.86615
1569339198.11616
1569339198.36617
1569339198.61618
1569339198.86619
1569339199.11621
1569339199.36622
1569339199.61623
1569339199.86624
1569339200.11625
1569339200.36626
1569339200.61627
1569339200.86629
1569339201.1163
1569339201.36631
1569339201.61632
1569339201.86633
1569339202.11634
1569339202.36636
1569339202.61637
1569339202.86638
1569339203.11639
1569339203.3664
1569339203.61641
1569339203.86643
1569339204.11644
1569339204.36645
1569339204.61646
1569339204.86647
1569339205.11648
1569339205.36649
1569339205.61651
1569339205.86652
1569339206.11653
1569339206.36654
1569339206.61655
1569339206.86656
1569339207.11658
1569339207.36659
1569339207.6166
1569339207.86661
1569339208.11662
1569339208.36663
1569339208.61665
1569339208.86666
1569339209.11667
1569339209.36668
1569339209.61669
1569339209.8667
1569339210.11671
1569339210.36673
1569339210.61674
1569339210.86675
1569339211.11676
1569339211.36677
1569339211.61678
1569339211.8668
1569339212.11681
1569339212.36682
1569339212.61683
1569339212.86684
1569339213.11685
1569339213.36687
1569339213.61688
1569339213.86689
1569339214.1169
1569339214.36691
1569339214.61692
1569339214.86693
1569339215.11695
1569339215.36696
1569339215.61697
1569339215.86698
1569339216.11699
1569339216.367
1569339216.61702
1569339216.86703
1569339217.11704
1569339217.36705
1569339217.61706
1569339217.86707
1569339218.11708
1569339218.3671
1569339218.61711
1569339218.86712
1569339219.11713
1569339219.36714
1569339219.61715
1569339219.86717
1569339220.11718
1569339220.36719
1569339220.6172
1569339220.86721
1569339221.11722
1569339221.36724
1569339221.61725
1569339221.86726
1569339222.11727
1569339222.36728
1569339222.61729
1569339222.86731
1569339223.11732
1569339223.36733
1569339223.61734
1569339223.86735
1569339224.11736
1569339224.36737
1569339224.61739
1569339224.8674
1569339225.11741
1569339225.36742
1569339225.61743
1569339225.86744
1569339226.11746
1569339226.36747
1569339226.61748
1569339226.86749
1569339227.1175
1569339227.36751
1569339227.61752
1569339227.86754
1569339228.11755
1569339228.36756
1569339228.61757
1569339228.86758
1569339229.11759
1569339229.36761
1569339229.61762
1569339229.86763
1569339230.11764
1569339230.36765
1569339230.61766
1569339230.86768
1569339231.11769
1569339231.3677
1569339231.61771
1569339231.86772
1569339232.11773
1569339232.36774
1569339232.61776
1569339232.86777
1569339233.11778
1569339233.36779
1569339233.6178
1569339233.86781
1569339234.11783
1569339234.36784
1569339234.61785
1569339234.86786
1569339235.11787
1569339235.36788
1569339235.6179
1569339235.86791
1569339236.11792
1569339236.36793
1569339236.61794
1569339236.86795
1569339237.11796
1569339237.36798
1569339237.61799
1569339237.868
1569339238.11801
1569339238.36802
1569339238.61803
1569339238.86805
1569339239.11806
1569339239.36807
1569339239.61808
1569339239.86809
1569339240.1181
1569339240.36812
1569339240.61813
1569339240.86814
1569339241.11815
1569339241.36816
1569339241.61817
1569339241.86818
1569339242.1182
1569339242.36821
1569339242.61822
1569339242.86823
1569339243.11824
1569339243.36825
1569339243.61827
1569339243.86828
1569339244.11829
1569339244.3683
1569339244.61831
1569339244.86832
1569339245.11834
1569339245.36835
1569339245.61836
1569339245.86837
1569339246.11838
1569339246.36839
1569339246.6184
1569339246.86842
1569339247.11843
1569339247.36844
1569339247.61845
1569339247.86846
1569339248.11847
1569339248.36849
1569339248.6185
1569339248.86851
1569339249.11852
1569339249.36853
1569339249.61854
1569339249.86856
1569339250.11857
1569339250.36858
1569339250.61859
1569339250.8686
1569339251.11861
1569339251.36862
1569339251.61864
1569339251.86865
1569339252.11866
1569339252.36867
1569339252.61868
1569339252.86869
1569339253.11871
1569339253.36872
1569339253.61873
1569339253.86874
1569339254.11875
1569339254.36876
1569339254.61877
1569339254.86879
1569339255.1188
1569339255.36881
1569339255.61882
1569339255.86883
1569339256.11884
1569339256.36886
1569339256.61887
1569339256.86888
1569339257.11889
1569339257.3689
1569339257.61891
1569339257.86893
1569339258.11894
1569339258.36895
1569339258.61896
1569339258.86897
1569339259.11898
1569339259.36899
1569339259.61901
1569339259.86902
1569339260.11903
1569339260.36904
1569339260.61905
1569339260.86906
1569339261.11908
1569339261.36909
1569339261.6191
1569339261.86911
1569339262.11912
1569339262.36913
1569339262.61915
1569339262.86916
1569339263.11917
1569339263.36918
1569339263.61919
1569339263.8692
1569339264.11921
1569339264.36923
1569339264.61924
1569339264.86925
1569339265.11926
1569339265.36927
1569339265.61928
1569339265.8693
1569339266.11931
1569339266.36932
1569339266.61933
1569339266.86934
1569339267.11935
1569339267.36937
1569339267.61938
1569339267.86939
1569339268.1194
1569339268.36941
1569339268.61942
1569339268.86943
1569339269.11945
1569339269.36946
1569339269.61947
1569339269.86948
1569339270.11949
1569339270.3695
1569339270.61952
1569339270.86953
1569339271.11954
1569339271.36955
1569339271.61956
1569339271.86957
1569339272.11959
1569339272.3696
1569339272.61961
1569339272.86962
1569339273.11963
1569339273.36964
1569339273.61965
1569339273.86967
1569339274.11968
1569339274.36969
1569339274.6197
1569339274.86971
1569339275.11972
1569339275.36974
1569339275.61975
1569339275.86976
1569339276.11977
1569339276.36978
1569339276.61979
1569339276.86981
1569339277.11982
1569339277.36983
1569339277.61984
1569339277.86985
1569339278.11986
1569339278.36987
1569339278.61989
1569339278.8699
1569339279.11991
1569339279.36992
1569339279.61993
1569339279.86994
1569339280.11996
1569339280.36997
1569339280.61998
1569339280.86999
1569339281.12
1569339281.37001
1569339281.62003
1569339281.87004
1569339282.12005
1569339282.37006
1569339282.62007
1569339282.87008
1569339283.12009
1569339283.37011
1569339283.62012
1569339283.87013
1569339284.12014
1569339284.37015
1569339284.62016
1569339284.87018
1569339285.12019
1569339285.3702
1569339285.62021
1569339285.87022
1569339286.12023
1569339286.37024
1569339286.62026
1569339286.87027
1569339287.12028
1569339287.37029
1569339287.6203
1569339287.87031
1569339288.12033
1569339288.37034
1569339288.62035
1569339288.87036
1569339289.12037
1569339289.37038
1569339289.6204
1569339289.87041
1569339290.12042
1569339290.37043
1569339290.62044
1569339290.87045
1569339291.12046
1569339291.37048
1569339291.62049
1569339291.8705
1569339292.12051
1569339292.37052
1569339292.62053
1569339292.87055
1569339293.12056
1569339293.37057
1569339293.62058
1569339293.87059
1569339294.1206
1569339294.37062
1569339294.62063
1569339294.87064
1569339295.12065
1569339295.37066
1569339295.62067
1569339295.87068
1569339296.1207
1569339296.37071
1569339296.62072
1569339296.87073
1569339297.12074
1569339297.37075
1569339297.62077
1569339297.87078
1569339298.12079
1569339298.3708
1569339298.62081
1569339298.87082
1569339299.12084
1569339299.37085
1569339299.62086
1569339299.87087
1569339300.12088
1569339300.37089
1569339300.6209
1569339300.87092
1569339301.12093
1569339301.37094
1569339301.62095
1569339301.87096
1569339302.12097
1569339302.37099
1569339302.621
1569339302.87101
1569339303.12102
1569339303.37103
1569339303.62104
1569339303.87106
1569339304.12107
1569339304.37108
1569339304.62109
1569339304.8711
1569339305.12111
1569339305.37112
1569339305.62114
1569339305.87115
1569339306.12116
1569339306.37117
1569339306.62118
1569339306.87119
1569339307.12121
1569339307.37122
1569339307.62123
1569339307.87124
1569339308.12125
1569339308.37126
1569339308.62128
1569339308.87129
1569339309.1213
1569339309.37131
1569339309.62132
1569339309.87133
1569339310.12134
