1569340093.40761
1569340093.65762
1569340093.90763
1569340094.15764
1569340094.40765
1569340094.65767
1569340094.90768
1569340095.15769
1569340095.4077
1569340095.65771
1569340095.90772
1569340096.15774
1569340096.40775
1569340096.65776
1569340096.90777
1569340097.15778
1569340097.40779
1569340097.6578
1569340097.90782
1569340098.15783
1569340098.40784
1569340098.65785
1569340098.90786
1569340099.15787
1569340099.40789
1569340099.6579
1569340099.90791
1569340100.15792
1569340100.40793
1569340100.65794
1569340100.90796
1569340101.15797
1569340101.40798
1569340101.65799
1569340101.908
1569340102.15801
1569340102.40803
1569340102.65804
1569340102.90805
1569340103.15806
1569340103.40807
1569340103.65808
1569340103.90809
1569340104.15811
1569340104.40812
1569340104.65813
1569340104.90814
1569340105.15815
1569340105.40816
1569340105.65818
1569340105.90819
1569340106.1582
1569340106.40821
1569340106.65822
1569340106.90823
1569340107.15824
1569340107.40826
1569340107.65827
1569340107.90828
1569340108.15829
1569340108.4083
1569340108.65831
1569340108.90833
1569340109.15834
1569340109.40835
1569340109.65836
1569340109.90837
1569340110.15838
1569340110.4084
1569340110.65841
1569340110.90842
1569340111.15843
1569340111.40844
1569340111.65845
1569340111.90846
1569340112.15848
1569340112.40849
1569340112.6585
1569340112.90851
1569340113.15852
1569340113.40853
1569340113.65855
1569340113.90856
1569340114.15857
1569340114.40858
1569340114.65859
1569340114.9086
1569340115.15862
1569340115.40863
1569340115.65864
1569340115.90865
1569340116.15866
1569340116.40867
1569340116.65868
1569340116.9087
1569340117.15871
1569340117.40872
1569340117.65873
1569340117.90874
1569340118.15875
1569340118.40877
1569340118.65878
1569340118.90879
1569340119.1588
1569340119.40881
1569340119.65882
1569340119.90884
1569340120.15885
1569340120.40886
1569340120.65887
1569340120.90888
1569340121.15889
1569340121.4089
1569340121.65892
1569340121.90893
1569340122.15894
1569340122.40895
1569340122.65896
1569340122.90897
1569340123.15899
1569340123.409
1569340123.65901
1569340123.90902
1569340124.15903
1569340124.40904
1569340124.65906
1569340124.90907
1569340125.15908
1569340125.40909
1569340125.6591
1569340125.90911
1569340126.15912
1569340126.40914
1569340126.65915
1569340126.90916
1569340127.15917
1569340127.40918
1569340127.65919
1569340127.90921
1569340128.15922
1569340128.40923
1569340128.65924
1569340128.90925
1569340129.15926
1569340129.40928
1569340129.65929
1569340129.9093
1569340130.15931
1569340130.40932
1569340130.65933
1569340130.90934
1569340131.15936
1569340131.40937
1569340131.65938
1569340131.90939
1569340132.1594
1569340132.40941
1569340132.65943
1569340132.90944
1569340133.15945
1569340133.40946
1569340133.65947
1569340133.90948
1569340134.15949
1569340134.40951
1569340134.65952
1569340134.90953
1569340135.15954
1569340135.40955
1569340135.65956
1569340135.90958
1569340136.15959
1569340136.4096
1569340136.65961
1569340136.90962
1569340137.15963
1569340137.40965
1569340137.65966
1569340137.90967
1569340138.15968
1569340138.40969
1569340138.6597
1569340138.90971
1569340139.15973
1569340139.40974
1569340139.65975
1569340139.90976
1569340140.15977
1569340140.40978
1569340140.6598
1569340140.90981
1569340141.15982
1569340141.40983
1569340141.65984
1569340141.90985
1569340142.15987
1569340142.40988
1569340142.65989
1569340142.9099
1569340143.15991
1569340143.40992
1569340143.65993
1569340143.90995
1569340144.15996
1569340144.40997
1569340144.65998
1569340144.90999
1569340145.16
1569340145.41002
1569340145.66003
1569340145.91004
1569340146.16005
1569340146.41006
1569340146.66007
1569340146.91009
1569340147.1601
1569340147.41011
1569340147.66012
1569340147.91013
1569340148.16014
1569340148.41015
1569340148.66017
1569340148.91018
1569340149.16019
1569340149.4102
1569340149.66021
1569340149.91022
1569340150.16024
1569340150.41025
1569340150.66026
1569340150.91027
1569340151.16028
1569340151.41029
1569340151.66031
1569340151.91032
1569340152.16033
1569340152.41034
1569340152.66035
1569340152.91036
1569340153.16037
1569340153.41039
1569340153.6604
1569340153.91041
1569340154.16042
1569340154.41043
1569340154.66044
1569340154.91046
1569340155.16047
1569340155.41048
1569340155.66049
1569340155.9105
1569340156.16051
1569340156.41053
1569340156.66054
1569340156.91055
1569340157.16056
1569340157.41057
1569340157.66058
1569340157.91059
1569340158.16061
1569340158.41062
1569340158.66063
1569340158.91064
1569340159.16065
1569340159.41066
1569340159.66068
1569340159.91069
1569340160.1607
1569340160.41071
1569340160.66072
1569340160.91073
1569340161.16075
1569340161.41076
1569340161.66077
1569340161.91078
1569340162.16079
1569340162.4108
1569340162.66081
1569340162.91083
1569340163.16084
1569340163.41085
1569340163.66086
1569340163.91087
1569340164.16088
1569340164.4109
1569340164.66091
1569340164.91092
1569340165.16093
1569340165.41094
1569340165.66095
1569340165.91096
1569340166.16098
1569340166.41099
1569340166.661
1569340166.91101
1569340167.16102
1569340167.41103
1569340167.66105
1569340167.91106
1569340168.16107
1569340168.41108
1569340168.66109
1569340168.9111
1569340169.16112
1569340169.41113
1569340169.66114
1569340169.91115
1569340170.16116
1569340170.41117
1569340170.66118
1569340170.9112
1569340171.16121
1569340171.41122
1569340171.66123
1569340171.91124
1569340172.16125
1569340172.41127
1569340172.66128
1569340172.91129
1569340173.1613
1569340173.41131
1569340173.66132
1569340173.91134
1569340174.16135
1569340174.41136
1569340174.66137
1569340174.91138
1569340175.16139
1569340175.4114
1569340175.66142
1569340175.91143
1569340176.16144
1569340176.41145
1569340176.66146
1569340176.91147
1569340177.16149
1569340177.4115
1569340177.66151
1569340177.91152
1569340178.16153
1569340178.41154
1569340178.66156
1569340178.91157
1569340179.16158
1569340179.41159
1569340179.6616
1569340179.91161
1569340180.16162
1569340180.41164
1569340180.66165
1569340180.91166
1569340181.16167
1569340181.41168
1569340181.66169
1569340181.91171
1569340182.16172
1569340182.41173
1569340182.66174
1569340182.91175
1569340183.16176
1569340183.41178
1569340183.66179
1569340183.9118
1569340184.16181
1569340184.41182
1569340184.66183
1569340184.91184
1569340185.16186
1569340185.41187
1569340185.66188
1569340185.91189
1569340186.1619
1569340186.41191
1569340186.66193
1569340186.91194
1569340187.16195
1569340187.41196
1569340187.66197
1569340187.91198
1569340188.162
1569340188.41201
1569340188.66202
1569340188.91203
1569340189.16204
1569340189.41205
1569340189.66206
1569340189.91208
1569340190.16209
1569340190.4121
1569340190.66211
1569340190.91212
1569340191.16213
1569340191.41215
1569340191.66216
1569340191.91217
1569340192.16218
1569340192.41219
1569340192.6622
1569340192.91221
1569340193.16223
1569340193.41224
1569340193.66225
1569340193.91226
1569340194.16227
1569340194.41228
1569340194.6623
1569340194.91231
1569340195.16232
1569340195.41233
1569340195.66234
1569340195.91235
1569340196.16237
1569340196.41238
1569340196.66239
1569340196.9124
1569340197.16241
1569340197.41242
1569340197.66244
1569340197.91245
1569340198.16246
1569340198.41247
1569340198.66248
1569340198.91249
1569340199.1625
1569340199.41252
1569340199.66253
1569340199.91254
1569340200.16255
1569340200.41256
1569340200.66257
1569340200.91259
1569340201.1626
1569340201.41261
1569340201.66262
1569340201.91263
1569340202.16264
1569340202.41265
1569340202.66267
1569340202.91268
1569340203.16269
1569340203.4127
1569340203.66271
1569340203.91272
1569340204.16274
1569340204.41275
1569340204.66276
1569340204.91277
1569340205.16278
1569340205.41279
1569340205.66281
1569340205.91282
1569340206.16283
1569340206.41284
1569340206.66285
1569340206.91286
1569340207.16287
1569340207.41289
1569340207.6629
1569340207.91291
1569340208.16292
1569340208.41293
1569340208.66294
1569340208.91296
1569340209.16297
1569340209.41298
1569340209.66299
1569340209.913
1569340210.16301
1569340210.41303
1569340210.66304
1569340210.91305
1569340211.16306
1569340211.41307
1569340211.66308
1569340211.91309
1569340212.16311
1569340212.41312
1569340212.66313
1569340212.91314
1569340213.16315
1569340213.41316
1569340213.66318
1569340213.91319
1569340214.1632
1569340214.41321
1569340214.66322
1569340214.91323
1569340215.16325
1569340215.41326
1569340215.66327
1569340215.91328
1569340216.16329
1569340216.4133
1569340216.66331
1569340216.91333
1569340217.16334
1569340217.41335
1569340217.66336
1569340217.91337
1569340218.16338
1569340218.4134
1569340218.66341
1569340218.91342
1569340219.16343
1569340219.41344
1569340219.66345
1569340219.91347
1569340220.16348
1569340220.41349
1569340220.6635
1569340220.91351
1569340221.16352
1569340221.41353
1569340221.66355
1569340221.91356
1569340222.16357
1569340222.41358
1569340222.66359
1569340222.9136
1569340223.16362
1569340223.41363
1569340223.66364
1569340223.91365
1569340224.16366
1569340224.41367
1569340224.66369
1569340224.9137
1569340225.16371
1569340225.41372
1569340225.66373
1569340225.91374
1569340226.16375
1569340226.41377
1569340226.66378
1569340226.91379
1569340227.1638
1569340227.41381
1569340227.66382
1569340227.91384
1569340228.16385
1569340228.41386
1569340228.66387
1569340228.91388
1569340229.16389
1569340229.4139
1569340229.66392
1569340229.91393
1569340230.16394
1569340230.41395
1569340230.66396
1569340230.91397
1569340231.16399
1569340231.414
1569340231.66401
1569340231.91402
1569340232.16403
1569340232.41404
1569340232.66406
1569340232.91407
1569340233.16408
1569340233.41409
1569340233.6641
1569340233.91411
1569340234.16412
1569340234.41414
1569340234.66415
1569340234.91416
1569340235.16417
1569340235.41418
1569340235.66419
1569340235.91421
1569340236.16422
1569340236.41423
1569340236.66424
1569340236.91425
1569340237.16426
1569340237.41428
1569340237.66429
1569340237.9143
1569340238.16431
1569340238.41432
1569340238.66433
1569340238.91434
1569340239.16436
1569340239.41437
1569340239.66438
1569340239.91439
1569340240.1644
1569340240.41441
1569340240.66443
1569340240.91444
1569340241.16445
1569340241.41446
1569340241.66447
1569340241.91448
1569340242.1645
1569340242.41451
1569340242.66452
1569340242.91453
1569340243.16454
1569340243.41455
1569340243.66456
1569340243.91458
1569340244.16459
1569340244.4146
1569340244.66461
1569340244.91462
1569340245.16463
1569340245.41465
1569340245.66466
1569340245.91467
1569340246.16468
1569340246.41469
1569340246.6647
1569340246.91472
1569340247.16473
1569340247.41474
1569340247.66475
1569340247.91476
1569340248.16477
1569340248.41478
1569340248.6648
1569340248.91481
1569340249.16482
1569340249.41483
1569340249.66484
1569340249.91485
1569340250.16487
1569340250.41488
1569340250.66489
1569340250.9149
1569340251.16491
1569340251.41492
1569340251.66494
1569340251.91495
1569340252.16496
1569340252.41497
1569340252.66498
1569340252.91499
1569340253.165
1569340253.41502
1569340253.66503
1569340253.91504
1569340254.16505
1569340254.41506
1569340254.66507
1569340254.91509
1569340255.1651
1569340255.41511
1569340255.66512
1569340255.91513
1569340256.16514
1569340256.41515
1569340256.66517
1569340256.91518
1569340257.16519
1569340257.4152
1569340257.66521
1569340257.91522
1569340258.16524
1569340258.41525
1569340258.66526
1569340258.91527
1569340259.16528
1569340259.41529
1569340259.66531
1569340259.91532
1569340260.16533
1569340260.41534
1569340260.66535
1569340260.91536
1569340261.16537
1569340261.41539
1569340261.6654
1569340261.91541
1569340262.16542
1569340262.41543
1569340262.66544
1569340262.91546
1569340263.16547
1569340263.41548
1569340263.66549
1569340263.9155
1569340264.16551
1569340264.41553
1569340264.66554
1569340264.91555
1569340265.16556
1569340265.41557
1569340265.66558
1569340265.91559
1569340266.16561
1569340266.41562
1569340266.66563
1569340266.91564
1569340267.16565
1569340267.41566
1569340267.66568
1569340267.91569
1569340268.1657
1569340268.41571
1569340268.66572
1569340268.91573
1569340269.16575
1569340269.41576
1569340269.66577
1569340269.91578
1569340270.16579
1569340270.4158
1569340270.66581
1569340270.91583
1569340271.16584
1569340271.41585
1569340271.66586
1569340271.91587
1569340272.16588
1569340272.4159
1569340272.66591
1569340272.91592
1569340273.16593
1569340273.41594
1569340273.66595
1569340273.91597
1569340274.16598
1569340274.41599
1569340274.666
1569340274.91601
1569340275.16602
1569340275.41603
1569340275.66605
1569340275.91606
1569340276.16607
1569340276.41608
1569340276.66609
1569340276.9161
1569340277.16612
1569340277.41613
1569340277.66614
1569340277.91615
1569340278.16616
1569340278.41617
1569340278.66619
1569340278.9162
1569340279.16621
1569340279.41622
1569340279.66623
1569340279.91624
1569340280.16625
1569340280.41627
1569340280.66628
1569340280.91629
1569340281.1663
1569340281.41631
1569340281.66632
1569340281.91634
1569340282.16635
1569340282.41636
1569340282.66637
1569340282.91638
1569340283.16639
1569340283.41641
1569340283.66642
1569340283.91643
1569340284.16644
1569340284.41645
1569340284.66646
1569340284.91647
1569340285.16649
1569340285.4165
1569340285.66651
1569340285.91652
1569340286.16653
1569340286.41654
1569340286.66656
1569340286.91657
1569340287.16658
1569340287.41659
1569340287.6666
1569340287.91661
1569340288.16663
1569340288.41664
1569340288.66665
1569340288.91666
1569340289.16667
1569340289.41668
1569340289.66669
1569340289.91671
1569340290.16672
1569340290.41673
1569340290.66674
1569340290.91675
1569340291.16676
1569340291.41678
1569340291.66679
1569340291.9168
1569340292.16681
1569340292.41682
1569340292.66683
1569340292.91684
1569340293.16686
1569340293.41687
1569340293.66688
1569340293.91689
1569340294.1669
1569340294.41691
1569340294.66693
1569340294.91694
1569340295.16695
1569340295.41696
1569340295.66697
1569340295.91698
1569340296.167
1569340296.41701
1569340296.66702
1569340296.91703
1569340297.16704
1569340297.41705
1569340297.66706
1569340297.91708
1569340298.16709
1569340298.4171
1569340298.66711
1569340298.91712
1569340299.16713
1569340299.41715
1569340299.66716
1569340299.91717
1569340300.16718
1569340300.41719
1569340300.6672
1569340300.91722
1569340301.16723
1569340301.41724
1569340301.66725
1569340301.91726
1569340302.16727
1569340302.41728
1569340302.6673
1569340302.91731
1569340303.16732
1569340303.41733
1569340303.66734
1569340303.91735
1569340304.16737
1569340304.41738
1569340304.66739
1569340304.9174
1569340305.16741
1569340305.41742
1569340305.66744
1569340305.91745
1569340306.16746
1569340306.41747
1569340306.66748
1569340306.91749
1569340307.1675
1569340307.41752
1569340307.66753
1569340307.91754
1569340308.16755
1569340308.41756
1569340308.66757
1569340308.91759
1569340309.1676
1569340309.41761
1569340309.66762
1569340309.91763
1569340310.16764
1569340310.41766
1569340310.66767
1569340310.91768
1569340311.16769
1569340311.4177
1569340311.66771
1569340311.91772
1569340312.16774
1569340312.41775
1569340312.66776
1569340312.91777
1569340313.16778
1569340313.41779
1569340313.66781
1569340313.91782
1569340314.16783
1569340314.41784
1569340314.66785
1569340314.91786
1569340315.16788
1569340315.41789
1569340315.6679
1569340315.91791
1569340316.16792
1569340316.41793
1569340316.66794
1569340316.91796
1569340317.16797
1569340317.41798
1569340317.66799
1569340317.918
1569340318.16801
1569340318.41803
1569340318.66804
1569340318.91805
1569340319.16806
1569340319.41807
1569340319.66808
1569340319.9181
1569340320.16811
1569340320.41812
1569340320.66813
1569340320.91814
1569340321.16815
1569340321.41816
1569340321.66818
1569340321.91819
1569340322.1682
1569340322.41821
1569340322.66822
1569340322.91823
1569340323.16825
1569340323.41826
1569340323.66827
1569340323.91828
1569340324.16829
1569340324.4183
1569340324.66831
1569340324.91833
1569340325.16834
1569340325.41835
1569340325.66836
1569340325.91837
1569340326.16838
1569340326.4184
1569340326.66841
1569340326.91842
1569340327.16843
1569340327.41844
1569340327.66845
1569340327.91847
1569340328.16848
1569340328.41849
1569340328.6685
1569340328.91851
1569340329.16852
1569340329.41853
1569340329.66855
1569340329.91856
1569340330.16857
1569340330.41858
1569340330.66859
1569340330.9186
1569340331.16862
1569340331.41863
1569340331.66864
1569340331.91865
1569340332.16866
1569340332.41867
1569340332.66869
1569340332.9187
1569340333.16871
1569340333.41872
1569340333.66873
1569340333.91874
1569340334.16875
1569340334.41877
1569340334.66878
1569340334.91879
1569340335.1688
1569340335.41881
1569340335.66882
1569340335.91884
1569340336.16885
1569340336.41886
1569340336.66887
1569340336.91888
1569340337.16889
1569340337.41891
1569340337.66892
1569340337.91893
1569340338.16894
1569340338.41895
1569340338.66896
1569340338.91897
1569340339.16899
1569340339.419
1569340339.66901
1569340339.91902
1569340340.16903
1569340340.41904
1569340340.66906
1569340340.91907
1569340341.16908
1569340341.41909
1569340341.6691
1569340341.91911
1569340342.16913
1569340342.41914
1569340342.66915
1569340342.91916
1569340343.16917
1569340343.41918
1569340343.66919
1569340343.91921
1569340344.16922
1569340344.41923
1569340344.66924
1569340344.91925
1569340345.16926
1569340345.41928
1569340345.66929
1569340345.9193
1569340346.16931
1569340346.41932
1569340346.66933
1569340346.91935
1569340347.16936
1569340347.41937
1569340347.66938
1569340347.91939
1569340348.1694
1569340348.41941
1569340348.66943
1569340348.91944
1569340349.16945
1569340349.41946
1569340349.66947
1569340349.91948
1569340350.1695
1569340350.41951
1569340350.66952
1569340350.91953
1569340351.16954
1569340351.41955
1569340351.66956
1569340351.91958
1569340352.16959
1569340352.4196
1569340352.66961
1569340352.91962
1569340353.16963
1569340353.41965
1569340353.66966
1569340353.91967
1569340354.16968
1569340354.41969
1569340354.6697
1569340354.91972
1569340355.16973
1569340355.41974
1569340355.66975
1569340355.91976
1569340356.16977
1569340356.41979
1569340356.6698
1569340356.91981
1569340357.16982
1569340357.41983
1569340357.66984
1569340357.91985
1569340358.16987
1569340358.41988
1569340358.66989
1569340358.9199
1569340359.16991
1569340359.41992
1569340359.66994
1569340359.91995
1569340360.16996
1569340360.41997
1569340360.66998
1569340360.91999
1569340361.17
1569340361.42002
1569340361.67003
1569340361.92004
1569340362.17005
1569340362.42006
1569340362.67007
1569340362.92009
1569340363.1701
1569340363.42011
1569340363.67012
1569340363.92013
1569340364.17014
1569340364.42016
1569340364.67017
1569340364.92018
1569340365.17019
1569340365.4202
1569340365.67021
1569340365.92022
1569340366.17024
1569340366.42025
1569340366.67026
1569340366.92027
1569340367.17028
1569340367.42029
1569340367.67031
1569340367.92032
1569340368.17033
1569340368.42034
1569340368.67035
1569340368.92036
1569340369.17038
1569340369.42039
1569340369.6704
1569340369.92041
1569340370.17042
1569340370.42043
1569340370.67044
1569340370.92046
1569340371.17047
1569340371.42048
1569340371.67049
1569340371.9205
1569340372.17051
1569340372.42053
1569340372.67054
1569340372.92055
1569340373.17056
1569340373.42057
1569340373.67058
1569340373.9206
1569340374.17061
1569340374.42062
1569340374.67063
1569340374.92064
1569340375.17065
1569340375.42066
1569340375.67068
1569340375.92069
1569340376.1707
1569340376.42071
1569340376.67072
1569340376.92073
1569340377.17075
1569340377.42076
1569340377.67077
1569340377.92078
1569340378.17079
1569340378.4208
1569340378.67081
1569340378.92083
1569340379.17084
1569340379.42085
1569340379.67086
1569340379.92087
1569340380.17088
1569340380.4209
1569340380.67091
1569340380.92092
1569340381.17093
1569340381.42094
1569340381.67095
1569340381.92097
1569340382.17098
1569340382.42099
1569340382.671
1569340382.92101
1569340383.17102
1569340383.42104
1569340383.67105
1569340383.92106
1569340384.17107
1569340384.42108
1569340384.67109
1569340384.9211
1569340385.17112
1569340385.42113
1569340385.67114
1569340385.92115
1569340386.17116
1569340386.42117
1569340386.67119
1569340386.9212
1569340387.17121
1569340387.42122
1569340387.67123
1569340387.92124
1569340388.17125
1569340388.42127
1569340388.67128
1569340388.92129
1569340389.1713
1569340389.42131
1569340389.67132
1569340389.92134
1569340390.17135
1569340390.42136
1569340390.67137
1569340390.92138
1569340391.17139
1569340391.42141
1569340391.67142
1569340391.92143
1569340392.17144
1569340392.42145
1569340392.67146
1569340392.92147
1569340393.17149
