34.55
34.55
34.55
34.55
34.55
34.55
34.55
34.55
34.53
34.53
34.53
34.53
34.51
34.51
34.51
34.51
34.53
34.53
34.53
34.53
34.53
34.53
34.53
34.53
34.53
34.53
34.53
34.53
34.53
34.53
34.53
34.53
34.53
34.53
34.53
34.53
34.53
34.53
34.53
34.53
34.51
34.51
34.51
34.51
34.51
34.51
34.51
34.51
34.53
34.53
34.53
34.53
34.51
34.51
34.51
34.51
34.53
34.53
34.53
34.53
34.53
34.53
34.53
34.53
34.49
34.49
34.49
34.49
34.51
34.51
34.51
34.51
34.53
34.53
34.53
34.53
34.51
34.51
34.51
34.51
34.51
34.51
34.51
34.51
34.51
34.51
34.51
34.51
34.53
34.53
34.53
34.53
34.51
34.51
34.51
34.51
34.51
34.51
34.51
34.51
34.51
34.51
34.51
34.51
34.51
34.51
34.51
34.51
34.49
34.49
34.49
34.49
34.51
34.51
34.51
34.51
34.47
34.47
34.47
34.47
34.47
34.47
34.47
34.47
34.49
34.49
34.49
34.49
34.49
34.49
34.49
34.49
34.49
34.49
34.49
34.49
34.49
34.49
34.49
34.49
34.47
34.47
34.47
34.47
34.47
34.47
34.47
34.47
34.49
34.49
34.49
34.49
34.47
34.47
34.47
34.47
34.47
34.47
34.47
34.47
34.45
34.45
34.45
34.45
34.45
34.45
34.45
34.45
34.45
34.45
34.45
34.45
34.47
34.47
34.47
34.47
34.47
34.47
34.47
34.47
34.43
34.43
34.43
34.43
34.47
34.47
34.47
34.47
34.45
34.45
34.45
34.45
34.45
34.45
34.45
34.45
34.45
34.45
34.45
34.45
34.47
34.47
34.47
34.47
34.47
34.47
34.47
34.47
34.43
34.43
34.43
34.43
34.45
34.45
34.45
34.45
34.47
34.47
34.47
34.47
34.45
34.45
34.45
34.45
34.45
34.45
34.45
34.45
34.45
34.45
34.45
34.45
34.45
34.45
34.45
34.45
34.45
34.45
34.45
34.45
34.47
34.47
34.47
34.47
34.47
34.47
34.47
34.47
34.45
34.45
34.45
34.45
34.45
34.45
34.45
34.45
34.45
34.45
34.45
34.45
34.47
34.47
34.47
34.47
34.47
34.47
34.47
34.47
34.47
34.47
34.47
34.47
34.47
34.47
34.47
34.47
34.47
34.47
34.47
34.47
34.47
34.47
34.47
34.47
34.47
34.47
34.47
34.47
34.47
34.47
34.47
34.47
34.47
34.47
34.47
34.47
34.47
34.47
34.47
34.47
34.47
34.47
34.47
34.47
34.49
34.49
34.49
34.49
34.49
34.49
34.49
34.49
34.47
34.47
34.47
34.47
34.51
34.51
34.51
34.51
34.49
34.49
34.49
34.49
34.51
34.51
34.51
34.51
34.51
34.51
34.51
34.51
34.51
34.51
34.51
34.51
34.51
34.51
34.51
34.51
34.51
34.51
34.51
34.51
34.51
34.51
34.51
34.51
34.53
34.53
34.53
34.53
34.51
34.51
34.51
34.51
34.53
34.53
34.53
34.53
34.51
34.51
34.51
34.51
34.53
34.53
34.53
34.53
34.53
34.53
34.53
34.53
34.55
34.55
34.55
34.55
34.53
34.53
34.53
34.53
34.53
34.53
34.53
34.53
34.53
34.53
34.53
34.53
34.53
34.53
34.53
34.53
34.53
34.53
34.53
34.53
34.51
34.51
34.51
34.51
34.53
34.53
34.53
34.53
34.55
34.55
34.55
34.55
34.53
34.53
34.53
34.53
34.53
34.53
34.53
34.53
34.53
34.53
34.53
34.53
34.53
34.53
34.53
34.53
34.53
34.53
34.53
34.53
34.53
34.53
34.53
34.53
34.53
34.53
34.53
34.53
34.53
34.53
34.53
34.53
34.53
34.53
34.53
34.53
34.53
34.53
34.53
34.53
34.57
34.57
34.57
34.57
34.55
34.55
34.55
34.55
34.57
34.57
34.57
34.57
34.57
34.57
34.57
34.57
34.55
34.55
34.55
34.55
34.55
34.55
34.55
34.55
34.57
34.57
34.57
34.57
34.55
34.55
34.55
34.55
34.53
34.53
34.53
34.53
34.57
34.57
34.57
34.57
34.55
34.55
34.55
34.55
34.55
34.55
34.55
34.55
34.57
34.57
34.57
34.57
34.55
34.55
34.55
34.55
34.57
34.57
34.57
34.57
34.57
34.57
34.57
34.57
34.57
34.57
34.57
34.57
34.57
34.57
34.57
34.57
34.57
34.57
34.57
34.57
34.57
34.57
34.57
34.57
34.57
34.57
34.57
34.57
34.57
34.57
34.57
34.57
34.57
34.57
34.57
34.57
34.59
34.59
34.59
34.59
34.57
34.57
34.57
34.57
34.59
34.59
34.59
34.59
34.61
34.61
34.61
34.61
34.59
34.59
34.59
34.59
34.57
34.57
34.57
34.57
34.59
34.59
34.59
34.59
34.59
34.59
34.59
34.59
34.59
34.59
34.59
34.59
34.61
34.61
34.61
34.61
34.61
34.61
34.61
34.61
34.61
34.61
34.61
34.61
34.61
34.61
34.61
34.61
34.61
34.61
34.61
34.61
34.63
34.63
34.63
34.63
34.63
34.63
34.63
34.63
34.61
34.61
34.61
34.61
34.63
34.63
34.63
34.63
34.63
34.63
34.63
34.63
34.65
34.65
34.65
34.65
34.65
34.65
34.65
34.65
34.67
34.67
34.67
34.67
34.67
34.67
34.67
34.67
34.67
34.67
34.67
34.67
34.67
34.67
34.67
34.67
34.65
34.65
34.65
34.65
34.67
34.67
34.67
34.67
34.67
34.67
34.67
34.67
34.65
34.65
34.65
34.65
34.67
34.67
34.67
34.67
34.67
34.67
34.67
34.67
34.67
34.67
34.67
34.67
34.69
34.69
34.69
34.69
34.69
34.69
34.69
34.69
34.67
34.67
34.67
34.67
34.69
34.69
34.69
34.69
34.67
34.67
34.67
34.67
34.69
34.69
34.69
34.69
34.71
34.71
34.71
34.71
34.67
34.67
34.67
34.67
34.69
34.69
34.69
34.69
34.73
34.73
34.73
34.73
34.71
34.71
34.71
34.71
34.73
34.73
34.73
34.73
34.71
34.71
34.71
34.71
34.73
34.73
34.73
34.73
34.71
34.71
34.71
34.71
34.73
34.73
34.73
34.73
34.71
34.71
34.71
34.71
34.73
34.73
34.73
34.73
34.73
34.73
34.73
34.73
34.73
34.73
34.73
34.73
34.73
34.73
34.73
34.73
34.73
34.73
34.73
34.73
34.71
34.71
34.71
34.71
34.73
34.73
34.73
34.73
34.75
34.75
34.75
34.75
34.75
34.75
34.75
34.75
34.77
34.77
34.77
34.77
34.77
34.77
34.77
34.77
34.75
34.75
34.75
34.75
34.75
34.75
34.75
34.75
34.77
34.77
34.77
34.77
34.75
34.75
34.75
34.75
34.77
34.77
34.77
34.77
34.79
34.79
34.79
34.79
34.79
34.79
34.79
34.79
34.79
34.79
34.79
34.79
34.81
34.81
34.81
34.81
34.81
34.81
34.81
34.81
34.81
34.81
34.81
34.81
34.81
34.81
34.81
34.81
34.79
34.79
34.79
34.79
34.81
34.81
34.81
34.81
34.81
34.81
34.81
34.81
34.81
34.81
34.81
34.81
34.83
34.83
34.83
34.83
34.83
34.83
34.83
34.83
34.81
34.81
34.81
34.81
34.83
34.83
34.83
34.83
34.83
34.83
34.83
34.83
34.85
34.85
34.85
34.85
34.85
34.85
34.85
34.85
34.87
34.87
34.87
34.87
34.83
34.83
34.83
34.83
34.85
34.85
34.85
34.85
34.85
34.85
34.85
34.85
34.83
34.83
34.83
34.83
34.85
34.85
34.85
34.85
34.85
34.85
34.85
34.85
34.83
34.83
34.83
34.83
34.83
34.83
34.83
34.83
34.85
34.85
34.85
34.85
34.85
34.85
34.85
34.85
34.85
34.85
34.85
34.85
34.85
34.85
34.85
34.85
34.85
34.85
34.85
34.85
34.85
34.85
34.85
34.85
34.87
34.87
34.87
34.87
34.87
34.87
34.87
34.87
34.85
34.85
34.85
34.85
34.87
34.87
34.87
34.87
34.87
34.87
34.87
34.87
34.89
34.89
34.89
34.89
34.87
34.87
34.87
34.87
34.87
34.87
34.87
34.87
34.87
34.87
34.87
34.87
34.89
34.89
34.89
34.89
34.87
34.87
34.87
34.87
34.87
34.87
34.87
34.87
34.89
34.89
34.89
34.89
34.89
34.89
34.89
34.89
34.89
34.89
34.89
34.89
34.89
34.89
34.89
34.89
34.89
34.89
34.89
34.89
34.89
34.89
34.89
34.89
34.87
34.87
34.87
34.87
34.89
34.89
34.89
34.89
34.89
34.89
34.89
34.89
34.89
34.89
34.89
34.89
34.87
34.87
34.87
34.87
34.89
34.89
34.89
34.89
34.91
34.91
34.91
34.91
34.87
34.87
34.87
34.87
34.89
34.89
34.89
34.89
34.91
34.91
34.91
34.91
34.87
34.87
34.87
34.87
34.87
34.87
34.87
34.87
34.91
34.91
34.91
34.91
34.87
34.87
34.87
34.87
34.89
34.89
34.89
34.89
34.89
34.89
34.89
34.89
34.91
34.91
34.91
34.91
34.89
34.89
34.89
34.89
34.87
34.87
34.87
34.87
34.87
34.87
34.87
34.87
34.89
34.89
34.89
34.89
34.89
34.89
34.89
34.89
34.89
34.89
34.89
34.89
34.87
34.87
34.87
34.87
34.91
34.91
34.91
34.91
34.91
34.91
34.91
34.91
34.89
34.89
34.89
34.89
34.89
34.89
34.89
34.89
34.91
34.91
34.91
34.91
34.89
34.89
34.89
34.89
34.91
34.91
34.91
34.91
34.89
34.89
34.89
34.89
34.89
34.89
34.89
34.89
34.91
34.91
34.91
34.91
34.89
34.89
34.89
34.89
34.91
34.91
34.91
34.91
34.91
34.91
34.91
34.91
34.91
34.91
34.91
34.91
34.91
34.91
34.91
34.91
34.93
34.93
34.93
34.93
34.91
34.91
34.91
34.91
34.91
34.91
34.91
34.91
34.91
34.91
34.91
34.91
34.93
34.93
34.93
34.93
34.93
34.93
34.93
34.93
34.93
34.93
34.93
34.93
34.93
34.93
34.93
34.93
34.93
34.93
34.93
34.93
34.93
34.93
34.93
34.93
34.93
34.93
34.93
34.93
34.91
34.91
34.91
34.91
34.93
34.93
34.93
34.93
34.93
34.93
34.93
34.93
34.93
34.93
34.93
34.93
34.93
34.93
34.93
34.93
34.93
34.93
34.93
34.93
34.93
34.93
34.93
34.93
34.95
34.95
34.95
34.95
34.93
34.93
34.93
34.93
34.93
34.93
34.93
34.93
34.93
34.93
34.93
34.93
34.93
34.93
34.93
34.93
34.93
34.93
34.93
34.93
34.95
34.95
34.95
34.95
34.93
34.93
34.93
34.93
34.93
34.93
34.93
34.93
34.93
34.93
34.93
34.93
34.93
34.93
34.93
34.93
34.93
34.93
34.93
34.93
34.93
34.93
34.93
34.93
