1569336035.21973
1569336035.46974
1569336035.71975
1569336035.96976
1569336036.21977
1569336036.46978
1569336036.7198
1569336036.96981
1569336037.21982
1569336037.46983
1569336037.71984
1569336037.96985
1569336038.21987
1569336038.46988
1569336038.71989
1569336038.9699
1569336039.21991
1569336039.46992
1569336039.71994
1569336039.96995
1569336040.21996
1569336040.46997
1569336040.71998
1569336040.96999
1569336041.22
1569336041.47002
1569336041.72003
1569336041.97004
1569336042.22005
1569336042.47006
1569336042.72007
1569336042.97009
1569336043.2201
1569336043.47011
1569336043.72012
1569336043.97013
1569336044.22014
1569336044.47016
1569336044.72017
1569336044.97018
1569336045.22019
1569336045.4702
1569336045.72021
1569336045.97022
1569336046.22024
1569336046.47025
1569336046.72026
1569336046.97027
1569336047.22028
1569336047.47029
1569336047.72031
1569336047.97032
1569336048.22033
1569336048.47034
1569336048.72035
1569336048.97036
1569336049.22038
1569336049.47039
1569336049.7204
1569336049.97041
1569336050.22042
1569336050.47043
1569336050.72044
1569336050.97046
1569336051.22047
1569336051.47048
1569336051.72049
1569336051.9705
1569336052.22051
1569336052.47053
1569336052.72054
1569336052.97055
1569336053.22056
1569336053.47057
1569336053.72058
1569336053.97059
1569336054.22061
1569336054.47062
1569336054.72063
1569336054.97064
1569336055.22065
1569336055.47066
1569336055.72068
1569336055.97069
1569336056.2207
1569336056.47071
1569336056.72072
1569336056.97073
1569336057.22075
1569336057.47076
1569336057.72077
1569336057.97078
1569336058.22079
1569336058.4708
1569336058.72081
1569336058.97083
1569336059.22084
1569336059.47085
1569336059.72086
1569336059.97087
1569336060.22088
1569336060.4709
1569336060.72091
1569336060.97092
1569336061.22093
1569336061.47094
1569336061.72095
1569336061.97097
1569336062.22098
1569336062.47099
1569336062.721
1569336062.97101
1569336063.22102
1569336063.47103
1569336063.72105
1569336063.97106
1569336064.22107
1569336064.47108
1569336064.72109
1569336064.9711
1569336065.22112
1569336065.47113
1569336065.72114
1569336065.97115
1569336066.22116
1569336066.47117
1569336066.72119
1569336066.9712
1569336067.22121
1569336067.47122
1569336067.72123
1569336067.97124
1569336068.22125
1569336068.47127
1569336068.72128
1569336068.97129
1569336069.2213
1569336069.47131
1569336069.72132
1569336069.97134
1569336070.22135
1569336070.47136
1569336070.72137
1569336070.97138
1569336071.22139
1569336071.47141
1569336071.72142
1569336071.97143
1569336072.22144
1569336072.47145
1569336072.72146
1569336072.97147
1569336073.22149
1569336073.4715
1569336073.72151
1569336073.97152
1569336074.22153
1569336074.47154
1569336074.72156
1569336074.97157
1569336075.22158
1569336075.47159
1569336075.7216
1569336075.97161
1569336076.22163
1569336076.47164
1569336076.72165
1569336076.97166
1569336077.22167
1569336077.47168
1569336077.72169
1569336077.97171
1569336078.22172
1569336078.47173
1569336078.72174
1569336078.97175
1569336079.22176
1569336079.47178
1569336079.72179
1569336079.9718
1569336080.22181
1569336080.47182
1569336080.72183
1569336080.97185
1569336081.22186
1569336081.47187
1569336081.72188
1569336081.97189
1569336082.2219
1569336082.47191
1569336082.72193
1569336082.97194
1569336083.22195
1569336083.47196
1569336083.72197
1569336083.97198
1569336084.222
1569336084.47201
1569336084.72202
1569336084.97203
1569336085.22204
1569336085.47205
1569336085.72206
1569336085.97208
1569336086.22209
1569336086.4721
1569336086.72211
1569336086.97212
1569336087.22213
1569336087.47215
1569336087.72216
1569336087.97217
1569336088.22218
1569336088.47219
1569336088.7222
1569336088.97222
1569336089.22223
1569336089.47224
1569336089.72225
1569336089.97226
1569336090.22227
1569336090.47228
1569336090.7223
1569336090.97231
1569336091.22232
1569336091.47233
1569336091.72234
1569336091.97235
1569336092.22237
1569336092.47238
1569336092.72239
1569336092.9724
1569336093.22241
1569336093.47242
1569336093.72244
1569336093.97245
1569336094.22246
1569336094.47247
1569336094.72248
1569336094.97249
1569336095.2225
1569336095.47252
1569336095.72253
1569336095.97254
1569336096.22255
1569336096.47256
1569336096.72257
1569336096.97259
1569336097.2226
1569336097.47261
1569336097.72262
1569336097.97263
1569336098.22264
1569336098.47266
1569336098.72267
1569336098.97268
1569336099.22269
1569336099.4727
1569336099.72271
1569336099.97272
1569336100.22274
1569336100.47275
1569336100.72276
1569336100.97277
1569336101.22278
1569336101.47279
1569336101.72281
1569336101.97282
1569336102.22283
1569336102.47284
1569336102.72285
1569336102.97286
1569336103.22288
1569336103.47289
1569336103.7229
1569336103.97291
1569336104.22292
1569336104.47293
1569336104.72294
1569336104.97296
1569336105.22297
1569336105.47298
1569336105.72299
1569336105.973
1569336106.22301
1569336106.47303
1569336106.72304
1569336106.97305
1569336107.22306
1569336107.47307
1569336107.72308
1569336107.9731
1569336108.22311
1569336108.47312
1569336108.72313
1569336108.97314
1569336109.22315
1569336109.47316
1569336109.72318
1569336109.97319
1569336110.2232
1569336110.47321
1569336110.72322
1569336110.97323
1569336111.22325
1569336111.47326
1569336111.72327
1569336111.97328
1569336112.22329
1569336112.4733
1569336112.72332
1569336112.97333
1569336113.22334
1569336113.47335
1569336113.72336
1569336113.97337
1569336114.22338
1569336114.4734
1569336114.72341
1569336114.97342
1569336115.22343
1569336115.47344
1569336115.72345
1569336115.97347
1569336116.22348
1569336116.47349
1569336116.7235
1569336116.97351
1569336117.22352
1569336117.47354
1569336117.72355
1569336117.97356
1569336118.22357
1569336118.47358
1569336118.72359
1569336118.9736
1569336119.22362
1569336119.47363
1569336119.72364
1569336119.97365
1569336120.22366
1569336120.47367
1569336120.72369
1569336120.9737
1569336121.22371
1569336121.47372
1569336121.72373
1569336121.97374
1569336122.22375
1569336122.47377
1569336122.72378
1569336122.97379
1569336123.2238
1569336123.47381
1569336123.72382
1569336123.97384
1569336124.22385
1569336124.47386
1569336124.72387
1569336124.97388
1569336125.22389
1569336125.47391
1569336125.72392
1569336125.97393
1569336126.22394
1569336126.47395
1569336126.72396
1569336126.97397
1569336127.22399
1569336127.474
1569336127.72401
1569336127.97402
1569336128.22403
1569336128.47404
1569336128.72406
1569336128.97407
1569336129.22408
1569336129.47409
1569336129.7241
1569336129.97411
1569336130.22413
1569336130.47414
1569336130.72415
1569336130.97416
1569336131.22417
1569336131.47418
1569336131.72419
1569336131.97421
1569336132.22422
1569336132.47423
1569336132.72424
1569336132.97425
1569336133.22426
1569336133.47428
1569336133.72429
1569336133.9743
1569336134.22431
1569336134.47432
1569336134.72433
1569336134.97435
1569336135.22436
1569336135.47437
1569336135.72438
1569336135.97439
1569336136.2244
1569336136.47441
1569336136.72443
1569336136.97444
1569336137.22445
1569336137.47446
1569336137.72447
1569336137.97448
1569336138.2245
1569336138.47451
1569336138.72452
1569336138.97453
1569336139.22454
1569336139.47455
1569336139.72457
1569336139.97458
1569336140.22459
1569336140.4746
1569336140.72461
1569336140.97462
1569336141.22463
1569336141.47465
1569336141.72466
1569336141.97467
1569336142.22468
1569336142.47469
1569336142.7247
1569336142.97472
1569336143.22473
1569336143.47474
1569336143.72475
1569336143.97476
1569336144.22477
1569336144.47479
1569336144.7248
1569336144.97481
1569336145.22482
1569336145.47483
1569336145.72484
1569336145.97485
1569336146.22487
1569336146.47488
1569336146.72489
1569336146.9749
1569336147.22491
1569336147.47492
1569336147.72494
1569336147.97495
1569336148.22496
1569336148.47497
1569336148.72498
1569336148.97499
1569336149.225
1569336149.47502
1569336149.72503
1569336149.97504
1569336150.22505
1569336150.47506
1569336150.72507
1569336150.97509
1569336151.2251
1569336151.47511
1569336151.72512
1569336151.97513
1569336152.22514
1569336152.47516
1569336152.72517
1569336152.97518
1569336153.22519
1569336153.4752
1569336153.72521
1569336153.97522
1569336154.22524
1569336154.47525
1569336154.72526
1569336154.97527
1569336155.22528
1569336155.47529
1569336155.72531
1569336155.97532
1569336156.22533
1569336156.47534
1569336156.72535
1569336156.97536
1569336157.22538
1569336157.47539
1569336157.7254
1569336157.97541
1569336158.22542
1569336158.47543
1569336158.72544
1569336158.97546
1569336159.22547
1569336159.47548
1569336159.72549
1569336159.9755
1569336160.22551
1569336160.47553
1569336160.72554
1569336160.97555
1569336161.22556
1569336161.47557
1569336161.72558
1569336161.9756
1569336162.22561
1569336162.47562
1569336162.72563
1569336162.97564
1569336163.22565
1569336163.47566
1569336163.72568
1569336163.97569
1569336164.2257
1569336164.47571
1569336164.72572
1569336164.97573
1569336165.22575
1569336165.47576
1569336165.72577
1569336165.97578
1569336166.22579
1569336166.4758
1569336166.72582
1569336166.97583
1569336167.22584
1569336167.47585
1569336167.72586
1569336167.97587
1569336168.22588
1569336168.4759
1569336168.72591
1569336168.97592
1569336169.22593
1569336169.47594
1569336169.72595
1569336169.97597
1569336170.22598
1569336170.47599
1569336170.726
1569336170.97601
1569336171.22602
1569336171.47604
1569336171.72605
1569336171.97606
1569336172.22607
1569336172.47608
1569336172.72609
1569336172.9761
1569336173.22612
1569336173.47613
1569336173.72614
1569336173.97615
1569336174.22616
1569336174.47617
1569336174.72619
1569336174.9762
1569336175.22621
1569336175.47622
1569336175.72623
1569336175.97624
1569336176.22625
1569336176.47627
1569336176.72628
1569336176.97629
1569336177.2263
1569336177.47631
1569336177.72632
1569336177.97634
1569336178.22635
1569336178.47636
1569336178.72637
1569336178.97638
1569336179.22639
1569336179.47641
1569336179.72642
1569336179.97643
1569336180.22644
1569336180.47645
1569336180.72646
1569336180.97648
1569336181.22649
1569336181.4765
1569336181.72651
1569336181.97652
1569336182.22653
1569336182.47654
1569336182.72656
1569336182.97657
1569336183.22658
1569336183.47659
1569336183.7266
1569336183.97661
1569336184.22663
1569336184.47664
1569336184.72665
1569336184.97666
1569336185.22667
1569336185.47668
1569336185.72669
1569336185.97671
1569336186.22672
1569336186.47673
1569336186.72674
1569336186.97675
1569336187.22676
1569336187.47678
1569336187.72679
1569336187.9768
1569336188.22681
1569336188.47682
1569336188.72683
1569336188.97685
1569336189.22686
1569336189.47687
1569336189.72688
1569336189.97689
1569336190.2269
1569336190.47691
1569336190.72693
1569336190.97694
1569336191.22695
1569336191.47696
1569336191.72697
1569336191.97698
1569336192.227
1569336192.47701
1569336192.72702
1569336192.97703
1569336193.22704
1569336193.47705
1569336193.72707
1569336193.97708
1569336194.22709
1569336194.4771
1569336194.72711
1569336194.97712
1569336195.22713
1569336195.47715
1569336195.72716
1569336195.97717
1569336196.22718
1569336196.47719
1569336196.7272
1569336196.97722
1569336197.22723
1569336197.47724
1569336197.72725
1569336197.97726
1569336198.22727
1569336198.47729
1569336198.7273
1569336198.97731
1569336199.22732
1569336199.47733
1569336199.72734
1569336199.97735
1569336200.22737
1569336200.47738
1569336200.72739
1569336200.9774
1569336201.22741
1569336201.47742
1569336201.72744
1569336201.97745
1569336202.22746
1569336202.47747
1569336202.72748
1569336202.97749
1569336203.22751
1569336203.47752
1569336203.72753
1569336203.97754
1569336204.22755
1569336204.47756
1569336204.72757
1569336204.97759
1569336205.2276
1569336205.47761
1569336205.72762
1569336205.97763
1569336206.22764
1569336206.47766
1569336206.72767
1569336206.97768
1569336207.22769
1569336207.4777
1569336207.72771
1569336207.97773
1569336208.22774
1569336208.47775
1569336208.72776
1569336208.97777
1569336209.22778
1569336209.47779
1569336209.72781
1569336209.97782
1569336210.22783
1569336210.47784
1569336210.72785
1569336210.97786
1569336211.22788
1569336211.47789
1569336211.7279
1569336211.97791
1569336212.22792
1569336212.47793
1569336212.72794
1569336212.97796
1569336213.22797
1569336213.47798
1569336213.72799
1569336213.978
1569336214.22801
1569336214.47803
1569336214.72804
1569336214.97805
1569336215.22806
1569336215.47807
1569336215.72808
1569336215.9781
1569336216.22811
1569336216.47812
1569336216.72813
1569336216.97814
1569336217.22815
1569336217.47816
1569336217.72818
1569336217.97819
1569336218.2282
1569336218.47821
1569336218.72822
1569336218.97823
1569336219.22825
1569336219.47826
1569336219.72827
1569336219.97828
1569336220.22829
1569336220.4783
1569336220.72832
1569336220.97833
1569336221.22834
1569336221.47835
1569336221.72836
1569336221.97837
1569336222.22838
1569336222.4784
1569336222.72841
1569336222.97842
1569336223.22843
1569336223.47844
1569336223.72845
1569336223.97847
1569336224.22848
1569336224.47849
1569336224.7285
1569336224.97851
1569336225.22852
1569336225.47854
1569336225.72855
1569336225.97856
1569336226.22857
1569336226.47858
1569336226.72859
1569336226.9786
1569336227.22862
1569336227.47863
1569336227.72864
1569336227.97865
1569336228.22866
1569336228.47867
1569336228.72869
1569336228.9787
1569336229.22871
1569336229.47872
1569336229.72873
1569336229.97874
1569336230.22876
1569336230.47877
1569336230.72878
1569336230.97879
1569336231.2288
1569336231.47881
1569336231.72882
1569336231.97884
1569336232.22885
1569336232.47886
1569336232.72887
1569336232.97888
1569336233.22889
1569336233.47891
1569336233.72892
1569336233.97893
1569336234.22894
1569336234.47895
1569336234.72896
1569336234.97898
1569336235.22899
1569336235.479
1569336235.72901
1569336235.97902
1569336236.22903
1569336236.47904
1569336236.72906
1569336236.97907
1569336237.22908
1569336237.47909
1569336237.7291
1569336237.97911
1569336238.22913
1569336238.47914
1569336238.72915
1569336238.97916
1569336239.22917
1569336239.47918
1569336239.7292
1569336239.97921
1569336240.22922
1569336240.47923
1569336240.72924
1569336240.97925
1569336241.22926
1569336241.47928
1569336241.72929
1569336241.9793
1569336242.22931
1569336242.47932
1569336242.72933
1569336242.97935
1569336243.22936
1569336243.47937
1569336243.72938
1569336243.97939
1569336244.2294
1569336244.47941
1569336244.72943
1569336244.97944
1569336245.22945
1569336245.47946
1569336245.72947
1569336245.97948
1569336246.2295
1569336246.47951
1569336246.72952
1569336246.97953
1569336247.22954
1569336247.47955
1569336247.72957
1569336247.97958
1569336248.22959
1569336248.4796
1569336248.72961
1569336248.97962
1569336249.22963
1569336249.47965
1569336249.72966
1569336249.97967
1569336250.22968
1569336250.47969
1569336250.7297
1569336250.97972
1569336251.22973
1569336251.47974
1569336251.72975
1569336251.97976
1569336252.22977
1569336252.47979
1569336252.7298
1569336252.97981
1569336253.22982
1569336253.47983
1569336253.72984
1569336253.97985
1569336254.22987
1569336254.47988
1569336254.72989
1569336254.9799
1569336255.22991
1569336255.47992
1569336255.72994
1569336255.97995
1569336256.22996
1569336256.47997
1569336256.72998
1569336256.97999
1569336257.23001
1569336257.48002
1569336257.73003
1569336257.98004
1569336258.23005
1569336258.48006
1569336258.73007
1569336258.98009
1569336259.2301
1569336259.48011
1569336259.73012
1569336259.98013
1569336260.23014
1569336260.48016
1569336260.73017
1569336260.98018
1569336261.23019
1569336261.4802
1569336261.73021
1569336261.98023
1569336262.23024
1569336262.48025
1569336262.73026
1569336262.98027
1569336263.23028
1569336263.48029
1569336263.73031
1569336263.98032
1569336264.23033
1569336264.48034
1569336264.73035
1569336264.98036
1569336265.23038
1569336265.48039
1569336265.7304
1569336265.98041
1569336266.23042
1569336266.48043
1569336266.73045
1569336266.98046
1569336267.23047
1569336267.48048
1569336267.73049
1569336267.9805
1569336268.23051
1569336268.48053
1569336268.73054
1569336268.98055
1569336269.23056
1569336269.48057
1569336269.73058
1569336269.9806
1569336270.23061
1569336270.48062
1569336270.73063
1569336270.98064
1569336271.23065
1569336271.48066
1569336271.73068
1569336271.98069
1569336272.2307
1569336272.48071
1569336272.73072
1569336272.98073
1569336273.23075
1569336273.48076
1569336273.73077
1569336273.98078
1569336274.23079
1569336274.4808
1569336274.73082
1569336274.98083
1569336275.23084
1569336275.48085
1569336275.73086
1569336275.98087
1569336276.23089
1569336276.4809
1569336276.73091
1569336276.98092
1569336277.23093
1569336277.48094
1569336277.73095
1569336277.98097
1569336278.23098
1569336278.48099
1569336278.731
1569336278.98101
1569336279.23102
1569336279.48104
1569336279.73105
1569336279.98106
1569336280.23107
1569336280.48108
1569336280.73109
1569336280.9811
1569336281.23112
1569336281.48113
1569336281.73114
1569336281.98115
1569336282.23116
1569336282.48117
1569336282.73119
1569336282.9812
1569336283.23121
1569336283.48122
1569336283.73123
1569336283.98124
1569336284.23126
1569336284.48127
1569336284.73128
1569336284.98129
1569336285.2313
1569336285.48131
1569336285.73132
1569336285.98134
1569336286.23135
1569336286.48136
1569336286.73137
1569336286.98138
1569336287.23139
1569336287.48141
1569336287.73142
1569336287.98143
1569336288.23144
1569336288.48145
1569336288.73146
1569336288.98148
1569336289.23149
1569336289.4815
1569336289.73151
1569336289.98152
1569336290.23153
1569336290.48154
1569336290.73156
1569336290.98157
1569336291.23158
1569336291.48159
1569336291.7316
1569336291.98161
1569336292.23163
1569336292.48164
1569336292.73165
1569336292.98166
1569336293.23167
1569336293.48168
1569336293.7317
1569336293.98171
1569336294.23172
1569336294.48173
1569336294.73174
1569336294.98175
1569336295.23176
1569336295.48178
1569336295.73179
1569336295.9818
1569336296.23181
1569336296.48182
1569336296.73183
1569336296.98185
1569336297.23186
1569336297.48187
1569336297.73188
1569336297.98189
1569336298.2319
1569336298.48192
1569336298.73193
1569336298.98194
1569336299.23195
1569336299.48196
1569336299.73197
1569336299.98198
1569336300.232
1569336300.48201
1569336300.73202
1569336300.98203
1569336301.23204
1569336301.48205
1569336301.73207
1569336301.98208
1569336302.23209
1569336302.4821
1569336302.73211
1569336302.98212
1569336303.23214
1569336303.48215
1569336303.73216
1569336303.98217
1569336304.23218
1569336304.48219
1569336304.7322
1569336304.98222
1569336305.23223
1569336305.48224
1569336305.73225
1569336305.98226
1569336306.23227
1569336306.48229
1569336306.7323
1569336306.98231
1569336307.23232
1569336307.48233
1569336307.73234
1569336307.98235
1569336308.23237
1569336308.48238
1569336308.73239
1569336308.9824
1569336309.23241
1569336309.48242
1569336309.73244
1569336309.98245
1569336310.23246
1569336310.48247
1569336310.73248
1569336310.98249
1569336311.23251
1569336311.48252
1569336311.73253
1569336311.98254
1569336312.23255
1569336312.48256
1569336312.73257
1569336312.98259
1569336313.2326
1569336313.48261
1569336313.73262
1569336313.98263
1569336314.23264
1569336314.48266
1569336314.73267
1569336314.98268
1569336315.23269
1569336315.4827
1569336315.73271
1569336315.98273
1569336316.23274
1569336316.48275
1569336316.73276
1569336316.98277
1569336317.23278
1569336317.48279
1569336317.73281
1569336317.98282
1569336318.23283
1569336318.48284
1569336318.73285
1569336318.98286
1569336319.23288
1569336319.48289
1569336319.7329
1569336319.98291
1569336320.23292
1569336320.48293
1569336320.73295
1569336320.98296
1569336321.23297
1569336321.48298
1569336321.73299
1569336321.983
1569336322.23301
1569336322.48303
1569336322.73304
1569336322.98305
1569336323.23306
1569336323.48307
1569336323.73308
1569336323.9831
1569336324.23311
1569336324.48312
1569336324.73313
1569336324.98314
1569336325.23315
1569336325.48317
1569336325.73318
1569336325.98319
1569336326.2332
1569336326.48321
1569336326.73322
1569336326.98323
1569336327.23325
1569336327.48326
1569336327.73327
1569336327.98328
1569336328.23329
1569336328.4833
1569336328.73332
1569336328.98333
1569336329.23334
1569336329.48335
1569336329.73336
1569336329.98337
1569336330.23339
1569336330.4834
1569336330.73341
1569336330.98342
1569336331.23343
1569336331.48344
1569336331.73345
1569336331.98347
1569336332.23348
1569336332.48349
1569336332.7335
1569336332.98351
1569336333.23352
1569336333.48354
1569336333.73355
1569336333.98356
1569336334.23357
1569336334.48358
1569336334.73359
1569336334.9836
1569336335.23362
1569336335.48363
1569336335.73364
1569336335.98365
1569336336.23366
1569336336.48367
1569336336.73369
1569336336.9837
1569336337.23371
1569336337.48372
1569336337.73373
1569336337.98374
1569336338.23376
1569336338.48377
1569336338.73378
1569336338.98379
1569336339.2338
1569336339.48381
1569336339.73382
1569336339.98384
1569336340.23385
1569336340.48386
1569336340.73387
1569336340.98388
1569336341.23389
1569336341.48391
1569336341.73392
1569336341.98393
1569336342.23394
1569336342.48395
1569336342.73396
1569336342.98398
1569336343.23399
1569336343.484
1569336343.73401
1569336343.98402
1569336344.23403
1569336344.48404
1569336344.73406
1569336344.98407
1569336345.23408
1569336345.48409
1569336345.7341
1569336345.98411
1569336346.23413
1569336346.48414
1569336346.73415
1569336346.98416
1569336347.23417
1569336347.48418
1569336347.7342
1569336347.98421
1569336348.23422
1569336348.48423
1569336348.73424
1569336348.98425
1569336349.23426
1569336349.48428
1569336349.73429
1569336349.9843
1569336350.23431
1569336350.48432
1569336350.73433
1569336350.98435
1569336351.23436
1569336351.48437
1569336351.73438
1569336351.98439
1569336352.2344
1569336352.48442
1569336352.73443
1569336352.98444
1569336353.23445
1569336353.48446
1569336353.73447
1569336353.98448
1569336354.2345
1569336354.48451
1569336354.73452
1569336354.98453
1569336355.23454
1569336355.48455
1569336355.73457
1569336355.98458
1569336356.23459
1569336356.4846
1569336356.73461
1569336356.98462
1569336357.23464
1569336357.48465
1569336357.73466
1569336357.98467
1569336358.23468
1569336358.48469
1569336358.7347
1569336358.98472
1569336359.23473
1569336359.48474
1569336359.73475
1569336359.98476
1569336360.23477
1569336360.48479
1569336360.7348
1569336360.98481
1569336361.23482
1569336361.48483
1569336361.73484
1569336361.98486
1569336362.23487
1569336362.48488
1569336362.73489
1569336362.9849
1569336363.23491
1569336363.48492
1569336363.73494
1569336363.98495
1569336364.23496
1569336364.48497
1569336364.73498
1569336364.98499
1569336365.23501
1569336365.48502
1569336365.73503
1569336365.98504
1569336366.23505
1569336366.48506
1569336366.73508
1569336366.98509
1569336367.2351
1569336367.48511
1569336367.73512
1569336367.98513
1569336368.23514
1569336368.48516
1569336368.73517
1569336368.98518
1569336369.23519
1569336369.4852
1569336369.73521
1569336369.98523
1569336370.23524
1569336370.48525
1569336370.73526
1569336370.98527
1569336371.23528
1569336371.48529
1569336371.73531
1569336371.98532
1569336372.23533
1569336372.48534
1569336372.73535
1569336372.98536
1569336373.23538
1569336373.48539
1569336373.7354
1569336373.98541
1569336374.23542
1569336374.48543
1569336374.73545
1569336374.98546
1569336375.23547
1569336375.48548
1569336375.73549
1569336375.9855
1569336376.23551
1569336376.48553
1569336376.73554
1569336376.98555
1569336377.23556
1569336377.48557
1569336377.73558
1569336377.9856
1569336378.23561
1569336378.48562
1569336378.73563
1569336378.98564
1569336379.23565
1569336379.48567
1569336379.73568
1569336379.98569
1569336380.2357
1569336380.48571
1569336380.73572
1569336380.98573
1569336381.23575
1569336381.48576
1569336381.73577
1569336381.98578
1569336382.23579
1569336382.4858
1569336382.73582
1569336382.98583
1569336383.23584
1569336383.48585
1569336383.73586
1569336383.98587
1569336384.23589
1569336384.4859
1569336384.73591
1569336384.98592
1569336385.23593
1569336385.48594
1569336385.73595
1569336385.98597
1569336386.23598
1569336386.48599
1569336386.736
1569336386.98601
1569336387.23602
1569336387.48604
1569336387.73605
1569336387.98606
1569336388.23607
1569336388.48608
1569336388.73609
1569336388.98611
1569336389.23612
1569336389.48613
1569336389.73614
1569336389.98615
1569336390.23616
1569336390.48617
1569336390.73619
1569336390.9862
1569336391.23621
1569336391.48622
1569336391.73623
1569336391.98624
1569336392.23626
1569336392.48627
1569336392.73628
1569336392.98629
1569336393.2363
1569336393.48631
1569336393.73633
1569336393.98634
1569336394.23635
1569336394.48636
1569336394.73637
1569336394.98638
1569336395.23639
1569336395.48641
1569336395.73642
1569336395.98643
1569336396.23644
1569336396.48645
1569336396.73646
1569336396.98648
1569336397.23649
1569336397.4865
1569336397.73651
1569336397.98652
1569336398.23653
1569336398.48655
1569336398.73656
1569336398.98657
1569336399.23658
1569336399.48659
1569336399.7366
1569336399.98661
1569336400.23663
1569336400.48664
1569336400.73665
1569336400.98666
1569336401.23667
1569336401.48668
1569336401.7367
1569336401.98671
1569336402.23672
1569336402.48673
1569336402.73674
1569336402.98675
1569336403.23676
1569336403.48678
1569336403.73679
1569336403.9868
1569336404.23681
1569336404.48682
1569336404.73683
1569336404.98685
1569336405.23686
1569336405.48687
1569336405.73688
1569336405.98689
1569336406.2369
1569336406.48692
1569336406.73693
1569336406.98694
1569336407.23695
1569336407.48696
1569336407.73697
1569336407.98698
1569336408.237
1569336408.48701
1569336408.73702
1569336408.98703
1569336409.23704
1569336409.48705
1569336409.73707
1569336409.98708
1569336410.23709
1569336410.4871
1569336410.73711
1569336410.98712
1569336411.23714
1569336411.48715
1569336411.73716
1569336411.98717
1569336412.23718
1569336412.48719
1569336412.7372
1569336412.98722
1569336413.23723
1569336413.48724
1569336413.73725
1569336413.98726
1569336414.23727
1569336414.48729
1569336414.7373
1569336414.98731
1569336415.23732
1569336415.48733
1569336415.73734
1569336415.98736
1569336416.23737
1569336416.48738
1569336416.73739
1569336416.9874
1569336417.23741
1569336417.48742
1569336417.73744
1569336417.98745
1569336418.23746
1569336418.48747
1569336418.73748
1569336418.98749
1569336419.23751
1569336419.48752
1569336419.73753
1569336419.98754
1569336420.23755
1569336420.48756
1569336420.73758
1569336420.98759
1569336421.2376
1569336421.48761
1569336421.73762
1569336421.98763
1569336422.23764
1569336422.48766
1569336422.73767
1569336422.98768
1569336423.23769
1569336423.4877
1569336423.73771
1569336423.98773
1569336424.23774
1569336424.48775
1569336424.73776
1569336424.98777
1569336425.23778
1569336425.4878
1569336425.73781
1569336425.98782
