1569336641.24778
1569336641.4978
1569336641.74781
1569336641.99782
1569336642.24783
1569336642.49784
1569336642.74785
1569336642.99787
1569336643.24788
1569336643.49789
1569336643.7479
1569336643.99791
1569336644.24792
1569336644.49793
1569336644.74795
1569336644.99796
1569336645.24797
1569336645.49798
1569336645.74799
1569336645.998
1569336646.24802
1569336646.49803
1569336646.74804
1569336646.99805
1569336647.24806
1569336647.49807
1569336647.74809
1569336647.9981
1569336648.24811
1569336648.49812
1569336648.74813
1569336648.99814
1569336649.24815
1569336649.49817
1569336649.74818
1569336649.99819
1569336650.2482
1569336650.49821
1569336650.74822
1569336650.99824
1569336651.24825
1569336651.49826
1569336651.74827
1569336651.99828
1569336652.24829
1569336652.4983
1569336652.74832
1569336652.99833
1569336653.24834
1569336653.49835
1569336653.74836
1569336653.99837
1569336654.24839
1569336654.4984
1569336654.74841
1569336654.99842
1569336655.24843
1569336655.49844
1569336655.74846
1569336655.99847
1569336656.24848
1569336656.49849
1569336656.7485
1569336656.99851
1569336657.24852
1569336657.49854
1569336657.74855
1569336657.99856
1569336658.24857
1569336658.49858
1569336658.74859
1569336658.99861
1569336659.24862
1569336659.49863
1569336659.74864
1569336659.99865
1569336660.24866
1569336660.49868
1569336660.74869
1569336660.9987
1569336661.24871
1569336661.49872
1569336661.74873
1569336661.99874
1569336662.24876
1569336662.49877
1569336662.74878
1569336662.99879
1569336663.2488
1569336663.49881
1569336663.74883
1569336663.99884
1569336664.24885
1569336664.49886
1569336664.74887
1569336664.99888
1569336665.2489
1569336665.49891
1569336665.74892
1569336665.99893
1569336666.24894
1569336666.49895
1569336666.74896
1569336666.99898
1569336667.24899
1569336667.499
1569336667.74901
1569336667.99902
1569336668.24903
1569336668.49905
1569336668.74906
1569336668.99907
1569336669.24908
1569336669.49909
1569336669.7491
1569336669.99912
1569336670.24913
1569336670.49914
1569336670.74915
1569336670.99916
1569336671.24917
1569336671.49918
1569336671.7492
1569336671.99921
1569336672.24922
1569336672.49923
1569336672.74924
1569336672.99925
1569336673.24927
1569336673.49928
1569336673.74929
1569336673.9993
1569336674.24931
1569336674.49932
1569336674.74934
1569336674.99935
1569336675.24936
1569336675.49937
1569336675.74938
1569336675.99939
1569336676.2494
1569336676.49942
1569336676.74943
1569336676.99944
1569336677.24945
1569336677.49946
1569336677.74947
1569336677.99949
1569336678.2495
1569336678.49951
1569336678.74952
1569336678.99953
1569336679.24954
1569336679.49956
1569336679.74957
1569336679.99958
1569336680.24959
1569336680.4996
1569336680.74961
1569336680.99962
1569336681.24964
1569336681.49965
1569336681.74966
1569336681.99967
1569336682.24968
1569336682.49969
1569336682.74971
1569336682.99972
1569336683.24973
1569336683.49974
1569336683.74975
1569336683.99976
1569336684.24977
1569336684.49979
1569336684.7498
1569336684.99981
1569336685.24982
1569336685.49983
1569336685.74984
1569336685.99986
1569336686.24987
1569336686.49988
1569336686.74989
1569336686.9999
1569336687.24991
1569336687.49993
1569336687.74994
1569336687.99995
1569336688.24996
1569336688.49997
1569336688.74998
1569336688.99999
1569336689.25001
1569336689.50002
1569336689.75003
1569336690.00004
1569336690.25005
1569336690.50006
1569336690.75008
1569336691.00009
1569336691.2501
1569336691.50011
1569336691.75012
1569336692.00013
1569336692.25015
1569336692.50016
1569336692.75017
1569336693.00018
1569336693.25019
1569336693.5002
1569336693.75021
1569336694.00023
1569336694.25024
1569336694.50025
1569336694.75026
1569336695.00027
1569336695.25028
1569336695.5003
1569336695.75031
1569336696.00032
1569336696.25033
1569336696.50034
1569336696.75035
1569336697.00037
1569336697.25038
1569336697.50039
1569336697.7504
1569336698.00041
1569336698.25042
1569336698.50043
1569336698.75045
1569336699.00046
1569336699.25047
1569336699.50048
1569336699.75049
1569336700.0005
1569336700.25052
1569336700.50053
1569336700.75054
1569336701.00055
1569336701.25056
1569336701.50057
1569336701.75059
1569336702.0006
1569336702.25061
1569336702.50062
1569336702.75063
1569336703.00064
1569336703.25065
1569336703.50067
1569336703.75068
1569336704.00069
1569336704.2507
1569336704.50071
1569336704.75072
1569336705.00074
1569336705.25075
1569336705.50076
1569336705.75077
1569336706.00078
1569336706.25079
1569336706.50081
1569336706.75082
1569336707.00083
1569336707.25084
1569336707.50085
1569336707.75086
1569336708.00087
1569336708.25089
1569336708.5009
1569336708.75091
1569336709.00092
1569336709.25093
1569336709.50094
1569336709.75096
1569336710.00097
1569336710.25098
1569336710.50099
1569336710.751
1569336711.00101
1569336711.25102
1569336711.50104
1569336711.75105
1569336712.00106
1569336712.25107
1569336712.50108
1569336712.75109
1569336713.00111
1569336713.25112
1569336713.50113
1569336713.75114
1569336714.00115
1569336714.25116
1569336714.50118
1569336714.75119
1569336715.0012
1569336715.25121
1569336715.50122
1569336715.75123
1569336716.00125
1569336716.25126
1569336716.50127
1569336716.75128
1569336717.00129
1569336717.2513
1569336717.50131
1569336717.75133
1569336718.00134
1569336718.25135
1569336718.50136
1569336718.75137
1569336719.00138
1569336719.2514
1569336719.50141
1569336719.75142
1569336720.00143
1569336720.25144
1569336720.50145
1569336720.75146
1569336721.00148
1569336721.25149
1569336721.5015
1569336721.75151
1569336722.00152
1569336722.25153
1569336722.50155
1569336722.75156
1569336723.00157
1569336723.25158
1569336723.50159
1569336723.7516
1569336724.00162
1569336724.25163
1569336724.50164
1569336724.75165
1569336725.00166
1569336725.25167
1569336725.50168
1569336725.7517
1569336726.00171
1569336726.25172
1569336726.50173
1569336726.75174
1569336727.00175
1569336727.25177
1569336727.50178
1569336727.75179
1569336728.0018
1569336728.25181
1569336728.50182
1569336728.75184
1569336729.00185
1569336729.25186
1569336729.50187
1569336729.75188
1569336730.00189
1569336730.2519
1569336730.50192
1569336730.75193
1569336731.00194
1569336731.25195
1569336731.50196
1569336731.75197
1569336732.00199
1569336732.252
1569336732.50201
1569336732.75202
1569336733.00203
1569336733.25204
1569336733.50206
1569336733.75207
1569336734.00208
1569336734.25209
1569336734.5021
1569336734.75211
1569336735.00212
1569336735.25214
1569336735.50215
1569336735.75216
1569336736.00217
1569336736.25218
1569336736.50219
1569336736.75221
1569336737.00222
1569336737.25223
1569336737.50224
1569336737.75225
1569336738.00226
1569336738.25227
1569336738.50229
1569336738.7523
1569336739.00231
1569336739.25232
1569336739.50233
1569336739.75234
1569336740.00236
1569336740.25237
1569336740.50238
1569336740.75239
1569336741.0024
1569336741.25241
1569336741.50243
1569336741.75244
1569336742.00245
1569336742.25246
1569336742.50247
1569336742.75248
1569336743.0025
1569336743.25251
1569336743.50252
1569336743.75253
1569336744.00254
1569336744.25255
1569336744.50256
1569336744.75258
1569336745.00259
1569336745.2526
1569336745.50261
1569336745.75262
1569336746.00263
1569336746.25265
1569336746.50266
1569336746.75267
1569336747.00268
1569336747.25269
1569336747.5027
1569336747.75271
1569336748.00273
1569336748.25274
1569336748.50275
1569336748.75276
1569336749.00277
1569336749.25278
1569336749.5028
1569336749.75281
1569336750.00282
1569336750.25283
1569336750.50284
1569336750.75285
1569336751.00287
1569336751.25288
1569336751.50289
1569336751.7529
1569336752.00291
1569336752.25292
1569336752.50293
1569336752.75295
1569336753.00296
1569336753.25297
1569336753.50298
1569336753.75299
1569336754.003
1569336754.25302
1569336754.50303
1569336754.75304
1569336755.00305
1569336755.25306
1569336755.50307
1569336755.75309
1569336756.0031
1569336756.25311
1569336756.50312
1569336756.75313
1569336757.00314
1569336757.25315
1569336757.50317
1569336757.75318
1569336758.00319
1569336758.2532
1569336758.50321
1569336758.75322
1569336759.00324
1569336759.25325
1569336759.50326
1569336759.75327
1569336760.00328
1569336760.25329
1569336760.50331
1569336760.75332
1569336761.00333
1569336761.25334
1569336761.50335
1569336761.75336
1569336762.00337
1569336762.25339
1569336762.5034
1569336762.75341
1569336763.00342
1569336763.25343
1569336763.50344
1569336763.75346
1569336764.00347
1569336764.25348
1569336764.50349
1569336764.7535
1569336765.00351
1569336765.25353
1569336765.50354
1569336765.75355
1569336766.00356
1569336766.25357
1569336766.50358
1569336766.75359
1569336767.00361
1569336767.25362
1569336767.50363
1569336767.75364
1569336768.00365
1569336768.25366
1569336768.50368
1569336768.75369
1569336769.0037
1569336769.25371
1569336769.50372
1569336769.75373
1569336770.00375
1569336770.25376
1569336770.50377
1569336770.75378
1569336771.00379
1569336771.2538
1569336771.50381
1569336771.75383
1569336772.00384
1569336772.25385
1569336772.50386
1569336772.75387
1569336773.00388
1569336773.2539
1569336773.50391
1569336773.75392
1569336774.00393
1569336774.25394
1569336774.50395
1569336774.75396
1569336775.00398
1569336775.25399
1569336775.504
1569336775.75401
1569336776.00402
1569336776.25403
1569336776.50405
1569336776.75406
1569336777.00407
1569336777.25408
1569336777.50409
1569336777.7541
1569336778.00412
1569336778.25413
1569336778.50414
1569336778.75415
1569336779.00416
1569336779.25417
1569336779.50418
1569336779.7542
1569336780.00421
1569336780.25422
1569336780.50423
1569336780.75424
1569336781.00425
1569336781.25427
1569336781.50428
1569336781.75429
1569336782.0043
1569336782.25431
1569336782.50432
1569336782.75434
1569336783.00435
1569336783.25436
1569336783.50437
1569336783.75438
1569336784.00439
1569336784.2544
1569336784.50442
1569336784.75443
1569336785.00444
1569336785.25445
1569336785.50446
1569336785.75447
1569336786.00449
1569336786.2545
1569336786.50451
1569336786.75452
1569336787.00453
1569336787.25454
1569336787.50456
1569336787.75457
1569336788.00458
1569336788.25459
1569336788.5046
1569336788.75461
1569336789.00462
1569336789.25464
1569336789.50465
1569336789.75466
1569336790.00467
1569336790.25468
1569336790.50469
1569336790.75471
1569336791.00472
1569336791.25473
1569336791.50474
1569336791.75475
1569336792.00476
1569336792.25478
1569336792.50479
1569336792.7548
1569336793.00481
1569336793.25482
1569336793.50483
1569336793.75484
1569336794.00486
1569336794.25487
1569336794.50488
1569336794.75489
1569336795.0049
1569336795.25491
1569336795.50493
1569336795.75494
1569336796.00495
1569336796.25496
1569336796.50497
1569336796.75498
1569336797.005
1569336797.25501
1569336797.50502
1569336797.75503
1569336798.00504
1569336798.25505
1569336798.50506
1569336798.75508
1569336799.00509
1569336799.2551
1569336799.50511
1569336799.75512
1569336800.00513
1569336800.25515
1569336800.50516
1569336800.75517
1569336801.00518
1569336801.25519
1569336801.5052
1569336801.75522
1569336802.00523
1569336802.25524
1569336802.50525
1569336802.75526
1569336803.00527
1569336803.25528
1569336803.5053
1569336803.75531
1569336804.00532
1569336804.25533
1569336804.50534
1569336804.75535
1569336805.00537
1569336805.25538
1569336805.50539
1569336805.7554
1569336806.00541
1569336806.25542
1569336806.50543
1569336806.75545
1569336807.00546
1569336807.25547
1569336807.50548
1569336807.75549
1569336808.0055
1569336808.25552
1569336808.50553
1569336808.75554
1569336809.00555
1569336809.25556
1569336809.50557
1569336809.75559
1569336810.0056
1569336810.25561
1569336810.50562
1569336810.75563
1569336811.00564
1569336811.25565
1569336811.50567
1569336811.75568
1569336812.00569
1569336812.2557
1569336812.50571
1569336812.75572
1569336813.00574
1569336813.25575
1569336813.50576
1569336813.75577
1569336814.00578
1569336814.25579
1569336814.50581
1569336814.75582
1569336815.00583
1569336815.25584
1569336815.50585
1569336815.75586
1569336816.00587
1569336816.25589
1569336816.5059
1569336816.75591
1569336817.00592
1569336817.25593
1569336817.50594
1569336817.75596
1569336818.00597
1569336818.25598
1569336818.50599
1569336818.756
1569336819.00601
1569336819.25603
1569336819.50604
1569336819.75605
1569336820.00606
1569336820.25607
1569336820.50608
1569336820.75609
1569336821.00611
1569336821.25612
1569336821.50613
1569336821.75614
1569336822.00615
1569336822.25616
1569336822.50618
1569336822.75619
1569336823.0062
1569336823.25621
1569336823.50622
1569336823.75623
1569336824.00625
1569336824.25626
1569336824.50627
1569336824.75628
1569336825.00629
1569336825.2563
1569336825.50631
1569336825.75633
1569336826.00634
1569336826.25635
1569336826.50636
1569336826.75637
1569336827.00638
1569336827.2564
1569336827.50641
1569336827.75642
1569336828.00643
1569336828.25644
1569336828.50645
1569336828.75647
1569336829.00648
1569336829.25649
1569336829.5065
1569336829.75651
1569336830.00652
1569336830.25653
1569336830.50655
1569336830.75656
1569336831.00657
1569336831.25658
1569336831.50659
1569336831.7566
1569336832.00662
1569336832.25663
1569336832.50664
1569336832.75665
1569336833.00666
1569336833.25667
1569336833.50669
1569336833.7567
1569336834.00671
1569336834.25672
1569336834.50673
1569336834.75674
1569336835.00675
1569336835.25677
1569336835.50678
1569336835.75679
1569336836.0068
1569336836.25681
1569336836.50682
1569336836.75684
1569336837.00685
1569336837.25686
1569336837.50687
1569336837.75688
1569336838.00689
1569336838.25691
1569336838.50692
1569336838.75693
1569336839.00694
1569336839.25695
1569336839.50696
1569336839.75697
1569336840.00699
1569336840.257
1569336840.50701
1569336840.75702
1569336841.00703
1569336841.25704
1569336841.50706
1569336841.75707
1569336842.00708
1569336842.25709
1569336842.5071
1569336842.75711
1569336843.00712
1569336843.25714
1569336843.50715
1569336843.75716
1569336844.00717
1569336844.25718
1569336844.50719
1569336844.75721
1569336845.00722
1569336845.25723
1569336845.50724
1569336845.75725
1569336846.00726
1569336846.25728
1569336846.50729
1569336846.7573
1569336847.00731
1569336847.25732
1569336847.50733
1569336847.75734
1569336848.00736
1569336848.25737
1569336848.50738
1569336848.75739
1569336849.0074
1569336849.25741
1569336849.50743
1569336849.75744
1569336850.00745
1569336850.25746
1569336850.50747
1569336850.75748
1569336851.0075
1569336851.25751
1569336851.50752
1569336851.75753
1569336852.00754
1569336852.25755
1569336852.50756
1569336852.75758
1569336853.00759
1569336853.2576
1569336853.50761
1569336853.75762
1569336854.00763
1569336854.25765
1569336854.50766
1569336854.75767
1569336855.00768
1569336855.25769
1569336855.5077
1569336855.75772
1569336856.00773
1569336856.25774
1569336856.50775
1569336856.75776
1569336857.00777
1569336857.25778
1569336857.5078
1569336857.75781
1569336858.00782
1569336858.25783
1569336858.50784
1569336858.75785
1569336859.00787
1569336859.25788
1569336859.50789
1569336859.7579
1569336860.00791
1569336860.25792
1569336860.50794
1569336860.75795
1569336861.00796
1569336861.25797
1569336861.50798
1569336861.75799
1569336862.008
1569336862.25802
1569336862.50803
1569336862.75804
1569336863.00805
1569336863.25806
1569336863.50807
1569336863.75809
1569336864.0081
1569336864.25811
1569336864.50812
1569336864.75813
1569336865.00814
1569336865.25816
1569336865.50817
1569336865.75818
1569336866.00819
1569336866.2582
1569336866.50821
1569336866.75822
1569336867.00824
1569336867.25825
1569336867.50826
1569336867.75827
1569336868.00828
1569336868.25829
1569336868.50831
1569336868.75832
1569336869.00833
1569336869.25834
1569336869.50835
1569336869.75836
1569336870.00837
1569336870.25839
1569336870.5084
1569336870.75841
1569336871.00842
1569336871.25843
1569336871.50844
1569336871.75846
1569336872.00847
1569336872.25848
1569336872.50849
1569336872.7585
1569336873.00851
1569336873.25853
1569336873.50854
1569336873.75855
1569336874.00856
1569336874.25857
1569336874.50858
1569336874.75859
1569336875.00861
1569336875.25862
1569336875.50863
1569336875.75864
1569336876.00865
1569336876.25866
1569336876.50868
1569336876.75869
1569336877.0087
1569336877.25871
1569336877.50872
1569336877.75873
1569336878.00875
1569336878.25876
1569336878.50877
1569336878.75878
1569336879.00879
1569336879.2588
1569336879.50881
1569336879.75883
1569336880.00884
1569336880.25885
1569336880.50886
1569336880.75887
1569336881.00888
1569336881.2589
1569336881.50891
1569336881.75892
1569336882.00893
1569336882.25894
1569336882.50895
1569336882.75897
1569336883.00898
1569336883.25899
1569336883.509
1569336883.75901
1569336884.00902
1569336884.25903
1569336884.50905
1569336884.75906
1569336885.00907
1569336885.25908
1569336885.50909
1569336885.7591
1569336886.00912
1569336886.25913
1569336886.50914
1569336886.75915
1569336887.00916
1569336887.25917
1569336887.50919
1569336887.7592
1569336888.00921
1569336888.25922
1569336888.50923
1569336888.75924
1569336889.00925
1569336889.25927
1569336889.50928
1569336889.75929
1569336890.0093
1569336890.25931
1569336890.50932
1569336890.75934
1569336891.00935
1569336891.25936
1569336891.50937
1569336891.75938
1569336892.00939
1569336892.25941
1569336892.50942
1569336892.75943
1569336893.00944
1569336893.25945
1569336893.50946
1569336893.75947
1569336894.00949
1569336894.2595
1569336894.50951
1569336894.75952
1569336895.00953
1569336895.25954
1569336895.50956
1569336895.75957
1569336896.00958
1569336896.25959
1569336896.5096
1569336896.75961
1569336897.00962
1569336897.25964
1569336897.50965
1569336897.75966
1569336898.00967
1569336898.25968
1569336898.50969
1569336898.75971
1569336899.00972
1569336899.25973
1569336899.50974
1569336899.75975
1569336900.00976
1569336900.25978
1569336900.50979
1569336900.7598
1569336901.00981
1569336901.25982
1569336901.50983
1569336901.75985
1569336902.00986
1569336902.25987
1569336902.50988
1569336902.75989
1569336903.0099
1569336903.25991
1569336903.50993
1569336903.75994
1569336904.00995
1569336904.25996
1569336904.50997
1569336904.75998
1569336905.01
1569336905.26001
1569336905.51002
1569336905.76003
1569336906.01004
1569336906.26005
1569336906.51006
1569336906.76008
1569336907.01009
1569336907.2601
1569336907.51011
1569336907.76012
1569336908.01013
1569336908.26015
1569336908.51016
1569336908.76017
1569336909.01018
1569336909.26019
1569336909.5102
1569336909.76022
1569336910.01023
1569336910.26024
1569336910.51025
1569336910.76026
1569336911.01027
1569336911.26028
1569336911.5103
1569336911.76031
1569336912.01032
1569336912.26033
1569336912.51034
1569336912.76035
1569336913.01037
1569336913.26038
1569336913.51039
1569336913.7604
1569336914.01041
1569336914.26042
1569336914.51044
1569336914.76045
1569336915.01046
1569336915.26047
1569336915.51048
1569336915.76049
1569336916.0105
1569336916.26052
1569336916.51053
1569336916.76054
1569336917.01055
1569336917.26056
1569336917.51057
1569336917.76059
1569336918.0106
1569336918.26061
1569336918.51062
1569336918.76063
1569336919.01064
1569336919.26066
1569336919.51067
1569336919.76068
1569336920.01069
1569336920.2607
1569336920.51071
1569336920.76072
1569336921.01074
1569336921.26075
1569336921.51076
1569336921.76077
1569336922.01078
1569336922.26079
1569336922.51081
1569336922.76082
1569336923.01083
1569336923.26084
1569336923.51085
1569336923.76086
1569336924.01088
1569336924.26089
1569336924.5109
1569336924.76091
1569336925.01092
1569336925.26093
1569336925.51094
1569336925.76096
1569336926.01097
1569336926.26098
1569336926.51099
1569336926.761
1569336927.01101
1569336927.26103
1569336927.51104
1569336927.76105
1569336928.01106
1569336928.26107
1569336928.51108
1569336928.7611
1569336929.01111
1569336929.26112
1569336929.51113
1569336929.76114
1569336930.01115
1569336930.26116
1569336930.51118
1569336930.76119
1569336931.0112
1569336931.26121
1569336931.51122
1569336931.76123
1569336932.01125
1569336932.26126
1569336932.51127
1569336932.76128
1569336933.01129
1569336933.2613
1569336933.51131
1569336933.76133
1569336934.01134
1569336934.26135
1569336934.51136
1569336934.76137
1569336935.01138
1569336935.2614
1569336935.51141
1569336935.76142
1569336936.01143
1569336936.26144
1569336936.51145
1569336936.76147
1569336937.01148
1569336937.26149
1569336937.5115
1569336937.76151
1569336938.01152
1569336938.26153
1569336938.51155
1569336938.76156
1569336939.01157
1569336939.26158
1569336939.51159
1569336939.7616
1569336940.01162
1569336940.26163
1569336940.51164
1569336940.76165
1569336941.01166
1569336941.26167
1569336941.51169
1569336941.7617
1569336942.01171
1569336942.26172
1569336942.51173
1569336942.76174
1569336943.01175
1569336943.26177
1569336943.51178
1569336943.76179
1569336944.0118
1569336944.26181
1569336944.51182
1569336944.76184
1569336945.01185
1569336945.26186
1569336945.51187
1569336945.76188
1569336946.01189
1569336946.26191
1569336946.51192
1569336946.76193
1569336947.01194
1569336947.26195
1569336947.51196
1569336947.76197
1569336948.01199
1569336948.262
1569336948.51201
1569336948.76202
1569336949.01203
1569336949.26204
1569336949.51206
1569336949.76207
1569336950.01208
1569336950.26209
1569336950.5121
1569336950.76211
1569336951.01213
1569336951.26214
1569336951.51215
1569336951.76216
1569336952.01217
1569336952.26218
1569336952.51219
1569336952.76221
1569336953.01222
1569336953.26223
1569336953.51224
1569336953.76225
1569336954.01226
1569336954.26228
1569336954.51229
1569336954.7623
1569336955.01231
1569336955.26232
1569336955.51233
1569336955.76235
1569336956.01236
1569336956.26237
1569336956.51238
1569336956.76239
1569336957.0124
1569336957.26241
1569336957.51243
1569336957.76244
1569336958.01245
1569336958.26246
1569336958.51247
1569336958.76248
1569336959.0125
1569336959.26251
1569336959.51252
1569336959.76253
1569336960.01254
1569336960.26255
1569336960.51257
1569336960.76258
1569336961.01259
1569336961.2626
1569336961.51261
1569336961.76262
1569336962.01263
1569336962.26265
1569336962.51266
1569336962.76267
1569336963.01268
1569336963.26269
1569336963.5127
1569336963.76272
1569336964.01273
1569336964.26274
1569336964.51275
1569336964.76276
1569336965.01277
1569336965.26278
1569336965.5128
1569336965.76281
1569336966.01282
1569336966.26283
1569336966.51284
1569336966.76285
1569336967.01287
1569336967.26288
1569336967.51289
1569336967.7629
1569336968.01291
1569336968.26292
1569336968.51294
1569336968.76295
1569336969.01296
1569336969.26297
1569336969.51298
1569336969.76299
1569336970.013
1569336970.26302
1569336970.51303
1569336970.76304
1569336971.01305
1569336971.26306
1569336971.51307
1569336971.76309
1569336972.0131
1569336972.26311
1569336972.51312
1569336972.76313
1569336973.01314
1569336973.26316
1569336973.51317
1569336973.76318
1569336974.01319
1569336974.2632
1569336974.51321
1569336974.76322
1569336975.01324
1569336975.26325
1569336975.51326
1569336975.76327
1569336976.01328
1569336976.26329
1569336976.51331
1569336976.76332
1569336977.01333
1569336977.26334
1569336977.51335
1569336977.76336
1569336978.01338
1569336978.26339
1569336978.5134
1569336978.76341
1569336979.01342
1569336979.26343
1569336979.51344
1569336979.76346
1569336980.01347
1569336980.26348
1569336980.51349
1569336980.7635
1569336981.01351
1569336981.26353
1569336981.51354
1569336981.76355
1569336982.01356
1569336982.26357
1569336982.51358
1569336982.7636
1569336983.01361
1569336983.26362
1569336983.51363
1569336983.76364
1569336984.01365
1569336984.26366
1569336984.51368
1569336984.76369
1569336985.0137
1569336985.26371
1569336985.51372
1569336985.76373
1569336986.01375
1569336986.26376
1569336986.51377
1569336986.76378
1569336987.01379
1569336987.2638
1569336987.51382
1569336987.76383
1569336988.01384
1569336988.26385
1569336988.51386
1569336988.76387
1569336989.01388
1569336989.2639
1569336989.51391
1569336989.76392
1569336990.01393
