1569595006.588
1569595006.838
1569595007.088
1569595007.338
1569595007.588
1569595007.838
1569595008.088
1569595008.338
1569595008.588
1569595008.838
1569595009.088
1569595009.338
1569595009.588
1569595009.838
1569595010.088
1569595010.338
1569595010.588
1569595010.838
1569595011.088
1569595011.338
1569595011.588
1569595011.838
1569595012.088
1569595012.338
1569595012.588
1569595012.838
1569595013.088
1569595013.338
1569595013.588
1569595013.838
1569595014.088
1569595014.338
1569595014.588
1569595014.838
1569595015.088
1569595015.338
1569595015.588
1569595015.838
1569595016.088
1569595016.338
1569595016.588
1569595016.838
1569595017.088
1569595017.338
1569595017.588
1569595017.838
1569595018.088
1569595018.338
1569595018.588
1569595018.838
1569595019.088
1569595019.338
1569595019.588
1569595019.838
1569595020.088
1569595020.338
1569595020.588
1569595020.838
1569595021.088
1569595021.338
1569595021.588
1569595021.838
1569595022.088
1569595022.338
1569595022.588
1569595022.838
1569595023.088
1569595023.338
1569595023.588
1569595023.838
1569595024.088
1569595024.338
1569595024.588
1569595024.838
1569595025.088
1569595025.338
1569595025.588
1569595025.838
1569595026.088
1569595026.338
1569595026.588
1569595026.838
1569595027.088
1569595027.338
1569595027.588
1569595027.838
1569595028.088
1569595028.338
1569595028.588
1569595028.838
1569595029.088
1569595029.338
1569595029.588
1569595029.838
1569595030.088
1569595030.338
1569595030.588
1569595030.838
1569595031.088
1569595031.338
1569595031.588
1569595031.838
1569595032.088
1569595032.338
1569595032.588
1569595032.838
1569595033.088
1569595033.338
1569595033.588
1569595033.838
1569595034.088
1569595034.338
1569595034.588
1569595034.838
1569595035.088
1569595035.338
1569595035.588
1569595035.838
1569595036.088
1569595036.338
1569595036.588
1569595036.838
1569595037.088
1569595037.338
1569595037.588
1569595037.838
1569595038.088
1569595038.338
1569595038.588
1569595038.838
1569595039.088
1569595039.338
1569595039.588
1569595039.838
1569595040.088
1569595040.338
1569595040.588
1569595040.838
1569595041.088
1569595041.338
1569595041.588
1569595041.838
1569595042.088
1569595042.338
1569595042.588
1569595042.838
1569595043.088
1569595043.338
1569595043.588
1569595043.838
1569595044.088
1569595044.338
1569595044.588
1569595044.838
1569595045.088
1569595045.338
1569595045.588
1569595045.838
1569595046.088
1569595046.338
1569595046.588
1569595046.838
1569595047.088
1569595047.338
1569595047.588
1569595047.838
1569595048.088
1569595048.338
1569595048.588
1569595048.838
1569595049.088
1569595049.338
1569595049.588
1569595049.838
1569595050.088
1569595050.338
1569595050.588
1569595050.838
1569595051.088
1569595051.338
1569595051.588
1569595051.838
1569595052.088
1569595052.338
1569595052.588
1569595052.838
1569595053.088
1569595053.338
1569595053.588
1569595053.838
1569595054.088
1569595054.338
1569595054.588
1569595054.838
1569595055.088
1569595055.338
1569595055.588
1569595055.838
1569595056.088
1569595056.338
1569595056.588
1569595056.838
1569595057.088
1569595057.338
1569595057.588
1569595057.838
1569595058.088
1569595058.338
1569595058.588
1569595058.838
1569595059.088
1569595059.338
1569595059.588
1569595059.838
1569595060.088
1569595060.338
1569595060.588
1569595060.838
1569595061.088
1569595061.338
1569595061.588
1569595061.838
1569595062.088
1569595062.338
1569595062.588
1569595062.838
1569595063.088
1569595063.338
1569595063.588
1569595063.838
1569595064.088
1569595064.338
1569595064.588
1569595064.838
1569595065.088
1569595065.338
1569595065.588
1569595065.838
1569595066.088
1569595066.338
1569595066.588
1569595066.838
1569595067.088
1569595067.338
1569595067.588
1569595067.838
1569595068.088
1569595068.338
1569595068.588
1569595068.838
1569595069.088
1569595069.338
1569595069.588
1569595069.838
1569595070.088
1569595070.338
1569595070.588
1569595070.838
1569595071.088
1569595071.338
1569595071.588
1569595071.838
1569595072.088
1569595072.338
1569595072.588
1569595072.838
1569595073.088
1569595073.338
1569595073.588
1569595073.838
1569595074.088
1569595074.338
1569595074.588
1569595074.838
1569595075.088
1569595075.338
1569595075.588
1569595075.838
1569595076.088
1569595076.338
1569595076.588
1569595076.838
1569595077.088
1569595077.338
1569595077.588
1569595077.838
1569595078.088
1569595078.338
1569595078.588
1569595078.838
1569595079.088
1569595079.338
1569595079.588
1569595079.838
1569595080.088
1569595080.338
1569595080.588
1569595080.838
1569595081.088
1569595081.338
1569595081.588
1569595081.838
1569595082.088
1569595082.338
1569595082.588
1569595082.838
1569595083.088
1569595083.338
1569595083.588
1569595083.838
1569595084.088
1569595084.338
1569595084.588
1569595084.838
1569595085.088
1569595085.338
1569595085.588
1569595085.838
1569595086.088
1569595086.338
1569595086.588
1569595086.838
1569595087.088
1569595087.338
1569595087.588
1569595087.838
1569595088.088
1569595088.338
1569595088.588
1569595088.838
1569595089.088
1569595089.338
1569595089.588
1569595089.838
1569595090.088
1569595090.338
1569595090.588
1569595090.838
1569595091.088
1569595091.338
1569595091.588
1569595091.838
1569595092.088
1569595092.338
1569595092.588
1569595092.838
1569595093.088
1569595093.338
1569595093.588
1569595093.838
1569595094.088
1569595094.338
1569595094.588
1569595094.838
1569595095.088
1569595095.338
1569595095.588
1569595095.838
1569595096.088
1569595096.338
1569595096.588
1569595096.838
1569595097.088
1569595097.338
1569595097.588
1569595097.838
1569595098.088
1569595098.338
1569595098.588
1569595098.838
1569595099.088
1569595099.338
1569595099.588
1569595099.838
1569595100.088
1569595100.338
1569595100.588
1569595100.838
1569595101.088
1569595101.338
1569595101.588
1569595101.838
1569595102.088
1569595102.338
1569595102.588
1569595102.838
1569595103.088
1569595103.338
1569595103.588
1569595103.838
1569595104.088
1569595104.338
1569595104.588
1569595104.838
1569595105.088
1569595105.338
1569595105.588
1569595105.838
1569595106.088
1569595106.338
1569595106.588
1569595106.838
1569595107.088
1569595107.338
1569595107.588
1569595107.838
1569595108.088
1569595108.338
1569595108.588
1569595108.838
1569595109.088
1569595109.338
1569595109.588
1569595109.838
1569595110.088
1569595110.338
1569595110.588
1569595110.838
1569595111.088
1569595111.338
1569595111.588
1569595111.838
1569595112.088
1569595112.338
1569595112.588
1569595112.838
1569595113.088
1569595113.338
1569595113.588
1569595113.838
1569595114.088
1569595114.338
1569595114.588
1569595114.838
1569595115.088
1569595115.338
1569595115.588
1569595115.838
1569595116.088
1569595116.338
1569595116.588
1569595116.838
1569595117.088
1569595117.338
1569595117.588
1569595117.838
1569595118.088
1569595118.338
1569595118.588
1569595118.838
1569595119.088
1569595119.338
1569595119.588
1569595119.838
1569595120.088
1569595120.338
1569595120.588
1569595120.838
1569595121.088
1569595121.338
1569595121.588
1569595121.838
1569595122.088
1569595122.338
1569595122.588
1569595122.838
1569595123.088
1569595123.338
1569595123.588
1569595123.838
1569595124.088
1569595124.338
1569595124.588
1569595124.838
1569595125.088
1569595125.338
1569595125.588
1569595125.838
1569595126.088
1569595126.338
1569595126.588
1569595126.838
1569595127.088
1569595127.338
1569595127.588
1569595127.838
1569595128.088
1569595128.338
1569595128.588
1569595128.838
1569595129.088
1569595129.338
1569595129.588
1569595129.838
1569595130.088
1569595130.338
1569595130.588
1569595130.838
1569595131.088
1569595131.338
1569595131.588
1569595131.838
1569595132.088
1569595132.338
1569595132.588
1569595132.838
1569595133.088
1569595133.338
1569595133.588
1569595133.838
1569595134.088
1569595134.338
1569595134.588
1569595134.838
1569595135.088
1569595135.338
1569595135.588
1569595135.838
1569595136.088
1569595136.338
1569595136.588
1569595136.838
1569595137.088
1569595137.338
1569595137.588
1569595137.838
1569595138.088
1569595138.338
1569595138.588
1569595138.838
1569595139.088
1569595139.338
1569595139.588
1569595139.838
1569595140.088
1569595140.338
1569595140.588
1569595140.838
1569595141.088
1569595141.338
1569595141.588
1569595141.838
1569595142.088
1569595142.338
1569595142.588
1569595142.838
1569595143.088
1569595143.338
1569595143.588
1569595143.838
1569595144.088
1569595144.338
1569595144.588
1569595144.838
1569595145.088
1569595145.338
1569595145.588
1569595145.838
1569595146.088
1569595146.338
1569595146.588
1569595146.838
1569595147.088
1569595147.338
1569595147.588
1569595147.838
1569595148.088
1569595148.338
1569595148.588
1569595148.838
1569595149.088
1569595149.338
1569595149.588
1569595149.838
1569595150.088
1569595150.338
1569595150.588
1569595150.838
1569595151.088
1569595151.338
1569595151.588
1569595151.838
1569595152.088
1569595152.338
1569595152.588
1569595152.838
1569595153.088
1569595153.338
1569595153.588
1569595153.838
1569595154.088
1569595154.338
1569595154.588
1569595154.838
1569595155.088
1569595155.338
1569595155.588
1569595155.838
1569595156.088
1569595156.338
1569595156.588
1569595156.838
1569595157.088
1569595157.338
1569595157.588
1569595157.838
1569595158.088
1569595158.338
1569595158.588
1569595158.838
1569595159.088
1569595159.338
1569595159.588
1569595159.838
1569595160.088
1569595160.338
1569595160.588
1569595160.838
1569595161.088
1569595161.338
1569595161.588
1569595161.838
1569595162.088
1569595162.338
1569595162.588
1569595162.838
1569595163.088
1569595163.338
1569595163.588
1569595163.838
1569595164.088
1569595164.338
1569595164.588
1569595164.838
1569595165.088
1569595165.338
1569595165.588
1569595165.838
1569595166.088
1569595166.338
1569595166.588
1569595166.838
1569595167.088
1569595167.338
1569595167.588
1569595167.838
1569595168.088
1569595168.338
1569595168.588
1569595168.838
1569595169.088
1569595169.338
1569595169.588
1569595169.838
1569595170.088
1569595170.338
1569595170.588
1569595170.838
1569595171.088
1569595171.338
1569595171.588
1569595171.838
1569595172.088
1569595172.338
1569595172.588
1569595172.838
1569595173.088
1569595173.338
1569595173.588
1569595173.838
1569595174.088
1569595174.338
1569595174.588
1569595174.838
1569595175.088
1569595175.338
1569595175.588
1569595175.838
1569595176.088
1569595176.338
1569595176.588
1569595176.838
1569595177.088
1569595177.338
1569595177.588
1569595177.838
1569595178.088
1569595178.338
1569595178.588
1569595178.838
1569595179.088
1569595179.338
1569595179.588
1569595179.838
1569595180.088
1569595180.338
1569595180.588
1569595180.838
1569595181.088
1569595181.338
1569595181.588
1569595181.838
1569595182.088
1569595182.338
1569595182.588
1569595182.838
1569595183.088
1569595183.338
1569595183.588
1569595183.838
1569595184.088
1569595184.338
1569595184.588
1569595184.838
1569595185.088
1569595185.338
1569595185.588
1569595185.838
1569595186.088
1569595186.338
1569595186.588
1569595186.838
1569595187.088
1569595187.338
1569595187.588
1569595187.838
1569595188.088
1569595188.338
1569595188.588
1569595188.838
1569595189.088
1569595189.338
1569595189.588
1569595189.838
1569595190.088
1569595190.338
1569595190.588
1569595190.838
1569595191.088
1569595191.338
1569595191.588
1569595191.838
1569595192.088
1569595192.338
1569595192.588
1569595192.838
1569595193.088
1569595193.338
1569595193.588
1569595193.838
1569595194.088
1569595194.338
1569595194.588
1569595194.838
1569595195.088
1569595195.338
1569595195.588
1569595195.838
1569595196.088
1569595196.338
1569595196.588
1569595196.838
1569595197.088
1569595197.338
1569595197.588
1569595197.838
1569595198.088
1569595198.338
1569595198.588
1569595198.838
1569595199.088
1569595199.338
1569595199.588
1569595199.838
1569595200.088
1569595200.338
1569595200.588
1569595200.838
1569595201.088
1569595201.338
1569595201.588
1569595201.838
1569595202.088
1569595202.338
1569595202.588
1569595202.838
1569595203.088
1569595203.338
1569595203.588
1569595203.838
1569595204.088
1569595204.338
1569595204.588
1569595204.838
1569595205.088
1569595205.338
1569595205.588
1569595205.838
1569595206.088
1569595206.338
1569595206.588
1569595206.838
1569595207.088
1569595207.338
1569595207.588
1569595207.838
1569595208.088
1569595208.338
1569595208.588
1569595208.838
1569595209.088
1569595209.338
1569595209.588
1569595209.838
1569595210.088
1569595210.338
1569595210.588
1569595210.838
1569595211.088
1569595211.338
1569595211.588
1569595211.838
1569595212.088
1569595212.338
1569595212.588
1569595212.838
1569595213.088
1569595213.338
1569595213.588
1569595213.838
1569595214.088
1569595214.338
1569595214.588
1569595214.838
1569595215.088
1569595215.338
1569595215.588
1569595215.838
1569595216.088
1569595216.338
1569595216.588
1569595216.838
1569595217.088
1569595217.338
1569595217.588
1569595217.838
1569595218.088
1569595218.338
1569595218.588
1569595218.838
1569595219.088
1569595219.338
1569595219.588
1569595219.838
1569595220.088
1569595220.338
1569595220.588
1569595220.838
1569595221.088
1569595221.338
1569595221.588
1569595221.838
1569595222.088
1569595222.338
1569595222.588
1569595222.838
1569595223.088
1569595223.338
1569595223.588
1569595223.838
1569595224.088
1569595224.338
1569595224.588
1569595224.838
1569595225.088
1569595225.338
1569595225.588
1569595225.838
1569595226.088
1569595226.338
1569595226.588
1569595226.838
1569595227.088
1569595227.338
1569595227.588
1569595227.838
1569595228.088
1569595228.338
1569595228.588
1569595228.838
1569595229.088
1569595229.338
1569595229.588
1569595229.838
1569595230.088
1569595230.338
1569595230.588
1569595230.838
1569595231.088
1569595231.338
1569595231.588
1569595231.838
1569595232.088
1569595232.338
1569595232.588
1569595232.838
1569595233.088
1569595233.338
1569595233.588
1569595233.838
1569595234.088
1569595234.338
1569595234.588
1569595234.838
1569595235.088
1569595235.338
1569595235.588
1569595235.838
1569595236.088
1569595236.338
1569595236.588
1569595236.838
1569595237.088
1569595237.338
1569595237.588
1569595237.838
1569595238.088
1569595238.338
1569595238.588
1569595238.838
1569595239.088
1569595239.338
1569595239.588
1569595239.838
1569595240.088
1569595240.338
1569595240.588
1569595240.838
1569595241.088
1569595241.338
1569595241.588
1569595241.838
1569595242.088
1569595242.338
1569595242.588
1569595242.838
1569595243.088
1569595243.338
1569595243.588
1569595243.838
1569595244.088
1569595244.338
1569595244.588
1569595244.838
1569595245.088
1569595245.338
1569595245.588
1569595245.838
1569595246.088
1569595246.338
1569595246.588
1569595246.838
1569595247.088
1569595247.338
1569595247.588
1569595247.838
1569595248.088
1569595248.338
1569595248.588
1569595248.838
1569595249.088
1569595249.338
1569595249.588
1569595249.838
1569595250.088
1569595250.338
1569595250.588
1569595250.838
1569595251.088
1569595251.338
1569595251.588
1569595251.838
1569595252.088
1569595252.338
1569595252.588
1569595252.838
1569595253.088
1569595253.338
1569595253.588
1569595253.838
1569595254.088
1569595254.338
1569595254.588
1569595254.838
1569595255.088
1569595255.338
1569595255.588
1569595255.838
1569595256.088
1569595256.338
1569595256.588
1569595256.838
1569595257.088
1569595257.338
1569595257.588
1569595257.838
1569595258.088
1569595258.338
1569595258.588
1569595258.838
1569595259.088
1569595259.338
1569595259.588
1569595259.838
1569595260.088
1569595260.338
1569595260.588
1569595260.838
1569595261.088
1569595261.338
1569595261.588
1569595261.838
1569595262.088
1569595262.338
1569595262.588
1569595262.838
1569595263.088
1569595263.338
1569595263.588
1569595263.838
1569595264.088
1569595264.338
1569595264.588
1569595264.838
1569595265.088
1569595265.338
1569595265.588
1569595265.838
1569595266.088
1569595266.338
1569595266.588
1569595266.838
1569595267.088
1569595267.338
1569595267.588
1569595267.838
1569595268.088
1569595268.338
1569595268.588
1569595268.838
1569595269.088
1569595269.338
1569595269.588
1569595269.838
1569595270.088
1569595270.338
1569595270.588
1569595270.838
1569595271.088
1569595271.338
1569595271.588
1569595271.838
1569595272.088
1569595272.338
1569595272.588
1569595272.838
1569595273.088
1569595273.338
1569595273.588
1569595273.838
1569595274.088
1569595274.338
1569595274.588
1569595274.838
1569595275.088
1569595275.338
1569595275.588
1569595275.838
1569595276.088
1569595276.338
1569595276.588
1569595276.838
1569595277.088
1569595277.338
1569595277.588
1569595277.838
1569595278.088
1569595278.338
1569595278.588
1569595278.838
1569595279.088
1569595279.338
1569595279.588
1569595279.838
1569595280.088
1569595280.338
1569595280.588
1569595280.838
1569595281.088
1569595281.338
1569595281.588
1569595281.838
1569595282.088
1569595282.338
1569595282.588
1569595282.838
1569595283.088
1569595283.338
1569595283.588
1569595283.838
1569595284.088
1569595284.338
1569595284.588
1569595284.838
1569595285.088
1569595285.338
1569595285.588
1569595285.838
1569595286.088
1569595286.338
1569595286.588
1569595286.838
1569595287.088
1569595287.338
1569595287.588
1569595287.838
1569595288.088
1569595288.338
1569595288.588
1569595288.838
1569595289.088
1569595289.338
1569595289.588
1569595289.838
1569595290.088
1569595290.338
1569595290.588
1569595290.838
1569595291.088
1569595291.338
1569595291.588
1569595291.838
1569595292.088
1569595292.338
1569595292.588
1569595292.838
1569595293.088
1569595293.338
1569595293.588
1569595293.838
1569595294.088
1569595294.338
1569595294.588
1569595294.838
1569595295.088
1569595295.338
1569595295.588
1569595295.838
1569595296.088
1569595296.338
1569595296.588
1569595296.838
1569595297.088
1569595297.338
1569595297.588
1569595297.838
1569595298.088
1569595298.338
1569595298.588
1569595298.838
1569595299.088
1569595299.338
1569595299.588
1569595299.838
1569595300.088
1569595300.338
1569595300.588
1569595300.838
1569595301.088
1569595301.338
1569595301.588
1569595301.838
1569595302.088
1569595302.338
1569595302.588
1569595302.838
1569595303.088
1569595303.338
1569595303.588
1569595303.838
1569595304.088
1569595304.338
1569595304.588
1569595304.838
1569595305.088
1569595305.338
1569595305.588
1569595305.838
1569595306.088
1569595306.338
