1569593232.588
1569593232.838
1569593233.088
1569593233.338
1569593233.588
1569593233.838
1569593234.088
1569593234.338
1569593234.588
1569593234.838
1569593235.088
1569593235.338
1569593235.588
1569593235.838
1569593236.088
1569593236.338
1569593236.588
1569593236.838
1569593237.088
1569593237.338
1569593237.588
1569593237.838
1569593238.088
1569593238.338
1569593238.588
1569593238.838
1569593239.088
1569593239.338
1569593239.588
1569593239.838
1569593240.088
1569593240.338
1569593240.588
1569593240.838
1569593241.088
1569593241.338
1569593241.588
1569593241.838
1569593242.088
1569593242.338
1569593242.588
1569593242.838
1569593243.088
1569593243.338
1569593243.588
1569593243.838
1569593244.088
1569593244.338
1569593244.588
1569593244.838
1569593245.088
1569593245.338
1569593245.588
1569593245.838
1569593246.088
1569593246.338
1569593246.588
1569593246.838
1569593247.088
1569593247.338
1569593247.588
1569593247.838
1569593248.088
1569593248.338
1569593248.588
1569593248.838
1569593249.088
1569593249.338
1569593249.588
1569593249.838
1569593250.088
1569593250.338
1569593250.588
1569593250.838
1569593251.088
1569593251.338
1569593251.588
1569593251.838
1569593252.088
1569593252.338
1569593252.588
1569593252.838
1569593253.088
1569593253.338
1569593253.588
1569593253.838
1569593254.088
1569593254.338
1569593254.588
1569593254.838
1569593255.088
1569593255.338
1569593255.588
1569593255.838
1569593256.088
1569593256.338
1569593256.588
1569593256.838
1569593257.088
1569593257.338
1569593257.588
1569593257.838
1569593258.088
1569593258.338
1569593258.588
1569593258.838
1569593259.088
1569593259.338
1569593259.588
1569593259.838
1569593260.088
1569593260.338
1569593260.588
1569593260.838
1569593261.088
1569593261.338
1569593261.588
1569593261.838
1569593262.088
1569593262.338
1569593262.588
1569593262.838
1569593263.088
1569593263.338
1569593263.588
1569593263.838
1569593264.088
1569593264.338
1569593264.588
1569593264.838
1569593265.088
1569593265.338
1569593265.588
1569593265.838
1569593266.088
1569593266.338
1569593266.588
1569593266.838
1569593267.088
1569593267.338
1569593267.588
1569593267.838
1569593268.088
1569593268.338
1569593268.588
1569593268.838
1569593269.088
1569593269.338
1569593269.588
1569593269.838
1569593270.088
1569593270.338
1569593270.588
1569593270.838
1569593271.088
1569593271.338
1569593271.588
1569593271.838
1569593272.088
1569593272.338
1569593272.588
1569593272.838
1569593273.088
1569593273.338
1569593273.588
1569593273.838
1569593274.088
1569593274.338
1569593274.588
1569593274.838
1569593275.088
1569593275.338
1569593275.588
1569593275.838
1569593276.088
1569593276.338
1569593276.588
1569593276.838
1569593277.088
1569593277.338
1569593277.588
1569593277.838
1569593278.088
1569593278.338
1569593278.588
1569593278.838
1569593279.088
1569593279.338
1569593279.588
1569593279.838
1569593280.088
1569593280.338
1569593280.588
1569593280.838
1569593281.088
1569593281.338
1569593281.588
1569593281.838
1569593282.088
1569593282.338
1569593282.588
1569593282.838
1569593283.088
1569593283.338
1569593283.588
1569593283.838
1569593284.088
1569593284.338
1569593284.588
1569593284.838
1569593285.088
1569593285.338
1569593285.588
1569593285.838
1569593286.088
1569593286.338
1569593286.588
1569593286.838
1569593287.088
1569593287.338
1569593287.588
1569593287.838
1569593288.088
1569593288.338
1569593288.588
1569593288.838
1569593289.088
1569593289.338
1569593289.588
1569593289.838
1569593290.088
1569593290.338
1569593290.588
1569593290.838
1569593291.088
1569593291.338
1569593291.588
1569593291.838
1569593292.088
1569593292.338
1569593292.588
1569593292.838
1569593293.088
1569593293.338
1569593293.588
1569593293.838
1569593294.088
1569593294.338
1569593294.588
1569593294.838
1569593295.088
1569593295.338
1569593295.588
1569593295.838
1569593296.088
1569593296.338
1569593296.588
1569593296.838
1569593297.088
1569593297.338
1569593297.588
1569593297.838
1569593298.088
1569593298.338
1569593298.588
1569593298.838
1569593299.088
1569593299.338
1569593299.588
1569593299.838
1569593300.088
1569593300.338
1569593300.588
1569593300.838
1569593301.088
1569593301.338
1569593301.588
1569593301.838
1569593302.088
1569593302.338
1569593302.588
1569593302.838
1569593303.088
1569593303.338
1569593303.588
1569593303.838
1569593304.088
1569593304.338
1569593304.588
1569593304.838
1569593305.088
1569593305.338
1569593305.588
1569593305.838
1569593306.088
1569593306.338
1569593306.588
1569593306.838
1569593307.088
1569593307.338
1569593307.588
1569593307.838
1569593308.088
1569593308.338
1569593308.588
1569593308.838
1569593309.088
1569593309.338
1569593309.588
1569593309.838
1569593310.088
1569593310.338
1569593310.588
1569593310.838
1569593311.088
1569593311.338
1569593311.588
1569593311.838
1569593312.088
1569593312.338
1569593312.588
1569593312.838
1569593313.088
1569593313.338
1569593313.588
1569593313.838
1569593314.088
1569593314.338
1569593314.588
1569593314.838
1569593315.088
1569593315.338
1569593315.588
1569593315.838
1569593316.088
1569593316.338
1569593316.588
1569593316.838
1569593317.088
1569593317.338
1569593317.588
1569593317.838
1569593318.088
1569593318.338
1569593318.588
1569593318.838
1569593319.088
1569593319.338
1569593319.588
1569593319.838
1569593320.088
1569593320.338
1569593320.588
1569593320.838
1569593321.088
1569593321.338
1569593321.588
1569593321.838
1569593322.088
1569593322.338
1569593322.588
1569593322.838
1569593323.088
1569593323.338
1569593323.588
1569593323.838
1569593324.088
1569593324.338
1569593324.588
1569593324.838
1569593325.088
1569593325.338
1569593325.588
1569593325.838
1569593326.088
1569593326.338
1569593326.588
1569593326.838
1569593327.088
1569593327.338
1569593327.588
1569593327.838
1569593328.088
1569593328.338
1569593328.588
1569593328.838
1569593329.088
1569593329.338
1569593329.588
1569593329.838
1569593330.088
1569593330.338
1569593330.588
1569593330.838
1569593331.088
1569593331.338
1569593331.588
1569593331.838
1569593332.088
1569593332.338
1569593332.588
1569593332.838
1569593333.088
1569593333.338
1569593333.588
1569593333.838
1569593334.088
1569593334.338
1569593334.588
1569593334.838
1569593335.088
1569593335.338
1569593335.588
1569593335.838
1569593336.088
1569593336.338
1569593336.588
1569593336.838
1569593337.088
1569593337.338
1569593337.588
1569593337.838
1569593338.088
1569593338.338
1569593338.588
1569593338.838
1569593339.088
1569593339.338
1569593339.588
1569593339.838
1569593340.088
1569593340.338
1569593340.588
1569593340.838
1569593341.088
1569593341.338
1569593341.588
1569593341.838
1569593342.088
1569593342.338
1569593342.588
1569593342.838
1569593343.088
1569593343.338
1569593343.588
1569593343.838
1569593344.088
1569593344.338
1569593344.588
1569593344.838
1569593345.088
1569593345.338
1569593345.588
1569593345.838
1569593346.088
1569593346.338
1569593346.588
1569593346.838
1569593347.088
1569593347.338
1569593347.588
1569593347.838
1569593348.088
1569593348.338
1569593348.588
1569593348.838
1569593349.088
1569593349.338
1569593349.588
1569593349.838
1569593350.088
1569593350.338
1569593350.588
1569593350.838
1569593351.088
1569593351.338
1569593351.588
1569593351.838
1569593352.088
1569593352.338
1569593352.588
1569593352.838
1569593353.088
1569593353.338
1569593353.588
1569593353.838
1569593354.088
1569593354.338
1569593354.588
1569593354.838
1569593355.088
1569593355.338
1569593355.588
1569593355.838
1569593356.088
1569593356.338
1569593356.588
1569593356.838
1569593357.088
1569593357.338
1569593357.588
1569593357.838
1569593358.088
1569593358.338
1569593358.588
1569593358.838
1569593359.088
1569593359.338
1569593359.588
1569593359.838
1569593360.088
1569593360.338
1569593360.588
1569593360.838
1569593361.088
1569593361.338
1569593361.588
1569593361.838
1569593362.088
1569593362.338
1569593362.588
1569593362.838
1569593363.088
1569593363.338
1569593363.588
1569593363.838
1569593364.088
1569593364.338
1569593364.588
1569593364.838
1569593365.088
1569593365.338
1569593365.588
1569593365.838
1569593366.088
1569593366.338
1569593366.588
1569593366.838
1569593367.088
1569593367.338
1569593367.588
1569593367.838
1569593368.088
1569593368.338
1569593368.588
1569593368.838
1569593369.088
1569593369.338
1569593369.588
1569593369.838
1569593370.088
1569593370.338
1569593370.588
1569593370.838
1569593371.088
1569593371.338
1569593371.588
1569593371.838
1569593372.088
1569593372.338
1569593372.588
1569593372.838
1569593373.088
1569593373.338
1569593373.588
1569593373.838
1569593374.088
1569593374.338
1569593374.588
1569593374.838
1569593375.088
1569593375.338
1569593375.588
1569593375.838
1569593376.088
1569593376.338
1569593376.588
1569593376.838
1569593377.088
1569593377.338
1569593377.588
1569593377.838
1569593378.088
1569593378.338
1569593378.588
1569593378.838
1569593379.088
1569593379.338
1569593379.588
1569593379.838
1569593380.088
1569593380.338
1569593380.588
1569593380.838
1569593381.088
1569593381.338
1569593381.588
1569593381.838
1569593382.088
1569593382.338
1569593382.588
1569593382.838
1569593383.088
1569593383.338
1569593383.588
1569593383.838
1569593384.088
1569593384.338
1569593384.588
1569593384.838
1569593385.088
1569593385.338
1569593385.588
1569593385.838
1569593386.088
1569593386.338
1569593386.588
1569593386.838
1569593387.088
1569593387.338
1569593387.588
1569593387.838
1569593388.088
1569593388.338
1569593388.588
1569593388.838
1569593389.088
1569593389.338
1569593389.588
1569593389.838
1569593390.088
1569593390.338
1569593390.588
1569593390.838
1569593391.088
1569593391.338
1569593391.588
1569593391.838
1569593392.088
1569593392.338
1569593392.588
1569593392.838
1569593393.088
1569593393.338
1569593393.588
1569593393.838
1569593394.088
1569593394.338
1569593394.588
1569593394.838
1569593395.088
1569593395.338
1569593395.588
1569593395.838
1569593396.088
1569593396.338
1569593396.588
1569593396.838
1569593397.088
1569593397.338
1569593397.588
1569593397.838
1569593398.088
1569593398.338
1569593398.588
1569593398.838
1569593399.088
1569593399.338
1569593399.588
1569593399.838
1569593400.088
1569593400.338
1569593400.588
1569593400.838
1569593401.088
1569593401.338
1569593401.588
1569593401.838
1569593402.088
1569593402.338
1569593402.588
1569593402.838
1569593403.088
1569593403.338
1569593403.588
1569593403.838
1569593404.088
1569593404.338
1569593404.588
1569593404.838
1569593405.088
1569593405.338
1569593405.588
1569593405.838
1569593406.088
1569593406.338
1569593406.588
1569593406.838
1569593407.088
1569593407.338
1569593407.588
1569593407.838
1569593408.088
1569593408.338
1569593408.588
1569593408.838
1569593409.088
1569593409.338
1569593409.588
1569593409.838
1569593410.088
1569593410.338
1569593410.588
1569593410.838
1569593411.088
1569593411.338
1569593411.588
1569593411.838
1569593412.088
1569593412.338
1569593412.588
1569593412.838
1569593413.088
1569593413.338
1569593413.588
1569593413.838
1569593414.088
1569593414.338
1569593414.588
1569593414.838
1569593415.088
1569593415.338
1569593415.588
1569593415.838
1569593416.088
1569593416.338
1569593416.588
1569593416.838
1569593417.088
1569593417.338
1569593417.588
1569593417.838
1569593418.088
1569593418.338
1569593418.588
1569593418.838
1569593419.088
1569593419.338
1569593419.588
1569593419.838
1569593420.088
1569593420.338
1569593420.588
1569593420.838
1569593421.088
1569593421.338
1569593421.588
1569593421.838
1569593422.088
1569593422.338
1569593422.588
1569593422.838
1569593423.088
1569593423.338
1569593423.588
1569593423.838
1569593424.088
1569593424.338
1569593424.588
1569593424.838
1569593425.088
1569593425.338
1569593425.588
1569593425.838
1569593426.088
1569593426.338
1569593426.588
1569593426.838
1569593427.088
1569593427.338
1569593427.588
1569593427.838
1569593428.088
1569593428.338
1569593428.588
1569593428.838
1569593429.088
1569593429.338
1569593429.588
1569593429.838
1569593430.088
1569593430.338
1569593430.588
1569593430.838
1569593431.088
1569593431.338
1569593431.588
1569593431.838
1569593432.088
1569593432.338
1569593432.588
1569593432.838
1569593433.088
1569593433.338
1569593433.588
1569593433.838
1569593434.088
1569593434.338
1569593434.588
1569593434.838
1569593435.088
1569593435.338
1569593435.588
1569593435.838
1569593436.088
1569593436.338
1569593436.588
1569593436.838
1569593437.088
1569593437.338
1569593437.588
1569593437.838
1569593438.088
1569593438.338
1569593438.588
1569593438.838
1569593439.088
1569593439.338
1569593439.588
1569593439.838
1569593440.088
1569593440.338
1569593440.588
1569593440.838
1569593441.088
1569593441.338
1569593441.588
1569593441.838
1569593442.088
1569593442.338
1569593442.588
1569593442.838
1569593443.088
1569593443.338
1569593443.588
1569593443.838
1569593444.088
1569593444.338
1569593444.588
1569593444.838
1569593445.088
1569593445.338
1569593445.588
1569593445.838
1569593446.088
1569593446.338
1569593446.588
1569593446.838
1569593447.088
1569593447.338
1569593447.588
1569593447.838
1569593448.088
1569593448.338
1569593448.588
1569593448.838
1569593449.088
1569593449.338
1569593449.588
1569593449.838
1569593450.088
1569593450.338
1569593450.588
1569593450.838
1569593451.088
1569593451.338
1569593451.588
1569593451.838
1569593452.088
1569593452.338
1569593452.588
1569593452.838
1569593453.088
1569593453.338
1569593453.588
1569593453.838
1569593454.088
1569593454.338
1569593454.588
1569593454.838
1569593455.088
1569593455.338
1569593455.588
1569593455.838
1569593456.088
1569593456.338
1569593456.588
1569593456.838
1569593457.088
1569593457.338
1569593457.588
1569593457.838
1569593458.088
1569593458.338
1569593458.588
1569593458.838
1569593459.088
1569593459.338
1569593459.588
1569593459.838
1569593460.088
1569593460.338
1569593460.588
1569593460.838
1569593461.088
1569593461.338
1569593461.588
1569593461.838
1569593462.088
1569593462.338
1569593462.588
1569593462.838
1569593463.088
1569593463.338
1569593463.588
1569593463.838
1569593464.088
1569593464.338
1569593464.588
1569593464.838
1569593465.088
1569593465.338
1569593465.588
1569593465.838
1569593466.088
1569593466.338
1569593466.588
1569593466.838
1569593467.088
1569593467.338
1569593467.588
1569593467.838
1569593468.088
1569593468.338
1569593468.588
1569593468.838
1569593469.088
1569593469.338
1569593469.588
1569593469.838
1569593470.088
1569593470.338
1569593470.588
1569593470.838
1569593471.088
1569593471.338
1569593471.588
1569593471.838
1569593472.088
1569593472.338
1569593472.588
1569593472.838
1569593473.088
1569593473.338
1569593473.588
1569593473.838
1569593474.088
1569593474.338
1569593474.588
1569593474.838
1569593475.088
1569593475.338
1569593475.588
1569593475.838
1569593476.088
1569593476.338
1569593476.588
1569593476.838
1569593477.088
1569593477.338
1569593477.588
1569593477.838
1569593478.088
1569593478.338
1569593478.588
1569593478.838
1569593479.088
1569593479.338
1569593479.588
1569593479.838
1569593480.088
1569593480.338
1569593480.588
1569593480.838
1569593481.088
1569593481.338
1569593481.588
1569593481.838
1569593482.088
1569593482.338
1569593482.588
1569593482.838
1569593483.088
1569593483.338
1569593483.588
1569593483.838
1569593484.088
1569593484.338
1569593484.588
1569593484.838
1569593485.088
1569593485.338
1569593485.588
1569593485.838
1569593486.088
1569593486.338
1569593486.588
1569593486.838
1569593487.088
1569593487.338
1569593487.588
1569593487.838
1569593488.088
1569593488.338
1569593488.588
1569593488.838
1569593489.088
1569593489.338
1569593489.588
1569593489.838
1569593490.088
1569593490.338
1569593490.588
1569593490.838
1569593491.088
1569593491.338
1569593491.588
1569593491.838
1569593492.088
1569593492.338
1569593492.588
1569593492.838
1569593493.088
1569593493.338
1569593493.588
1569593493.838
1569593494.088
1569593494.338
1569593494.588
1569593494.838
1569593495.088
1569593495.338
1569593495.588
1569593495.838
1569593496.088
1569593496.338
1569593496.588
1569593496.838
1569593497.088
1569593497.338
1569593497.588
1569593497.838
1569593498.088
1569593498.338
1569593498.588
1569593498.838
1569593499.088
1569593499.338
1569593499.588
1569593499.838
1569593500.088
1569593500.338
1569593500.588
1569593500.838
1569593501.088
1569593501.338
1569593501.588
1569593501.838
1569593502.088
1569593502.338
1569593502.588
1569593502.838
1569593503.088
1569593503.338
1569593503.588
1569593503.838
1569593504.088
1569593504.338
1569593504.588
1569593504.838
1569593505.088
1569593505.338
1569593505.588
1569593505.838
1569593506.088
1569593506.338
1569593506.588
1569593506.838
1569593507.088
1569593507.338
1569593507.588
1569593507.838
1569593508.088
1569593508.338
1569593508.588
1569593508.838
1569593509.088
1569593509.338
1569593509.588
1569593509.838
1569593510.088
1569593510.338
1569593510.588
1569593510.838
1569593511.088
1569593511.338
1569593511.588
1569593511.838
1569593512.088
1569593512.338
1569593512.588
1569593512.838
1569593513.088
1569593513.338
1569593513.588
1569593513.838
1569593514.088
1569593514.338
1569593514.588
1569593514.838
1569593515.088
1569593515.338
1569593515.588
1569593515.838
1569593516.088
1569593516.338
1569593516.588
1569593516.838
1569593517.088
1569593517.338
1569593517.588
1569593517.838
1569593518.088
1569593518.338
1569593518.588
1569593518.838
1569593519.088
1569593519.338
1569593519.588
1569593519.838
1569593520.088
1569593520.338
1569593520.588
1569593520.838
1569593521.088
1569593521.338
1569593521.588
1569593521.838
1569593522.088
1569593522.338
1569593522.588
1569593522.838
1569593523.088
1569593523.338
1569593523.588
1569593523.838
1569593524.088
1569593524.338
1569593524.588
1569593524.838
1569593525.088
1569593525.338
1569593525.588
1569593525.838
1569593526.088
1569593526.338
1569593526.588
1569593526.838
1569593527.088
1569593527.338
1569593527.588
1569593527.838
1569593528.088
1569593528.338
1569593528.588
1569593528.838
1569593529.088
1569593529.338
1569593529.588
1569593529.838
1569593530.088
1569593530.338
1569593530.588
1569593530.838
1569593531.088
1569593531.338
1569593531.588
1569593531.838
1569593532.088
1569593532.338
