1569595516.588
1569595516.838
1569595517.088
1569595517.338
1569595517.588
1569595517.838
1569595518.088
1569595518.338
1569595518.588
1569595518.838
1569595519.088
1569595519.338
1569595519.588
1569595519.838
1569595520.088
1569595520.338
1569595520.588
1569595520.838
1569595521.088
1569595521.338
1569595521.588
1569595521.838
1569595522.088
1569595522.338
1569595522.588
1569595522.838
1569595523.088
1569595523.338
1569595523.588
1569595523.838
1569595524.088
1569595524.338
1569595524.588
1569595524.838
1569595525.088
1569595525.338
1569595525.588
1569595525.838
1569595526.088
1569595526.338
1569595526.588
1569595526.838
1569595527.088
1569595527.338
1569595527.588
1569595527.838
1569595528.088
1569595528.338
1569595528.588
1569595528.838
1569595529.088
1569595529.338
1569595529.588
1569595529.838
1569595530.088
1569595530.338
1569595530.588
1569595530.838
1569595531.088
1569595531.338
1569595531.588
1569595531.838
1569595532.088
1569595532.338
1569595532.588
1569595532.838
1569595533.088
1569595533.338
1569595533.588
1569595533.838
1569595534.088
1569595534.338
1569595534.588
1569595534.838
1569595535.088
1569595535.338
1569595535.588
1569595535.838
1569595536.088
1569595536.338
1569595536.588
1569595536.838
1569595537.088
1569595537.338
1569595537.588
1569595537.838
1569595538.088
1569595538.338
1569595538.588
1569595538.838
1569595539.088
1569595539.338
1569595539.588
1569595539.838
1569595540.088
1569595540.338
1569595540.588
1569595540.838
1569595541.088
1569595541.338
1569595541.588
1569595541.838
1569595542.088
1569595542.338
1569595542.588
1569595542.838
1569595543.088
1569595543.338
1569595543.588
1569595543.838
1569595544.088
1569595544.338
1569595544.588
1569595544.838
1569595545.088
1569595545.338
1569595545.588
1569595545.838
1569595546.088
1569595546.338
1569595546.588
1569595546.838
1569595547.088
1569595547.338
1569595547.588
1569595547.838
1569595548.088
1569595548.338
1569595548.588
1569595548.838
1569595549.088
1569595549.338
1569595549.588
1569595549.838
1569595550.088
1569595550.338
1569595550.588
1569595550.838
1569595551.088
1569595551.338
1569595551.588
1569595551.838
1569595552.088
1569595552.338
1569595552.588
1569595552.838
1569595553.088
1569595553.338
1569595553.588
1569595553.838
1569595554.088
1569595554.338
1569595554.588
1569595554.838
1569595555.088
1569595555.338
1569595555.588
1569595555.838
1569595556.088
1569595556.338
1569595556.588
1569595556.838
1569595557.088
1569595557.338
1569595557.588
1569595557.838
1569595558.088
1569595558.338
1569595558.588
1569595558.838
1569595559.088
1569595559.338
1569595559.588
1569595559.838
1569595560.088
1569595560.338
1569595560.588
1569595560.838
1569595561.088
1569595561.338
1569595561.588
1569595561.838
1569595562.088
1569595562.338
1569595562.588
1569595562.838
1569595563.088
1569595563.338
1569595563.588
1569595563.838
1569595564.088
1569595564.338
1569595564.588
1569595564.838
1569595565.088
1569595565.338
1569595565.588
1569595565.838
1569595566.088
1569595566.338
1569595566.588
1569595566.838
1569595567.088
1569595567.338
1569595567.588
1569595567.838
1569595568.088
1569595568.338
1569595568.588
1569595568.838
1569595569.088
1569595569.338
1569595569.588
1569595569.838
1569595570.088
1569595570.338
1569595570.588
1569595570.838
1569595571.088
1569595571.338
1569595571.588
1569595571.838
1569595572.088
1569595572.338
1569595572.588
1569595572.838
1569595573.088
1569595573.338
1569595573.588
1569595573.838
1569595574.088
1569595574.338
1569595574.588
1569595574.838
1569595575.088
1569595575.338
1569595575.588
1569595575.838
1569595576.088
1569595576.338
1569595576.588
1569595576.838
1569595577.088
1569595577.338
1569595577.588
1569595577.838
1569595578.088
1569595578.338
1569595578.588
1569595578.838
1569595579.088
1569595579.338
1569595579.588
1569595579.838
1569595580.088
1569595580.338
1569595580.588
1569595580.838
1569595581.088
1569595581.338
1569595581.588
1569595581.838
1569595582.088
1569595582.338
1569595582.588
1569595582.838
1569595583.088
1569595583.338
1569595583.588
1569595583.838
1569595584.088
1569595584.338
1569595584.588
1569595584.838
1569595585.088
1569595585.338
1569595585.588
1569595585.838
1569595586.088
1569595586.338
1569595586.588
1569595586.838
1569595587.088
1569595587.338
1569595587.588
1569595587.838
1569595588.088
1569595588.338
1569595588.588
1569595588.838
1569595589.088
1569595589.338
1569595589.588
1569595589.838
1569595590.088
1569595590.338
1569595590.588
1569595590.838
1569595591.088
1569595591.338
1569595591.588
1569595591.838
1569595592.088
1569595592.338
1569595592.588
1569595592.838
1569595593.088
1569595593.338
1569595593.588
1569595593.838
1569595594.088
1569595594.338
1569595594.588
1569595594.838
1569595595.088
1569595595.338
1569595595.588
1569595595.838
1569595596.088
1569595596.338
1569595596.588
1569595596.838
1569595597.088
1569595597.338
1569595597.588
1569595597.838
1569595598.088
1569595598.338
1569595598.588
1569595598.838
1569595599.088
1569595599.338
1569595599.588
1569595599.838
1569595600.088
1569595600.338
1569595600.588
1569595600.838
1569595601.088
1569595601.338
1569595601.588
1569595601.838
1569595602.088
1569595602.338
1569595602.588
1569595602.838
1569595603.088
1569595603.338
1569595603.588
1569595603.838
1569595604.088
1569595604.338
1569595604.588
1569595604.838
1569595605.088
1569595605.338
1569595605.588
1569595605.838
1569595606.088
1569595606.338
1569595606.588
1569595606.838
1569595607.088
1569595607.338
1569595607.588
1569595607.838
1569595608.088
1569595608.338
1569595608.588
1569595608.838
1569595609.088
1569595609.338
1569595609.588
1569595609.838
1569595610.088
1569595610.338
1569595610.588
1569595610.838
1569595611.088
1569595611.338
1569595611.588
1569595611.838
1569595612.088
1569595612.338
1569595612.588
1569595612.838
1569595613.088
1569595613.338
1569595613.588
1569595613.838
1569595614.088
1569595614.338
1569595614.588
1569595614.838
1569595615.088
1569595615.338
1569595615.588
1569595615.838
1569595616.088
1569595616.338
1569595616.588
1569595616.838
1569595617.088
1569595617.338
1569595617.588
1569595617.838
1569595618.088
1569595618.338
1569595618.588
1569595618.838
1569595619.088
1569595619.338
1569595619.588
1569595619.838
1569595620.088
1569595620.338
1569595620.588
1569595620.838
1569595621.088
1569595621.338
1569595621.588
1569595621.838
1569595622.088
1569595622.338
1569595622.588
1569595622.838
1569595623.088
1569595623.338
1569595623.588
1569595623.838
1569595624.088
1569595624.338
1569595624.588
1569595624.838
1569595625.088
1569595625.338
1569595625.588
1569595625.838
1569595626.088
1569595626.338
1569595626.588
1569595626.838
1569595627.088
1569595627.338
1569595627.588
1569595627.838
1569595628.088
1569595628.338
1569595628.588
1569595628.838
1569595629.088
1569595629.338
1569595629.588
1569595629.838
1569595630.088
1569595630.338
1569595630.588
1569595630.838
1569595631.088
1569595631.338
1569595631.588
1569595631.838
1569595632.088
1569595632.338
1569595632.588
1569595632.838
1569595633.088
1569595633.338
1569595633.588
1569595633.838
1569595634.088
1569595634.338
1569595634.588
1569595634.838
1569595635.088
1569595635.338
1569595635.588
1569595635.838
1569595636.088
1569595636.338
1569595636.588
1569595636.838
1569595637.088
1569595637.338
1569595637.588
1569595637.838
1569595638.088
1569595638.338
1569595638.588
1569595638.838
1569595639.088
1569595639.338
1569595639.588
1569595639.838
1569595640.088
1569595640.338
1569595640.588
1569595640.838
1569595641.088
1569595641.338
1569595641.588
1569595641.838
1569595642.088
1569595642.338
1569595642.588
1569595642.838
1569595643.088
1569595643.338
1569595643.588
1569595643.838
1569595644.088
1569595644.338
1569595644.588
1569595644.838
1569595645.088
1569595645.338
1569595645.588
1569595645.838
1569595646.088
1569595646.338
1569595646.588
1569595646.838
1569595647.088
1569595647.338
1569595647.588
1569595647.838
1569595648.088
1569595648.338
1569595648.588
1569595648.838
1569595649.088
1569595649.338
1569595649.588
1569595649.838
1569595650.088
1569595650.338
1569595650.588
1569595650.838
1569595651.088
1569595651.338
1569595651.588
1569595651.838
1569595652.088
1569595652.338
1569595652.588
1569595652.838
1569595653.088
1569595653.338
1569595653.588
1569595653.838
1569595654.088
1569595654.338
1569595654.588
1569595654.838
1569595655.088
1569595655.338
1569595655.588
1569595655.838
1569595656.088
1569595656.338
1569595656.588
1569595656.838
1569595657.088
1569595657.338
1569595657.588
1569595657.838
1569595658.088
1569595658.338
1569595658.588
1569595658.838
1569595659.088
1569595659.338
1569595659.588
1569595659.838
1569595660.088
1569595660.338
1569595660.588
1569595660.838
1569595661.088
1569595661.338
1569595661.588
1569595661.838
1569595662.088
1569595662.338
1569595662.588
1569595662.838
1569595663.088
1569595663.338
1569595663.588
1569595663.838
1569595664.088
1569595664.338
1569595664.588
1569595664.838
1569595665.088
1569595665.338
1569595665.588
1569595665.838
1569595666.088
1569595666.338
1569595666.588
1569595666.838
1569595667.088
1569595667.338
1569595667.588
1569595667.838
1569595668.088
1569595668.338
1569595668.588
1569595668.838
1569595669.088
1569595669.338
1569595669.588
1569595669.838
1569595670.088
1569595670.338
1569595670.588
1569595670.838
1569595671.088
1569595671.338
1569595671.588
1569595671.838
1569595672.088
1569595672.338
1569595672.588
1569595672.838
1569595673.088
1569595673.338
1569595673.588
1569595673.838
1569595674.088
1569595674.338
1569595674.588
1569595674.838
1569595675.088
1569595675.338
1569595675.588
1569595675.838
1569595676.088
1569595676.338
1569595676.588
1569595676.838
1569595677.088
1569595677.338
1569595677.588
1569595677.838
1569595678.088
1569595678.338
1569595678.588
1569595678.838
1569595679.088
1569595679.338
1569595679.588
1569595679.838
1569595680.088
1569595680.338
1569595680.588
1569595680.838
1569595681.088
1569595681.338
1569595681.588
1569595681.838
1569595682.088
1569595682.338
1569595682.588
1569595682.838
1569595683.088
1569595683.338
1569595683.588
1569595683.838
1569595684.088
1569595684.338
1569595684.588
1569595684.838
1569595685.088
1569595685.338
1569595685.588
1569595685.838
1569595686.088
1569595686.338
1569595686.588
1569595686.838
1569595687.088
1569595687.338
1569595687.588
1569595687.838
1569595688.088
1569595688.338
1569595688.588
1569595688.838
1569595689.088
1569595689.338
1569595689.588
1569595689.838
1569595690.088
1569595690.338
1569595690.588
1569595690.838
1569595691.088
1569595691.338
1569595691.588
1569595691.838
1569595692.088
1569595692.338
1569595692.588
1569595692.838
1569595693.088
1569595693.338
1569595693.588
1569595693.838
1569595694.088
1569595694.338
1569595694.588
1569595694.838
1569595695.088
1569595695.338
1569595695.588
1569595695.838
1569595696.088
1569595696.338
1569595696.588
1569595696.838
1569595697.088
1569595697.338
1569595697.588
1569595697.838
1569595698.088
1569595698.338
1569595698.588
1569595698.838
1569595699.088
1569595699.338
1569595699.588
1569595699.838
1569595700.088
1569595700.338
1569595700.588
1569595700.838
1569595701.088
1569595701.338
1569595701.588
1569595701.838
1569595702.088
1569595702.338
1569595702.588
1569595702.838
1569595703.088
1569595703.338
1569595703.588
1569595703.838
1569595704.088
1569595704.338
1569595704.588
1569595704.838
1569595705.088
1569595705.338
1569595705.588
1569595705.838
1569595706.088
1569595706.338
1569595706.588
1569595706.838
1569595707.088
1569595707.338
1569595707.588
1569595707.838
1569595708.088
1569595708.338
1569595708.588
1569595708.838
1569595709.088
1569595709.338
1569595709.588
1569595709.838
1569595710.088
1569595710.338
1569595710.588
1569595710.838
1569595711.088
1569595711.338
1569595711.588
1569595711.838
1569595712.088
1569595712.338
1569595712.588
1569595712.838
1569595713.088
1569595713.338
1569595713.588
1569595713.838
1569595714.088
1569595714.338
1569595714.588
1569595714.838
1569595715.088
1569595715.338
1569595715.588
1569595715.838
1569595716.088
1569595716.338
1569595716.588
1569595716.838
1569595717.088
1569595717.338
1569595717.588
1569595717.838
1569595718.088
1569595718.338
1569595718.588
1569595718.838
1569595719.088
1569595719.338
1569595719.588
1569595719.838
1569595720.088
1569595720.338
1569595720.588
1569595720.838
1569595721.088
1569595721.338
1569595721.588
1569595721.838
1569595722.088
1569595722.338
1569595722.588
1569595722.838
1569595723.088
1569595723.338
1569595723.588
1569595723.838
1569595724.088
1569595724.338
1569595724.588
1569595724.838
1569595725.088
1569595725.338
1569595725.588
1569595725.838
1569595726.088
1569595726.338
1569595726.588
1569595726.838
1569595727.088
1569595727.338
1569595727.588
1569595727.838
1569595728.088
1569595728.338
1569595728.588
1569595728.838
1569595729.088
1569595729.338
1569595729.588
1569595729.838
1569595730.088
1569595730.338
1569595730.588
1569595730.838
1569595731.088
1569595731.338
1569595731.588
1569595731.838
1569595732.088
1569595732.338
1569595732.588
1569595732.838
1569595733.088
1569595733.338
1569595733.588
1569595733.838
1569595734.088
1569595734.338
1569595734.588
1569595734.838
1569595735.088
1569595735.338
1569595735.588
1569595735.838
1569595736.088
1569595736.338
1569595736.588
1569595736.838
1569595737.088
1569595737.338
1569595737.588
1569595737.838
1569595738.088
1569595738.338
1569595738.588
1569595738.838
1569595739.088
1569595739.338
1569595739.588
1569595739.838
1569595740.088
1569595740.338
1569595740.588
1569595740.838
1569595741.088
1569595741.338
1569595741.588
1569595741.838
1569595742.088
1569595742.338
1569595742.588
1569595742.838
1569595743.088
1569595743.338
1569595743.588
1569595743.838
1569595744.088
1569595744.338
1569595744.588
1569595744.838
1569595745.088
1569595745.338
1569595745.588
1569595745.838
1569595746.088
1569595746.338
1569595746.588
1569595746.838
1569595747.088
1569595747.338
1569595747.588
1569595747.838
1569595748.088
1569595748.338
1569595748.588
1569595748.838
1569595749.088
1569595749.338
1569595749.588
1569595749.838
1569595750.088
1569595750.338
1569595750.588
1569595750.838
1569595751.088
1569595751.338
1569595751.588
1569595751.838
1569595752.088
1569595752.338
1569595752.588
1569595752.838
1569595753.088
1569595753.338
1569595753.588
1569595753.838
1569595754.088
1569595754.338
1569595754.588
1569595754.838
1569595755.088
1569595755.338
1569595755.588
1569595755.838
1569595756.088
1569595756.338
1569595756.588
1569595756.838
1569595757.088
1569595757.338
1569595757.588
1569595757.838
1569595758.088
1569595758.338
1569595758.588
1569595758.838
1569595759.088
1569595759.338
1569595759.588
1569595759.838
1569595760.088
1569595760.338
1569595760.588
1569595760.838
1569595761.088
1569595761.338
1569595761.588
1569595761.838
1569595762.088
1569595762.338
1569595762.588
1569595762.838
1569595763.088
1569595763.338
1569595763.588
1569595763.838
1569595764.088
1569595764.338
1569595764.588
1569595764.838
1569595765.088
1569595765.338
1569595765.588
1569595765.838
1569595766.088
1569595766.338
1569595766.588
1569595766.838
1569595767.088
1569595767.338
1569595767.588
1569595767.838
1569595768.088
1569595768.338
1569595768.588
1569595768.838
1569595769.088
1569595769.338
1569595769.588
1569595769.838
1569595770.088
1569595770.338
1569595770.588
1569595770.838
1569595771.088
1569595771.338
1569595771.588
1569595771.838
1569595772.088
1569595772.338
1569595772.588
1569595772.838
1569595773.088
1569595773.338
1569595773.588
1569595773.838
1569595774.088
1569595774.338
1569595774.588
1569595774.838
1569595775.088
1569595775.338
1569595775.588
1569595775.838
1569595776.088
1569595776.338
1569595776.588
1569595776.838
1569595777.088
1569595777.338
1569595777.588
1569595777.838
1569595778.088
1569595778.338
1569595778.588
1569595778.838
1569595779.088
1569595779.338
1569595779.588
1569595779.838
1569595780.088
1569595780.338
1569595780.588
1569595780.838
1569595781.088
1569595781.338
1569595781.588
1569595781.838
1569595782.088
1569595782.338
1569595782.588
1569595782.838
1569595783.088
1569595783.338
1569595783.588
1569595783.838
1569595784.088
1569595784.338
1569595784.588
1569595784.838
1569595785.088
1569595785.338
1569595785.588
1569595785.838
1569595786.088
1569595786.338
1569595786.588
1569595786.838
1569595787.088
1569595787.338
1569595787.588
1569595787.838
1569595788.088
1569595788.338
1569595788.588
1569595788.838
1569595789.088
1569595789.338
1569595789.588
1569595789.838
1569595790.088
1569595790.338
1569595790.588
1569595790.838
1569595791.088
1569595791.338
1569595791.588
1569595791.838
1569595792.088
1569595792.338
1569595792.588
1569595792.838
1569595793.088
1569595793.338
1569595793.588
1569595793.838
1569595794.088
1569595794.338
1569595794.588
1569595794.838
1569595795.088
1569595795.338
1569595795.588
1569595795.838
1569595796.088
1569595796.338
1569595796.588
1569595796.838
1569595797.088
1569595797.338
1569595797.588
1569595797.838
1569595798.088
1569595798.338
1569595798.588
1569595798.838
1569595799.088
1569595799.338
1569595799.588
1569595799.838
1569595800.088
1569595800.338
1569595800.588
1569595800.838
1569595801.088
1569595801.338
1569595801.588
1569595801.838
1569595802.088
1569595802.338
1569595802.588
1569595802.838
1569595803.088
1569595803.338
1569595803.588
1569595803.838
1569595804.088
1569595804.338
1569595804.588
1569595804.838
1569595805.088
1569595805.338
1569595805.588
1569595805.838
1569595806.088
1569595806.338
1569595806.588
1569595806.838
1569595807.088
1569595807.338
1569595807.588
1569595807.838
1569595808.088
1569595808.338
1569595808.588
1569595808.838
1569595809.088
1569595809.338
1569595809.588
1569595809.838
1569595810.088
1569595810.338
1569595810.588
1569595810.838
1569595811.088
1569595811.338
1569595811.588
1569595811.838
1569595812.088
1569595812.338
1569595812.588
1569595812.838
1569595813.088
1569595813.338
1569595813.588
1569595813.838
1569595814.088
1569595814.338
1569595814.588
1569595814.838
1569595815.088
1569595815.338
1569595815.588
1569595815.838
1569595816.088
1569595816.338
1569595816.588
1569595816.838
1569595817.088
1569595817.338
1569595817.588
1569595817.838
1569595818.088
1569595818.338
1569595818.588
1569595818.838
1569595819.088
1569595819.338
1569595819.588
1569595819.838
1569595820.088
1569595820.338
1569595820.588
1569595820.838
1569595821.088
1569595821.338
1569595821.588
1569595821.838
1569595822.088
1569595822.338
1569595822.588
1569595822.838
1569595823.088
1569595823.338
1569595823.588
1569595823.838
1569595824.088
1569595824.338
1569595824.588
1569595824.838
1569595825.088
1569595825.338
1569595825.588
1569595825.838
1569595826.088
1569595826.338
1569595826.588
1569595826.838
1569595827.088
1569595827.338
1569595827.588
1569595827.838
1569595828.088
1569595828.338
1569595828.588
1569595828.838
1569595829.088
1569595829.338
1569595829.588
1569595829.838
1569595830.088
1569595830.338
1569595830.588
1569595830.838
1569595831.088
1569595831.338
1569595831.588
1569595831.838
1569595832.088
1569595832.338
1569595832.588
1569595832.838
1569595833.088
1569595833.338
1569595833.588
1569595833.838
1569595834.088
1569595834.338
1569595834.588
1569595834.838
1569595835.088
1569595835.338
1569595835.588
1569595835.838
1569595836.088
1569595836.338
1569595836.588
1569595836.838
1569595837.088
1569595837.338
