1569594304.588
1569594304.838
1569594305.088
1569594305.338
1569594305.588
1569594305.838
1569594306.088
1569594306.338
1569594306.588
1569594306.838
1569594307.088
1569594307.338
1569594307.588
1569594307.838
1569594308.088
1569594308.338
1569594308.588
1569594308.838
1569594309.088
1569594309.338
1569594309.588
1569594309.838
1569594310.088
1569594310.338
1569594310.588
1569594310.838
1569594311.088
1569594311.338
1569594311.588
1569594311.838
1569594312.088
1569594312.338
1569594312.588
1569594312.838
1569594313.088
1569594313.338
1569594313.588
1569594313.838
1569594314.088
1569594314.338
1569594314.588
1569594314.838
1569594315.088
1569594315.338
1569594315.588
1569594315.838
1569594316.088
1569594316.338
1569594316.588
1569594316.838
1569594317.088
1569594317.338
1569594317.588
1569594317.838
1569594318.088
1569594318.338
1569594318.588
1569594318.838
1569594319.088
1569594319.338
1569594319.588
1569594319.838
1569594320.088
1569594320.338
1569594320.588
1569594320.838
1569594321.088
1569594321.338
1569594321.588
1569594321.838
1569594322.088
1569594322.338
1569594322.588
1569594322.838
1569594323.088
1569594323.338
1569594323.588
1569594323.838
1569594324.088
1569594324.338
1569594324.588
1569594324.838
1569594325.088
1569594325.338
1569594325.588
1569594325.838
1569594326.088
1569594326.338
1569594326.588
1569594326.838
1569594327.088
1569594327.338
1569594327.588
1569594327.838
1569594328.088
1569594328.338
1569594328.588
1569594328.838
1569594329.088
1569594329.338
1569594329.588
1569594329.838
1569594330.088
1569594330.338
1569594330.588
1569594330.838
1569594331.088
1569594331.338
1569594331.588
1569594331.838
1569594332.088
1569594332.338
1569594332.588
1569594332.838
1569594333.088
1569594333.338
1569594333.588
1569594333.838
1569594334.088
1569594334.338
1569594334.588
1569594334.838
1569594335.088
1569594335.338
1569594335.588
1569594335.838
1569594336.088
1569594336.338
1569594336.588
1569594336.838
1569594337.088
1569594337.338
1569594337.588
1569594337.838
1569594338.088
1569594338.338
1569594338.588
1569594338.838
1569594339.088
1569594339.338
1569594339.588
1569594339.838
1569594340.088
1569594340.338
1569594340.588
1569594340.838
1569594341.088
1569594341.338
1569594341.588
1569594341.838
1569594342.088
1569594342.338
1569594342.588
1569594342.838
1569594343.088
1569594343.338
1569594343.588
1569594343.838
1569594344.088
1569594344.338
1569594344.588
1569594344.838
1569594345.088
1569594345.338
1569594345.588
1569594345.838
1569594346.088
1569594346.338
1569594346.588
1569594346.838
1569594347.088
1569594347.338
1569594347.588
1569594347.838
1569594348.088
1569594348.338
1569594348.588
1569594348.838
1569594349.088
1569594349.338
1569594349.588
1569594349.838
1569594350.088
1569594350.338
1569594350.588
1569594350.838
1569594351.088
1569594351.338
1569594351.588
1569594351.838
1569594352.088
1569594352.338
1569594352.588
1569594352.838
1569594353.088
1569594353.338
1569594353.588
1569594353.838
1569594354.088
1569594354.338
1569594354.588
1569594354.838
1569594355.088
1569594355.338
1569594355.588
1569594355.838
1569594356.088
1569594356.338
1569594356.588
1569594356.838
1569594357.088
1569594357.338
1569594357.588
1569594357.838
1569594358.088
1569594358.338
1569594358.588
1569594358.838
1569594359.088
1569594359.338
1569594359.588
1569594359.838
1569594360.088
1569594360.338
1569594360.588
1569594360.838
1569594361.088
1569594361.338
1569594361.588
1569594361.838
1569594362.088
1569594362.338
1569594362.588
1569594362.838
1569594363.088
1569594363.338
1569594363.588
1569594363.838
1569594364.088
1569594364.338
1569594364.588
1569594364.838
1569594365.088
1569594365.338
1569594365.588
1569594365.838
1569594366.088
1569594366.338
1569594366.588
1569594366.838
1569594367.088
1569594367.338
1569594367.588
1569594367.838
1569594368.088
1569594368.338
1569594368.588
1569594368.838
1569594369.088
1569594369.338
1569594369.588
1569594369.838
1569594370.088
1569594370.338
1569594370.588
1569594370.838
1569594371.088
1569594371.338
1569594371.588
1569594371.838
1569594372.088
1569594372.338
1569594372.588
1569594372.838
1569594373.088
1569594373.338
1569594373.588
1569594373.838
1569594374.088
1569594374.338
1569594374.588
1569594374.838
1569594375.088
1569594375.338
1569594375.588
1569594375.838
1569594376.088
1569594376.338
1569594376.588
1569594376.838
1569594377.088
1569594377.338
1569594377.588
1569594377.838
1569594378.088
1569594378.338
1569594378.588
1569594378.838
1569594379.088
1569594379.338
1569594379.588
1569594379.838
1569594380.088
1569594380.338
1569594380.588
1569594380.838
1569594381.088
1569594381.338
1569594381.588
1569594381.838
1569594382.088
1569594382.338
1569594382.588
1569594382.838
1569594383.088
1569594383.338
1569594383.588
1569594383.838
1569594384.088
1569594384.338
1569594384.588
1569594384.838
1569594385.088
1569594385.338
1569594385.588
1569594385.838
1569594386.088
1569594386.338
1569594386.588
1569594386.838
1569594387.088
1569594387.338
1569594387.588
1569594387.838
1569594388.088
1569594388.338
1569594388.588
1569594388.838
1569594389.088
1569594389.338
1569594389.588
1569594389.838
1569594390.088
1569594390.338
1569594390.588
1569594390.838
1569594391.088
1569594391.338
1569594391.588
1569594391.838
1569594392.088
1569594392.338
1569594392.588
1569594392.838
1569594393.088
1569594393.338
1569594393.588
1569594393.838
1569594394.088
1569594394.338
1569594394.588
1569594394.838
1569594395.088
1569594395.338
1569594395.588
1569594395.838
1569594396.088
1569594396.338
1569594396.588
1569594396.838
1569594397.088
1569594397.338
1569594397.588
1569594397.838
1569594398.088
1569594398.338
1569594398.588
1569594398.838
1569594399.088
1569594399.338
1569594399.588
1569594399.838
1569594400.088
1569594400.338
1569594400.588
1569594400.838
1569594401.088
1569594401.338
1569594401.588
1569594401.838
1569594402.088
1569594402.338
1569594402.588
1569594402.838
1569594403.088
1569594403.338
1569594403.588
1569594403.838
1569594404.088
1569594404.338
1569594404.588
1569594404.838
1569594405.088
1569594405.338
1569594405.588
1569594405.838
1569594406.088
1569594406.338
1569594406.588
1569594406.838
1569594407.088
1569594407.338
1569594407.588
1569594407.838
1569594408.088
1569594408.338
1569594408.588
1569594408.838
1569594409.088
1569594409.338
1569594409.588
1569594409.838
1569594410.088
1569594410.338
1569594410.588
1569594410.838
1569594411.088
1569594411.338
1569594411.588
1569594411.838
1569594412.088
1569594412.338
1569594412.588
1569594412.838
1569594413.088
1569594413.338
1569594413.588
1569594413.838
1569594414.088
1569594414.338
1569594414.588
1569594414.838
1569594415.088
1569594415.338
1569594415.588
1569594415.838
1569594416.088
1569594416.338
1569594416.588
1569594416.838
1569594417.088
1569594417.338
1569594417.588
1569594417.838
1569594418.088
1569594418.338
1569594418.588
1569594418.838
1569594419.088
1569594419.338
1569594419.588
1569594419.838
1569594420.088
1569594420.338
1569594420.588
1569594420.838
1569594421.088
1569594421.338
1569594421.588
1569594421.838
1569594422.088
1569594422.338
1569594422.588
1569594422.838
1569594423.088
1569594423.338
1569594423.588
1569594423.838
1569594424.088
1569594424.338
1569594424.588
1569594424.838
1569594425.088
1569594425.338
1569594425.588
1569594425.838
1569594426.088
1569594426.338
1569594426.588
1569594426.838
1569594427.088
1569594427.338
1569594427.588
1569594427.838
1569594428.088
1569594428.338
1569594428.588
1569594428.838
1569594429.088
1569594429.338
1569594429.588
1569594429.838
1569594430.088
1569594430.338
1569594430.588
1569594430.838
1569594431.088
1569594431.338
1569594431.588
1569594431.838
1569594432.088
1569594432.338
1569594432.588
1569594432.838
1569594433.088
1569594433.338
1569594433.588
1569594433.838
1569594434.088
1569594434.338
1569594434.588
1569594434.838
1569594435.088
1569594435.338
1569594435.588
1569594435.838
1569594436.088
1569594436.338
1569594436.588
1569594436.838
1569594437.088
1569594437.338
1569594437.588
1569594437.838
1569594438.088
1569594438.338
1569594438.588
1569594438.838
1569594439.088
1569594439.338
1569594439.588
1569594439.838
1569594440.088
1569594440.338
1569594440.588
1569594440.838
1569594441.088
1569594441.338
1569594441.588
1569594441.838
1569594442.088
1569594442.338
1569594442.588
1569594442.838
1569594443.088
1569594443.338
1569594443.588
1569594443.838
1569594444.088
1569594444.338
1569594444.588
1569594444.838
1569594445.088
1569594445.338
1569594445.588
1569594445.838
1569594446.088
1569594446.338
1569594446.588
1569594446.838
1569594447.088
1569594447.338
1569594447.588
1569594447.838
1569594448.088
1569594448.338
1569594448.588
1569594448.838
1569594449.088
1569594449.338
1569594449.588
1569594449.838
1569594450.088
1569594450.338
1569594450.588
1569594450.838
1569594451.088
1569594451.338
1569594451.588
1569594451.838
1569594452.088
1569594452.338
1569594452.588
1569594452.838
1569594453.088
1569594453.338
1569594453.588
1569594453.838
1569594454.088
1569594454.338
1569594454.588
1569594454.838
1569594455.088
1569594455.338
1569594455.588
1569594455.838
1569594456.088
1569594456.338
1569594456.588
1569594456.838
1569594457.088
1569594457.338
1569594457.588
1569594457.838
1569594458.088
1569594458.338
1569594458.588
1569594458.838
1569594459.088
1569594459.338
1569594459.588
1569594459.838
1569594460.088
1569594460.338
1569594460.588
1569594460.838
1569594461.088
1569594461.338
1569594461.588
1569594461.838
1569594462.088
1569594462.338
1569594462.588
1569594462.838
1569594463.088
1569594463.338
1569594463.588
1569594463.838
1569594464.088
1569594464.338
1569594464.588
1569594464.838
1569594465.088
1569594465.338
1569594465.588
1569594465.838
1569594466.088
1569594466.338
1569594466.588
1569594466.838
1569594467.088
1569594467.338
1569594467.588
1569594467.838
1569594468.088
1569594468.338
1569594468.588
1569594468.838
1569594469.088
1569594469.338
1569594469.588
1569594469.838
1569594470.088
1569594470.338
1569594470.588
1569594470.838
1569594471.088
1569594471.338
1569594471.588
1569594471.838
1569594472.088
1569594472.338
1569594472.588
1569594472.838
1569594473.088
1569594473.338
1569594473.588
1569594473.838
1569594474.088
1569594474.338
1569594474.588
1569594474.838
1569594475.088
1569594475.338
1569594475.588
1569594475.838
1569594476.088
1569594476.338
1569594476.588
1569594476.838
1569594477.088
1569594477.338
1569594477.588
1569594477.838
1569594478.088
1569594478.338
1569594478.588
1569594478.838
1569594479.088
1569594479.338
1569594479.588
1569594479.838
1569594480.088
1569594480.338
1569594480.588
1569594480.838
1569594481.088
1569594481.338
1569594481.588
1569594481.838
1569594482.088
1569594482.338
1569594482.588
1569594482.838
1569594483.088
1569594483.338
1569594483.588
1569594483.838
1569594484.088
1569594484.338
1569594484.588
1569594484.838
1569594485.088
1569594485.338
1569594485.588
1569594485.838
1569594486.088
1569594486.338
1569594486.588
1569594486.838
1569594487.088
1569594487.338
1569594487.588
1569594487.838
1569594488.088
1569594488.338
1569594488.588
1569594488.838
1569594489.088
1569594489.338
1569594489.588
1569594489.838
1569594490.088
1569594490.338
1569594490.588
1569594490.838
1569594491.088
1569594491.338
1569594491.588
1569594491.838
1569594492.088
1569594492.338
1569594492.588
1569594492.838
1569594493.088
1569594493.338
1569594493.588
1569594493.838
1569594494.088
1569594494.338
1569594494.588
1569594494.838
1569594495.088
1569594495.338
1569594495.588
1569594495.838
1569594496.088
1569594496.338
1569594496.588
1569594496.838
1569594497.088
1569594497.338
1569594497.588
1569594497.838
1569594498.088
1569594498.338
1569594498.588
1569594498.838
1569594499.088
1569594499.338
1569594499.588
1569594499.838
1569594500.088
1569594500.338
1569594500.588
1569594500.838
1569594501.088
1569594501.338
1569594501.588
1569594501.838
1569594502.088
1569594502.338
1569594502.588
1569594502.838
1569594503.088
1569594503.338
1569594503.588
1569594503.838
1569594504.088
1569594504.338
1569594504.588
1569594504.838
1569594505.088
1569594505.338
1569594505.588
1569594505.838
1569594506.088
1569594506.338
1569594506.588
1569594506.838
1569594507.088
1569594507.338
1569594507.588
1569594507.838
1569594508.088
1569594508.338
1569594508.588
1569594508.838
1569594509.088
1569594509.338
1569594509.588
1569594509.838
1569594510.088
1569594510.338
1569594510.588
1569594510.838
1569594511.088
1569594511.338
1569594511.588
1569594511.838
1569594512.088
1569594512.338
1569594512.588
1569594512.838
1569594513.088
1569594513.338
1569594513.588
1569594513.838
1569594514.088
1569594514.338
1569594514.588
1569594514.838
1569594515.088
1569594515.338
1569594515.588
1569594515.838
1569594516.088
1569594516.338
1569594516.588
1569594516.838
1569594517.088
1569594517.338
1569594517.588
1569594517.838
1569594518.088
1569594518.338
1569594518.588
1569594518.838
1569594519.088
1569594519.338
1569594519.588
1569594519.838
1569594520.088
1569594520.338
1569594520.588
1569594520.838
1569594521.088
1569594521.338
1569594521.588
1569594521.838
1569594522.088
1569594522.338
1569594522.588
1569594522.838
1569594523.088
1569594523.338
1569594523.588
1569594523.838
1569594524.088
1569594524.338
1569594524.588
1569594524.838
1569594525.088
1569594525.338
1569594525.588
1569594525.838
1569594526.088
1569594526.338
1569594526.588
1569594526.838
1569594527.088
1569594527.338
1569594527.588
1569594527.838
1569594528.088
1569594528.338
1569594528.588
1569594528.838
1569594529.088
1569594529.338
1569594529.588
1569594529.838
1569594530.088
1569594530.338
1569594530.588
1569594530.838
1569594531.088
1569594531.338
1569594531.588
1569594531.838
1569594532.088
1569594532.338
1569594532.588
1569594532.838
1569594533.088
1569594533.338
1569594533.588
1569594533.838
1569594534.088
1569594534.338
1569594534.588
1569594534.838
1569594535.088
1569594535.338
1569594535.588
1569594535.838
1569594536.088
1569594536.338
1569594536.588
1569594536.838
1569594537.088
1569594537.338
1569594537.588
1569594537.838
1569594538.088
1569594538.338
1569594538.588
1569594538.838
1569594539.088
1569594539.338
1569594539.588
1569594539.838
1569594540.088
1569594540.338
1569594540.588
1569594540.838
1569594541.088
1569594541.338
1569594541.588
1569594541.838
1569594542.088
1569594542.338
1569594542.588
1569594542.838
1569594543.088
1569594543.338
1569594543.588
1569594543.838
1569594544.088
1569594544.338
1569594544.588
1569594544.838
1569594545.088
1569594545.338
1569594545.588
1569594545.838
1569594546.088
1569594546.338
1569594546.588
1569594546.838
1569594547.088
1569594547.338
1569594547.588
1569594547.838
1569594548.088
1569594548.338
1569594548.588
1569594548.838
1569594549.088
1569594549.338
1569594549.588
1569594549.838
1569594550.088
1569594550.338
1569594550.588
1569594550.838
1569594551.088
1569594551.338
1569594551.588
1569594551.838
1569594552.088
1569594552.338
1569594552.588
1569594552.838
1569594553.088
1569594553.338
1569594553.588
1569594553.838
1569594554.088
1569594554.338
1569594554.588
1569594554.838
1569594555.088
1569594555.338
1569594555.588
1569594555.838
1569594556.088
1569594556.338
1569594556.588
1569594556.838
1569594557.088
1569594557.338
1569594557.588
1569594557.838
1569594558.088
1569594558.338
1569594558.588
1569594558.838
1569594559.088
1569594559.338
1569594559.588
1569594559.838
1569594560.088
1569594560.338
1569594560.588
1569594560.838
1569594561.088
1569594561.338
1569594561.588
1569594561.838
1569594562.088
1569594562.338
1569594562.588
1569594562.838
1569594563.088
1569594563.338
1569594563.588
1569594563.838
1569594564.088
1569594564.338
1569594564.588
1569594564.838
1569594565.088
1569594565.338
1569594565.588
1569594565.838
1569594566.088
1569594566.338
1569594566.588
1569594566.838
1569594567.088
1569594567.338
1569594567.588
1569594567.838
1569594568.088
1569594568.338
1569594568.588
1569594568.838
1569594569.088
1569594569.338
1569594569.588
1569594569.838
1569594570.088
1569594570.338
1569594570.588
1569594570.838
1569594571.088
1569594571.338
1569594571.588
1569594571.838
1569594572.088
1569594572.338
1569594572.588
1569594572.838
1569594573.088
1569594573.338
1569594573.588
1569594573.838
1569594574.088
1569594574.338
1569594574.588
1569594574.838
1569594575.088
1569594575.338
1569594575.588
1569594575.838
1569594576.088
1569594576.338
1569594576.588
1569594576.838
1569594577.088
1569594577.338
1569594577.588
1569594577.838
1569594578.088
1569594578.338
1569594578.588
1569594578.838
1569594579.088
1569594579.338
1569594579.588
1569594579.838
1569594580.088
1569594580.338
1569594580.588
1569594580.838
1569594581.088
1569594581.338
1569594581.588
1569594581.838
1569594582.088
1569594582.338
1569594582.588
1569594582.838
1569594583.088
1569594583.338
1569594583.588
1569594583.838
1569594584.088
1569594584.338
1569594584.588
1569594584.838
1569594585.088
1569594585.338
1569594585.588
1569594585.838
1569594586.088
1569594586.338
1569594586.588
1569594586.838
1569594587.088
1569594587.338
1569594587.588
1569594587.838
1569594588.088
1569594588.338
1569594588.588
1569594588.838
1569594589.088
1569594589.338
1569594589.588
1569594589.838
1569594590.088
1569594590.338
1569594590.588
1569594590.838
1569594591.088
1569594591.338
1569594591.588
1569594591.838
1569594592.088
1569594592.338
1569594592.588
1569594592.838
1569594593.088
1569594593.338
1569594593.588
1569594593.838
1569594594.088
1569594594.338
1569594594.588
1569594594.838
1569594595.088
1569594595.338
1569594595.588
1569594595.838
1569594596.088
1569594596.338
1569594596.588
1569594596.838
1569594597.088
1569594597.338
1569594597.588
1569594597.838
1569594598.088
1569594598.338
1569594598.588
1569594598.838
1569594599.088
1569594599.338
1569594599.588
1569594599.838
1569594600.088
1569594600.338
1569594600.588
1569594600.838
1569594601.088
1569594601.338
1569594601.588
1569594601.838
1569594602.088
1569594602.338
1569594602.588
1569594602.838
1569594603.088
1569594603.338
1569594603.588
1569594603.838
1569594604.088
1569594604.338
1569594604.588
1569594604.838
1569594605.088
1569594605.338
1569594605.588
1569594605.838
1569594606.088
1569594606.338
1569594606.588
1569594606.838
1569594607.088
1569594607.338
1569594607.588
1569594607.838
1569594608.088
1569594608.338
1569594608.588
1569594608.838
1569594609.088
1569594609.338
1569594609.588
1569594609.838
1569594610.088
1569594610.338
1569594610.588
1569594610.838
1569594611.088
1569594611.338
1569594611.588
1569594611.838
1569594612.088
1569594612.338
1569594612.588
1569594612.838
1569594613.088
1569594613.338
1569594613.588
1569594613.838
1569594614.088
1569594614.338
1569594614.588
1569594614.838
1569594615.088
1569594615.338
1569594615.588
1569594615.838
1569594616.088
1569594616.338
1569594616.588
1569594616.838
1569594617.088
1569594617.338
1569594617.588
1569594617.838
1569594618.088
1569594618.338
1569594618.588
1569594618.838
1569594619.088
1569594619.338
1569594619.588
1569594619.838
1569594620.088
1569594620.338
1569594620.588
1569594620.838
1569594621.088
1569594621.338
1569594621.588
1569594621.838
1569594622.088
1569594622.338
1569594622.588
1569594622.838
1569594623.088
1569594623.338
1569594623.588
1569594623.838
1569594624.088
1569594624.338
1569594624.588
1569594624.838
1569594625.088
1569594625.338
1569594625.588
1569594625.838
1569594626.088
1569594626.338
1569594626.588
1569594626.838
1569594627.088
1569594627.338
1569594627.588
1569594627.838
1569594628.088
1569594628.338
1569594628.588
1569594628.838
1569594629.088
1569594629.338
1569594629.588
1569594629.838
1569594630.088
1569594630.338
1569594630.588
1569594630.838
1569594631.088
1569594631.338
1569594631.588
1569594631.838
1569594632.088
1569594632.338
1569594632.588
1569594632.838
1569594633.088
1569594633.338
1569594633.588
1569594633.838
1569594634.088
1569594634.338
1569594634.588
1569594634.838
1569594635.088
1569594635.338
1569594635.588
1569594635.838
1569594636.088
1569594636.338
1569594636.588
1569594636.838
1569594637.088
1569594637.338
1569594637.588
1569594637.838
1569594638.088
1569594638.338
1569594638.588
1569594638.838
1569594639.088
1569594639.338
1569594639.588
1569594639.838
1569594640.088
1569594640.338
1569594640.588
1569594640.838
1569594641.088
1569594641.338
1569594641.588
1569594641.838
1569594642.088
1569594642.338
1569594642.588
1569594642.838
1569594643.088
1569594643.338
1569594643.588
1569594643.838
1569594644.088
1569594644.338
1569594644.588
1569594644.838
1569594645.088
1569594645.338
1569594645.588
1569594645.838
1569594646.088
1569594646.338
1569594646.588
1569594646.838
1569594647.088
1569594647.338
1569594647.588
1569594647.838
1569594648.088
1569594648.338
1569594648.588
1569594648.838
1569594649.088
1569594649.338
1569594649.588
1569594649.838
1569594650.088
1569594650.338
1569594650.588
1569594650.838
1569594651.088
1569594651.338
1569594651.588
1569594651.838
1569594652.088
1569594652.338
1569594652.588
1569594652.838
1569594653.088
1569594653.338
1569594653.588
1569594653.838
1569594654.088
1569594654.338
1569594654.588
1569594654.838
1569594655.088
1569594655.338
1569594655.588
1569594655.838
1569594656.088
1569594656.338
1569594656.588
1569594656.838
1569594657.088
1569594657.338
1569594657.588
1569594657.838
1569594658.088
1569594658.338
1569594658.588
1569594658.838
1569594659.088
1569594659.338
1569594659.588
1569594659.838
1569594660.088
1569594660.338
1569594660.588
1569594660.838
1569594661.088
1569594661.338
1569594661.588
1569594661.838
1569594662.088
1569594662.338
1569594662.588
1569594662.838
1569594663.088
1569594663.338
1569594663.588
1569594663.838
1569594664.088
1569594664.338
1569594664.588
1569594664.838
1569594665.088
1569594665.338
1569594665.588
1569594665.838
1569594666.088
1569594666.338
1569594666.588
1569594666.838
1569594667.088
1569594667.338
1569594667.588
1569594667.838
1569594668.088
1569594668.338
1569594668.588
1569594668.838
1569594669.088
1569594669.338
1569594669.588
1569594669.838
1569594670.088
1569594670.338
1569594670.588
1569594670.838
1569594671.088
1569594671.338
1569594671.588
1569594671.838
1569594672.088
1569594672.338
1569594672.588
1569594672.838
1569594673.088
1569594673.338
1569594673.588
1569594673.838
1569594674.088
1569594674.338
1569594674.588
1569594674.838
1569594675.088
1569594675.338
1569594675.588
1569594675.838
1569594676.088
1569594676.338
1569594676.588
1569594676.838
1569594677.088
1569594677.338
1569594677.588
1569594677.838
1569594678.088
1569594678.338
1569594678.588
1569594678.838
1569594679.088
1569594679.338
1569594679.588
1569594679.838
1569594680.088
1569594680.338
1569594680.588
1569594680.838
1569594681.088
1569594681.338
1569594681.588
1569594681.838
1569594682.088
1569594682.338
1569594682.588
1569594682.838
1569594683.088
1569594683.338
1569594683.588
1569594683.838
1569594684.088
1569594684.338
1569594684.588
1569594684.838
1569594685.088
1569594685.338
1569594685.588
1569594685.838
1569594686.088
1569594686.338
1569594686.588
1569594686.838
1569594687.088
1569594687.338
1569594687.588
1569594687.838
1569594688.088
1569594688.338
1569594688.588
1569594688.838
1569594689.088
1569594689.338
1569594689.588
1569594689.838
1569594690.088
1569594690.338
1569594690.588
1569594690.838
1569594691.088
1569594691.338
1569594691.588
1569594691.838
1569594692.088
1569594692.338
1569594692.588
1569594692.838
1569594693.088
1569594693.338
1569594693.588
1569594693.838
1569594694.088
1569594694.338
1569594694.588
1569594694.838
1569594695.088
1569594695.338
1569594695.588
1569594695.838
1569594696.088
1569594696.338
1569594696.588
1569594696.838
1569594697.088
1569594697.338
1569594697.588
1569594697.838
1569594698.088
1569594698.338
1569594698.588
1569594698.838
1569594699.088
1569594699.338
1569594699.588
1569594699.838
1569594700.088
1569594700.338
1569594700.588
1569594700.838
1569594701.088
1569594701.338
1569594701.588
1569594701.838
1569594702.088
1569594702.338
1569594702.588
1569594702.838
1569594703.088
1569594703.338
1569594703.588
1569594703.838
1569594704.088
1569594704.338
1569594704.588
1569594704.838
1569594705.088
1569594705.338
1569594705.588
1569594705.838
1569594706.088
1569594706.338
1569594706.588
1569594706.838
1569594707.088
1569594707.338
1569594707.588
1569594707.838
1569594708.088
1569594708.338
1569594708.588
1569594708.838
1569594709.088
1569594709.338
1569594709.588
1569594709.838
1569594710.088
1569594710.338
1569594710.588
1569594710.838
1569594711.088
1569594711.338
1569594711.588
1569594711.838
1569594712.088
1569594712.338
1569594712.588
1569594712.838
1569594713.088
1569594713.338
1569594713.588
1569594713.838
1569594714.088
1569594714.338
1569594714.588
1569594714.838
1569594715.088
1569594715.338
1569594715.588
1569594715.838
1569594716.088
1569594716.338
1569594716.588
1569594716.838
1569594717.088
1569594717.338
1569594717.588
1569594717.838
1569594718.088
1569594718.338
1569594718.588
1569594718.838
1569594719.088
1569594719.338
1569594719.588
1569594719.838
1569594720.088
1569594720.338
1569594720.588
1569594720.838
1569594721.088
1569594721.338
1569594721.588
1569594721.838
1569594722.088
1569594722.338
1569594722.588
1569594722.838
1569594723.088
1569594723.338
1569594723.588
1569594723.838
1569594724.088
1569594724.338
1569594724.588
1569594724.838
1569594725.088
1569594725.338
1569594725.588
1569594725.838
1569594726.088
1569594726.338
1569594726.588
1569594726.838
1569594727.088
1569594727.338
1569594727.588
1569594727.838
1569594728.088
1569594728.338
1569594728.588
1569594728.838
1569594729.088
1569594729.338
1569594729.588
1569594729.838
1569594730.088
1569594730.338
1569594730.588
1569594730.838
1569594731.088
1569594731.338
1569594731.588
1569594731.838
1569594732.088
1569594732.338
1569594732.588
1569594732.838
1569594733.088
1569594733.338
1569594733.588
1569594733.838
1569594734.088
1569594734.338
1569594734.588
1569594734.838
1569594735.088
1569594735.338
1569594735.588
1569594735.838
1569594736.088
1569594736.338
1569594736.588
1569594736.838
1569594737.088
1569594737.338
1569594737.588
1569594737.838
1569594738.088
1569594738.338
1569594738.588
1569594738.838
1569594739.088
1569594739.338
1569594739.588
1569594739.838
1569594740.088
1569594740.338
1569594740.588
1569594740.838
1569594741.088
1569594741.338
1569594741.588
1569594741.838
1569594742.088
1569594742.338
1569594742.588
1569594742.838
1569594743.088
1569594743.338
1569594743.588
1569594743.838
1569594744.088
1569594744.338
1569594744.588
1569594744.838
1569594745.088
1569594745.338
1569594745.588
1569594745.838
1569594746.088
1569594746.338
1569594746.588
1569594746.838
1569594747.088
1569594747.338
1569594747.588
1569594747.838
1569594748.088
1569594748.338
1569594748.588
1569594748.838
1569594749.088
1569594749.338
1569594749.588
1569594749.838
1569594750.088
1569594750.338
1569594750.588
1569594750.838
1569594751.088
1569594751.338
1569594751.588
1569594751.838
1569594752.088
1569594752.338
1569594752.588
1569594752.838
1569594753.088
1569594753.338
1569594753.588
1569594753.838
1569594754.088
1569594754.338
1569594754.588
1569594754.838
1569594755.088
1569594755.338
1569594755.588
1569594755.838
1569594756.088
1569594756.338
1569594756.588
1569594756.838
1569594757.088
1569594757.338
1569594757.588
1569594757.838
1569594758.088
1569594758.338
1569594758.588
1569594758.838
1569594759.088
1569594759.338
1569594759.588
1569594759.838
1569594760.088
1569594760.338
1569594760.588
1569594760.838
1569594761.088
1569594761.338
1569594761.588
1569594761.838
1569594762.088
1569594762.338
1569594762.588
1569594762.838
1569594763.088
1569594763.338
1569594763.588
1569594763.838
1569594764.088
1569594764.338
1569594764.588
1569594764.838
1569594765.088
1569594765.338
1569594765.588
1569594765.838
1569594766.088
1569594766.338
1569594766.588
1569594766.838
1569594767.088
1569594767.338
1569594767.588
1569594767.838
1569594768.088
1569594768.338
1569594768.588
1569594768.838
1569594769.088
1569594769.338
1569594769.588
1569594769.838
1569594770.088
1569594770.338
1569594770.588
1569594770.838
1569594771.088
1569594771.338
1569594771.588
1569594771.838
1569594772.088
1569594772.338
1569594772.588
1569594772.838
1569594773.088
1569594773.338
1569594773.588
1569594773.838
1569594774.088
1569594774.338
1569594774.588
1569594774.838
1569594775.088
1569594775.338
1569594775.588
1569594775.838
1569594776.088
1569594776.338
1569594776.588
1569594776.838
1569594777.088
1569594777.338
1569594777.588
1569594777.838
1569594778.088
1569594778.338
1569594778.588
1569594778.838
1569594779.088
1569594779.338
1569594779.588
1569594779.838
1569594780.088
1569594780.338
1569594780.588
1569594780.838
1569594781.088
1569594781.338
1569594781.588
1569594781.838
1569594782.088
1569594782.338
1569594782.588
1569594782.838
1569594783.088
1569594783.338
1569594783.588
1569594783.838
1569594784.088
1569594784.338
1569594784.588
1569594784.838
1569594785.088
1569594785.338
1569594785.588
1569594785.838
1569594786.088
1569594786.338
1569594786.588
1569594786.838
1569594787.088
1569594787.338
1569594787.588
1569594787.838
1569594788.088
1569594788.338
1569594788.588
1569594788.838
1569594789.088
1569594789.338
1569594789.588
1569594789.838
1569594790.088
1569594790.338
1569594790.588
1569594790.838
1569594791.088
1569594791.338
1569594791.588
1569594791.838
1569594792.088
1569594792.338
1569594792.588
1569594792.838
1569594793.088
1569594793.338
1569594793.588
1569594793.838
1569594794.088
1569594794.338
1569594794.588
1569594794.838
1569594795.088
1569594795.338
1569594795.588
1569594795.838
1569594796.088
1569594796.338
1569594796.588
1569594796.838
1569594797.088
1569594797.338
1569594797.588
1569594797.838
1569594798.088
1569594798.338
1569594798.588
1569594798.838
1569594799.088
1569594799.338
1569594799.588
1569594799.838
1569594800.088
1569594800.338
1569594800.588
1569594800.838
1569594801.088
1569594801.338
1569594801.588
1569594801.838
1569594802.088
1569594802.338
