1569597007.90923
1569597008.15924
1569597008.40925
1569597008.65926
1569597008.90927
1569597009.15928
1569597009.4093
1569597009.65931
1569597009.90932
1569597010.15933
1569597010.40934
1569597010.65935
1569597010.90937
1569597011.15938
1569597011.40939
1569597011.6594
1569597011.90941
1569597012.15942
1569597012.40943
1569597012.65945
1569597012.90946
1569597013.15947
1569597013.40948
1569597013.65949
1569597013.9095
1569597014.15952
1569597014.40953
1569597014.65954
1569597014.90955
1569597015.15956
1569597015.40957
1569597015.65959
1569597015.9096
1569597016.15961
1569597016.40962
1569597016.65963
1569597016.90964
1569597017.15965
1569597017.40967
1569597017.65968
1569597017.90969
1569597018.1597
1569597018.40971
1569597018.65972
1569597018.90974
1569597019.15975
1569597019.40976
1569597019.65977
1569597019.90978
1569597020.15979
1569597020.40981
1569597020.65982
1569597020.90983
1569597021.15984
1569597021.40985
1569597021.65986
1569597021.90987
1569597022.15989
1569597022.4099
1569597022.65991
1569597022.90992
1569597023.15993
1569597023.40994
1569597023.65996
1569597023.90997
1569597024.15998
1569597024.40999
1569597024.66
1569597024.91001
1569597025.16003
1569597025.41004
1569597025.66005
1569597025.91006
1569597026.16007
1569597026.41008
1569597026.66009
1569597026.91011
1569597027.16012
1569597027.41013
1569597027.66014
1569597027.91015
1569597028.16016
1569597028.41018
1569597028.66019
1569597028.9102
1569597029.16021
1569597029.41022
1569597029.66023
1569597029.91025
1569597030.16026
1569597030.41027
1569597030.66028
1569597030.91029
1569597031.1603
1569597031.41031
1569597031.66033
1569597031.91034
1569597032.16035
1569597032.41036
1569597032.66037
1569597032.91038
1569597033.1604
1569597033.41041
1569597033.66042
1569597033.91043
1569597034.16044
1569597034.41045
1569597034.66047
1569597034.91048
1569597035.16049
1569597035.4105
1569597035.66051
1569597035.91052
1569597036.16053
1569597036.41055
1569597036.66056
1569597036.91057
1569597037.16058
1569597037.41059
1569597037.6606
1569597037.91062
1569597038.16063
1569597038.41064
1569597038.66065
1569597038.91066
1569597039.16067
1569597039.41069
1569597039.6607
1569597039.91071
1569597040.16072
1569597040.41073
1569597040.66074
1569597040.91075
1569597041.16077
1569597041.41078
1569597041.66079
1569597041.9108
1569597042.16081
1569597042.41082
1569597042.66084
1569597042.91085
1569597043.16086
1569597043.41087
1569597043.66088
1569597043.91089
1569597044.1609
1569597044.41092
1569597044.66093
1569597044.91094
1569597045.16095
1569597045.41096
1569597045.66097
1569597045.91099
1569597046.161
1569597046.41101
1569597046.66102
1569597046.91103
1569597047.16104
1569597047.41106
1569597047.66107
1569597047.91108
1569597048.16109
1569597048.4111
1569597048.66111
1569597048.91112
1569597049.16114
1569597049.41115
1569597049.66116
1569597049.91117
1569597050.16118
1569597050.41119
1569597050.66121
1569597050.91122
1569597051.16123
1569597051.41124
1569597051.66125
1569597051.91126
1569597052.16128
1569597052.41129
1569597052.6613
1569597052.91131
1569597053.16132
1569597053.41133
1569597053.66134
1569597053.91136
1569597054.16137
1569597054.41138
1569597054.66139
1569597054.9114
1569597055.16141
1569597055.41143
1569597055.66144
1569597055.91145
1569597056.16146
1569597056.41147
1569597056.66148
1569597056.9115
1569597057.16151
1569597057.41152
1569597057.66153
1569597057.91154
1569597058.16155
1569597058.41156
1569597058.66158
1569597058.91159
1569597059.1616
1569597059.41161
1569597059.66162
1569597059.91163
1569597060.16165
1569597060.41166
1569597060.66167
1569597060.91168
1569597061.16169
1569597061.4117
1569597061.66172
1569597061.91173
1569597062.16174
1569597062.41175
1569597062.66176
1569597062.91177
1569597063.16178
1569597063.4118
1569597063.66181
1569597063.91182
1569597064.16183
1569597064.41184
1569597064.66185
1569597064.91187
1569597065.16188
1569597065.41189
1569597065.6619
1569597065.91191
1569597066.16192
1569597066.41194
1569597066.66195
1569597066.91196
1569597067.16197
1569597067.41198
1569597067.66199
1569597067.912
1569597068.16202
1569597068.41203
1569597068.66204
1569597068.91205
1569597069.16206
1569597069.41207
1569597069.66209
1569597069.9121
1569597070.16211
1569597070.41212
1569597070.66213
1569597070.91214
1569597071.16215
1569597071.41217
1569597071.66218
1569597071.91219
1569597072.1622
1569597072.41221
1569597072.66222
1569597072.91224
1569597073.16225
1569597073.41226
1569597073.66227
1569597073.91228
1569597074.16229
1569597074.41231
1569597074.66232
1569597074.91233
1569597075.16234
1569597075.41235
1569597075.66236
1569597075.91237
1569597076.16239
1569597076.4124
1569597076.66241
1569597076.91242
1569597077.16243
1569597077.41244
1569597077.66246
1569597077.91247
1569597078.16248
1569597078.41249
1569597078.6625
1569597078.91251
1569597079.16253
1569597079.41254
1569597079.66255
1569597079.91256
1569597080.16257
1569597080.41258
1569597080.66259
1569597080.91261
1569597081.16262
1569597081.41263
1569597081.66264
1569597081.91265
1569597082.16266
1569597082.41268
1569597082.66269
1569597082.9127
1569597083.16271
1569597083.41272
1569597083.66273
1569597083.91275
1569597084.16276
1569597084.41277
1569597084.66278
1569597084.91279
1569597085.1628
1569597085.41281
1569597085.66283
1569597085.91284
1569597086.16285
1569597086.41286
1569597086.66287
1569597086.91288
1569597087.1629
1569597087.41291
1569597087.66292
1569597087.91293
1569597088.16294
1569597088.41295
1569597088.66297
1569597088.91298
1569597089.16299
1569597089.413
1569597089.66301
1569597089.91302
1569597090.16303
1569597090.41305
1569597090.66306
1569597090.91307
1569597091.16308
1569597091.41309
1569597091.6631
1569597091.91312
1569597092.16313
1569597092.41314
1569597092.66315
1569597092.91316
1569597093.16317
1569597093.41319
1569597093.6632
1569597093.91321
1569597094.16322
1569597094.41323
1569597094.66324
1569597094.91325
1569597095.16327
1569597095.41328
1569597095.66329
1569597095.9133
1569597096.16331
1569597096.41332
1569597096.66334
1569597096.91335
1569597097.16336
1569597097.41337
1569597097.66338
1569597097.91339
1569597098.1634
1569597098.41342
1569597098.66343
1569597098.91344
1569597099.16345
1569597099.41346
1569597099.66347
1569597099.91349
1569597100.1635
1569597100.41351
1569597100.66352
1569597100.91353
1569597101.16354
1569597101.41356
1569597101.66357
1569597101.91358
1569597102.16359
1569597102.4136
1569597102.66361
1569597102.91363
1569597103.16364
1569597103.41365
1569597103.66366
1569597103.91367
1569597104.16368
1569597104.41369
1569597104.66371
1569597104.91372
1569597105.16373
1569597105.41374
1569597105.66375
1569597105.91376
1569597106.16378
1569597106.41379
1569597106.6638
1569597106.91381
1569597107.16382
1569597107.41383
1569597107.66384
1569597107.91386
1569597108.16387
1569597108.41388
1569597108.66389
1569597108.9139
1569597109.16391
1569597109.41393
1569597109.66394
1569597109.91395
1569597110.16396
1569597110.41397
1569597110.66398
1569597110.914
1569597111.16401
1569597111.41402
1569597111.66403
1569597111.91404
1569597112.16405
1569597112.41406
1569597112.66408
1569597112.91409
1569597113.1641
1569597113.41411
1569597113.66412
1569597113.91413
1569597114.16415
1569597114.41416
1569597114.66417
1569597114.91418
1569597115.16419
1569597115.4142
1569597115.66422
1569597115.91423
1569597116.16424
1569597116.41425
1569597116.66426
1569597116.91427
1569597117.16428
1569597117.4143
1569597117.66431
1569597117.91432
1569597118.16433
1569597118.41434
1569597118.66435
1569597118.91437
1569597119.16438
1569597119.41439
1569597119.6644
1569597119.91441
1569597120.16442
1569597120.41444
1569597120.66445
1569597120.91446
1569597121.16447
1569597121.41448
1569597121.66449
1569597121.9145
1569597122.16452
1569597122.41453
1569597122.66454
1569597122.91455
1569597123.16456
1569597123.41457
1569597123.66459
1569597123.9146
1569597124.16461
1569597124.41462
1569597124.66463
1569597124.91464
1569597125.16466
1569597125.41467
1569597125.66468
1569597125.91469
1569597126.1647
1569597126.41471
1569597126.66472
1569597126.91474
1569597127.16475
1569597127.41476
1569597127.66477
1569597127.91478
1569597128.16479
1569597128.41481
1569597128.66482
1569597128.91483
1569597129.16484
1569597129.41485
1569597129.66486
1569597129.91488
1569597130.16489
1569597130.4149
1569597130.66491
1569597130.91492
1569597131.16493
1569597131.41494
1569597131.66496
1569597131.91497
1569597132.16498
1569597132.41499
1569597132.665
1569597132.91501
1569597133.16503
1569597133.41504
1569597133.66505
1569597133.91506
1569597134.16507
1569597134.41508
1569597134.66509
1569597134.91511
1569597135.16512
1569597135.41513
1569597135.66514
1569597135.91515
1569597136.16516
1569597136.41518
1569597136.66519
1569597136.9152
1569597137.16521
1569597137.41522
1569597137.66523
1569597137.91525
1569597138.16526
1569597138.41527
1569597138.66528
1569597138.91529
1569597139.1653
1569597139.41531
1569597139.66533
1569597139.91534
1569597140.16535
1569597140.41536
1569597140.66537
1569597140.91538
1569597141.1654
1569597141.41541
1569597141.66542
1569597141.91543
1569597142.16544
1569597142.41545
1569597142.66547
1569597142.91548
1569597143.16549
1569597143.4155
1569597143.66551
1569597143.91552
1569597144.16553
1569597144.41555
1569597144.66556
1569597144.91557
1569597145.16558
1569597145.41559
1569597145.6656
1569597145.91562
1569597146.16563
1569597146.41564
1569597146.66565
1569597146.91566
1569597147.16567
1569597147.41569
1569597147.6657
1569597147.91571
1569597148.16572
1569597148.41573
1569597148.66574
1569597148.91575
1569597149.16577
1569597149.41578
1569597149.66579
1569597149.9158
1569597150.16581
1569597150.41582
1569597150.66584
1569597150.91585
1569597151.16586
1569597151.41587
1569597151.66588
1569597151.91589
1569597152.16591
1569597152.41592
1569597152.66593
1569597152.91594
1569597153.16595
1569597153.41596
1569597153.66597
1569597153.91599
1569597154.166
1569597154.41601
1569597154.66602
1569597154.91603
1569597155.16604
1569597155.41606
1569597155.66607
1569597155.91608
1569597156.16609
1569597156.4161
1569597156.66611
1569597156.91613
1569597157.16614
1569597157.41615
1569597157.66616
1569597157.91617
1569597158.16618
1569597158.41619
1569597158.66621
1569597158.91622
1569597159.16623
1569597159.41624
1569597159.66625
1569597159.91626
1569597160.16628
1569597160.41629
1569597160.6663
1569597160.91631
1569597161.16632
1569597161.41633
1569597161.66635
1569597161.91636
1569597162.16637
1569597162.41638
1569597162.66639
1569597162.9164
1569597163.16641
1569597163.41643
1569597163.66644
1569597163.91645
1569597164.16646
1569597164.41647
1569597164.66648
1569597164.9165
1569597165.16651
1569597165.41652
1569597165.66653
1569597165.91654
1569597166.16655
1569597166.41656
1569597166.66658
1569597166.91659
1569597167.1666
1569597167.41661
1569597167.66662
1569597167.91663
1569597168.16665
1569597168.41666
1569597168.66667
1569597168.91668
1569597169.16669
1569597169.4167
1569597169.66672
1569597169.91673
1569597170.16674
1569597170.41675
1569597170.66676
1569597170.91677
1569597171.16678
1569597171.4168
1569597171.66681
1569597171.91682
1569597172.16683
1569597172.41684
1569597172.66685
1569597172.91687
1569597173.16688
1569597173.41689
1569597173.6669
1569597173.91691
1569597174.16692
1569597174.41694
1569597174.66695
1569597174.91696
1569597175.16697
1569597175.41698
1569597175.66699
1569597175.917
1569597176.16702
1569597176.41703
1569597176.66704
1569597176.91705
1569597177.16706
1569597177.41707
1569597177.66709
1569597177.9171
1569597178.16711
1569597178.41712
1569597178.66713
1569597178.91714
1569597179.16716
1569597179.41717
1569597179.66718
1569597179.91719
1569597180.1672
1569597180.41721
1569597180.66722
1569597180.91724
1569597181.16725
1569597181.41726
1569597181.66727
1569597181.91728
1569597182.16729
1569597182.41731
1569597182.66732
1569597182.91733
1569597183.16734
1569597183.41735
1569597183.66736
1569597183.91738
1569597184.16739
1569597184.4174
1569597184.66741
1569597184.91742
1569597185.16743
1569597185.41744
1569597185.66746
1569597185.91747
1569597186.16748
1569597186.41749
1569597186.6675
1569597186.91751
1569597187.16753
1569597187.41754
1569597187.66755
1569597187.91756
1569597188.16757
1569597188.41758
1569597188.6676
1569597188.91761
1569597189.16762
1569597189.41763
1569597189.66764
1569597189.91765
1569597190.16766
1569597190.41768
1569597190.66769
1569597190.9177
1569597191.16771
1569597191.41772
1569597191.66773
1569597191.91775
1569597192.16776
1569597192.41777
1569597192.66778
1569597192.91779
1569597193.1678
1569597193.41781
1569597193.66783
1569597193.91784
1569597194.16785
1569597194.41786
1569597194.66787
1569597194.91788
1569597195.1679
1569597195.41791
1569597195.66792
1569597195.91793
1569597196.16794
1569597196.41795
1569597196.66797
1569597196.91798
1569597197.16799
1569597197.418
1569597197.66801
1569597197.91802
1569597198.16804
1569597198.41805
1569597198.66806
1569597198.91807
1569597199.16808
1569597199.41809
1569597199.6681
1569597199.91812
1569597200.16813
1569597200.41814
1569597200.66815
1569597200.91816
1569597201.16817
1569597201.41819
1569597201.6682
1569597201.91821
1569597202.16822
1569597202.41823
1569597202.66824
1569597202.91825
1569597203.16827
1569597203.41828
1569597203.66829
1569597203.9183
1569597204.16831
1569597204.41832
1569597204.66834
1569597204.91835
1569597205.16836
1569597205.41837
1569597205.66838
1569597205.91839
1569597206.16841
1569597206.41842
1569597206.66843
1569597206.91844
1569597207.16845
1569597207.41846
1569597207.66847
1569597207.91849
1569597208.1685
1569597208.41851
1569597208.66852
1569597208.91853
1569597209.16854
1569597209.41856
1569597209.66857
1569597209.91858
1569597210.16859
1569597210.4186
1569597210.66861
1569597210.91863
1569597211.16864
1569597211.41865
1569597211.66866
1569597211.91867
1569597212.16868
1569597212.41869
1569597212.66871
1569597212.91872
1569597213.16873
1569597213.41874
1569597213.66875
1569597213.91876
1569597214.16878
1569597214.41879
1569597214.6688
1569597214.91881
1569597215.16882
1569597215.41883
1569597215.66885
1569597215.91886
1569597216.16887
1569597216.41888
1569597216.66889
1569597216.9189
1569597217.16891
1569597217.41893
1569597217.66894
1569597217.91895
1569597218.16896
1569597218.41897
1569597218.66898
1569597218.919
1569597219.16901
1569597219.41902
1569597219.66903
1569597219.91904
1569597220.16905
1569597220.41907
1569597220.66908
1569597220.91909
1569597221.1691
1569597221.41911
1569597221.66912
1569597221.91913
1569597222.16915
1569597222.41916
1569597222.66917
1569597222.91918
1569597223.16919
1569597223.4192
1569597223.66922
1569597223.91923
1569597224.16924
1569597224.41925
1569597224.66926
1569597224.91927
1569597225.16929
1569597225.4193
1569597225.66931
1569597225.91932
1569597226.16933
1569597226.41934
1569597226.66935
1569597226.91937
1569597227.16938
1569597227.41939
1569597227.6694
1569597227.91941
1569597228.16942
1569597228.41944
1569597228.66945
1569597228.91946
1569597229.16947
1569597229.41948
1569597229.66949
1569597229.9195
1569597230.16952
1569597230.41953
1569597230.66954
1569597230.91955
1569597231.16956
1569597231.41957
1569597231.66959
1569597231.9196
1569597232.16961
1569597232.41962
1569597232.66963
1569597232.91964
1569597233.16966
1569597233.41967
1569597233.66968
1569597233.91969
1569597234.1697
1569597234.41971
1569597234.66972
1569597234.91974
1569597235.16975
1569597235.41976
1569597235.66977
1569597235.91978
1569597236.16979
1569597236.41981
1569597236.66982
1569597236.91983
1569597237.16984
1569597237.41985
1569597237.66986
1569597237.91988
1569597238.16989
1569597238.4199
1569597238.66991
1569597238.91992
1569597239.16993
1569597239.41994
1569597239.66996
1569597239.91997
1569597240.16998
1569597240.41999
1569597240.67
1569597240.92001
1569597241.17003
1569597241.42004
1569597241.67005
1569597241.92006
1569597242.17007
1569597242.42008
1569597242.6701
1569597242.92011
1569597243.17012
1569597243.42013
1569597243.67014
1569597243.92015
1569597244.17016
1569597244.42018
1569597244.67019
1569597244.9202
1569597245.17021
1569597245.42022
1569597245.67023
1569597245.92025
1569597246.17026
1569597246.42027
1569597246.67028
1569597246.92029
1569597247.1703
1569597247.42032
1569597247.67033
1569597247.92034
1569597248.17035
1569597248.42036
1569597248.67037
1569597248.92038
1569597249.1704
1569597249.42041
1569597249.67042
1569597249.92043
1569597250.17044
1569597250.42045
1569597250.67047
1569597250.92048
1569597251.17049
1569597251.4205
1569597251.67051
1569597251.92052
1569597252.17054
1569597252.42055
1569597252.67056
1569597252.92057
1569597253.17058
1569597253.42059
1569597253.6706
1569597253.92062
1569597254.17063
1569597254.42064
1569597254.67065
1569597254.92066
1569597255.17067
1569597255.42069
1569597255.6707
1569597255.92071
1569597256.17072
1569597256.42073
1569597256.67074
1569597256.92075
1569597257.17077
1569597257.42078
1569597257.67079
1569597257.9208
1569597258.17081
1569597258.42082
1569597258.67084
1569597258.92085
1569597259.17086
1569597259.42087
1569597259.67088
1569597259.92089
1569597260.17091
1569597260.42092
1569597260.67093
1569597260.92094
1569597261.17095
1569597261.42096
1569597261.67097
1569597261.92099
1569597262.171
1569597262.42101
1569597262.67102
1569597262.92103
1569597263.17104
1569597263.42106
1569597263.67107
1569597263.92108
1569597264.17109
1569597264.4211
1569597264.67111
1569597264.92113
1569597265.17114
1569597265.42115
1569597265.67116
1569597265.92117
1569597266.17118
1569597266.42119
1569597266.67121
1569597266.92122
1569597267.17123
1569597267.42124
1569597267.67125
1569597267.92126
1569597268.17128
1569597268.42129
1569597268.6713
1569597268.92131
1569597269.17132
1569597269.42133
1569597269.67135
1569597269.92136
1569597270.17137
1569597270.42138
1569597270.67139
1569597270.9214
1569597271.17141
1569597271.42143
1569597271.67144
1569597271.92145
1569597272.17146
1569597272.42147
1569597272.67148
1569597272.9215
1569597273.17151
1569597273.42152
1569597273.67153
1569597273.92154
1569597274.17155
1569597274.42157
1569597274.67158
1569597274.92159
1569597275.1716
1569597275.42161
1569597275.67162
1569597275.92163
1569597276.17165
1569597276.42166
1569597276.67167
1569597276.92168
1569597277.17169
1569597277.4217
1569597277.67172
1569597277.92173
1569597278.17174
1569597278.42175
1569597278.67176
1569597278.92177
1569597279.17179
1569597279.4218
1569597279.67181
1569597279.92182
1569597280.17183
1569597280.42184
1569597280.67185
1569597280.92187
1569597281.17188
1569597281.42189
1569597281.6719
1569597281.92191
1569597282.17192
1569597282.42194
1569597282.67195
1569597282.92196
1569597283.17197
1569597283.42198
1569597283.67199
1569597283.92201
1569597284.17202
1569597284.42203
1569597284.67204
1569597284.92205
1569597285.17206
1569597285.42207
1569597285.67209
1569597285.9221
1569597286.17211
1569597286.42212
1569597286.67213
1569597286.92214
1569597287.17216
1569597287.42217
1569597287.67218
1569597287.92219
1569597288.1722
1569597288.42221
1569597288.67223
1569597288.92224
1569597289.17225
1569597289.42226
1569597289.67227
1569597289.92228
1569597290.17229
1569597290.42231
1569597290.67232
1569597290.92233
1569597291.17234
1569597291.42235
1569597291.67236
1569597291.92238
1569597292.17239
1569597292.4224
1569597292.67241
1569597292.92242
1569597293.17243
1569597293.42244
1569597293.67246
1569597293.92247
1569597294.17248
1569597294.42249
1569597294.6725
1569597294.92251
1569597295.17253
1569597295.42254
1569597295.67255
1569597295.92256
1569597296.17257
1569597296.42258
1569597296.6726
1569597296.92261
1569597297.17262
1569597297.42263
1569597297.67264
1569597297.92265
1569597298.17266
1569597298.42268
1569597298.67269
1569597298.9227
1569597299.17271
1569597299.42272
1569597299.67273
1569597299.92275
1569597300.17276
1569597300.42277
1569597300.67278
1569597300.92279
1569597301.1728
1569597301.42282
1569597301.67283
1569597301.92284
1569597302.17285
1569597302.42286
1569597302.67287
1569597302.92288
1569597303.1729
1569597303.42291
1569597303.67292
1569597303.92293
1569597304.17294
1569597304.42295
1569597304.67297
1569597304.92298
1569597305.17299
1569597305.423
1569597305.67301
1569597305.92302
1569597306.17304
1569597306.42305
1569597306.67306
1569597306.92307
1569597307.17308
1569597307.42309
1569597307.6731
1569597307.92312
1569597308.17313
1569597308.42314
1569597308.67315
