1569594304.78408
1569594305.03409
1569594305.2841
1569594305.53412
1569594305.78413
1569594306.03414
1569594306.28415
1569594306.53416
1569594306.78417
1569594307.03418
1569594307.2842
1569594307.53421
1569594307.78422
1569594308.03423
1569594308.28424
1569594308.53425
1569594308.78427
1569594309.03428
1569594309.28429
1569594309.5343
1569594309.78431
1569594310.03432
1569594310.28433
1569594310.53435
1569594310.78436
1569594311.03437
1569594311.28438
1569594311.53439
1569594311.7844
1569594312.03442
1569594312.28443
1569594312.53444
1569594312.78445
1569594313.03446
1569594313.28447
1569594313.53449
1569594313.7845
1569594314.03451
1569594314.28452
1569594314.53453
1569594314.78454
1569594315.03455
1569594315.28457
1569594315.53458
1569594315.78459
1569594316.0346
1569594316.28461
1569594316.53462
1569594316.78464
1569594317.03465
1569594317.28466
1569594317.53467
1569594317.78468
1569594318.03469
1569594318.28471
1569594318.53472
1569594318.78473
1569594319.03474
1569594319.28475
1569594319.53476
1569594319.78477
1569594320.03479
1569594320.2848
1569594320.53481
1569594320.78482
1569594321.03483
1569594321.28484
1569594321.53486
1569594321.78487
1569594322.03488
1569594322.28489
1569594322.5349
1569594322.78491
1569594323.03493
1569594323.28494
1569594323.53495
1569594323.78496
1569594324.03497
1569594324.28498
1569594324.53499
1569594324.78501
1569594325.03502
1569594325.28503
1569594325.53504
1569594325.78505
1569594326.03506
1569594326.28508
1569594326.53509
1569594326.7851
1569594327.03511
1569594327.28512
1569594327.53513
1569594327.78515
1569594328.03516
1569594328.28517
1569594328.53518
1569594328.78519
1569594329.0352
1569594329.28521
1569594329.53523
1569594329.78524
1569594330.03525
1569594330.28526
1569594330.53527
1569594330.78528
1569594331.0353
1569594331.28531
1569594331.53532
1569594331.78533
1569594332.03534
1569594332.28535
1569594332.53537
1569594332.78538
1569594333.03539
1569594333.2854
1569594333.53541
1569594333.78542
1569594334.03543
1569594334.28545
1569594334.53546
1569594334.78547
1569594335.03548
1569594335.28549
1569594335.5355
1569594335.78552
1569594336.03553
1569594336.28554
1569594336.53555
1569594336.78556
1569594337.03557
1569594337.28558
1569594337.5356
1569594337.78561
1569594338.03562
1569594338.28563
1569594338.53564
1569594338.78565
1569594339.03567
1569594339.28568
1569594339.53569
1569594339.7857
1569594340.03571
1569594340.28572
1569594340.53574
1569594340.78575
1569594341.03576
1569594341.28577
1569594341.53578
1569594341.78579
1569594342.0358
1569594342.28582
1569594342.53583
1569594342.78584
1569594343.03585
1569594343.28586
1569594343.53587
1569594343.78589
1569594344.0359
1569594344.28591
1569594344.53592
1569594344.78593
1569594345.03594
1569594345.28596
1569594345.53597
1569594345.78598
1569594346.03599
1569594346.286
1569594346.53601
1569594346.78602
1569594347.03604
1569594347.28605
1569594347.53606
1569594347.78607
1569594348.03608
1569594348.28609
1569594348.53611
1569594348.78612
1569594349.03613
1569594349.28614
1569594349.53615
1569594349.78616
1569594350.03618
1569594350.28619
1569594350.5362
1569594350.78621
1569594351.03622
1569594351.28623
1569594351.53624
1569594351.78626
1569594352.03627
1569594352.28628
1569594352.53629
1569594352.7863
1569594353.03631
1569594353.28633
1569594353.53634
1569594353.78635
1569594354.03636
1569594354.28637
1569594354.53638
1569594354.7864
1569594355.03641
1569594355.28642
1569594355.53643
1569594355.78644
1569594356.03645
1569594356.28646
1569594356.53648
1569594356.78649
1569594357.0365
1569594357.28651
1569594357.53652
1569594357.78653
1569594358.03655
1569594358.28656
1569594358.53657
1569594358.78658
1569594359.03659
1569594359.2866
1569594359.53662
1569594359.78663
1569594360.03664
1569594360.28665
1569594360.53666
1569594360.78667
1569594361.03668
1569594361.2867
1569594361.53671
1569594361.78672
1569594362.03673
1569594362.28674
1569594362.53675
1569594362.78677
1569594363.03678
1569594363.28679
1569594363.5368
1569594363.78681
1569594364.03682
1569594364.28684
1569594364.53685
1569594364.78686
1569594365.03687
1569594365.28688
1569594365.53689
1569594365.7869
1569594366.03692
1569594366.28693
1569594366.53694
1569594366.78695
1569594367.03696
1569594367.28697
1569594367.53699
1569594367.787
1569594368.03701
1569594368.28702
1569594368.53703
1569594368.78704
1569594369.03706
1569594369.28707
1569594369.53708
1569594369.78709
1569594370.0371
1569594370.28711
1569594370.53712
1569594370.78714
1569594371.03715
1569594371.28716
1569594371.53717
1569594371.78718
1569594372.03719
1569594372.28721
1569594372.53722
1569594372.78723
1569594373.03724
1569594373.28725
1569594373.53726
1569594373.78727
1569594374.03729
1569594374.2873
1569594374.53731
1569594374.78732
1569594375.03733
1569594375.28734
1569594375.53736
1569594375.78737
1569594376.03738
1569594376.28739
1569594376.5374
1569594376.78741
1569594377.03743
1569594377.28744
1569594377.53745
1569594377.78746
1569594378.03747
1569594378.28748
1569594378.53749
1569594378.78751
1569594379.03752
1569594379.28753
1569594379.53754
1569594379.78755
1569594380.03756
1569594380.28758
1569594380.53759
1569594380.7876
1569594381.03761
1569594381.28762
1569594381.53763
1569594381.78765
1569594382.03766
1569594382.28767
1569594382.53768
1569594382.78769
1569594383.0377
1569594383.28771
1569594383.53773
1569594383.78774
1569594384.03775
1569594384.28776
1569594384.53777
1569594384.78778
1569594385.0378
1569594385.28781
1569594385.53782
1569594385.78783
1569594386.03784
1569594386.28785
1569594386.53787
1569594386.78788
1569594387.03789
1569594387.2879
1569594387.53791
1569594387.78792
1569594388.03793
1569594388.28795
1569594388.53796
1569594388.78797
1569594389.03798
1569594389.28799
1569594389.538
1569594389.78802
1569594390.03803
1569594390.28804
1569594390.53805
1569594390.78806
1569594391.03807
1569594391.28809
1569594391.5381
1569594391.78811
1569594392.03812
1569594392.28813
1569594392.53814
1569594392.78815
1569594393.03817
1569594393.28818
1569594393.53819
1569594393.7882
1569594394.03821
1569594394.28822
1569594394.53824
1569594394.78825
1569594395.03826
1569594395.28827
1569594395.53828
1569594395.78829
1569594396.03831
1569594396.28832
1569594396.53833
1569594396.78834
1569594397.03835
1569594397.28836
1569594397.53837
1569594397.78839
1569594398.0384
1569594398.28841
1569594398.53842
1569594398.78843
1569594399.03844
1569594399.28846
1569594399.53847
1569594399.78848
1569594400.03849
1569594400.2885
1569594400.53851
1569594400.78853
1569594401.03854
1569594401.28855
1569594401.53856
1569594401.78857
1569594402.03858
1569594402.28859
1569594402.53861
1569594402.78862
1569594403.03863
1569594403.28864
1569594403.53865
1569594403.78866
1569594404.03868
1569594404.28869
1569594404.5387
1569594404.78871
1569594405.03872
1569594405.28873
1569594405.53874
1569594405.78876
1569594406.03877
1569594406.28878
1569594406.53879
1569594406.7888
1569594407.03881
1569594407.28883
1569594407.53884
1569594407.78885
1569594408.03886
1569594408.28887
1569594408.53888
1569594408.7889
1569594409.03891
1569594409.28892
1569594409.53893
1569594409.78894
1569594410.03895
1569594410.28896
1569594410.53898
1569594410.78899
1569594411.039
1569594411.28901
1569594411.53902
1569594411.78903
1569594412.03905
1569594412.28906
1569594412.53907
1569594412.78908
1569594413.03909
1569594413.2891
1569594413.53912
1569594413.78913
1569594414.03914
1569594414.28915
1569594414.53916
1569594414.78917
1569594415.03918
1569594415.2892
1569594415.53921
1569594415.78922
1569594416.03923
1569594416.28924
1569594416.53925
1569594416.78927
1569594417.03928
1569594417.28929
1569594417.5393
1569594417.78931
1569594418.03932
1569594418.28934
1569594418.53935
1569594418.78936
1569594419.03937
1569594419.28938
1569594419.53939
1569594419.7894
1569594420.03942
1569594420.28943
1569594420.53944
1569594420.78945
1569594421.03946
1569594421.28947
1569594421.53949
1569594421.7895
1569594422.03951
1569594422.28952
1569594422.53953
1569594422.78954
1569594423.03956
1569594423.28957
1569594423.53958
1569594423.78959
1569594424.0396
1569594424.28961
1569594424.53962
1569594424.78964
1569594425.03965
1569594425.28966
1569594425.53967
1569594425.78968
1569594426.03969
1569594426.28971
1569594426.53972
1569594426.78973
1569594427.03974
1569594427.28975
1569594427.53976
1569594427.78978
1569594428.03979
1569594428.2898
1569594428.53981
1569594428.78982
1569594429.03983
1569594429.28984
1569594429.53986
1569594429.78987
1569594430.03988
1569594430.28989
1569594430.5399
1569594430.78991
1569594431.03993
1569594431.28994
1569594431.53995
1569594431.78996
1569594432.03997
1569594432.28998
1569594432.53999
1569594432.79001
1569594433.04002
1569594433.29003
1569594433.54004
1569594433.79005
1569594434.04006
1569594434.29008
1569594434.54009
1569594434.7901
1569594435.04011
1569594435.29012
1569594435.54013
1569594435.79015
1569594436.04016
1569594436.29017
1569594436.54018
1569594436.79019
1569594437.0402
1569594437.29022
1569594437.54023
1569594437.79024
1569594438.04025
1569594438.29026
1569594438.54027
1569594438.79028
1569594439.0403
1569594439.29031
1569594439.54032
1569594439.79033
1569594440.04034
1569594440.29035
1569594440.54037
1569594440.79038
1569594441.04039
1569594441.2904
1569594441.54041
1569594441.79042
1569594442.04043
1569594442.29045
1569594442.54046
1569594442.79047
1569594443.04048
1569594443.29049
1569594443.5405
1569594443.79052
1569594444.04053
1569594444.29054
1569594444.54055
1569594444.79056
1569594445.04057
1569594445.29059
1569594445.5406
1569594445.79061
1569594446.04062
1569594446.29063
1569594446.54064
1569594446.79065
1569594447.04067
1569594447.29068
1569594447.54069
1569594447.7907
1569594448.04071
1569594448.29072
1569594448.54074
1569594448.79075
1569594449.04076
1569594449.29077
1569594449.54078
1569594449.79079
1569594450.04081
1569594450.29082
1569594450.54083
1569594450.79084
1569594451.04085
1569594451.29086
1569594451.54087
1569594451.79089
1569594452.0409
1569594452.29091
1569594452.54092
1569594452.79093
1569594453.04094
1569594453.29096
1569594453.54097
1569594453.79098
1569594454.04099
1569594454.291
1569594454.54101
1569594454.79103
1569594455.04104
1569594455.29105
1569594455.54106
1569594455.79107
1569594456.04108
1569594456.29109
1569594456.54111
1569594456.79112
1569594457.04113
1569594457.29114
1569594457.54115
1569594457.79116
1569594458.04118
1569594458.29119
1569594458.5412
1569594458.79121
1569594459.04122
1569594459.29123
1569594459.54124
1569594459.79126
1569594460.04127
1569594460.29128
1569594460.54129
1569594460.7913
1569594461.04131
1569594461.29133
1569594461.54134
1569594461.79135
1569594462.04136
1569594462.29137
1569594462.54138
1569594462.7914
1569594463.04141
1569594463.29142
1569594463.54143
1569594463.79144
1569594464.04145
1569594464.29147
1569594464.54148
1569594464.79149
1569594465.0415
1569594465.29151
1569594465.54152
1569594465.79153
1569594466.04155
1569594466.29156
1569594466.54157
1569594466.79158
1569594467.04159
1569594467.2916
1569594467.54162
1569594467.79163
1569594468.04164
1569594468.29165
1569594468.54166
1569594468.79167
1569594469.04168
1569594469.2917
1569594469.54171
1569594469.79172
1569594470.04173
1569594470.29174
1569594470.54175
1569594470.79177
1569594471.04178
1569594471.29179
1569594471.5418
1569594471.79181
1569594472.04182
1569594472.29184
1569594472.54185
1569594472.79186
1569594473.04187
1569594473.29188
1569594473.54189
1569594473.7919
1569594474.04192
1569594474.29193
1569594474.54194
1569594474.79195
1569594475.04196
1569594475.29197
1569594475.54199
1569594475.792
1569594476.04201
1569594476.29202
1569594476.54203
1569594476.79204
1569594477.04206
1569594477.29207
1569594477.54208
1569594477.79209
1569594478.0421
1569594478.29211
1569594478.54212
1569594478.79214
1569594479.04215
1569594479.29216
1569594479.54217
1569594479.79218
1569594480.04219
1569594480.29221
1569594480.54222
1569594480.79223
1569594481.04224
1569594481.29225
1569594481.54226
1569594481.79228
1569594482.04229
1569594482.2923
1569594482.54231
1569594482.79232
1569594483.04233
1569594483.29234
1569594483.54236
1569594483.79237
1569594484.04238
1569594484.29239
1569594484.5424
1569594484.79241
1569594485.04243
1569594485.29244
1569594485.54245
1569594485.79246
1569594486.04247
1569594486.29248
1569594486.5425
1569594486.79251
1569594487.04252
1569594487.29253
1569594487.54254
1569594487.79255
1569594488.04256
1569594488.29258
1569594488.54259
1569594488.7926
1569594489.04261
1569594489.29262
1569594489.54263
1569594489.79265
1569594490.04266
1569594490.29267
1569594490.54268
1569594490.79269
1569594491.0427
1569594491.29272
1569594491.54273
1569594491.79274
1569594492.04275
1569594492.29276
1569594492.54277
1569594492.79278
1569594493.0428
1569594493.29281
1569594493.54282
1569594493.79283
1569594494.04284
1569594494.29285
1569594494.54287
1569594494.79288
1569594495.04289
1569594495.2929
1569594495.54291
1569594495.79292
1569594496.04293
1569594496.29295
1569594496.54296
1569594496.79297
1569594497.04298
1569594497.29299
1569594497.543
1569594497.79302
1569594498.04303
1569594498.29304
1569594498.54305
1569594498.79306
1569594499.04307
1569594499.29309
1569594499.5431
1569594499.79311
1569594500.04312
1569594500.29313
1569594500.54314
1569594500.79315
1569594501.04317
1569594501.29318
1569594501.54319
1569594501.7932
1569594502.04321
1569594502.29322
1569594502.54324
1569594502.79325
1569594503.04326
1569594503.29327
1569594503.54328
1569594503.79329
1569594504.04331
1569594504.29332
1569594504.54333
1569594504.79334
1569594505.04335
1569594505.29336
1569594505.54337
1569594505.79339
1569594506.0434
1569594506.29341
1569594506.54342
1569594506.79343
1569594507.04344
1569594507.29346
1569594507.54347
1569594507.79348
1569594508.04349
1569594508.2935
1569594508.54351
1569594508.79353
1569594509.04354
1569594509.29355
1569594509.54356
1569594509.79357
1569594510.04358
1569594510.29359
1569594510.54361
1569594510.79362
1569594511.04363
1569594511.29364
1569594511.54365
1569594511.79366
1569594512.04368
1569594512.29369
1569594512.5437
1569594512.79371
1569594513.04372
1569594513.29373
1569594513.54375
1569594513.79376
1569594514.04377
1569594514.29378
1569594514.54379
1569594514.7938
1569594515.04381
1569594515.29383
1569594515.54384
1569594515.79385
1569594516.04386
1569594516.29387
1569594516.54388
1569594516.7939
1569594517.04391
1569594517.29392
1569594517.54393
1569594517.79394
1569594518.04395
1569594518.29397
1569594518.54398
1569594518.79399
1569594519.044
1569594519.29401
1569594519.54402
1569594519.79403
1569594520.04405
1569594520.29406
1569594520.54407
1569594520.79408
1569594521.04409
1569594521.2941
1569594521.54412
1569594521.79413
1569594522.04414
1569594522.29415
1569594522.54416
1569594522.79417
1569594523.04419
1569594523.2942
1569594523.54421
1569594523.79422
1569594524.04423
1569594524.29424
1569594524.54425
1569594524.79427
1569594525.04428
1569594525.29429
1569594525.5443
1569594525.79431
1569594526.04432
1569594526.29434
1569594526.54435
1569594526.79436
1569594527.04437
1569594527.29438
1569594527.54439
1569594527.7944
1569594528.04442
1569594528.29443
1569594528.54444
1569594528.79445
1569594529.04446
1569594529.29447
1569594529.54449
1569594529.7945
1569594530.04451
1569594530.29452
1569594530.54453
1569594530.79454
1569594531.04456
1569594531.29457
1569594531.54458
1569594531.79459
1569594532.0446
1569594532.29461
1569594532.54462
1569594532.79464
1569594533.04465
1569594533.29466
1569594533.54467
1569594533.79468
1569594534.04469
1569594534.29471
1569594534.54472
1569594534.79473
1569594535.04474
1569594535.29475
1569594535.54476
1569594535.79478
1569594536.04479
1569594536.2948
1569594536.54481
1569594536.79482
1569594537.04483
1569594537.29484
1569594537.54486
1569594537.79487
1569594538.04488
1569594538.29489
1569594538.5449
1569594538.79491
1569594539.04493
1569594539.29494
1569594539.54495
1569594539.79496
1569594540.04497
1569594540.29498
1569594540.545
1569594540.79501
1569594541.04502
1569594541.29503
1569594541.54504
1569594541.79505
1569594542.04506
1569594542.29508
1569594542.54509
1569594542.7951
1569594543.04511
1569594543.29512
1569594543.54513
1569594543.79515
1569594544.04516
1569594544.29517
1569594544.54518
1569594544.79519
1569594545.0452
1569594545.29522
1569594545.54523
1569594545.79524
1569594546.04525
1569594546.29526
1569594546.54527
1569594546.79528
1569594547.0453
1569594547.29531
1569594547.54532
1569594547.79533
1569594548.04534
1569594548.29535
1569594548.54537
1569594548.79538
1569594549.04539
1569594549.2954
1569594549.54541
1569594549.79542
1569594550.04544
1569594550.29545
1569594550.54546
1569594550.79547
1569594551.04548
1569594551.29549
1569594551.5455
1569594551.79552
1569594552.04553
1569594552.29554
1569594552.54555
1569594552.79556
1569594553.04557
1569594553.29559
1569594553.5456
1569594553.79561
1569594554.04562
1569594554.29563
1569594554.54564
1569594554.79566
1569594555.04567
1569594555.29568
1569594555.54569
1569594555.7957
1569594556.04571
1569594556.29572
1569594556.54574
1569594556.79575
1569594557.04576
1569594557.29577
1569594557.54578
1569594557.79579
1569594558.04581
1569594558.29582
1569594558.54583
1569594558.79584
1569594559.04585
1569594559.29586
1569594559.54588
1569594559.79589
1569594560.0459
1569594560.29591
1569594560.54592
1569594560.79593
1569594561.04594
1569594561.29596
1569594561.54597
1569594561.79598
1569594562.04599
1569594562.296
1569594562.54601
1569594562.79603
1569594563.04604
1569594563.29605
1569594563.54606
1569594563.79607
1569594564.04608
1569594564.29609
1569594564.54611
1569594564.79612
1569594565.04613
1569594565.29614
1569594565.54615
1569594565.79616
1569594566.04618
1569594566.29619
1569594566.5462
1569594566.79621
1569594567.04622
1569594567.29623
1569594567.54625
1569594567.79626
1569594568.04627
1569594568.29628
1569594568.54629
1569594568.7963
1569594569.04631
1569594569.29633
1569594569.54634
1569594569.79635
1569594570.04636
1569594570.29637
1569594570.54638
1569594570.7964
1569594571.04641
1569594571.29642
1569594571.54643
1569594571.79644
1569594572.04645
1569594572.29647
1569594572.54648
1569594572.79649
1569594573.0465
1569594573.29651
1569594573.54652
1569594573.79653
1569594574.04655
1569594574.29656
1569594574.54657
1569594574.79658
1569594575.04659
1569594575.2966
1569594575.54662
1569594575.79663
1569594576.04664
1569594576.29665
1569594576.54666
1569594576.79667
1569594577.04669
1569594577.2967
1569594577.54671
1569594577.79672
1569594578.04673
1569594578.29674
1569594578.54675
1569594578.79677
1569594579.04678
1569594579.29679
1569594579.5468
1569594579.79681
1569594580.04682
1569594580.29684
1569594580.54685
1569594580.79686
1569594581.04687
1569594581.29688
1569594581.54689
1569594581.79691
1569594582.04692
1569594582.29693
1569594582.54694
1569594582.79695
1569594583.04696
1569594583.29697
1569594583.54699
1569594583.797
1569594584.04701
1569594584.29702
1569594584.54703
1569594584.79704
1569594585.04706
1569594585.29707
1569594585.54708
1569594585.79709
1569594586.0471
1569594586.29711
1569594586.54713
1569594586.79714
1569594587.04715
1569594587.29716
1569594587.54717
1569594587.79718
1569594588.04719
1569594588.29721
1569594588.54722
1569594588.79723
1569594589.04724
1569594589.29725
1569594589.54726
1569594589.79728
1569594590.04729
1569594590.2973
1569594590.54731
1569594590.79732
1569594591.04733
1569594591.29734
1569594591.54736
1569594591.79737
1569594592.04738
1569594592.29739
1569594592.5474
1569594592.79741
1569594593.04743
1569594593.29744
1569594593.54745
1569594593.79746
1569594594.04747
1569594594.29748
1569594594.5475
1569594594.79751
1569594595.04752
1569594595.29753
1569594595.54754
1569594595.79755
1569594596.04756
1569594596.29758
1569594596.54759
1569594596.7976
1569594597.04761
1569594597.29762
1569594597.54763
1569594597.79765
1569594598.04766
1569594598.29767
1569594598.54768
1569594598.79769
1569594599.0477
1569594599.29772
1569594599.54773
1569594599.79774
1569594600.04775
1569594600.29776
1569594600.54777
1569594600.79778
1569594601.0478
1569594601.29781
1569594601.54782
1569594601.79783
1569594602.04784
1569594602.29785
1569594602.54787
1569594602.79788
1569594603.04789
1569594603.2979
1569594603.54791
1569594603.79792
1569594604.04794
1569594604.29795
1569594604.54796
1569594604.79797
1569594605.04798
1569594605.29799
1569594605.548
1569594605.79802
1569594606.04803
1569594606.29804
1569594606.54805
1569594606.79806
1569594607.04807
1569594607.29809
1569594607.5481
1569594607.79811
1569594608.04812
1569594608.29813
1569594608.54814
1569594608.79816
1569594609.04817
1569594609.29818
1569594609.54819
1569594609.7982
1569594610.04821
1569594610.29822
1569594610.54824
1569594610.79825
1569594611.04826
1569594611.29827
1569594611.54828
1569594611.79829
1569594612.04831
1569594612.29832
1569594612.54833
1569594612.79834
1569594613.04835
1569594613.29836
1569594613.54838
1569594613.79839
1569594614.0484
1569594614.29841
1569594614.54842
1569594614.79843
1569594615.04844
1569594615.29846
1569594615.54847
1569594615.79848
1569594616.04849
1569594616.2985
1569594616.54851
1569594616.79853
1569594617.04854
1569594617.29855
1569594617.54856
1569594617.79857
1569594618.04858
1569594618.29859
1569594618.54861
1569594618.79862
1569594619.04863
1569594619.29864
1569594619.54865
1569594619.79866
1569594620.04868
1569594620.29869
1569594620.5487
1569594620.79871
1569594621.04872
1569594621.29873
1569594621.54875
1569594621.79876
1569594622.04877
1569594622.29878
1569594622.54879
1569594622.7988
1569594623.04882
1569594623.29883
1569594623.54884
1569594623.79885
1569594624.04886
1569594624.29887
1569594624.54888
1569594624.7989
1569594625.04891
1569594625.29892
1569594625.54893
1569594625.79894
1569594626.04895
1569594626.29897
1569594626.54898
1569594626.79899
1569594627.049
1569594627.29901
1569594627.54902
1569594627.79903
1569594628.04905
1569594628.29906
1569594628.54907
1569594628.79908
1569594629.04909
1569594629.2991
1569594629.54912
1569594629.79913
1569594630.04914
1569594630.29915
1569594630.54916
1569594630.79917
1569594631.04919
1569594631.2992
1569594631.54921
1569594631.79922
1569594632.04923
1569594632.29924
1569594632.54925
1569594632.79927
1569594633.04928
1569594633.29929
1569594633.5493
1569594633.79931
1569594634.04932
1569594634.29934
1569594634.54935
1569594634.79936
1569594635.04937
1569594635.29938
1569594635.54939
1569594635.79941
1569594636.04942
1569594636.29943
1569594636.54944
1569594636.79945
1569594637.04946
1569594637.29947
1569594637.54949
1569594637.7995
1569594638.04951
1569594638.29952
1569594638.54953
1569594638.79954
1569594639.04956
1569594639.29957
1569594639.54958
1569594639.79959
1569594640.0496
1569594640.29961
1569594640.54963
1569594640.79964
1569594641.04965
1569594641.29966
1569594641.54967
1569594641.79968
1569594642.04969
1569594642.29971
1569594642.54972
1569594642.79973
1569594643.04974
1569594643.29975
1569594643.54976
1569594643.79978
1569594644.04979
1569594644.2998
1569594644.54981
1569594644.79982
1569594645.04983
1569594645.29985
1569594645.54986
1569594645.79987
1569594646.04988
1569594646.29989
1569594646.5499
1569594646.79991
1569594647.04993
1569594647.29994
1569594647.54995
1569594647.79996
1569594648.04997
1569594648.29998
1569594648.55
1569594648.80001
1569594649.05002
1569594649.30003
1569594649.55004
1569594649.80005
1569594650.05007
1569594650.30008
1569594650.55009
1569594650.8001
1569594651.05011
1569594651.30012
1569594651.55013
1569594651.80015
1569594652.05016
1569594652.30017
1569594652.55018
1569594652.80019
1569594653.0502
1569594653.30022
1569594653.55023
1569594653.80024
1569594654.05025
1569594654.30026
1569594654.55027
1569594654.80028
1569594655.0503
1569594655.30031
1569594655.55032
1569594655.80033
1569594656.05034
1569594656.30035
1569594656.55037
1569594656.80038
1569594657.05039
1569594657.3004
1569594657.55041
1569594657.80042
1569594658.05044
1569594658.30045
1569594658.55046
1569594658.80047
1569594659.05048
1569594659.30049
1569594659.5505
1569594659.80052
1569594660.05053
1569594660.30054
1569594660.55055
1569594660.80056
1569594661.05057
1569594661.30059
1569594661.5506
1569594661.80061
1569594662.05062
1569594662.30063
1569594662.55064
1569594662.80066
1569594663.05067
1569594663.30068
1569594663.55069
1569594663.8007
1569594664.05071
1569594664.30072
1569594664.55074
1569594664.80075
1569594665.05076
1569594665.30077
1569594665.55078
1569594665.80079
1569594666.05081
1569594666.30082
1569594666.55083
1569594666.80084
1569594667.05085
1569594667.30086
1569594667.55088
1569594667.80089
1569594668.0509
1569594668.30091
1569594668.55092
1569594668.80093
1569594669.05094
1569594669.30096
1569594669.55097
1569594669.80098
1569594670.05099
1569594670.301
1569594670.55101
1569594670.80103
1569594671.05104
1569594671.30105
1569594671.55106
1569594671.80107
1569594672.05108
1569594672.3011
1569594672.55111
1569594672.80112
1569594673.05113
1569594673.30114
1569594673.55115
1569594673.80116
1569594674.05118
1569594674.30119
1569594674.5512
1569594674.80121
1569594675.05122
1569594675.30123
1569594675.55125
1569594675.80126
1569594676.05127
1569594676.30128
1569594676.55129
1569594676.8013
1569594677.05132
1569594677.30133
1569594677.55134
1569594677.80135
1569594678.05136
1569594678.30137
1569594678.55138
1569594678.8014
1569594679.05141
1569594679.30142
1569594679.55143
1569594679.80144
1569594680.05145
1569594680.30147
1569594680.55148
1569594680.80149
1569594681.0515
1569594681.30151
1569594681.55152
1569594681.80154
1569594682.05155
1569594682.30156
1569594682.55157
1569594682.80158
1569594683.05159
1569594683.3016
1569594683.55162
1569594683.80163
1569594684.05164
1569594684.30165
1569594684.55166
1569594684.80167
1569594685.05169
1569594685.3017
1569594685.55171
1569594685.80172
1569594686.05173
1569594686.30174
1569594686.55175
1569594686.80177
1569594687.05178
1569594687.30179
1569594687.5518
1569594687.80181
1569594688.05182
1569594688.30184
1569594688.55185
1569594688.80186
1569594689.05187
1569594689.30188
1569594689.55189
1569594689.80191
1569594690.05192
1569594690.30193
1569594690.55194
1569594690.80195
1569594691.05196
1569594691.30197
1569594691.55199
1569594691.802
1569594692.05201
1569594692.30202
1569594692.55203
1569594692.80204
1569594693.05206
1569594693.30207
1569594693.55208
1569594693.80209
1569594694.0521
1569594694.30211
1569594694.55213
1569594694.80214
1569594695.05215
1569594695.30216
1569594695.55217
1569594695.80218
1569594696.05219
1569594696.30221
1569594696.55222
1569594696.80223
1569594697.05224
1569594697.30225
1569594697.55226
1569594697.80228
1569594698.05229
1569594698.3023
1569594698.55231
1569594698.80232
1569594699.05233
1569594699.30235
1569594699.55236
1569594699.80237
1569594700.05238
1569594700.30239
1569594700.5524
1569594700.80241
1569594701.05243
1569594701.30244
1569594701.55245
1569594701.80246
1569594702.05247
1569594702.30248
1569594702.5525
1569594702.80251
1569594703.05252
1569594703.30253
1569594703.55254
1569594703.80255
1569594704.05257
1569594704.30258
1569594704.55259
1569594704.8026
1569594705.05261
1569594705.30262
1569594705.55263
1569594705.80265
1569594706.05266
1569594706.30267
1569594706.55268
1569594706.80269
1569594707.0527
1569594707.30272
1569594707.55273
1569594707.80274
1569594708.05275
1569594708.30276
1569594708.55277
1569594708.80279
1569594709.0528
1569594709.30281
1569594709.55282
1569594709.80283
1569594710.05284
1569594710.30285
1569594710.55287
1569594710.80288
1569594711.05289
1569594711.3029
1569594711.55291
1569594711.80292
1569594712.05294
1569594712.30295
1569594712.55296
1569594712.80297
1569594713.05298
1569594713.30299
1569594713.553
1569594713.80302
1569594714.05303
1569594714.30304
1569594714.55305
1569594714.80306
1569594715.05307
1569594715.30309
1569594715.5531
1569594715.80311
1569594716.05312
1569594716.30313
1569594716.55314
1569594716.80316
1569594717.05317
1569594717.30318
1569594717.55319
1569594717.8032
1569594718.05321
1569594718.30323
1569594718.55324
1569594718.80325
1569594719.05326
1569594719.30327
1569594719.55328
1569594719.80329
1569594720.05331
1569594720.30332
1569594720.55333
1569594720.80334
1569594721.05335
1569594721.30336
1569594721.55338
1569594721.80339
1569594722.0534
1569594722.30341
1569594722.55342
1569594722.80343
1569594723.05344
1569594723.30346
1569594723.55347
1569594723.80348
1569594724.05349
1569594724.3035
1569594724.55351
1569594724.80353
1569594725.05354
1569594725.30355
1569594725.55356
1569594725.80357
1569594726.05358
1569594726.3036
1569594726.55361
1569594726.80362
1569594727.05363
1569594727.30364
1569594727.55365
1569594727.80366
1569594728.05368
1569594728.30369
1569594728.5537
1569594728.80371
1569594729.05372
1569594729.30373
1569594729.55375
1569594729.80376
1569594730.05377
1569594730.30378
1569594730.55379
1569594730.8038
1569594731.05382
1569594731.30383
1569594731.55384
1569594731.80385
1569594732.05386
1569594732.30387
1569594732.55388
1569594732.8039
1569594733.05391
1569594733.30392
1569594733.55393
1569594733.80394
1569594734.05395
1569594734.30397
1569594734.55398
1569594734.80399
1569594735.054
1569594735.30401
1569594735.55402
1569594735.80404
1569594736.05405
1569594736.30406
1569594736.55407
1569594736.80408
1569594737.05409
1569594737.3041
1569594737.55412
1569594737.80413
1569594738.05414
1569594738.30415
1569594738.55416
1569594738.80417
1569594739.05419
1569594739.3042
1569594739.55421
1569594739.80422
1569594740.05423
1569594740.30424
1569594740.55426
1569594740.80427
1569594741.05428
1569594741.30429
1569594741.5543
1569594741.80431
1569594742.05432
1569594742.30434
1569594742.55435
1569594742.80436
1569594743.05437
1569594743.30438
1569594743.55439
1569594743.80441
1569594744.05442
1569594744.30443
1569594744.55444
1569594744.80445
1569594745.05446
1569594745.30448
1569594745.55449
1569594745.8045
1569594746.05451
1569594746.30452
1569594746.55453
1569594746.80454
1569594747.05456
1569594747.30457
1569594747.55458
1569594747.80459
1569594748.0546
1569594748.30461
1569594748.55463
1569594748.80464
1569594749.05465
1569594749.30466
1569594749.55467
1569594749.80468
1569594750.05469
1569594750.30471
1569594750.55472
1569594750.80473
1569594751.05474
1569594751.30475
1569594751.55476
1569594751.80478
1569594752.05479
1569594752.3048
1569594752.55481
1569594752.80482
1569594753.05483
1569594753.30485
1569594753.55486
1569594753.80487
1569594754.05488
1569594754.30489
1569594754.5549
1569594754.80491
1569594755.05493
1569594755.30494
1569594755.55495
1569594755.80496
1569594756.05497
1569594756.30498
1569594756.555
1569594756.80501
1569594757.05502
1569594757.30503
1569594757.55504
1569594757.80505
1569594758.05507
1569594758.30508
1569594758.55509
1569594758.8051
1569594759.05511
1569594759.30512
1569594759.55513
1569594759.80515
1569594760.05516
1569594760.30517
1569594760.55518
1569594760.80519
1569594761.0552
1569594761.30522
1569594761.55523
1569594761.80524
1569594762.05525
1569594762.30526
1569594762.55527
1569594762.80529
1569594763.0553
1569594763.30531
1569594763.55532
1569594763.80533
1569594764.05534
1569594764.30535
1569594764.55537
1569594764.80538
1569594765.05539
1569594765.3054
1569594765.55541
1569594765.80542
1569594766.05544
1569594766.30545
1569594766.55546
1569594766.80547
1569594767.05548
1569594767.30549
1569594767.55551
1569594767.80552
1569594768.05553
1569594768.30554
1569594768.55555
1569594768.80556
1569594769.05557
1569594769.30559
1569594769.5556
1569594769.80561
1569594770.05562
1569594770.30563
1569594770.55564
1569594770.80566
1569594771.05567
1569594771.30568
1569594771.55569
1569594771.8057
1569594772.05571
1569594772.30573
1569594772.55574
1569594772.80575
1569594773.05576
1569594773.30577
1569594773.55578
1569594773.80579
1569594774.05581
1569594774.30582
1569594774.55583
1569594774.80584
1569594775.05585
1569594775.30586
1569594775.55588
1569594775.80589
1569594776.0559
1569594776.30591
1569594776.55592
1569594776.80593
1569594777.05594
1569594777.30596
1569594777.55597
1569594777.80598
1569594778.05599
1569594778.306
1569594778.55601
1569594778.80603
1569594779.05604
1569594779.30605
1569594779.55606
1569594779.80607
1569594780.05608
1569594780.3061
1569594780.55611
1569594780.80612
1569594781.05613
1569594781.30614
1569594781.55615
1569594781.80616
1569594782.05618
1569594782.30619
1569594782.5562
1569594782.80621
1569594783.05622
1569594783.30623
1569594783.55625
1569594783.80626
1569594784.05627
1569594784.30628
1569594784.55629
1569594784.8063
1569594785.05632
1569594785.30633
1569594785.55634
1569594785.80635
1569594786.05636
1569594786.30637
1569594786.55638
1569594786.8064
1569594787.05641
1569594787.30642
1569594787.55643
1569594787.80644
1569594788.05645
1569594788.30647
1569594788.55648
1569594788.80649
1569594789.0565
1569594789.30651
1569594789.55652
1569594789.80654
1569594790.05655
1569594790.30656
1569594790.55657
1569594790.80658
1569594791.05659
1569594791.3066
1569594791.55662
1569594791.80663
1569594792.05664
1569594792.30665
1569594792.55666
1569594792.80667
1569594793.05669
1569594793.3067
1569594793.55671
1569594793.80672
1569594794.05673
1569594794.30674
1569594794.55676
1569594794.80677
1569594795.05678
1569594795.30679
1569594795.5568
1569594795.80681
1569594796.05682
1569594796.30684
1569594796.55685
1569594796.80686
1569594797.05687
1569594797.30688
1569594797.55689
1569594797.80691
1569594798.05692
1569594798.30693
1569594798.55694
1569594798.80695
1569594799.05696
1569594799.30698
1569594799.55699
1569594799.807
1569594800.05701
1569594800.30702
1569594800.55703
1569594800.80704
1569594801.05706
1569594801.30707
1569594801.55708
1569594801.80709
1569594802.0571
1569594802.30711
1569594802.55713
