0.704999
0.712687
0.7101243
0.7088429
0.7062803
0.7037176
0.7024363
0.704999
0.7037176
0.6998736
0.6985923
0.6909043
0.6870603
0.685779
0.6844977
0.6806537
0.681935
0.6806537
0.6832163
0.685779
0.6870603
0.6870603
0.6844977
0.6870603
0.6870603
0.6921856
0.6960297
0.7011549
0.7037176
0.7011549
0.6998736
0.7062803
0.7101243
0.704999
0.7024363
0.704999
0.7178122
0.7165309
0.7152496
0.7178122
0.7242189
0.7293442
0.7306256
0.7460015
0.7754722
0.8280067
0.9369199
1.006112
1.068897
1.031807
1.042058
1.059997
1.084342
1.107406
1.094593
1.083061
1.054871
1.038214
1.024119
1.012588
0.9997742
0.9895235
0.9792729
0.9715849
0.9638969
0.948521
0.9433956
0.9382703
0.9344263
0.9267383
0.9318637
0.925457
0.921613
0.9190503
0.9152064
0.9126437
0.906237
0.9011117
0.9011117
0.8959864
0.8972677
0.8947051
0.890861
0.890861
0.8857358
0.8895797
0.917769
0.9421143
0.9498023
0.9549276
0.9574903
0.9613343
0.9613343
0.9587716
0.9613343
0.9574903
0.9549276
0.9574903
0.9613343
0.9587716
0.9613343
0.9677409
0.9741476
0.9690223
0.9677409
0.9677409
0.9664596
0.9664596
0.9728662
0.9792729
0.9792729
0.9869609
0.9972115
0.9984928
1.006181
1.016431
1.024119
1.039495
1.057434
1.104843
1.176598
1.268854
1.347015
1.399549
1.437989
1.481555
1.473966
1.490623
1.472685
1.454746
1.4304
1.402211
1.379147
1.367615
1.354802
1.349677
1.341989
1.327894
1.309955
1.297142
1.284329
1.272797
1.268953
1.265109
1.26639
1.257421
1.248451
1.245889
1.242045
1.235638
1.233075
1.229232
1.230513
1.229232
1.226669
1.22795
1.22795
1.23692
1.24717
1.265109
1.261265
1.268953
1.271515
1.28561
1.290735
1.283047
1.281766
1.279203
1.276641
1.298423
1.341989
1.388117
1.445776
1.472685
1.485498
1.500874
1.498311
1.485498
1.466278
1.448339
1.426557
1.404774
1.391961
1.380429
1.370178
1.36249
1.358646
1.350958
1.350958
1.352239
1.349677
1.345833
1.34327
1.339426
1.336863
1.345833
1.353521
1.367615
1.374022
1.377866
1.385554
1.389398
1.388117
1.385554
1.385554
1.379147
1.384273
1.380429
1.377866
1.380429
1.384273
1.397086
1.43937
1.454746
1.481654
1.493186
1.50728
1.5265
1.51625
1.513687
1.517531
1.51625
1.518812
1.518812
1.509843
1.508562
1.509843
1.504718
1.500874
1.504718
1.523938
1.539314
1.558534
1.570066
1.57391
1.563659
1.561096
1.549564
1.540595
1.53547
1.541876
1.575191
1.582879
1.581598
1.571347
1.576472
1.635414
1.714856
1.782767
1.848114
1.881429
1.918588
1.981373
1.980291
1.982854
1.966196
1.936726
1.918787
1.888035
1.862408
1.848314
1.818843
1.79706
1.782966
1.761183
1.740682
1.726587
1.716337
1.702242
1.695835
1.685585
1.674053
1.661239
1.644582
1.636894
1.629206
1.631769
1.630487
1.629206
1.629206
1.626644
1.621518
1.611268
1.604861
1.602298
1.599735
1.601017
1.60358
1.601017
1.598454
1.601017
1.593329
1.58436
1.580516
1.57539
1.576672
1.601017
1.654833
1.730431
1.80603
1.871378
1.888035
1.894442
1.897004
1.888035
1.871378
1.859846
1.84447
1.82525
1.814999
1.800905
1.78681
1.782966
1.771434
1.763746
1.749651
1.744526
1.735557
1.72915
1.726587
1.722743
1.716337
1.712493
1.711211
1.707367
1.693273
1.689429
1.686866
1.685585
1.679178
1.679178
1.67149
1.675334
1.665083
1.672771
1.668927
1.67149
1.666365
1.667646
1.659958
1.659958
1.667646
1.675334
1.668927
1.667646
1.665083
1.657395
1.654833
1.649707
1.663802
1.640738
1.636894
1.634331
1.636894
1.649707
1.675334
1.685585
1.697117
1.706086
1.712493
1.716337
1.722743
1.72915
1.731713
1.743245
1.732994
1.736838
1.731713
1.716337
1.708649
1.706086
1.699679
1.704805
1.704805
1.702242
1.703523
1.699679
1.693273
1.693273
1.693273
1.717618
1.745807
1.782966
1.812436
1.836782
1.852158
1.847032
1.839345
1.82525
1.812436
1.793217
1.781685
1.772715
1.763746
1.757339
1.752214
1.736838
1.726587
1.732994
1.744526
1.736838
1.741963
1.772715
1.82525
1.880347
1.920068
1.957227
1.972603
1.972603
1.952102
1.935444
1.916224
1.897004
1.876503
1.864971
1.853439
1.843188
1.830375
1.818843
1.818843
1.821406
1.818843
1.821406
1.81628
1.813718
1.807311
1.80603
1.800905
1.793217
1.785529
1.781685
1.775278
1.78681
1.781685
1.785529
1.790654
1.785529
1.785529
1.781685
1.782966
1.788091
1.790654
1.791935
1.791935
1.791935
1.788091
1.790654
1.781685
1.791935
1.809874
1.821406
1.831656
1.761183
1.765027
1.76759
1.757339
1.776559
1.864971
1.944414
1.975165
2.002074
2.025137
2.037951
2.032825
2.023856
2.020012
2.0277
2.071265
2.054608
2.043076
2.030263
2.005918
1.981572
1.95082
1.962352
1.968759
1.964915
2.028981
2.011043
2.005918
1.995667
1.985416
2.022575
2.020012
2.000792
1.982854
1.963634
1.932882
1.904692
1.89316
1.885472
1.872659
1.868815
1.861127
1.856002
1.872659
1.886754
1.884191
1.879066
1.871378
1.868815
1.862408
1.861127
1.861127
1.856002
1.858564
1.856002
1.849595
1.84447
1.839345
1.84447
1.841907
1.836782
1.8355
1.836782
1.841907
1.852158
1.866252
1.884191
1.89316
1.911099
1.91238
1.908536
1.894442
1.881628
1.872659
1.856002
1.849595
1.843188
1.81628
1.814999
1.808593
1.808593
1.80603
1.813718
1.813718
1.813718
1.812436
1.808593
1.802186
1.804749
1.807311
1.800905
1.794498
1.790654
1.78681
1.784247
1.784247
1.779122
1.776559
1.779122
1.781685
1.775278
1.772715
1.76759
1.768871
1.76759
1.762465
1.762465
1.763746
1.766309
1.763746
1.765027
1.762465
1.763746
1.758621
1.756058
1.750933
1.749651
1.747089
1.743245
1.741963
1.739401
1.736838
1.727869
1.724025
1.721462
1.730431
1.761183
1.803467
1.85472
1.89316
1.916224
1.926475
1.927756
1.92135
1.907255
1.894442
1.881628
1.872659
1.867534
1.859846
1.853439
1.847032
1.836782
1.8355
1.827812
1.822687
1.818843
1.807311
1.803467
1.79706
1.80603
1.791935
1.789373
1.80603
1.840626
1.86369
1.889316
1.913662
1.9316
1.958508
1.977728
1.985416
1.994385
1.993104
1.987979
1.984135
1.967478
1.95082
1.934163
1.917506
1.903411
1.886754
1.87394
1.861127
1.848314
1.839345
1.834219
1.822687
1.81628
1.811155
1.80603
1.807311
1.81628
1.831656
1.850876
1.852158
1.894442
1.964915
2.048201
2.167365
2.291654
2.394161
2.446695
2.453732
2.498578
2.515236
2.496016
2.433231
2.393509
2.351225
2.301253
2.257688
2.224374
2.189778
2.147494
2.13468
2.101366
2.082146
2.056519
2.050112
2.048831
2.059082
2.071895
2.094959
2.106491
2.106491
2.098803
2.08599
2.070614
2.056519
2.056519
2.055238
2.051394
2.043706
2.032174
2.023205
2.011672
2.001422
1.993734
1.980921
1.964263
1.968107
1.968107
1.964263
1.959138
1.957857
1.952731
1.947606
1.963634
1.957227
1.954664
1.948258
1.95082
1.95082
1.949539
1.95979
1.961071
1.964915
1.967478
1.97004
1.975165
1.975165
1.971322
1.972603
1.976447
1.977728
1.97901
1.986698
1.996948
1.999511
1.995667
1.995667
1.98926
1.987979
1.987979
1.98926
1.986698
1.984135
1.987979
1.991823
1.98926
1.995667
1.99823
1.990541
1.98926
1.996948
1.99823
2.009762
2.054608
2.1238
2.168647
2.194273
2.21093
2.213493
2.213493
2.20068
2.204524
2.203243
2.198117
2.196836
2.195554
2.203243
2.195554
2.184022
2.164803
2.135332
2.117393
2.145583
2.137895
2.110987
2.128925
2.19171
2.333938
2.49923
2.652338
2.809942
2.944482
2.97145
2.97145
2.966324
2.87535
2.834347
2.815127
2.734403
2.720309
2.669055
2.60627
2.575518
2.534516
2.496076
2.469168
2.449948
2.455013
2.421699
2.401197
2.402478
2.399916
2.383259
2.367883
2.36532
2.347381
2.337131
2.335849
2.344819
2.362757
2.362757
2.360195
2.361476
2.381977
2.389665
2.361476
2.342256
2.330724
2.317911
2.317911
2.323036
2.323036
2.316629
2.303816
2.293566
2.28844
2.292284
2.296128
2.285877
2.299972
2.289721
2.273064
2.264095
2.25897
2.260251
2.266658
2.266658
2.287159
2.299972
2.303816
2.293566
2.283315
2.279471
2.276908
2.279471
2.273064
2.265376
2.262814
2.257688
2.25897
2.256407
2.251281
2.246156
2.241031
2.241031
2.235906
2.241031
2.237187
2.235906
2.237187
2.246156
2.246156
2.25
2.247437
2.253844
2.261532
2.282033
2.287159
2.289721
2.287159
2.279471
2.28844
2.324317
2.364039
2.397353
2.426824
2.439637
2.444762
2.446044
2.453732
2.451169
2.447325
2.451169
2.455013
2.465264
2.474233
2.460139
2.449888
2.440918
2.431949
2.410167
2.405041
2.437074
2.397353
2.389665
2.407604
2.458857
2.503704
2.535737
2.561364
2.563926
2.552394
2.537018
2.526768
2.496016
2.466545
2.439637
2.42298
2.426824
2.412729
2.410167
2.410167
2.421699
2.419136
2.408885
2.415292
2.419136
2.434512
2.460139
2.572896
2.772783
2.950888
3.075237
3.20337
3.257186
3.28025
3.308439
3.358412
3.398133
3.413509
3.41479
3.39557
3.344317
3.259749
3.175181
3.107271
3.025265
2.931728
2.848442
2.824096
2.801033
2.806158
2.806158
2.794626
2.781812
2.770281
2.752342
2.736966
2.727997
2.713902
2.688275
2.676743
2.667774
2.652398
2.642148
2.628053
2.621646
2.615239
2.610114
2.608833
2.611396
2.622927
2.611396
2.607552
2.608833
2.60627
2.615239
2.666493
2.763874
2.895851
3.036798
3.129053
3.172618
3.205933
3.336629
3.545486
3.721159
3.919765
4.026115
4.063745
4.048369
4.018898
3.929205
3.826699
3.730599
3.634499
3.570432
3.487146
3.417954
3.381606
3.316258
3.268849
3.230409
3.19325
3.153529
3.12534
3.093307
3.076649
3.057429
3.035647
3.018989
3.007457
3.002332
2.989519
2.984393
2.979268
2.967736
2.966455
2.970299
2.972861
2.963892
2.943391
2.956074
2.952229
2.949667
2.940698
2.929166
2.927884
2.920196
2.918915
2.92404
2.921478
2.920196
2.911227
2.900976
2.90482
2.912508
2.915071
2.915071
2.915071
2.912508
2.906102
2.903539
2.912508
2.934291
2.938135
2.966324
2.985544
2.995795
3.00092
3.006046
3.007327
3.015015
3.011171
3.003483
3.003483
3.016296
3.047048
3.121365
3.246936
3.37635
3.471169
3.546898
3.601995
3.60712
3.589182
3.545616
3.494363
3.445673
3.395701
3.36623
3.332915
3.320102
3.303445
3.281662
3.268849
3.245785
3.248348
3.234253
3.23169
3.211189
3.19325
3.197094
3.206064
3.194532
3.181718
3.171468
3.165061
3.165061
3.156092
3.153529
3.147122
3.152248
3.15481
3.161217
3.167624
3.166342
3.172749
3.170186
3.17403
3.183
3.190688
3.186844
3.181718
3.176593
3.17403
3.172749
3.171468
3.170186
3.176593
3.188125
3.20222
3.208626
3.209908
3.204782
3.20222
3.197094
3.190688
3.180437
3.17403
3.168905
3.162498
3.150966
3.150966
3.147122
3.139434
3.13559
3.126621
3.120214
3.117652
3.115089
3.126621
3.134309
3.136872
3.140716
3.150966
3.152248
3.158654
3.159936
3.159936
3.159936
3.161217
3.158654
3.161217
3.165061
3.167624
3.161217
3.156092
3.152248
3.147122
3.139434
3.141997
3.149685
3.148404
3.141997
3.139434
3.139434
3.136872
3.127903
3.122777
3.122777
3.12534
3.117652
3.109964
3.111245
3.11637
3.109964
3.111245
3.120214
3.129184
3.143278
3.168905
3.189406
3.209908
3.222721
3.25988
3.323946
3.405951
3.487957
3.535366
3.567399
3.585338
3.562274
3.521271
3.48155
3.439266
3.414921
3.390575
3.373918
3.358542
3.343166
3.329072
3.314977
3.311133
3.303445
3.294476
3.282943
3.266286
3.244503
3.235534
3.230409
3.224002
3.213752
3.208626
3.200938
3.186844
3.183
3.179156
3.168905
3.159936
3.153529
3.140716
3.134309
3.129184
3.121496
3.121496
3.120214
3.127903
3.134309
3.127903
3.139434
3.153529
3.180437
3.211189
3.244503
3.288069
3.336759
3.377762
3.405951
3.408514
3.394419
3.36623
3.336759
3.30857
3.279099
3.25091
3.227846
3.200938
3.190688
3.184281
3.167624
3.165061
3.150966
3.14456
3.14456
3.134309
3.136872
3.129184
3.124058
3.121496
3.166342
3.295757
3.490519
3.730128
3.974862
4.125248
4.176502
4.209816
4.208535
4.214942
4.168814
4.099622
4.026586
3.933049
3.842074
3.78954
3.740849
3.688315
3.642187
3.599903
3.549931
3.511491
3.467926
3.435893
3.421327
3.402107
3.376481
3.364949
3.348291
3.338041
3.323946
3.313695
3.295757
3.288069
3.281662
3.279099
3.285506
3.280381
3.275255
3.268849
3.263724
3.262442
3.257317
3.249629
3.240659
3.234253
3.230409
3.222721
3.21247
3.207345
3.203501
3.200938
3.190688
3.186844
3.176593
3.168905
3.162498
3.165061
3.153529
3.15481
3.150966
3.145841
3.14456
3.139434
3.134309
3.134309
3.12534
3.127903
3.126621
3.122777
3.121496
3.11637
3.11637
3.111245
3.108682
3.10612
3.100995
3.097151
3.095869
3.089463
3.089463
3.089463
3.103557
3.10612
3.109964
3.10612
3.10612
3.10612
3.104838
3.097151
3.10612
3.109964
3.109964
3.122777
3.120214
3.121496
3.117652
3.111245
3.103557
3.097151
3.095869
3.088181
3.081774
3.06768
3.071524
3.065117
3.057429
3.059992
3.061273
3.076649
3.10612
3.145841
3.175312
3.211189
3.229128
3.244503
3.252192
3.257317
3.261161
3.252192
3.238097
3.235534
3.217596
3.207345
3.197094
3.191969
3.191969
3.181718
3.171468
3.171468
3.170186
3.166342
3.162498
3.15481
3.156092
3.14456
3.13559
3.140716
3.143278
3.147122
3.159936
3.171468
3.184281
3.180437
3.16378
3.157373
3.148404
3.13559
3.127903
3.121496
3.117652
3.099713
3.100995
3.095869
3.095869
3.093307
3.094588
3.108682
3.129184
3.158654
3.185562
3.204782
3.215033
3.217596
3.209908
3.200938
3.188125
3.179156
3.17403
3.157373
3.148404
3.141997
3.131747
3.124058
3.117652
3.115089
3.108682
3.097151
3.092025
3.0869
3.085618
3.088181
3.0869
3.088181
3.090744
3.092025
3.088181
3.089463
3.089463
3.0869
3.088181
3.089463
3.0869
3.090744
3.083056
3.075368
3.074086
3.068961
3.061273
3.056148
3.051023
3.045897
3.038209
3.042053
3.035647
3.02924
3.026677
3.026677
3.02924
3.026677
3.024115
3.022833
3.020271
3.015145
3.021552
3.022833
3.022833
3.026677
3.031803
3.026677
3.018989
3.013864
3.020271
3.033084
3.045897
3.070243
3.07793
3.07793
3.074086
3.068961
3.066399
3.052304
3.040772
3.033084
3.027959
3.016427
3.013864
3.01002
3.002332
2.988237
2.980549
2.977987
2.97158
2.976705
3.004895
3.022833
3.02924
3.030521
3.036928
3.035647
3.024115
3.008739
2.994644
2.981831
2.969018
2.963892
2.954923
2.942109
2.958636
2.949667
2.944542
2.938135
2.934291
2.929166
2.922759
2.921478
2.921478
2.920196
2.921478
2.91379
2.916352
2.918915
2.93301
3.311133
3.311133
3.311133
3.311133
3.311133
3.311133
3.311133
3.311133
3.311133
3.311133
3.311133
3.311133
3.311133
3.311133
3.311133
3.311133
3.311133
3.311133
3.311133
3.263724
3.224002
3.19325
3.172749
3.141997
3.122777
3.100995
3.084337
3.068961
3.047179
3.044616
3.027959
3.012583
3.003613
2.993363
2.976705
2.967736
2.958767
2.948516
2.940828
2.948385
2.952229
2.975294
2.956074
2.949667
2.945823
2.939416
2.935572
2.93301
2.931728
2.931728
2.930447
2.927884
2.922759
2.920196
2.899695
2.897132
2.881756
2.876631
2.871506
2.867662
2.871506
2.867662
2.863818
2.853567
2.844598
2.826659
2.821534
2.816408
2.815127
2.815127
2.807439
2.801033
2.786938
2.781812
2.77925
2.775406
2.775406
2.783094
2.793344
2.793344
2.803595
2.804877
2.813846
2.831784
2.839473
2.830503
2.838191
2.854848
2.898414
2.970168
