0.6037738
0.5960858
0.5960858
0.5935231
0.5896792
0.5909605
0.5871165
0.5845538
0.5845538
0.5845538
0.5832725
0.5819912
0.5832725
0.5807098
0.5794285
0.5781472
0.5755845
0.5743032
0.5743032
0.5704592
0.5743032
0.5704592
0.5691779
0.5678965
0.5640525
0.5653338
0.5653338
0.5640525
0.5614899
0.5627712
0.5627712
0.5614899
0.5627712
0.5627712
0.5627712
0.5602086
0.5602086
0.5576459
0.5614899
0.5627712
0.5589272
0.5550832
0.5538019
0.5512393
0.5499579
0.5512393
0.5550832
0.5512393
0.5499579
0.5512393
0.5525206
0.5499579
0.5525206
0.5512393
0.5538019
0.5525206
0.5512393
0.5550832
0.5538019
0.5538019
0.5550832
0.5538019
0.5538019
0.5550832
0.5512393
0.5512393
0.5512393
0.5499579
0.5512393
0.5486766
0.5461139
0.5461139
0.5499579
0.5461139
0.5461139
0.5461139
0.5461139
0.5486766
0.5486766
0.5461139
0.5473952
0.5409886
0.5448326
0.5461139
0.5461139
0.5473952
0.5397072
0.5435513
0.5422699
0.5409886
0.5397072
0.5397072
0.5384259
0.5384259
0.5397072
0.5397072
0.5397072
0.5384259
0.5345819
0.5409886
0.5409886
0.5384259
0.5397072
0.5371446
0.5384259
0.5384259
0.5384259
0.5409886
0.5371446
0.5397072
0.5384259
0.5358633
0.5371446
0.5345819
0.5320193
0.5345819
0.5333006
0.5345819
0.5345819
0.5358633
0.5320193
0.5307379
0.5294566
0.5294566
0.5281753
0.5256126
0.5281753
0.5281753
0.5307379
0.5307379
0.5320193
0.5333006
0.5384259
0.5384259
0.5384259
0.5384259
0.5384259
0.5384259
0.5397072
0.5371446
0.5345819
0.5307379
0.5345819
0.5333006
0.5307379
0.5281753
0.5294566
0.5268939
0.5268939
0.5256126
0.5256126
0.5243313
0.5217686
0.5217686
0.5217686
0.5217686
0.5204873
0.5217686
0.52305
0.5243313
0.5204873
0.5217686
0.5217686
0.5192059
0.5192059
0.5179246
0.5179246
0.5166433
0.5166433
0.5166433
0.5179246
0.5179246
0.5192059
0.515362
0.5127993
0.5115179
0.5127993
0.5102366
0.5115179
0.5115179
0.5051113
0.5102366
0.507674
0.507674
0.507674
0.5089553
0.5063927
0.5089553
0.507674
0.50383
0.507674
0.5102366
0.507674
0.507674
0.5063927
0.5089553
0.5089553
0.5089553
0.507674
0.507674
0.5089553
0.5063927
0.5063927
0.5051113
0.5063927
0.5012673
0.5063927
0.50383
0.50383
0.5012673
0.5025486
0.4987046
0.499986
0.4987046
0.4987046
0.496142
0.4974233
0.5012673
0.499986
0.499986
0.4974233
0.4974233
0.492298
0.4948606
0.4948606
0.492298
0.488454
0.4910167
0.4897353
0.4871727
0.4858913
0.488454
0.4858913
0.4833287
0.4833287
0.4820473
0.4833287
0.4820473
0.4833287
0.4794847
0.480766
0.4794847
0.4782034
0.4794847
0.4820473
0.480766
0.4782034
0.4794847
0.4794847
0.476922
0.476922
0.4794847
0.476922
0.473078
0.476922
0.4743594
0.4743594
0.4717967
0.473078
0.476922
0.4782034
0.476922
0.4794847
0.476922
0.476922
0.476922
0.476922
0.480766
0.4743594
0.4743594
0.4743594
0.4743594
0.473078
0.4717967
0.4717967
0.4705154
0.469234
0.469234
0.4679527
0.4628274
0.4679527
0.4666714
0.4666714
0.4666714
0.4641087
0.4628274
0.4615461
0.4602647
0.4615461
0.4615461
0.4615461
0.4641087
0.4666714
0.4628274
0.4653901
0.4615461
0.4602647
0.4589834
0.4602647
0.4589834
0.4551394
0.4564207
0.4551394
0.4538581
0.4564207
0.4538581
0.4525767
0.4538581
0.4551394
0.4564207
0.4564207
0.4577021
0.4551394
0.4602647
0.4589834
0.4589834
0.4577021
0.4602647
0.4602647
0.4641087
0.4602647
0.4602647
0.4602647
0.4577021
0.4602647
0.4589834
0.4551394
0.4538581
0.4512954
0.4525767
0.4525767
0.4538581
0.4487327
0.4512954
0.4487327
0.4500141
0.4500141
0.4487327
0.4525767
0.4512954
0.4500141
0.4512954
0.4512954
0.4474514
0.4474514
0.4436074
0.4461701
0.4487327
0.4461701
0.4448887
0.4474514
0.4423261
0.4436074
0.4461701
0.4448887
0.4436074
0.4397634
0.4448887
0.4436074
0.4436074
0.4397634
0.4397634
0.4410447
0.4397634
0.4410447
0.4410447
0.4410447
0.4384821
0.4359194
0.4384821
0.4384821
0.4372008
0.4372008
0.4372008
0.4372008
0.4359194
0.4359194
0.4372008
0.4333568
0.4372008
0.4384821
0.4384821
0.4372008
0.4384821
0.4384821
0.4384821
0.4359194
0.4346381
0.4333568
0.4372008
0.4372008
0.4346381
0.4346381
0.4359194
0.4372008
0.4346381
0.4359194
0.4320754
0.4320754
0.4320754
0.4307941
0.4320754
0.4307941
0.4295128
0.4295128
0.4269501
0.4282314
0.4282314
0.4269501
0.4269501
0.4256688
0.4256688
0.4269501
0.4243875
0.4256688
0.4243875
0.4307941
0.4256688
0.4282314
0.4320754
0.4295128
0.4282314
0.4282314
0.4282314
0.4307941
0.4282314
0.4307941
0.4282314
0.4269501
0.4256688
0.4269501
0.4256688
0.4269501
0.4243875
0.4256688
0.4205435
0.4256688
0.4218248
0.4218248
0.4231061
0.4218248
0.4231061
0.4218248
0.4218248
0.4166995
0.4192621
0.4166995
0.4192621
0.4231061
0.4231061
0.4269501
0.4320754
0.4333568
0.4333568
0.4372008
0.4320754
0.4333568
0.4333568
0.4320754
0.4295128
0.4307941
0.4269501
0.4243875
0.4243875
0.4243875
0.4243875
0.4243875
0.4243875
0.4243875
0.4243875
0.4243875
0.4243875
0.4243875
0.4243875
0.4243875
0.4243875
0.4243875
0.4243875
0.4243875
0.4243875
0.4243875
0.4205435
0.4205435
0.4179808
0.4218248
0.4192621
0.4192621
0.4179808
0.4166995
0.4192621
0.4154181
0.4166995
0.4141368
0.4154181
0.4154181
0.4141368
0.4128555
0.4128555
0.4128555
0.4090115
0.4128555
0.4154181
0.4141368
0.4128555
0.4154181
0.4141368
0.4141368
0.4154181
0.4128555
0.4115742
0.4102928
0.4128555
0.4115742
0.4128555
0.4115742
0.4115742
0.4077302
0.4090115
0.4090115
0.4077302
0.4090115
0.4090115
0.4090115
0.4102928
0.4128555
0.4102928
0.4090115
0.4077302
0.4077302
0.4038862
0.4064488
0.4064488
0.4026048
0.4090115
0.4051675
0.4038862
0.4051675
0.4051675
0.4051675
0.4038862
0.4051675
0.4051675
0.4026048
0.4000422
0.4026048
0.4051675
0.4077302
0.4038862
0.4051675
0.4051675
0.4026048
0.4038862
0.4026048
0.4026048
0.4026048
0.4013235
0.4026048
0.4026048
0.4000422
0.3987608
0.3987608
0.3987608
0.4000422
0.3987608
0.3987608
0.3961982
0.3987608
0.4013235
0.3987608
0.4000422
0.4013235
0.3987608
0.3974795
0.3961982
0.3974795
0.3987608
0.3923542
0.3987608
0.3961982
0.3961982
0.3974795
0.3923542
0.3923542
0.3936355
0.3949168
0.3936355
0.3897915
0.3923542
0.3961982
0.3936355
0.3923542
0.3949168
0.3936355
0.3923542
0.3923542
0.3936355
0.3936355
0.3923542
0.3936355
0.3897915
0.3910728
0.3910728
0.3897915
0.3897915
0.3885102
0.3897915
0.3885102
0.3936355
0.3949168
0.3897915
0.3910728
0.3897915
0.3910728
0.3885102
0.3910728
0.3897915
0.3872288
0.3885102
0.3897915
0.3885102
0.3885102
0.3885102
0.3859475
0.3846662
0.3833849
0.3833849
0.3833849
0.3846662
0.3833849
0.3833849
0.3885102
0.3833849
0.3833849
0.3846662
0.3833849
0.3846662
0.3859475
0.3846662
0.3846662
0.3821035
0.3821035
0.3795409
0.3756969
0.3808222
0.3769782
0.3795409
0.3821035
0.3782595
0.3795409
0.3782595
0.3821035
0.3833849
0.3821035
0.3782595
0.3782595
0.3808222
0.3808222
0.3769782
0.3795409
0.3756969
0.3769782
0.3769782
0.3769782
0.3769782
0.3731342
0.3744155
0.3744155
0.3731342
0.3744155
0.3756969
0.3744155
0.3756969
0.3782595
0.3782595
0.3782595
0.3731342
0.3731342
0.3744155
0.3705716
0.3744155
0.3744155
0.3731342
0.3718529
0.3705716
0.3731342
0.3705716
0.3718529
0.3692902
0.3705716
0.3705716
0.3692902
0.3705716
0.3718529
0.3692902
0.3705716
0.3692902
0.3705716
0.3680089
0.3718529
0.3731342
0.3718529
0.3705716
0.3705716
0.3705716
0.3692902
0.3667276
0.3680089
0.3680089
0.3641649
0.3667276
0.3667276
0.3667276
0.3680089
0.3667276
0.3654462
0.3641649
0.3641649
0.3628836
0.3616022
0.3616022
0.3616022
0.3616022
0.3616022
0.3641649
0.3603209
0.3590396
0.3641649
0.3590396
0.3641649
0.3616022
0.3603209
0.3603209
0.3641649
0.3616022
0.3628836
0.3590396
0.3616022
0.3603209
0.3616022
0.3616022
0.3603209
0.3551956
0.3628836
0.3590396
0.3564769
0.3603209
0.3577582
0.3564769
0.3551956
0.3718529
0.3551956
0.3551956
0.3539142
0.3564769
0.3539142
0.3577582
0.3590396
0.3564769
0.3564769
0.3564769
0.3564769
0.3564769
0.3551956
0.3487889
0.3539142
0.3539142
0.3526329
0.3539142
0.3526329
0.3513516
0.3539142
0.3551956
0.3551956
0.3513516
0.3462262
0.3526329
0.3487889
0.3487889
0.3500702
0.3487889
0.3500702
0.3475076
0.3539142
0.3551956
0.3500702
0.3513516
0.3526329
0.3475076
0.3487889
0.3487889
0.3487889
0.3513516
0.3500702
0.3487889
0.3526329
0.3475076
0.3436636
0.3487889
0.3500702
0.3500702
0.3475076
0.3487889
0.3475076
0.3449449
0.3462262
0.3449449
0.3436636
0.3411009
0.3449449
0.3436636
0.3436636
0.3423823
0.3462262
0.3423823
0.3423823
0.3449449
0.3462262
0.3449449
0.3423823
0.3462262
0.3449449
0.3411009
0.3475076
0.3449449
0.3411009
0.3423823
0.3449449
0.3385383
0.3423823
0.3385383
0.3411009
0.3423823
0.3385383
0.3398196
0.3423823
0.3385383
0.3385383
0.3385383
0.3411009
0.3411009
0.3359756
0.3372569
0.3398196
0.3372569
0.3372569
0.3372569
0.3372569
0.3359756
0.3372569
0.3385383
0.3398196
0.3359756
0.3385383
0.3385383
0.3359756
0.3359756
0.3359756
0.3359756
0.3346943
0.3359756
0.3359756
0.3346943
0.3321316
0.3359756
0.3346943
0.3334129
0.3321316
0.3321316
0.3346943
0.3334129
0.3321316
0.3321316
0.3308503
0.3270063
0.329569
0.3308503
0.3321316
0.3321316
0.3334129
0.3346943
0.3321316
0.3321316
0.3334129
0.3359756
0.3321316
0.3334129
0.3308503
0.3321316
0.3308503
0.3308503
0.329569
0.3270063
0.3282876
0.3282876
0.329569
0.3244436
0.3270063
0.3270063
0.3308503
0.3321316
0.3308503
0.329569
0.329569
0.3270063
0.3308503
0.3282876
0.3244436
0.3282876
0.3270063
0.325725
0.3270063
0.325725
0.3270063
0.325725
0.321881
0.3244436
0.3231623
0.321881
0.3231623
0.3244436
0.321881
0.321881
0.3270063
0.3270063
0.3282876
0.321881
0.325725
0.3205996
0.3205996
0.3231623
0.3244436
0.3205996
0.3231623
0.321881
0.3205996
0.3205996
0.3205996
0.3205996
0.3205996
0.3167557
0.3193183
0.3193183
0.318037
0.318037
0.3205996
0.321881
0.3231623
0.321881
0.3193183
0.318037
0.3167557
0.321881
0.3205996
0.3193183
0.318037
0.3205996
0.321881
0.3193183
0.3193183
0.3167557
0.318037
0.3167557
0.314193
0.3167557
0.3154743
0.3154743
0.3193183
0.318037
0.318037
0.318037
0.318037
0.3193183
0.3154743
0.3154743
0.3167557
0.3167557
0.3167557
0.3167557
0.3167557
0.3154743
0.314193
0.3129117
0.3129117
0.310349
0.3129117
0.3116303
0.3154743
0.3154743
0.3154743
0.314193
0.3167557
0.3193183
0.3167557
0.318037
0.3154743
0.3154743
0.314193
0.3090677
0.3116303
0.310349
0.3129117
0.3090677
0.310349
0.3116303
0.3116303
0.3077863
0.3167557
0.3154743
0.3116303
0.3129117
0.310349
0.3116303
0.3129117
0.3116303
0.3116303
0.3116303
0.306505
0.3090677
0.3116303
0.3077863
0.310349
0.3090677
0.3090677
0.306505
0.3090677
0.3090677
0.310349
0.3077863
0.3077863
0.306505
0.3052237
0.3052237
0.3090677
0.310349
0.3090677
0.310349
0.3090677
0.3090677
0.3077863
0.3090677
0.3090677
0.3077863
0.3077863
0.310349
0.306505
0.3090677
0.3052237
0.306505
0.306505
0.3052237
0.3039423
0.3077863
0.3039423
0.3052237
0.306505
0.3052237
0.3052237
0.3013797
0.302661
0.306505
0.302661
0.306505
0.310349
0.3090677
0.306505
0.3039423
0.3052237
0.3039423
0.3052237
0.3052237
0.306505
0.3039423
0.306505
0.302661
0.302661
0.3013797
0.3013797
0.3013797
0.3000983
0.3000983
0.2975357
0.298817
0.298817
0.2975357
0.3052237
0.302661
0.3052237
0.3052237
0.3052237
0.302661
0.302661
0.298817
0.3000983
0.2962543
0.298817
0.302661
0.298817
0.3013797
0.298817
0.2975357
0.298817
0.2962543
0.294973
0.2975357
0.2936917
0.294973
0.2936917
0.2962543
0.2936917
0.2975357
0.3013797
0.3013797
0.3013797
0.298817
0.298817
0.2936917
0.298817
0.2962543
0.2975357
0.2975357
0.2975357
0.294973
0.2975357
0.2936917
0.3000983
0.2962543
0.2924103
0.2962543
0.294973
0.294973
0.294973
0.2936917
0.2924103
0.2924103
0.2924103
0.291129
0.2962543
0.287285
0.294973
0.2936917
0.2962543
0.2936917
0.2936917
0.2936917
0.2936917
0.2924103
0.2936917
0.294973
0.2898477
0.2924103
0.294973
0.294973
0.2924103
0.2936917
0.2898477
0.2898477
0.291129
0.2898477
0.2885664
0.2885664
0.2898477
0.2885664
0.287285
0.2885664
0.287285
0.2860037
0.287285
0.2860037
0.2885664
0.2885664
0.2898477
0.2898477
0.2898477
0.2885664
0.2885664
0.2898477
0.287285
0.2885664
0.2898477
0.2885664
0.287285
0.283441
0.2885664
0.287285
0.287285
0.287285
0.287285
0.2898477
0.2860037
0.287285
0.2847224
0.2821597
0.2847224
0.2860037
0.283441
0.2847224
0.2860037
0.283441
0.2847224
0.283441
