1569491250.295
1569491250.545
1569491250.795
1569491251.045
1569491251.295
1569491251.545
1569491251.795
1569491252.045
1569491252.295
1569491252.545
1569491252.795
1569491253.045
1569491253.295
1569491253.545
1569491253.795
1569491254.045
1569491254.295
1569491254.545
1569491254.795
1569491255.045
1569491255.295
1569491255.545
1569491255.795
1569491256.045
1569491256.295
1569491256.545
1569491256.795
1569491257.045
1569491257.295
1569491257.545
1569491257.795
1569491258.045
1569491258.295
1569491258.545
1569491258.795
1569491259.045
1569491259.295
1569491259.545
1569491259.795
1569491260.045
1569491260.295
1569491260.545
1569491260.795
1569491261.045
1569491261.295
1569491261.545
1569491261.795
1569491262.045
1569491262.295
1569491262.545
1569491262.795
1569491263.045
1569491263.295
1569491263.545
1569491263.795
1569491264.045
1569491264.295
1569491264.545
1569491264.795
1569491265.045
1569491265.295
1569491265.545
1569491265.795
1569491266.045
1569491266.295
1569491266.545
1569491266.795
1569491267.045
1569491267.295
1569491267.545
1569491267.795
1569491268.045
1569491268.295
1569491268.545
1569491268.795
1569491269.045
1569491269.295
1569491269.545
1569491269.795
1569491270.045
1569491270.295
1569491270.545
1569491270.795
1569491271.045
1569491271.295
1569491271.545
1569491271.795
1569491272.045
1569491272.295
1569491272.545
1569491272.795
1569491273.045
1569491273.295
1569491273.545
1569491273.795
1569491274.045
1569491274.295
1569491274.545
1569491274.795
1569491275.045
1569491275.295
1569491275.545
1569491275.795
1569491276.045
1569491276.295
1569491276.545
1569491276.795
1569491277.045
1569491277.295
1569491277.545
1569491277.795
1569491278.045
1569491278.295
1569491278.545
1569491278.795
1569491279.045
1569491279.295
1569491279.545
1569491279.795
1569491280.045
1569491280.295
1569491280.545
1569491280.795
1569491281.045
1569491281.295
1569491281.545
1569491281.795
1569491282.045
1569491282.295
1569491282.545
1569491282.795
1569491283.045
1569491283.295
1569491283.545
1569491283.795
1569491284.045
1569491284.295
1569491284.545
1569491284.795
1569491285.045
1569491285.295
1569491285.545
1569491285.795
1569491286.045
1569491286.295
1569491286.545
1569491286.795
1569491287.045
1569491287.295
1569491287.545
1569491287.795
1569491288.045
1569491288.295
1569491288.545
1569491288.795
1569491289.045
1569491289.295
1569491289.545
1569491289.795
1569491290.045
1569491290.295
1569491290.545
1569491290.795
1569491291.045
1569491291.295
1569491291.545
1569491291.795
1569491292.045
1569491292.295
1569491292.545
1569491292.795
1569491293.045
1569491293.295
1569491293.545
1569491293.795
1569491294.045
1569491294.295
1569491294.545
1569491294.795
1569491295.045
1569491295.295
1569491295.545
1569491295.795
1569491296.045
1569491296.295
1569491296.545
1569491296.795
1569491297.045
1569491297.295
1569491297.545
1569491297.795
1569491298.045
1569491298.295
1569491298.545
1569491298.795
1569491299.045
1569491299.295
1569491299.545
1569491299.795
1569491300.045
1569491300.295
1569491300.545
1569491300.795
1569491301.045
1569491301.295
1569491301.545
1569491301.795
1569491302.045
1569491302.295
1569491302.545
1569491302.795
1569491303.045
1569491303.295
1569491303.545
1569491303.795
1569491304.045
1569491304.295
1569491304.545
1569491304.795
1569491305.045
1569491305.295
1569491305.545
1569491305.795
1569491306.045
1569491306.295
1569491306.545
1569491306.795
1569491307.045
1569491307.295
1569491307.545
1569491307.795
1569491308.045
1569491308.295
1569491308.545
1569491308.795
1569491309.045
1569491309.295
1569491309.545
1569491309.795
1569491310.045
1569491310.295
1569491310.545
1569491310.795
1569491311.045
1569491311.295
1569491311.545
1569491311.795
1569491312.045
1569491312.295
1569491312.545
1569491312.795
1569491313.045
1569491313.295
1569491313.545
1569491313.795
1569491314.045
1569491314.295
1569491314.545
1569491314.795
1569491315.045
1569491315.295
1569491315.545
1569491315.795
1569491316.045
1569491316.295
1569491316.545
1569491316.795
1569491317.045
1569491317.295
1569491317.545
1569491317.795
1569491318.045
1569491318.295
1569491318.545
1569491318.795
1569491319.045
1569491319.295
1569491319.545
1569491319.795
1569491320.045
1569491320.295
1569491320.545
1569491320.795
1569491321.045
1569491321.295
1569491321.545
1569491321.795
1569491322.045
1569491322.295
1569491322.545
1569491322.795
1569491323.045
1569491323.295
1569491323.545
1569491323.795
1569491324.045
1569491324.295
1569491324.545
1569491324.795
1569491325.045
1569491325.295
1569491325.545
1569491325.795
1569491326.045
1569491326.295
1569491326.545
1569491326.795
1569491327.045
1569491327.295
1569491327.545
1569491327.795
1569491328.045
1569491328.295
1569491328.545
1569491328.795
1569491329.045
1569491329.295
1569491329.545
1569491329.795
1569491330.045
1569491330.295
1569491330.545
1569491330.795
1569491331.045
1569491331.295
1569491331.545
1569491331.795
1569491332.045
1569491332.295
1569491332.545
1569491332.795
1569491333.045
1569491333.295
1569491333.545
1569491333.795
1569491334.045
1569491334.295
1569491334.545
1569491334.795
1569491335.045
1569491335.295
1569491335.545
1569491335.795
1569491336.045
1569491336.295
1569491336.545
1569491336.795
1569491337.045
1569491337.295
1569491337.545
1569491337.795
1569491338.045
1569491338.295
1569491338.545
1569491338.795
1569491339.045
1569491339.295
1569491339.545
1569491339.795
1569491340.045
1569491340.295
1569491340.545
1569491340.795
1569491341.045
1569491341.295
1569491341.545
1569491341.795
1569491342.045
1569491342.295
1569491342.545
1569491342.795
1569491343.045
1569491343.295
1569491343.545
1569491343.795
1569491344.045
1569491344.295
1569491344.545
1569491344.795
1569491345.045
1569491345.295
1569491345.545
1569491345.795
1569491346.045
1569491346.295
1569491346.545
1569491346.795
1569491347.045
1569491347.295
1569491347.545
1569491347.795
1569491348.045
1569491348.295
1569491348.545
1569491348.795
1569491349.045
1569491349.295
1569491349.545
1569491349.795
1569491350.045
1569491350.295
1569491350.545
1569491350.795
1569491351.045
1569491351.295
1569491351.545
1569491351.795
1569491352.045
1569491352.295
1569491352.545
1569491352.795
1569491353.045
1569491353.295
1569491353.545
1569491353.795
1569491354.045
1569491354.295
1569491354.545
1569491354.795
1569491355.045
1569491355.295
1569491355.545
1569491355.795
1569491356.045
1569491356.295
1569491356.545
1569491356.795
1569491357.045
1569491357.295
1569491357.545
1569491357.795
1569491358.045
1569491358.295
1569491358.545
1569491358.795
1569491359.045
1569491359.295
1569491359.545
1569491359.795
1569491360.045
1569491360.295
1569491360.545
1569491360.795
1569491361.045
1569491361.295
1569491361.545
1569491361.795
1569491362.045
1569491362.295
1569491362.545
1569491362.795
1569491363.045
1569491363.295
1569491363.545
1569491363.795
1569491364.045
1569491364.295
1569491364.545
1569491364.795
1569491365.045
1569491365.295
1569491365.545
1569491365.795
1569491366.045
1569491366.295
1569491366.545
1569491366.795
1569491367.045
1569491367.295
1569491367.545
1569491367.795
1569491368.045
1569491368.295
1569491368.545
1569491368.795
1569491369.045
1569491369.295
1569491369.545
1569491369.795
1569491370.045
1569491370.295
1569491370.545
1569491370.795
1569491371.045
1569491371.295
1569491371.545
1569491371.795
1569491372.045
1569491372.295
1569491372.545
1569491372.795
1569491373.045
1569491373.295
1569491373.545
1569491373.795
1569491374.045
1569491374.295
1569491374.545
1569491374.795
1569491375.045
1569491375.295
1569491375.545
1569491375.795
1569491376.045
1569491376.295
1569491376.545
1569491376.795
1569491377.045
1569491377.295
1569491377.545
1569491377.795
1569491378.045
1569491378.295
1569491378.545
1569491378.795
1569491379.045
1569491379.295
1569491379.545
1569491379.795
1569491380.045
1569491380.295
1569491380.545
1569491380.795
1569491381.045
1569491381.295
1569491381.545
1569491381.795
1569491382.045
1569491382.295
1569491382.545
1569491382.795
1569491383.045
1569491383.295
1569491383.545
1569491383.795
1569491384.045
1569491384.295
1569491384.545
1569491384.795
1569491385.045
1569491385.295
1569491385.545
1569491385.795
1569491386.045
1569491386.295
1569491386.545
1569491386.795
1569491387.045
1569491387.295
1569491387.545
1569491387.795
1569491388.045
1569491388.295
1569491388.545
1569491388.795
1569491389.045
1569491389.295
1569491389.545
1569491389.795
1569491390.045
1569491390.295
1569491390.545
1569491390.795
1569491391.045
1569491391.295
1569491391.545
1569491391.795
1569491392.045
1569491392.295
1569491392.545
1569491392.795
1569491393.045
1569491393.295
1569491393.545
1569491393.795
1569491394.045
1569491394.295
1569491394.545
1569491394.795
1569491395.045
1569491395.295
1569491395.545
1569491395.795
1569491396.045
1569491396.295
1569491396.545
1569491396.795
1569491397.045
1569491397.295
1569491397.545
1569491397.795
1569491398.045
1569491398.295
1569491398.545
1569491398.795
1569491399.045
1569491399.295
1569491399.545
1569491399.795
1569491400.045
1569491400.295
1569491400.545
1569491400.795
1569491401.045
1569491401.295
1569491401.545
1569491401.795
1569491402.045
1569491402.295
1569491402.545
1569491402.795
1569491403.045
1569491403.295
1569491403.545
1569491403.795
1569491404.045
1569491404.295
1569491404.545
1569491404.795
1569491405.045
1569491405.295
1569491405.545
1569491405.795
1569491406.045
1569491406.295
1569491406.545
1569491406.795
1569491407.045
1569491407.295
1569491407.545
1569491407.795
1569491408.045
1569491408.295
1569491408.545
1569491408.795
1569491409.045
1569491409.295
1569491409.545
1569491409.795
1569491410.045
1569491410.295
1569491410.545
1569491410.795
1569491411.045
1569491411.295
1569491411.545
1569491411.795
1569491412.045
1569491412.295
1569491412.545
1569491412.795
1569491413.045
1569491413.295
1569491413.545
1569491413.795
1569491414.045
1569491414.295
1569491414.545
1569491414.795
1569491415.045
1569491415.295
1569491415.545
1569491415.795
1569491416.045
1569491416.295
1569491416.545
1569491416.795
1569491417.045
1569491417.295
1569491417.545
1569491417.795
1569491418.045
1569491418.295
1569491418.545
1569491418.795
1569491419.045
1569491419.295
1569491419.545
1569491419.795
1569491420.045
1569491420.295
1569491420.545
1569491420.795
1569491421.045
1569491421.295
1569491421.545
1569491421.795
1569491422.045
1569491422.295
1569491422.545
1569491422.795
1569491423.045
1569491423.295
1569491423.545
1569491423.795
1569491424.045
1569491424.295
1569491424.545
1569491424.795
1569491425.045
1569491425.295
1569491425.545
1569491425.795
1569491426.045
1569491426.295
1569491426.545
1569491426.795
1569491427.045
1569491427.295
1569491427.545
1569491427.795
1569491428.045
1569491428.295
1569491428.545
1569491428.795
1569491429.045
1569491429.295
1569491429.545
1569491429.795
1569491430.045
1569491430.295
1569491430.545
1569491430.795
1569491431.045
1569491431.295
1569491431.545
1569491431.795
1569491432.045
1569491432.295
1569491432.545
1569491432.795
1569491433.045
1569491433.295
1569491433.545
1569491433.795
1569491434.045
1569491434.295
1569491434.545
1569491434.795
1569491435.045
1569491435.295
1569491435.545
1569491435.795
1569491436.045
1569491436.295
1569491436.545
1569491436.795
1569491437.045
1569491437.295
1569491437.545
1569491437.795
1569491438.045
1569491438.295
1569491438.545
1569491438.795
1569491439.045
1569491439.295
1569491439.545
1569491439.795
1569491440.045
1569491440.295
1569491440.545
1569491440.795
1569491441.045
1569491441.295
1569491441.545
1569491441.795
1569491442.045
1569491442.295
1569491442.545
1569491442.795
1569491443.045
1569491443.295
1569491443.545
1569491443.795
1569491444.045
1569491444.295
1569491444.545
1569491444.795
1569491445.045
1569491445.295
1569491445.545
1569491445.795
1569491446.045
1569491446.295
1569491446.545
1569491446.795
1569491447.045
1569491447.295
1569491447.545
1569491447.795
1569491448.045
1569491448.295
1569491448.545
1569491448.795
1569491449.045
1569491449.295
1569491449.545
1569491449.795
1569491450.045
1569491450.295
1569491450.545
1569491450.795
1569491451.045
1569491451.295
1569491451.545
1569491451.795
1569491452.045
1569491452.295
1569491452.545
1569491452.795
1569491453.045
1569491453.295
1569491453.545
1569491453.795
1569491454.045
1569491454.295
1569491454.545
1569491454.795
1569491455.045
1569491455.295
1569491455.545
1569491455.795
1569491456.045
1569491456.295
1569491456.545
1569491456.795
1569491457.045
1569491457.295
1569491457.545
1569491457.795
1569491458.045
1569491458.295
1569491458.545
1569491458.795
1569491459.045
1569491459.295
1569491459.545
1569491459.795
1569491460.045
1569491460.295
1569491460.545
1569491460.795
1569491461.045
1569491461.295
1569491461.545
1569491461.795
1569491462.045
1569491462.295
1569491462.545
1569491462.795
1569491463.045
1569491463.295
1569491463.545
1569491463.795
1569491464.045
1569491464.295
1569491464.545
1569491464.795
1569491465.045
1569491465.295
1569491465.545
1569491465.795
1569491466.045
1569491466.295
1569491466.545
1569491466.795
1569491467.045
1569491467.295
1569491467.545
1569491467.795
1569491468.045
1569491468.295
1569491468.545
1569491468.795
1569491469.045
1569491469.295
1569491469.545
1569491469.795
1569491470.045
1569491470.295
1569491470.545
1569491470.795
1569491471.045
1569491471.295
1569491471.545
1569491471.795
1569491472.045
1569491472.295
1569491472.545
1569491472.795
1569491473.045
1569491473.295
1569491473.545
1569491473.795
1569491474.045
1569491474.295
1569491474.545
1569491474.795
1569491475.045
1569491475.295
1569491475.545
1569491475.795
1569491476.045
1569491476.295
1569491476.545
1569491476.795
1569491477.045
1569491477.295
1569491477.545
1569491477.795
1569491478.045
1569491478.295
1569491478.545
1569491478.795
1569491479.045
1569491479.295
1569491479.545
1569491479.795
1569491480.045
1569491480.295
1569491480.545
1569491480.795
1569491481.045
1569491481.295
1569491481.545
1569491481.795
1569491482.045
1569491482.295
1569491482.545
1569491482.795
1569491483.045
1569491483.295
1569491483.545
1569491483.795
1569491484.045
1569491484.295
1569491484.545
1569491484.795
1569491485.045
1569491485.295
1569491485.545
1569491485.795
1569491486.045
1569491486.295
1569491486.545
1569491486.795
1569491487.045
1569491487.295
1569491487.545
1569491487.795
1569491488.045
1569491488.295
1569491488.545
1569491488.795
1569491489.045
1569491489.295
1569491489.545
1569491489.795
1569491490.045
1569491490.295
1569491490.545
1569491490.795
1569491491.045
1569491491.295
1569491491.545
1569491491.795
1569491492.045
1569491492.295
1569491492.545
1569491492.795
1569491493.045
1569491493.295
1569491493.545
1569491493.795
1569491494.045
1569491494.295
1569491494.545
1569491494.795
1569491495.045
1569491495.295
1569491495.545
1569491495.795
1569491496.045
1569491496.295
1569491496.545
1569491496.795
1569491497.045
1569491497.295
1569491497.545
1569491497.795
1569491498.045
1569491498.295
1569491498.545
1569491498.795
1569491499.045
1569491499.295
1569491499.545
1569491499.795
1569491500.045
1569491500.295
1569491500.545
1569491500.795
1569491501.045
1569491501.295
1569491501.545
1569491501.795
1569491502.045
1569491502.295
1569491502.545
1569491502.795
1569491503.045
1569491503.295
1569491503.545
1569491503.795
1569491504.045
1569491504.295
1569491504.545
1569491504.795
1569491505.045
1569491505.295
1569491505.545
1569491505.795
1569491506.045
1569491506.295
1569491506.545
1569491506.795
1569491507.045
1569491507.295
1569491507.545
1569491507.795
1569491508.045
1569491508.295
1569491508.545
1569491508.795
1569491509.045
1569491509.295
1569491509.545
1569491509.795
1569491510.045
1569491510.295
1569491510.545
1569491510.795
1569491511.045
1569491511.295
1569491511.545
1569491511.795
1569491512.045
1569491512.295
1569491512.545
1569491512.795
1569491513.045
1569491513.295
1569491513.545
1569491513.795
1569491514.045
1569491514.295
1569491514.545
1569491514.795
1569491515.045
1569491515.295
1569491515.545
1569491515.795
1569491516.045
1569491516.295
1569491516.545
1569491516.795
1569491517.045
1569491517.295
1569491517.545
1569491517.795
1569491518.045
1569491518.295
1569491518.545
1569491518.795
1569491519.045
1569491519.295
1569491519.545
1569491519.795
1569491520.045
1569491520.295
1569491520.545
1569491520.795
1569491521.045
1569491521.295
1569491521.545
1569491521.795
1569491522.045
1569491522.295
1569491522.545
1569491522.795
1569491523.045
1569491523.295
1569491523.545
1569491523.795
1569491524.045
1569491524.295
1569491524.545
1569491524.795
1569491525.045
1569491525.295
1569491525.545
1569491525.795
1569491526.045
1569491526.295
1569491526.545
1569491526.795
1569491527.045
1569491527.295
1569491527.545
1569491527.795
1569491528.045
1569491528.295
1569491528.545
1569491528.795
1569491529.045
1569491529.295
1569491529.545
1569491529.795
1569491530.045
1569491530.295
1569491530.545
1569491530.795
1569491531.045
1569491531.295
1569491531.545
1569491531.795
1569491532.045
1569491532.295
1569491532.545
1569491532.795
1569491533.045
1569491533.295
1569491533.545
1569491533.795
1569491534.045
1569491534.295
1569491534.545
1569491534.795
1569491535.045
1569491535.295
1569491535.545
1569491535.795
1569491536.045
1569491536.295
1569491536.545
1569491536.795
1569491537.045
1569491537.295
1569491537.545
1569491537.795
1569491538.045
1569491538.295
1569491538.545
1569491538.795
1569491539.045
1569491539.295
1569491539.545
1569491539.795
1569491540.045
1569491540.295
1569491540.545
1569491540.795
1569491541.045
1569491541.295
1569491541.545
1569491541.795
1569491542.045
1569491542.295
1569491542.545
1569491542.795
1569491543.045
1569491543.295
1569491543.545
1569491543.795
1569491544.045
1569491544.295
1569491544.545
1569491544.795
1569491545.045
1569491545.295
1569491545.545
1569491545.795
1569491546.045
1569491546.295
1569491546.545
1569491546.795
1569491547.045
1569491547.295
1569491547.545
1569491547.795
1569491548.045
1569491548.295
1569491548.545
1569491548.795
1569491549.045
1569491549.295
1569491549.545
1569491549.795
1569491550.045
1569491550.295
1569491550.545
1569491550.795
1569491551.045
1569491551.295
1569491551.545
1569491551.795
1569491552.045
1569491552.295
1569491552.545
1569491552.795
1569491553.045
1569491553.295
1569491553.545
1569491553.795
1569491554.045
1569491554.295
1569491554.545
1569491554.795
1569491555.045
