0.1284
0.1296813
0.1271186
0.1296813
0.1271186
0.1296813
0.1296813
0.1296813
0.1309626
0.1284
0.132244
0.1309626
0.1284
0.1271186
0.1258373
0.124556
0.124556
0.124556
0.124556
0.1232747
0.1284
0.124556
0.1284
0.1258373
0.1284
0.1258373
0.1271186
0.1258373
0.1258373
0.1219933
0.1232747
0.120712
0.1232747
0.120712
0.120712
0.124556
0.1219933
0.1219933
0.1232747
0.1219933
0.120712
0.1219933
0.1232747
0.1219933
0.1219933
0.120712
0.124556
0.1232747
0.1232747
0.1181493
0.1181493
0.116868
0.1181493
0.1155867
0.116868
0.120712
0.1194307
0.1194307
0.1181493
0.1181493
0.120712
0.120712
0.1143053
0.120712
0.1219933
0.120712
0.116868
0.1155867
0.1155867
0.116868
0.116868
0.116868
0.1155867
0.1155867
0.1181493
0.120712
0.1181493
0.116868
0.116868
0.1181493
0.116868
0.1181493
0.1143053
0.1143053
0.1117427
0.1143053
0.1155867
0.1143053
0.1155867
0.1143053
0.1143053
0.1143053
0.1155867
0.1143053
0.1143053
0.10918
0.1143053
0.1066173
0.113024
0.1117427
0.1117427
0.1117427
0.113024
0.1104613
0.116868
0.1143053
0.1117427
0.1155867
0.1194307
0.1181493
0.1194307
0.116868
0.1181493
0.1155867
0.113024
0.1104613
0.1117427
0.10918
0.1104613
0.1117427
0.10918
0.10918
0.1117427
0.1104613
0.113024
0.1104613
0.113024
0.1117427
0.1104613
0.1104613
0.113024
0.1104613
0.1104613
0.105336
0.105336
0.1078987
0.1066173
0.10918
0.1078987
0.1040547
0.10918
0.10918
0.1104613
0.1104613
0.1104613
0.113024
0.10918
0.1104613
0.1117427
0.10918
0.1040547
0.1040547
0.105336
0.105336
0.10918
0.105336
0.1040547
0.1040547
0.105336
0.1066173
0.1066173
0.1027734
0.10918
0.1078987
0.1078987
0.1066173
0.1078987
0.10918
0.1078987
0.1027734
0.1027734
0.1040547
0.1002107
0.105336
0.1027734
0.1027734
0.1027734
0.1027734
0.105336
0.1040547
0.1040547
0.1066173
0.1040547
0.101492
0.105336
0.1078987
0.1040547
0.1027734
0.1078987
0.1040547
0.105336
0.1040547
0.1002107
0.101492
0.09892936
0.09892936
0.1027734
0.1002107
0.1002107
0.1002107
0.101492
0.1027734
0.1040547
0.1040547
0.1027734
0.1002107
0.1027734
0.1040547
0.1027734
0.101492
0.09892936
0.1002107
0.1040547
0.101492
0.09892936
0.09764803
0.09380404
0.1002107
0.09764803
0.09892936
0.0963667
0.09892936
0.09764803
0.09892936
0.09892936
0.09892936
0.09892936
0.1002107
0.09892936
0.09764803
0.1002107
0.101492
0.1002107
0.09892936
0.1002107
0.1002107
0.1002107
0.1002107
0.09508537
0.0963667
0.09380404
0.09380404
0.09764803
0.09508537
0.09508537
0.09508537
0.09892936
0.09764803
0.0963667
0.08996005
0.09892936
0.09764803
0.09892936
0.09892936
0.1002107
0.0963667
0.09892936
0.09764803
0.09892936
0.09892936
0.09380404
0.1002107
0.0963667
0.09380404
0.09380404
0.09892936
0.09508537
0.09380404
0.09252271
0.09380404
0.09764803
0.09380404
0.09508537
0.09508537
0.09764803
0.09380404
0.09380404
0.0963667
0.09508537
0.09380404
0.09764803
0.09380404
0.08996005
0.09252271
0.09252271
0.09252271
0.08996005
0.08996005
0.08996005
0.09252271
0.08996005
0.09508537
0.09380404
0.08739738
0.09380404
0.09380404
0.09252271
0.09252271
0.09508537
0.0963667
0.09252271
0.09380404
0.09508537
0.09124137
0.08867872
0.08867872
0.08867872
0.08867872
0.08867872
0.09124137
0.08739738
0.08996005
0.08996005
0.09252271
0.08867872
0.08611605
0.09124137
0.09380404
0.09124137
0.08867872
0.09252271
0.08996005
0.08611605
0.08739738
0.08739738
0.08611605
0.08483472
0.08739738
0.08611605
0.08739738
0.08739738
0.08867872
0.08867872
0.08867872
0.08996005
0.08739738
0.08996005
0.08739738
0.08739738
0.08867872
0.08996005
0.08739738
0.08739738
0.08483472
0.08355339
0.09764803
0.08483472
0.08355339
0.0758654
0.08355339
0.08483472
0.08611605
0.08483472
0.08739738
0.08483472
0.08611605
0.1002107
0.08739738
0.08611605
0.08483472
0.08483472
0.08355339
0.08739738
0.08867872
0.08739738
0.08739738
0.08996005
0.08355339
0.08227206
0.08099072
0.0797094
0.08483472
0.08227206
0.08227206
0.08099072
0.08355339
0.08483472
0.08483472
0.08483472
0.08611605
0.08483472
0.08099072
0.08483472
0.08611605
0.08483472
0.0797094
0.08355339
0.08611605
0.08611605
0.08739738
0.08099072
0.08099072
0.07842807
0.0797094
0.08227206
0.08227206
0.08227206
0.08355339
0.08483472
0.0797094
0.08227206
0.08099072
0.08355339
0.0797094
0.08227206
0.08099072
0.08355339
0.08227206
0.08099072
0.08227206
0.08227206
0.08355339
0.07842807
0.07714673
0.07458407
0.0797094
0.07842807
0.07842807
0.0797094
0.07714673
0.07714673
0.0797094
0.0797094
0.0797094
0.07842807
0.07842807
0.08099072
0.08227206
0.08355339
0.08099072
0.08227206
0.0797094
0.07458407
0.07714673
0.07842807
0.07714673
0.07330274
0.07714673
0.07714673
0.07842807
0.07842807
0.0797094
0.0797094
0.07842807
0.08099072
0.08099072
0.08099072
0.07458407
0.07842807
0.07842807
0.07714673
0.07458407
0.0758654
0.07842807
0.07330274
0.07458407
0.07458407
0.07714673
0.07458407
0.07714673
0.07714673
0.0758654
0.07842807
0.07842807
0.07714673
0.07842807
0.07714673
0.07842807
0.07842807
0.07074008
0.07202141
0.07458407
0.07458407
0.07330274
0.07202141
0.07458407
0.0758654
0.0797094
0.0797094
0.0758654
0.07074008
0.07842807
0.0797094
0.07714673
0.07842807
0.07714673
0.0758654
0.07714673
0.0758654
0.07330274
0.07202141
0.06945875
0.07202141
0.07074008
0.07202141
0.07074008
0.07330274
0.07458407
0.07330274
0.07330274
0.0758654
0.07458407
0.07202141
0.0758654
0.07202141
0.07458407
0.07458407
0.07458407
0.06945875
0.07202141
0.07202141
0.06945875
0.06945875
0.06689609
0.07074008
0.07330274
0.07202141
0.07330274
0.07330274
0.07202141
0.07074008
0.07074008
0.06689609
0.07202141
0.07074008
0.07074008
0.07202141
0.06689609
0.06817742
0.06817742
0.06817742
0.06817742
0.06817742
0.06689609
0.07330274
0.06945875
0.07074008
0.06945875
0.06945875
0.06945875
0.07074008
0.07074008
0.06945875
0.07202141
0.07202141
0.07074008
0.06817742
0.06945875
0.07202141
0.06689609
0.06817742
0.06561475
0.06689609
0.06561475
0.06689609
0.06817742
0.06689609
0.06561475
0.06945875
0.06945875
0.06817742
0.06817742
0.07202141
0.06817742
0.06817742
0.06817742
0.07074008
0.07202141
0.06945875
0.07202141
0.07458407
0.06561475
0.06561475
0.06689609
0.06561475
0.06945875
0.06561475
0.06689609
0.06561475
0.06048943
0.06817742
0.06817742
0.06817742
0.06817742
0.07202141
0.07074008
0.06817742
0.06689609
0.07074008
0.07074008
0.0630521
0.07074008
0.07202141
0.06945875
0.06817742
0.0630521
0.0630521
0.0630521
0.0630521
0.06433342
0.06433342
0.06177076
0.06433342
0.06817742
0.06561475
0.06817742
0.06561475
0.06817742
0.06817742
0.06433342
0.06817742
0.06945875
0.06433342
0.06817742
0.06689609
0.06945875
0.06561475
0.0630521
0.0630521
0.06433342
0.06433342
0.06561475
0.06433342
0.06433342
0.06433342
0.06689609
0.06689609
0.06433342
0.06817742
0.07074008
0.06945875
0.07202141
0.06817742
0.07074008
0.0592081
0.06817742
0.06689609
0.06561475
0.06561475
0.06177076
0.0630521
0.06177076
0.0630521
0.06433342
0.0630521
0.06433342
0.06177076
0.0630521
0.06433342
0.06689609
0.06817742
0.06689609
0.06817742
0.06689609
0.06561475
0.06561475
0.06433342
0.06689609
0.06945875
0.07074008
0.0630521
0.06177076
0.06177076
0.0630521
0.06048943
0.06433342
0.06177076
0.0592081
0.06048943
0.06561475
0.06433342
0.06433342
0.0630521
0.06433342
0.06561475
0.06689609
0.06433342
0.06433342
0.0630521
0.06433342
0.05792677
0.06561475
0.06433342
0.0630521
0.06561475
0.06048943
0.06177076
0.06048943
0.0630521
0.05664544
0.06048943
0.06048943
0.06048943
0.06048943
0.06177076
0.06177076
0.0630521
0.06177076
0.06433342
0.06561475
0.0630521
0.06561475
0.06561475
0.06433342
0.06561475
0.06561475
0.06433342
0.06433342
0.06561475
0.06177076
0.0592081
0.05792677
0.06048943
0.0630521
0.06048943
0.06177076
0.0592081
0.06048943
0.0630521
0.0630521
0.0630521
0.06048943
0.0592081
0.06048943
0.06048943
0.06177076
0.06048943
0.06177076
0.06433342
0.0630521
0.0630521
0.0630521
0.0630521
0.05408278
0.0592081
0.0592081
0.06048943
0.0592081
0.0592081
0.06177076
0.05792677
0.06048943
0.06433342
0.06177076
0.05792677
0.06177076
0.06433342
0.06561475
0.06177076
0.06048943
0.06048943
0.06177076
0.05792677
0.0630521
0.06433342
0.06433342
0.06561475
0.05536411
0.0592081
0.0592081
0.0592081
0.05792677
0.0592081
0.0592081
0.0592081
0.06048943
0.06048943
0.0630521
0.0630521
0.06433342
0.06561475
0.06561475
0.06177076
0.06177076
0.06177076
0.06177076
0.06177076
0.05792677
0.05792677
0.05792677
0.05664544
0.05792677
0.05664544
0.05792677
0.05792677
0.0592081
0.0592081
0.06048943
0.05280145
0.05792677
0.06177076
0.06177076
0.0592081
0.06177076
0.0630521
0.06177076
0.06433342
0.06433342
0.0630521
0.06177076
0.06048943
0.06177076
0.0592081
0.05792677
0.05664544
0.05536411
0.05792677
0.05792677
0.06048943
0.05664544
0.05536411
0.05792677
0.06048943
0.0592081
0.0592081
0.06177076
0.0592081
0.0592081
0.06048943
0.0592081
0.0592081
0.05536411
0.06048943
0.06177076
0.05792677
0.0592081
0.06048943
0.06048943
0.06177076
0.0630521
0.06177076
0.05664544
0.05280145
0.05664544
0.05792677
0.05664544
0.05536411
0.0592081
0.05664544
0.05536411
0.05792677
0.05792677
0.05664544
0.05408278
0.06048943
0.05664544
0.05792677
0.06048943
0.0630521
0.05792677
0.06048943
0.0592081
0.0630521
0.0630521
0.06048943
0.05792677
0.0630521
0.0592081
0.05792677
0.06177076
0.06048943
0.0592081
0.05792677
0.06177076
0.06048943
0.05152011
0.05536411
0.05536411
0.05536411
0.05792677
0.05536411
0.06177076
0.05408278
0.07074008
0.05536411
0.05664544
0.05408278
0.06048943
0.05664544
0.05792677
0.05792677
0.05792677
0.05792677
0.06048943
0.05792677
0.0592081
0.06048943
0.05280145
0.05792677
0.0592081
0.0630521
0.06048943
0.0592081
0.06048943
0.05664544
0.05792677
0.0592081
0.05536411
0.05152011
0.05280145
0.05536411
0.05408278
0.05280145
0.05664544
0.05536411
0.05536411
0.05408278
0.05536411
0.05664544
0.05280145
0.05664544
0.05408278
0.05664544
0.05664544
0.05792677
0.05792677
0.0592081
0.05792677
0.05536411
0.05792677
0.05280145
0.05792677
0.05664544
0.05664544
0.06048943
0.0592081
0.05792677
0.05792677
0.05792677
0.0592081
0.05792677
0.05023878
0.05280145
0.05408278
0.05536411
0.05280145
0.05408278
0.05408278
0.05664544
0.05536411
0.05664544
0.05536411
0.05408278
0.05408278
0.05536411
0.05792677
0.05792677
0.05536411
0.05664544
0.05536411
0.05408278
0.05408278
0.05536411
0.05408278
0.05792677
0.05792677
0.05664544
0.05792677
0.05664544
0.05536411
0.05792677
0.07330274
0.05664544
0.05664544
0.05536411
0.05408278
0.05792677
0.05152011
0.05152011
0.05152011
0.05280145
0.05280145
0.05280145
0.05152011
0.05023878
0.05023878
0.05280145
0.05536411
0.05664544
0.05408278
0.05408278
0.05280145
0.05664544
0.05664544
0.05536411
0.05664544
0.05152011
0.05280145
0.05536411
0.05664544
0.05280145
0.05664544
0.05536411
0.05280145
0.05536411
0.05408278
0.05408278
0.05023878
0.05536411
0.05536411
0.05536411
0.05408278
0.05792677
0.05408278
0.05664544
0.05664544
0.05408278
0.05536411
0.04767612
0.05280145
0.05408278
0.05280145
0.05408278
0.05408278
0.05152011
0.05280145
0.05152011
0.05152011
0.05023878
0.04895745
0.05280145
0.05280145
0.05280145
0.05408278
0.05152011
0.05664544
0.05408278
0.05408278
0.05280145
0.05408278
0.05152011
0.05152011
0.05664544
0.05792677
0.05408278
0.05536411
0.05408278
0.05408278
0.05664544
0.05408278
0.05536411
0.05280145
0.05536411
0.05792677
0.05280145
0.05664544
0.05664544
0.05664544
0.05408278
0.05023878
0.05023878
0.05152011
0.04895745
0.05152011
0.05152011
0.05280145
0.05152011
0.05152011
0.05280145
0.05152011
0.05280145
0.05408278
0.05280145
0.04895745
0.05152011
0.05280145
0.05536411
0.05408278
0.05280145
0.05664544
0.05408278
0.05536411
0.05408278
0.05408278
0.05023878
0.05152011
0.05280145
0.05280145
0.05536411
0.05408278
0.05280145
0.05408278
0.05408278
0.05664544
0.05280145
0.04895745
0.05408278
0.05408278
0.05408278
0.05280145
0.05408278
0.05408278
0.05536411
0.05664544
0.05152011
0.04895745
0.04511346
0.04895745
0.05280145
0.05023878
0.04895745
0.04895745
0.05152011
0.04767612
0.05152011
0.05152011
0.05023878
0.04767612
0.05023878
0.05023878
0.05152011
0.05152011
0.05280145
0.05280145
0.05280145
0.05280145
0.05536411
0.05280145
0.05152011
0.05023878
0.05408278
0.05280145
0.05152011
0.05536411
0.05280145
0.05408278
0.05152011
0.05664544
0.05664544
0.05536411
0.05152011
0.05536411
0.05408278
0.05408278
0.05408278
0.05536411
0.05536411
0.05152011
0.05023878
0.05152011
0.04767612
0.05152011
0.05280145
0.05023878
0.05152011
0.04895745
0.05023878
0.05023878
0.05023878
0.05023878
0.05152011
0.04639479
0.05408278
0.05280145
0.05152011
0.05280145
0.05280145
0.05280145
0.05408278
0.05280145
0.05408278
0.05280145
0.04767612
0.05408278
0.05280145
0.05536411
0.05536411
0.05152011
0.05280145
0.05280145
0.05280145
0.05408278
0.05152011
0.04639479
0.05023878
0.05152011
0.05152011
0.05280145
0.05408278
0.05152011
0.05408278
0.05280145
0.05152011
0.05280145
0.04767612
0.05023878
0.05408278
0.05152011
0.05023878
0.05280145
0.05280145
0.05280145
0.05408278
0.05280145
0.05280145
0.05023878
0.04767612
0.05408278
0.05408278
0.05152011
