0.3718529
0.3731342
0.3705716
0.3718529
0.3705716
0.3718529
0.3705716
0.3680089
0.3692902
0.3680089
0.3692902
0.3680089
0.3692902
0.3667276
0.3667276
0.3680089
0.3692902
0.3680089
0.3641649
0.3680089
0.3692902
0.3667276
0.3654462
0.3654462
0.3654462
0.3641649
0.3641649
0.3616022
0.3603209
0.3590396
0.3616022
0.3628836
0.3603209
0.3603209
0.3616022
0.3603209
0.3603209
0.3628836
0.3616022
0.3628836
0.3628836
0.3564769
0.3603209
0.3616022
0.3616022
0.3590396
0.3616022
0.3616022
0.3603209
0.3590396
0.3577582
0.3526329
0.3551956
0.3564769
0.3564769
0.3577582
0.3539142
0.3526329
0.3564769
0.3577582
0.3564769
0.3577582
0.3526329
0.3564769
0.3551956
0.3539142
0.3539142
0.3551956
0.3526329
0.3539142
0.3526329
0.3526329
0.3513516
0.3526329
0.3539142
0.3564769
0.3603209
0.3603209
0.3564769
0.3564769
0.3564769
0.3590396
0.3603209
0.3577582
0.3539142
0.3551956
0.3551956
0.3564769
0.3526329
0.3513516
0.3513516
0.3526329
0.3513516
0.3513516
0.3513516
0.3500702
0.3513516
0.3513516
0.3500702
0.3475076
0.3475076
0.3487889
0.3487889
0.3475076
0.3462262
0.3462262
0.3500702
0.3513516
0.3526329
0.3500702
0.3475076
0.3462262
0.3487889
0.3475076
0.3462262
0.3487889
0.3462262
0.3423823
0.3462262
0.3462262
0.3449449
0.3436636
0.3462262
0.3411009
0.3423823
0.3436636
0.3411009
0.3411009
0.3423823
0.3398196
0.3436636
0.3436636
0.3449449
0.3436636
0.3423823
0.3436636
0.3411009
0.3423823
0.3398196
0.3398196
0.3398196
0.3411009
0.3398196
0.3372569
0.3372569
0.3385383
0.3385383
0.3359756
0.3372569
0.3359756
0.3346943
0.3385383
0.3423823
0.3398196
0.3372569
0.3385383
0.3359756
0.3372569
0.3359756
0.3372569
0.3372569
0.3346943
0.3359756
0.3282876
0.3321316
0.3308503
0.3308503
0.3321316
0.329569
0.3308503
0.3282876
0.3282876
0.3334129
0.3346943
0.3321316
0.3321316
0.3334129
0.3308503
0.329569
0.329569
0.329569
0.325725
0.3282876
0.3308503
0.3308503
0.329569
0.3270063
0.3270063
0.3270063
0.3270063
0.325725
0.325725
0.329569
0.3270063
0.321881
0.3270063
0.3282876
0.3308503
0.3321316
0.3346943
0.3334129
0.3385383
0.3423823
0.3423823
0.3436636
0.3385383
0.3436636
0.3462262
0.3462262
0.3436636
0.3449449
0.3449449
0.3526329
0.3526329
0.3539142
0.3526329
0.3475076
0.3487889
0.3500702
0.3487889
0.3500702
0.3500702
0.3500702
0.3500702
0.3487889
0.3449449
0.3462262
0.3449449
0.3449449
0.3462262
0.3423823
0.3462262
0.3436636
0.3436636
0.3411009
0.3436636
0.3385383
0.3398196
0.3372569
0.3398196
0.3372569
0.3372569
0.3359756
0.3372569
0.3359756
0.3359756
0.3359756
0.3372569
0.3372569
0.3346943
0.3372569
0.3346943
0.3385383
0.3372569
0.3385383
0.3385383
0.3334129
0.3346943
0.3334129
0.3334129
0.329569
0.3308503
0.3334129
0.3346943
0.3321316
0.3346943
0.329569
0.329569
0.329569
0.329569
0.3308503
0.3308503
0.3334129
0.3321316
0.3346943
0.3308503
0.3308503
0.3282876
0.329569
0.329569
0.3282876
0.329569
0.325725
0.3244436
0.325725
0.325725
0.3244436
0.3231623
0.3244436
0.3244436
0.329569
0.3270063
0.3244436
0.3205996
0.3270063
0.325725
0.3231623
0.321881
0.3244436
0.325725
0.3231623
0.3231623
0.321881
0.3205996
0.318037
0.3205996
0.3193183
0.3205996
0.3205996
0.3193183
0.3231623
0.3231623
0.321881
0.3193183
0.318037
0.3193183
0.3205996
0.3167557
0.3193183
0.318037
0.3167557
0.318037
0.3167557
0.314193
0.3154743
0.3129117
0.3129117
0.314193
0.314193
0.3129117
0.3154743
0.318037
0.3154743
0.3129117
0.318037
0.3167557
0.3167557
0.3129117
0.314193
0.314193
0.314193
0.3129117
0.310349
0.3090677
0.310349
0.3244436
0.3090677
0.3090677
0.3052237
0.3077863
0.3116303
0.314193
0.3129117
0.3116303
0.3116303
0.3116303
0.310349
0.3129117
0.314193
0.3116303
0.3129117
0.310349
0.310349
0.3077863
0.3077863
0.3077863
0.3090677
0.3077863
0.3077863
0.3052237
0.3039423
0.306505
0.310349
0.3090677
0.3077863
0.3052237
0.3077863
0.3052237
0.306505
0.3077863
0.3077863
0.3052237
0.3052237
0.3090677
0.3039423
0.3013797
0.3052237
0.3039423
0.3052237
0.302661
0.3052237
0.3052237
0.298817
0.3013797
0.3077863
0.3077863
0.3090677
0.306505
0.3039423
0.3039423
0.306505
0.3052237
0.3052237
0.3052237
0.306505
0.302661
0.3052237
0.302661
0.3013797
0.3013797
0.3000983
0.3013797
0.302661
0.3013797
0.2975357
0.298817
0.3052237
0.3052237
0.3039423
0.3039423
0.3013797
0.3013797
0.302661
0.302661
0.3013797
0.294973
0.298817
0.298817
0.2975357
0.294973
0.298817
0.2975357
0.2962543
0.3000983
0.2975357
0.2975357
0.2936917
0.298817
0.3000983
0.298817
0.3000983
0.298817
0.3013797
0.302661
0.302661
0.2975357
0.2975357
0.294973
0.2975357
0.2975357
0.294973
0.2936917
0.294973
0.2936917
0.2962543
0.2962543
0.2975357
0.2962543
0.2898477
0.2975357
0.3000983
0.2975357
0.298817
0.298817
0.2975357
0.2975357
0.2975357
0.2975357
0.294973
0.2898477
0.294973
0.2962543
0.294973
0.2936917
0.2924103
0.2936917
0.2936917
0.2924103
0.2936917
0.2924103
0.2885664
0.291129
0.2962543
0.298817
0.298817
0.2962543
0.2962543
0.298817
0.294973
0.2936917
0.2962543
0.291129
0.294973
0.294973
0.2962543
0.2936917
0.2936917
0.2924103
0.291129
0.2924103
0.2898477
0.291129
0.2885664
0.2936917
0.2924103
0.294973
0.2975357
0.294973
0.2936917
0.291129
0.2924103
0.2924103
0.291129
0.2885664
0.291129
0.291129
0.2898477
0.291129
0.291129
0.287285
0.287285
0.2885664
0.287285
0.2860037
0.2808784
0.2860037
0.287285
0.287285
0.2885664
0.2885664
0.2898477
0.2898477
0.287285
0.287285
0.287285
0.2847224
0.287285
0.287285
0.287285
0.287285
0.2860037
0.287285
0.283441
0.283441
0.2847224
0.2821597
0.283441
0.2847224
0.2885664
0.287285
0.287285
0.283441
0.2860037
0.2847224
0.2860037
0.287285
0.2860037
0.2821597
0.283441
0.283441
0.2847224
0.283441
0.283441
0.283441
0.2821597
0.2821597
0.2821597
0.2821597
0.2808784
0.283441
0.2885664
0.2860037
0.2860037
0.2885664
0.2924103
0.291129
0.2898477
0.291129
0.291129
0.291129
0.2885664
0.291129
0.287285
0.2885664
0.287285
0.2860037
0.2885664
0.2885664
0.2860037
0.2860037
0.2808784
0.291129
0.291129
0.2885664
0.291129
0.2898477
0.2885664
0.287285
0.2885664
0.2847224
0.287285
0.283441
0.287285
0.2885664
0.2860037
0.2847224
0.2860037
0.2885664
0.2847224
0.287285
0.283441
0.2847224
0.283441
0.283441
0.283441
0.2821597
0.283441
0.2821597
0.283441
0.2821597
0.2808784
0.2821597
0.2821597
0.279597
0.283441
0.2847224
0.2860037
0.283441
0.2808784
0.2821597
0.283441
0.283441
0.2821597
0.283441
0.2821597
0.2821597
0.2847224
0.2821597
0.2860037
0.283441
0.2860037
0.2808784
0.2783157
0.2808784
0.279597
0.2757531
0.279597
0.279597
0.2783157
0.2770344
0.2770344
0.2770344
0.2770344
0.2770344
0.2783157
0.2783157
0.2757531
0.279597
0.2808784
0.279597
0.2783157
0.2808784
0.2783157
0.279597
0.279597
0.2783157
0.2808784
0.279597
0.279597
0.2757531
0.279597
0.2770344
0.2770344
0.2744717
0.2757531
0.2744717
0.2757531
0.2744717
0.2693464
0.2744717
0.2744717
0.2757531
0.2770344
0.2744717
0.2770344
0.2783157
0.2757531
0.2757531
0.2757531
0.2706277
0.2731904
0.2731904
0.2744717
0.2731904
0.2744717
0.2770344
0.2719091
0.2757531
0.2770344
0.2744717
0.2706277
0.2731904
0.2719091
0.2706277
0.2731904
0.2719091
0.2719091
0.2706277
0.2847224
0.2706277
0.2693464
0.2680651
0.2706277
0.2693464
0.2680651
0.2706277
0.2693464
0.2693464
0.2680651
0.2693464
0.2693464
0.2680651
0.2655024
0.2680651
0.2667837
0.2719091
0.2706277
0.2693464
0.2719091
0.2693464
0.2693464
0.2706277
0.2706277
0.2706277
0.2706277
0.2706277
0.2693464
0.2680651
0.2667837
0.2680651
0.2667837
0.2693464
0.2655024
0.2642211
0.2603771
0.2667837
0.2680651
0.2642211
0.2667837
0.2655024
0.2655024
0.2655024
0.2642211
0.2655024
0.2642211
0.2578144
0.2616584
0.2642211
0.2642211
0.2629398
0.2642211
0.2693464
0.2667837
0.2667837
0.2655024
0.2667837
0.2616584
0.2667837
0.2642211
0.2655024
0.2642211
0.2667837
0.2667837
0.2629398
0.2629398
0.2629398
0.2655024
0.2616584
0.2642211
0.2642211
0.2642211
0.2603771
0.2616584
0.2603771
0.2603771
0.2616584
0.2616584
0.2590958
0.2565331
0.2590958
0.2603771
0.2629398
0.2629398
0.2616584
0.2629398
0.2578144
0.2590958
0.2616584
0.2629398
0.2616584
0.2642211
0.2642211
0.2616584
0.2642211
0.2616584
0.2616584
0.2603771
0.2603771
0.2590958
0.2603771
0.2590958
0.2590958
0.2603771
0.2578144
0.2578144
0.2565331
0.2565331
0.2590958
0.2578144
0.2565331
0.2565331
0.2578144
0.2603771
0.2603771
0.2578144
0.2578144
0.2590958
0.2590958
0.2552518
0.2578144
0.2578144
0.2565331
0.2565331
0.2578144
0.2565331
0.2565331
0.2603771
0.2565331
0.2539704
0.2552518
0.2526891
0.2552518
0.2552518
0.2475638
0.2552518
0.2565331
0.2526891
0.2526891
0.2565331
0.2565331
0.2578144
0.2578144
0.2578144
0.2578144
0.2501264
0.2552518
0.2565331
0.2565331
0.2578144
0.2552518
0.2565331
0.2526891
0.2552518
0.2539704
0.2514078
0.2488451
0.2526891
0.2526891
0.2539704
0.2514078
0.2514078
0.2501264
0.2488451
0.2552518
0.2565331
0.2552518
0.2501264
0.2539704
0.2552518
0.2526891
0.2526891
0.2526891
0.2526891
0.2501264
0.2693464
0.2526891
0.2526891
0.2488451
0.2488451
0.2526891
0.2501264
0.2501264
0.2488451
0.2462824
0.2475638
0.2514078
0.2475638
0.2526891
0.2475638
0.2501264
0.2514078
0.2514078
0.2539704
0.2539704
0.2514078
0.2501264
0.2488451
0.2488451
0.2539704
0.2475638
0.2501264
0.2501264
0.2475638
0.2501264
0.2475638
0.2462824
0.2475638
0.2475638
0.2488451
0.2475638
0.2424384
0.2475638
0.2475638
0.2488451
0.2488451
0.2488451
0.2488451
0.2514078
0.2514078
0.2488451
0.2501264
0.2475638
0.2462824
0.2501264
0.2514078
0.2488451
0.2526891
0.2475638
0.2475638
0.2488451
0.2488451
0.2475638
0.2437198
0.2488451
0.2462824
0.2450011
0.2475638
0.2475638
0.2437198
0.2462824
0.2450011
0.2475638
0.2475638
0.2475638
0.2488451
0.2488451
0.2475638
0.2488451
0.2488451
0.2488451
0.2475638
0.2501264
0.2488451
0.2488451
0.2450011
0.2462824
0.2462824
0.2450011
0.2437198
0.2450011
0.2475638
0.2462824
0.2437198
0.2437198
0.2462824
0.2424384
0.2437198
0.2411571
0.2424384
0.2437198
0.2424384
0.2424384
0.2462824
0.2475638
0.2475638
0.2462824
0.2424384
0.2462824
0.2450011
0.2475638
0.2450011
0.2450011
0.2437198
0.2462824
0.2450011
0.2437198
0.2424384
0.2424384
0.2437198
0.2437198
0.2411571
0.2411571
0.2411571
0.2385944
0.2411571
0.2424384
0.2398758
0.2398758
0.2398758
0.2411571
0.2411571
0.2398758
0.2398758
0.2398758
0.2437198
0.2450011
0.2437198
0.2462824
0.2450011
0.2411571
0.2437198
0.2398758
0.2437198
0.2462824
0.2437198
0.2424384
0.2424384
0.2424384
0.2424384
0.2411571
0.2373131
0.2424384
0.2450011
0.2385944
0.2411571
0.2424384
0.2385944
0.2385944
0.2385944
0.2398758
0.2398758
0.2373131
0.2373131
0.2385944
0.2385944
0.2385944
0.2385944
0.2385944
0.2424384
0.2437198
0.2411571
0.2411571
0.2398758
0.2411571
0.2385944
0.2398758
0.2398758
0.2411571
0.2411571
0.2398758
0.2398758
0.2424384
0.2398758
0.2385944
0.2411571
0.2373131
0.2398758
0.2398758
0.2385944
0.2398758
0.2411571
0.2398758
0.2360318
0.2385944
0.2347504
0.2360318
0.2398758
0.2398758
0.2411571
0.2398758
0.2411571
0.2398758
0.2398758
0.2385944
0.2398758
0.2373131
0.2385944
0.2424384
0.2373131
0.2373131
0.2373131
0.2373131
0.2398758
0.2373131
0.2360318
0.2334691
0.2347504
0.2411571
0.2385944
0.2360318
0.2360318
0.2385944
0.2385944
0.2347504
0.2360318
0.2385944
0.2411571
0.2360318
0.2385944
0.2411571
0.2398758
0.2411571
0.2360318
0.2398758
0.2411571
0.2385944
0.2373131
0.2360318
0.2360318
0.2385944
0.2334691
0.2360318
0.2373131
0.2360318
0.2347504
0.2347504
0.2360318
0.2360318
0.2373131
0.2321878
0.2385944
0.2360318
0.2385944
0.2360318
0.2360318
0.2398758
0.2373131
0.2347504
0.2385944
0.2385944
0.2347504
0.2347504
0.2309065
0.2347504
0.2334691
0.2334691
0.2309065
0.2347504
0.2334691
0.2347504
0.2373131
0.2347504
0.2360318
0.2373131
0.2347504
0.2360318
0.2347504
0.2360318
0.2360318
0.2347504
0.2334691
0.2334691
0.2334691
0.2334691
0.2321878
0.2334691
0.2321878
0.2321878
0.2309065
0.2321878
0.2334691
0.2373131
0.2360318
0.2283438
0.2360318
0.2360318
0.2360318
0.2334691
0.2360318
0.2360318
0.2360318
0.2321878
0.2360318
0.2347504
0.2296251
0.2321878
0.2309065
0.2296251
0.2321878
0.2321878
0.2309065
0.2321878
0.2296251
0.2334691
0.2296251
0.2296251
0.2360318
0.2360318
0.2360318
0.2347504
