1.258702
1.25614
1.253577
1.254858
1.253577
1.252295
1.248451
1.25614
1.249733
1.253577
1.252295
1.249733
1.249733
1.243326
1.245889
1.248451
1.243326
1.23692
1.240764
1.239482
1.23692
1.238201
1.234357
1.239482
1.235638
1.231794
1.229232
1.230513
1.226669
1.226669
1.22795
1.230513
1.231794
1.234357
1.233075
1.233075
1.23692
1.23692
1.238201
1.231794
1.23692
1.238201
1.233075
1.233075
1.235638
1.231794
1.22795
1.22795
1.224106
1.222825
1.218981
1.220262
1.218981
1.2177
1.215137
1.213856
1.218981
1.2177
1.212574
1.215137
1.215137
1.212574
1.2177
1.212574
1.213856
1.212574
1.20873
1.207449
1.204886
1.215137
1.199761
1.195917
1.194636
1.197198
1.193354
1.195917
1.192073
1.194636
1.197198
1.194636
1.194636
1.190792
1.186948
1.183104
1.186948
1.183104
1.183104
1.183104
1.180541
1.181822
1.183104
1.184385
1.17926
1.176697
1.172853
1.17926
1.176697
1.174134
1.17926
1.183104
1.180541
1.180541
1.177978
1.177978
1.175416
1.171572
1.172853
1.171572
1.171572
1.17029
1.166446
1.165165
1.166446
1.162602
1.165165
1.161321
1.158758
1.157477
1.161321
1.154914
1.154914
1.156196
1.152352
1.147226
1.148508
1.144664
1.143382
1.142101
1.143382
1.142101
1.14082
1.142101
1.139538
1.14082
1.14082
1.138257
1.138257
1.136976
1.13185
1.13185
1.133132
1.130569
1.130569
1.138257
1.128006
1.125444
1.128006
1.128006
1.128006
1.122881
1.125444
1.128006
1.120318
1.1216
1.129288
1.129288
1.128006
1.126725
1.126725
1.125444
1.116474
1.1216
1.126725
1.116474
1.117756
1.113912
1.111349
1.111349
1.111349
1.111349
1.111349
1.106224
1.104942
1.101098
1.103661
1.104942
1.104942
1.103661
1.106224
1.098536
1.098536
1.098536
1.09341
1.095973
1.095973
1.092129
1.090848
1.092129
1.09341
1.097254
1.098536
1.095973
1.09341
1.092129
1.092129
1.090848
1.089566
1.087004
1.087004
1.087004
1.079316
1.080597
1.078035
1.076753
1.07419
1.075472
1.072909
1.071628
1.071628
1.069065
1.071628
1.069065
1.065221
1.067784
1.066502
1.062659
1.06394
1.065221
1.062659
1.060096
1.066502
1.060096
1.061377
1.061377
1.057533
1.054971
1.047283
1.056252
1.053689
1.051126
1.048564
1.048564
1.048564
1.047283
1.046001
1.042157
1.040876
1.042157
1.042157
1.039595
1.038313
1.038313
1.038313
1.034469
1.033188
1.034469
1.037032
1.031907
1.026781
1.029344
1.030625
1.028063
1.028063
1.026781
1.030625
1.024219
1.0255
1.021656
1.021656
1.017812
1.016531
1.017812
1.015249
1.016531
1.013968
1.012687
1.011405
1.010124
1.010124
1.00628
1.004999
1.004999
1.003717
1.001155
1.004999
1.003717
0.9998733
1.002436
0.9998733
1.002436
1.001155
0.9973106
0.998592
0.9947479
0.9947479
0.9947479
0.9934666
0.9896227
0.9921853
0.9896227
0.98706
0.98706
0.9857786
0.9844973
0.9883413
0.9768093
0.9806533
0.9806533
0.979372
0.979372
0.979372
0.975528
0.9780906
0.9691213
0.971684
0.979372
0.979372
0.971684
0.9742467
0.9742467
0.971684
0.96784
0.9652774
0.963996
0.956308
0.9665587
0.9614334
0.960152
0.9627147
0.9614334
0.9614334
0.960152
0.956308
0.9575894
0.9627147
0.9473387
0.9550267
0.952464
0.9473387
0.94862
0.9460574
0.9447761
0.9792729
0.9767103
0.9754289
0.9754289
0.9703036
0.9715849
0.9703036
0.9690223
0.9677409
0.9715849
0.9741476
0.9677409
0.9664596
0.9638969
0.9664596
0.9677409
0.9664596
0.9626156
0.9613343
0.9613343
0.9600529
0.9600529
0.9574903
0.9562089
0.9600529
0.9549276
0.9498023
0.9523649
0.9446769
0.9472396
0.9459583
0.9459583
0.9472396
0.9472396
0.9433956
0.9421143
0.9433956
0.940833
0.9421143
0.940833
0.940833
0.9382703
0.9395517
0.9369889
0.9395517
0.933145
0.9369889
0.9357076
0.933145
0.933145
0.933145
0.929301
0.9280196
0.9241757
0.921613
0.9241757
0.921613
0.9203317
0.9190503
0.9164877
0.9164877
0.9164877
0.9152064
0.9152064
0.913925
0.910081
0.913925
0.9087997
0.9087997
0.906237
0.902393
0.906237
0.902393
0.9036744
0.9011117
0.9049557
0.9011117
0.898549
0.9011117
0.9036744
0.8972677
0.8947051
0.8972677
0.898549
0.8998304
0.8959864
0.8934237
0.8934237
0.8947051
0.8934237
0.8921424
0.890861
0.8882984
0.8895797
0.8870171
0.8844544
0.8870171
0.8844544
0.8844544
0.883173
0.8844544
0.883173
0.8780478
0.8780478
0.8793291
0.8806104
0.8793291
0.8806104
0.8754851
0.8780478
0.8742037
0.8767664
0.8767664
0.8754851
0.8677971
0.8754851
0.8703598
0.8677971
0.8652344
0.8652344
0.8652344
0.8652344
0.8626718
0.8626718
0.8613904
0.8588278
0.8588278
0.8601091
0.8601091
0.8575464
0.8601091
0.8562651
0.8601091
0.8575464
0.8549838
0.8549838
0.8524211
0.8511398
0.8498585
0.8498585
0.8485771
0.8472958
0.8472958
0.8460144
0.8434518
0.8447331
0.8460144
0.8396078
0.8447331
0.8421705
0.8357638
0.8370451
0.8383265
0.8370451
0.8383265
0.8332012
0.8332012
0.8357638
0.8280758
0.8293571
0.8332012
0.8344825
0.8319198
0.8319198
0.8280758
0.8293571
0.8306385
0.8293571
0.8319198
0.8242319
0.8242319
0.8242319
0.8242319
0.8216692
0.8216692
0.8178252
0.8178252
0.8152625
0.8178252
0.8165439
0.8126999
0.8152625
0.8126999
0.8101372
0.8101372
0.8101372
0.8075745
0.8139812
0.8101372
0.8088559
0.8062932
0.8024492
0.8075745
0.8050119
0.8062932
0.8037305
0.8024492
0.7998865
0.8011679
0.8037305
0.7986052
0.7986052
0.7934799
0.7947612
0.7934799
0.7921985
0.7934799
0.7947612
0.7921985
0.7896359
0.7909172
0.7896359
0.7934799
0.7896359
0.7870733
0.7883546
0.7883546
0.7857919
0.7870733
0.7819479
0.7819479
0.7845106
0.7845106
0.7832292
0.7781039
0.7806666
0.7832292
0.7768226
0.7781039
0.7768226
0.7729786
0.7742599
0.7781039
0.7729786
0.7742599
0.7652906
0.7665719
0.7678533
0.7691346
0.7691346
0.7652906
0.7640093
0.7665719
0.7678533
0.7652906
0.762728
0.7614466
0.7614466
0.7601653
0.758884
0.758884
0.7576026
0.7601653
0.758884
0.75504
0.75504
0.7563213
0.751196
0.7537586
0.7499146
0.7537586
0.7499146
0.7499146
0.7537586
0.7460706
0.7499146
0.7447893
0.7460706
0.7447893
0.7447893
0.7422267
0.7422267
0.743508
0.743508
0.7422267
0.743508
0.7371013
0.7383826
0.7345387
0.73582
0.7371013
0.7383826
0.7345387
0.7332574
0.739664
0.7345387
0.7371013
0.7345387
0.7332574
0.7332574
0.7268507
0.7306947
0.731976
0.7294133
0.7268507
0.7268507
0.7255694
0.7230067
0.7268507
0.7294133
0.724288
0.7191627
0.7230067
0.720444
0.7178814
0.7166001
0.7166001
0.7178814
0.7166001
0.7153187
0.7191627
0.712756
0.7114747
0.712756
0.7140374
0.7114747
0.7101934
0.7101934
0.708912
0.708912
0.708912
0.708912
0.7101934
0.7025054
0.7050681
0.7063494
0.7063494
0.7050681
0.7063494
0.7025054
0.7037867
0.701224
0.6973801
0.6986614
0.6973801
0.6960987
0.6960987
0.6922547
0.6909734
0.6909734
0.6871294
0.6871294
0.6858481
0.6871294
0.6871294
0.6820041
0.6871294
0.6845667
0.6858481
0.6858481
0.6820041
0.6794415
0.6794415
0.6794415
0.6781601
0.6781601
0.6781601
0.6820041
0.6807228
0.6794415
0.6794415
0.6730348
0.6755974
0.6717535
0.6730348
0.6691908
0.6704721
0.6640655
0.6704721
0.6704721
0.6666281
0.6679094
0.6691908
0.6666281
0.6691908
0.6627841
0.6653468
0.6640655
0.6550961
0.6602215
0.6640655
0.6615028
0.6602215
0.6602215
0.6576588
0.6589401
0.6691908
0.6563775
0.6563775
0.6525335
0.6576588
0.6576588
0.6538148
0.6550961
0.6563775
0.6550961
0.6538148
0.6538148
0.6525335
0.6512522
0.6499708
0.6486895
0.6525335
0.6563775
0.6525335
0.6474081
0.6474081
0.6461268
0.6435642
0.6422828
0.6410015
0.6397201
0.6435642
0.6435642
0.6397201
0.6397201
0.6410015
0.6397201
0.6397201
0.6397201
0.6397201
0.6371575
0.6358762
0.6345949
0.6307508
0.6333135
0.6320322
0.6307508
0.6294695
0.6281882
0.6307508
0.6281882
0.6269069
0.6230628
0.6281882
0.6230628
0.6294695
0.6294695
0.6243442
0.6256256
0.6230628
0.6384388
0.6230628
0.6217815
0.6192189
0.6256256
0.6256256
0.6217815
0.6192189
0.6166562
0.6166562
0.6179376
0.6166562
0.6166562
0.6166562
0.6128122
0.6179376
0.6128122
0.6128122
0.6140935
0.6102496
0.6102496
0.6089682
0.6128122
0.6089682
0.6064056
0.6025616
0.6051242
0.6025616
0.6025616
0.6038429
0.5999989
0.6038429
0.6038429
0.6025616
0.5987176
0.5987176
0.5961549
0.5999989
0.5974362
0.5987176
0.6012802
0.5974362
0.5999989
0.5974362
0.5961549
0.5961549
0.5974362
0.5923109
0.5948736
0.5961549
0.5974362
0.5948736
0.5923109
0.5935922
0.5884669
0.5923109
0.5871856
0.5871856
0.5859042
0.5859042
0.5859042
0.5820603
0.5871856
0.5859042
0.5846229
0.5833416
0.580779
0.5820603
0.580779
0.5769349
0.5782163
0.5820603
0.5769349
0.5769349
0.580779
0.5756536
0.5756536
0.573091
0.5718096
0.573091
0.5705283
0.5743723
0.5794976
0.5756536
0.5769349
0.5782163
0.5794976
0.5794976
0.5743723
0.5756536
0.580779
0.573091
0.5743723
0.5782163
0.5794976
0.5820603
0.5743723
0.5769349
0.5743723
0.5743723
0.5782163
0.5743723
0.5692469
0.5692469
0.565403
0.5666843
0.5679656
0.5679656
0.5641217
0.565403
0.5641217
0.5628403
0.561559
0.5602776
0.561559
0.5602776
0.5641217
0.5628403
0.5602776
0.5602776
0.561559
0.5589963
0.557715
0.5602776
0.5564337
0.5564337
0.553871
0.5564337
0.553871
0.557715
0.5551523
0.5564337
0.5525897
0.5525897
0.553871
0.5487456
0.550027
0.553871
0.5525897
0.546183
0.5449017
0.546183
0.546183
0.561559
0.546183
0.546183
0.5397763
0.5449017
0.542339
0.5436203
0.5410576
0.542339
0.5449017
0.546183
0.5449017
0.5436203
0.5436203
0.5397763
0.542339
0.5359324
0.5372137
0.5372137
0.5397763
0.538495
0.5372137
0.534651
0.5372137
0.5372137
0.5320883
0.534651
0.534651
0.534651
0.5333697
0.530807
0.5320883
0.530807
0.530807
0.5295257
0.5295257
0.5244004
0.5295257
0.5295257
0.5269631
0.5320883
0.5295257
0.5333697
0.5333697
0.5295257
0.5295257
0.530807
0.5269631
0.5256817
0.5269631
0.5282444
0.5295257
0.5282444
0.5205564
0.5218377
0.5256817
0.523119
0.5205564
0.5167124
0.5218377
0.5192751
0.515431
0.5192751
0.5167124
0.5179937
0.515431
0.5167124
0.5167124
0.5141497
0.5103057
0.5141497
0.5128684
0.515431
0.515431
0.5090244
0.5090244
0.515431
0.5128684
0.5128684
0.5141497
0.5103057
0.5090244
0.5128684
0.5141497
0.5103057
0.5103057
0.5103057
0.5115871
0.5090244
0.5077431
0.5115871
0.5064617
0.5090244
0.5103057
0.5090244
0.5103057
0.5090244
0.5064617
0.5064617
0.5038991
0.5026177
0.5064617
0.5026177
0.4987738
0.5013364
0.5013364
0.5000551
0.4974924
0.4974924
0.4987738
0.5013364
0.4974924
0.4974924
0.4974924
0.4962111
0.4987738
0.4974924
0.4949298
0.4949298
0.4987738
0.4974924
0.4962111
0.4974924
0.4987738
0.4923671
0.4974924
0.4987738
0.4974924
0.4962111
0.4936484
0.4962111
0.4936484
0.4974924
0.4987738
0.5051804
0.5000551
0.5077431
0.5064617
0.5051804
0.5026177
0.5038991
0.5026177
0.4974924
0.4974924
0.4974924
0.4949298
0.4936484
0.4936484
0.4898044
0.4962111
0.4949298
0.4962111
0.4974924
0.4949298
0.4898044
0.4936484
0.4923671
0.4910858
0.4936484
0.4949298
0.4987738
0.4923671
0.4898044
0.4923671
0.4923671
0.4923671
0.4923671
0.4859605
0.4833978
0.4808351
0.4833978
0.4821165
0.4795538
0.4808351
0.4795538
0.4769911
0.4782725
0.4782725
0.4782725
0.4744285
0.4782725
0.4769911
0.4769911
0.4846791
0.4833978
0.4821165
0.4808351
0.4808351
0.4795538
0.4808351
0.4808351
0.4795538
0.4769911
0.4782725
0.4795538
0.4769911
0.4782725
0.4744285
0.4757098
0.4744285
0.4744285
0.4705845
0.4757098
0.4808351
0.4757098
0.4718658
0.4693031
0.4705845
0.4705845
0.4667405
0.5397072
0.5397072
0.5384259
0.5422699
0.5371446
0.5371446
0.5371446
0.5358633
0.5358633
0.5371446
0.5525206
0.5358633
0.5371446
0.5345819
0.5358633
0.5345819
0.5333006
0.5333006
0.5371446
0.5333006
0.5358633
0.5371446
0.5371446
0.5333006
0.5281753
0.5358633
0.5320193
0.5294566
0.5307379
0.5320193
0.5333006
0.5294566
0.5268939
0.5268939
0.5268939
0.5243313
0.5256126
0.5256126
0.5268939
0.5256126
0.5256126
0.5256126
0.5217686
0.52305
0.5256126
0.5268939
0.5256126
0.5256126
0.5243313
0.5243313
0.5243313
0.5256126
0.5217686
0.52305
0.5204873
0.52305
0.5217686
0.5179246
0.5243313
0.5204873
0.52305
0.52305
0.5166433
0.5192059
0.5192059
0.5204873
0.5192059
0.5179246
0.5179246
0.5166433
0.5192059
0.5166433
0.515362
0.5179246
