1569492075.295
1569492075.545
1569492075.795
1569492076.045
1569492076.295
1569492076.545
1569492076.795
1569492077.045
1569492077.295
1569492077.545
1569492077.795
1569492078.045
1569492078.295
1569492078.545
1569492078.795
1569492079.045
1569492079.295
1569492079.545
1569492079.795
1569492080.045
1569492080.295
1569492080.545
1569492080.795
1569492081.045
1569492081.295
1569492081.545
1569492081.795
1569492082.045
1569492082.295
1569492082.545
1569492082.795
1569492083.045
1569492083.295
1569492083.545
1569492083.795
1569492084.045
1569492084.295
1569492084.545
1569492084.795
1569492085.045
1569492085.295
1569492085.545
1569492085.795
1569492086.045
1569492086.295
1569492086.545
1569492086.795
1569492087.045
1569492087.295
1569492087.545
1569492087.795
1569492088.045
1569492088.295
1569492088.545
1569492088.795
1569492089.045
1569492089.295
1569492089.545
1569492089.795
1569492090.045
1569492090.295
1569492090.545
1569492090.795
1569492091.045
1569492091.295
1569492091.545
1569492091.795
1569492092.045
1569492092.295
1569492092.545
1569492092.795
1569492093.045
1569492093.295
1569492093.545
1569492093.795
1569492094.045
1569492094.295
1569492094.545
1569492094.795
1569492095.045
1569492095.295
1569492095.545
1569492095.795
1569492096.045
1569492096.295
1569492096.545
1569492096.795
1569492097.045
1569492097.295
1569492097.545
1569492097.795
1569492098.045
1569492098.295
1569492098.545
1569492098.795
1569492099.045
1569492099.295
1569492099.545
1569492099.795
1569492100.045
1569492100.295
1569492100.545
1569492100.795
1569492101.045
1569492101.295
1569492101.545
1569492101.795
1569492102.045
1569492102.295
1569492102.545
1569492102.795
1569492103.045
1569492103.295
1569492103.545
1569492103.795
1569492104.045
1569492104.295
1569492104.545
1569492104.795
1569492105.045
1569492105.295
1569492105.545
1569492105.795
1569492106.045
1569492106.295
1569492106.545
1569492106.795
1569492107.045
1569492107.295
1569492107.545
1569492107.795
1569492108.045
1569492108.295
1569492108.545
1569492108.795
1569492109.045
1569492109.295
1569492109.545
1569492109.795
1569492110.045
1569492110.295
1569492110.545
1569492110.795
1569492111.045
1569492111.295
1569492111.545
1569492111.795
1569492112.045
1569492112.295
1569492112.545
1569492112.795
1569492113.045
1569492113.295
1569492113.545
1569492113.795
1569492114.045
1569492114.295
1569492114.545
1569492114.795
1569492115.045
1569492115.295
1569492115.545
1569492115.795
1569492116.045
1569492116.295
1569492116.545
1569492116.795
1569492117.045
1569492117.295
1569492117.545
1569492117.795
1569492118.045
1569492118.295
1569492118.545
1569492118.795
1569492119.045
1569492119.295
1569492119.545
1569492119.795
1569492120.045
1569492120.295
1569492120.545
1569492120.795
1569492121.045
1569492121.295
1569492121.545
1569492121.795
1569492122.045
1569492122.295
1569492122.545
1569492122.795
1569492123.045
1569492123.295
1569492123.545
1569492123.795
1569492124.045
1569492124.295
1569492124.545
1569492124.795
1569492125.045
1569492125.295
1569492125.545
1569492125.795
1569492126.045
1569492126.295
1569492126.545
1569492126.795
1569492127.045
1569492127.295
1569492127.545
1569492127.795
1569492128.045
1569492128.295
1569492128.545
1569492128.795
1569492129.045
1569492129.295
1569492129.545
1569492129.795
1569492130.045
1569492130.295
1569492130.545
1569492130.795
1569492131.045
1569492131.295
1569492131.545
1569492131.795
1569492132.045
1569492132.295
1569492132.545
1569492132.795
1569492133.045
1569492133.295
1569492133.545
1569492133.795
1569492134.045
1569492134.295
1569492134.545
1569492134.795
1569492135.045
1569492135.295
1569492135.545
1569492135.795
1569492136.045
1569492136.295
1569492136.545
1569492136.795
1569492137.045
1569492137.295
1569492137.545
1569492137.795
1569492138.045
1569492138.295
1569492138.545
1569492138.795
1569492139.045
1569492139.295
1569492139.545
1569492139.795
1569492140.045
1569492140.295
1569492140.545
1569492140.795
1569492141.045
1569492141.295
1569492141.545
1569492141.795
1569492142.045
1569492142.295
1569492142.545
1569492142.795
1569492143.045
1569492143.295
1569492143.545
1569492143.795
1569492144.045
1569492144.295
1569492144.545
1569492144.795
1569492145.045
1569492145.295
1569492145.545
1569492145.795
1569492146.045
1569492146.295
1569492146.545
1569492146.795
1569492147.045
1569492147.295
1569492147.545
1569492147.795
1569492148.045
1569492148.295
1569492148.545
1569492148.795
1569492149.045
1569492149.295
1569492149.545
1569492149.795
1569492150.045
1569492150.295
1569492150.545
1569492150.795
1569492151.045
1569492151.295
1569492151.545
1569492151.795
1569492152.045
1569492152.295
1569492152.545
1569492152.795
1569492153.045
1569492153.295
1569492153.545
1569492153.795
1569492154.045
1569492154.295
1569492154.545
1569492154.795
1569492155.045
1569492155.295
1569492155.545
1569492155.795
1569492156.045
1569492156.295
1569492156.545
1569492156.795
1569492157.045
1569492157.295
1569492157.545
1569492157.795
1569492158.045
1569492158.295
1569492158.545
1569492158.795
1569492159.045
1569492159.295
1569492159.545
1569492159.795
1569492160.045
1569492160.295
1569492160.545
1569492160.795
1569492161.045
1569492161.295
1569492161.545
1569492161.795
1569492162.045
1569492162.295
1569492162.545
1569492162.795
1569492163.045
1569492163.295
1569492163.545
1569492163.795
1569492164.045
1569492164.295
1569492164.545
1569492164.795
1569492165.045
1569492165.295
1569492165.545
1569492165.795
1569492166.045
1569492166.295
1569492166.545
1569492166.795
1569492167.045
1569492167.295
1569492167.545
1569492167.795
1569492168.045
1569492168.295
1569492168.545
1569492168.795
1569492169.045
1569492169.295
1569492169.545
1569492169.795
1569492170.045
1569492170.295
1569492170.545
1569492170.795
1569492171.045
1569492171.295
1569492171.545
1569492171.795
1569492172.045
1569492172.295
1569492172.545
1569492172.795
1569492173.045
1569492173.295
1569492173.545
1569492173.795
1569492174.045
1569492174.295
1569492174.545
1569492174.795
1569492175.045
1569492175.295
1569492175.545
1569492175.795
1569492176.045
1569492176.295
1569492176.545
1569492176.795
1569492177.045
1569492177.295
1569492177.545
1569492177.795
1569492178.045
1569492178.295
1569492178.545
1569492178.795
1569492179.045
1569492179.295
1569492179.545
1569492179.795
1569492180.045
1569492180.295
1569492180.545
1569492180.795
1569492181.045
1569492181.295
1569492181.545
1569492181.795
1569492182.045
1569492182.295
1569492182.545
1569492182.795
1569492183.045
1569492183.295
1569492183.545
1569492183.795
1569492184.045
1569492184.295
1569492184.545
1569492184.795
1569492185.045
1569492185.295
1569492185.545
1569492185.795
1569492186.045
1569492186.295
1569492186.545
1569492186.795
1569492187.045
1569492187.295
1569492187.545
1569492187.795
1569492188.045
1569492188.295
1569492188.545
1569492188.795
1569492189.045
1569492189.295
1569492189.545
1569492189.795
1569492190.045
1569492190.295
1569492190.545
1569492190.795
1569492191.045
1569492191.295
1569492191.545
1569492191.795
1569492192.045
1569492192.295
1569492192.545
1569492192.795
1569492193.045
1569492193.295
1569492193.545
1569492193.795
1569492194.045
1569492194.295
1569492194.545
1569492194.795
1569492195.045
1569492195.295
1569492195.545
1569492195.795
1569492196.045
1569492196.295
1569492196.545
1569492196.795
1569492197.045
1569492197.295
1569492197.545
1569492197.795
1569492198.045
1569492198.295
1569492198.545
1569492198.795
1569492199.045
1569492199.295
1569492199.545
1569492199.795
1569492200.045
1569492200.295
1569492200.545
1569492200.795
1569492201.045
1569492201.295
1569492201.545
1569492201.795
1569492202.045
1569492202.295
1569492202.545
1569492202.795
1569492203.045
1569492203.295
1569492203.545
1569492203.795
1569492204.045
1569492204.295
1569492204.545
1569492204.795
1569492205.045
1569492205.295
1569492205.545
1569492205.795
1569492206.045
1569492206.295
1569492206.545
1569492206.795
1569492207.045
1569492207.295
1569492207.545
1569492207.795
1569492208.045
1569492208.295
1569492208.545
1569492208.795
1569492209.045
1569492209.295
1569492209.545
1569492209.795
1569492210.045
1569492210.295
1569492210.545
1569492210.795
1569492211.045
1569492211.295
1569492211.545
1569492211.795
1569492212.045
1569492212.295
1569492212.545
1569492212.795
1569492213.045
1569492213.295
1569492213.545
1569492213.795
1569492214.045
1569492214.295
1569492214.545
1569492214.795
1569492215.045
1569492215.295
1569492215.545
1569492215.795
1569492216.045
1569492216.295
1569492216.545
1569492216.795
1569492217.045
1569492217.295
1569492217.545
1569492217.795
1569492218.045
1569492218.295
1569492218.545
1569492218.795
1569492219.045
1569492219.295
1569492219.545
1569492219.795
1569492220.045
1569492220.295
1569492220.545
1569492220.795
1569492221.045
1569492221.295
1569492221.545
1569492221.795
1569492222.045
1569492222.295
1569492222.545
1569492222.795
1569492223.045
1569492223.295
1569492223.545
1569492223.795
1569492224.045
1569492224.295
1569492224.545
1569492224.795
1569492225.045
1569492225.295
1569492225.545
1569492225.795
1569492226.045
1569492226.295
1569492226.545
1569492226.795
1569492227.045
1569492227.295
1569492227.545
1569492227.795
1569492228.045
1569492228.295
1569492228.545
1569492228.795
1569492229.045
1569492229.295
1569492229.545
1569492229.795
1569492230.045
1569492230.295
1569492230.545
1569492230.795
1569492231.045
1569492231.295
1569492231.545
1569492231.795
1569492232.045
1569492232.295
1569492232.545
1569492232.795
1569492233.045
1569492233.295
1569492233.545
1569492233.795
1569492234.045
1569492234.295
1569492234.545
1569492234.795
1569492235.045
1569492235.295
1569492235.545
1569492235.795
1569492236.045
1569492236.295
1569492236.545
1569492236.795
1569492237.045
1569492237.295
1569492237.545
1569492237.795
1569492238.045
1569492238.295
1569492238.545
1569492238.795
1569492239.045
1569492239.295
1569492239.545
1569492239.795
1569492240.045
1569492240.295
1569492240.545
1569492240.795
1569492241.045
1569492241.295
1569492241.545
1569492241.795
1569492242.045
1569492242.295
1569492242.545
1569492242.795
1569492243.045
1569492243.295
1569492243.545
1569492243.795
1569492244.045
1569492244.295
1569492244.545
1569492244.795
1569492245.045
1569492245.295
1569492245.545
1569492245.795
1569492246.045
1569492246.295
1569492246.545
1569492246.795
1569492247.045
1569492247.295
1569492247.545
1569492247.795
1569492248.045
1569492248.295
1569492248.545
1569492248.795
1569492249.045
1569492249.295
1569492249.545
1569492249.795
1569492250.045
1569492250.295
1569492250.545
1569492250.795
1569492251.045
1569492251.295
1569492251.545
1569492251.795
1569492252.045
1569492252.295
1569492252.545
1569492252.795
1569492253.045
1569492253.295
1569492253.545
1569492253.795
1569492254.045
1569492254.295
1569492254.545
1569492254.795
1569492255.045
1569492255.295
1569492255.545
1569492255.795
1569492256.045
1569492256.295
1569492256.545
1569492256.795
1569492257.045
1569492257.295
1569492257.545
1569492257.795
1569492258.045
1569492258.295
1569492258.545
1569492258.795
1569492259.045
1569492259.295
1569492259.545
1569492259.795
1569492260.045
1569492260.295
1569492260.545
1569492260.795
1569492261.045
1569492261.295
1569492261.545
1569492261.795
1569492262.045
1569492262.295
1569492262.545
1569492262.795
1569492263.045
1569492263.295
1569492263.545
1569492263.795
1569492264.045
1569492264.295
1569492264.545
1569492264.795
1569492265.045
1569492265.295
1569492265.545
1569492265.795
1569492266.045
1569492266.295
1569492266.545
1569492266.795
1569492267.045
1569492267.295
1569492267.545
1569492267.795
1569492268.045
1569492268.295
1569492268.545
1569492268.795
1569492269.045
1569492269.295
1569492269.545
1569492269.795
1569492270.045
1569492270.295
1569492270.545
1569492270.795
1569492271.045
1569492271.295
1569492271.545
1569492271.795
1569492272.045
1569492272.295
1569492272.545
1569492272.795
1569492273.045
1569492273.295
1569492273.545
1569492273.795
1569492274.045
1569492274.295
1569492274.545
1569492274.795
1569492275.045
1569492275.295
1569492275.545
1569492275.795
1569492276.045
1569492276.295
1569492276.545
1569492276.795
1569492277.045
1569492277.295
1569492277.545
1569492277.795
1569492278.045
1569492278.295
1569492278.545
1569492278.795
1569492279.045
1569492279.295
1569492279.545
1569492279.795
1569492280.045
1569492280.295
1569492280.545
1569492280.795
1569492281.045
1569492281.295
1569492281.545
1569492281.795
1569492282.045
1569492282.295
1569492282.545
1569492282.795
1569492283.045
1569492283.295
1569492283.545
1569492283.795
1569492284.045
1569492284.295
1569492284.545
1569492284.795
1569492285.045
1569492285.295
1569492285.545
1569492285.795
1569492286.045
1569492286.295
1569492286.545
1569492286.795
1569492287.045
1569492287.295
1569492287.545
1569492287.795
1569492288.045
1569492288.295
1569492288.545
1569492288.795
1569492289.045
1569492289.295
1569492289.545
1569492289.795
1569492290.045
1569492290.295
1569492290.545
1569492290.795
1569492291.045
1569492291.295
1569492291.545
1569492291.795
1569492292.045
1569492292.295
1569492292.545
1569492292.795
1569492293.045
1569492293.295
1569492293.545
1569492293.795
1569492294.045
1569492294.295
1569492294.545
1569492294.795
1569492295.045
1569492295.295
1569492295.545
1569492295.795
1569492296.045
1569492296.295
1569492296.545
1569492296.795
1569492297.045
1569492297.295
1569492297.545
1569492297.795
1569492298.045
1569492298.295
1569492298.545
1569492298.795
1569492299.045
1569492299.295
1569492299.545
1569492299.795
1569492300.045
1569492300.295
1569492300.545
1569492300.795
1569492301.045
1569492301.295
1569492301.545
1569492301.795
1569492302.045
1569492302.295
1569492302.545
1569492302.795
1569492303.045
1569492303.295
1569492303.545
1569492303.795
1569492304.045
1569492304.295
1569492304.545
1569492304.795
1569492305.045
1569492305.295
1569492305.545
1569492305.795
1569492306.045
1569492306.295
1569492306.545
1569492306.795
1569492307.045
1569492307.295
1569492307.545
1569492307.795
1569492308.045
1569492308.295
1569492308.545
1569492308.795
1569492309.045
1569492309.295
1569492309.545
1569492309.795
1569492310.045
1569492310.295
1569492310.545
1569492310.795
1569492311.045
1569492311.295
1569492311.545
1569492311.795
1569492312.045
1569492312.295
1569492312.545
1569492312.795
1569492313.045
1569492313.295
1569492313.545
1569492313.795
1569492314.045
1569492314.295
1569492314.545
1569492314.795
1569492315.045
1569492315.295
1569492315.545
1569492315.795
1569492316.045
1569492316.295
1569492316.545
1569492316.795
1569492317.045
1569492317.295
1569492317.545
1569492317.795
1569492318.045
1569492318.295
1569492318.545
1569492318.795
1569492319.045
1569492319.295
1569492319.545
1569492319.795
1569492320.045
1569492320.295
1569492320.545
1569492320.795
1569492321.045
1569492321.295
1569492321.545
1569492321.795
1569492322.045
1569492322.295
1569492322.545
1569492322.795
1569492323.045
1569492323.295
1569492323.545
1569492323.795
1569492324.045
1569492324.295
1569492324.545
1569492324.795
1569492325.045
1569492325.295
1569492325.545
1569492325.795
1569492326.045
1569492326.295
1569492326.545
1569492326.795
1569492327.045
1569492327.295
1569492327.545
1569492327.795
1569492328.045
1569492328.295
1569492328.545
1569492328.795
1569492329.045
1569492329.295
1569492329.545
1569492329.795
1569492330.045
1569492330.295
1569492330.545
1569492330.795
1569492331.045
1569492331.295
1569492331.545
1569492331.795
1569492332.045
1569492332.295
1569492332.545
1569492332.795
1569492333.045
1569492333.295
1569492333.545
1569492333.795
1569492334.045
1569492334.295
1569492334.545
1569492334.795
1569492335.045
1569492335.295
1569492335.545
1569492335.795
1569492336.045
1569492336.295
1569492336.545
1569492336.795
1569492337.045
1569492337.295
1569492337.545
1569492337.795
1569492338.045
1569492338.295
1569492338.545
1569492338.795
1569492339.045
1569492339.295
1569492339.545
1569492339.795
1569492340.045
1569492340.295
1569492340.545
1569492340.795
1569492341.045
1569492341.295
1569492341.545
1569492341.795
1569492342.045
1569492342.295
1569492342.545
1569492342.795
1569492343.045
1569492343.295
1569492343.545
1569492343.795
1569492344.045
1569492344.295
1569492344.545
1569492344.795
1569492345.045
1569492345.295
1569492345.545
1569492345.795
1569492346.045
1569492346.295
1569492346.545
1569492346.795
1569492347.045
1569492347.295
1569492347.545
1569492347.795
1569492348.045
1569492348.295
1569492348.545
1569492348.795
1569492349.045
1569492349.295
1569492349.545
1569492349.795
1569492350.045
1569492350.295
1569492350.545
1569492350.795
1569492351.045
1569492351.295
1569492351.545
1569492351.795
1569492352.045
1569492352.295
1569492352.545
1569492352.795
1569492353.045
1569492353.295
1569492353.545
1569492353.795
1569492354.045
1569492354.295
1569492354.545
1569492354.795
1569492355.045
1569492355.295
1569492355.545
1569492355.795
1569492356.045
1569492356.295
1569492356.545
1569492356.795
1569492357.045
1569492357.295
1569492357.545
1569492357.795
1569492358.045
1569492358.295
1569492358.545
1569492358.795
1569492359.045
1569492359.295
1569492359.545
1569492359.795
1569492360.045
1569492360.295
1569492360.545
1569492360.795
1569492361.045
1569492361.295
1569492361.545
1569492361.795
1569492362.045
1569492362.295
1569492362.545
1569492362.795
1569492363.045
1569492363.295
1569492363.545
1569492363.795
1569492364.045
1569492364.295
1569492364.545
1569492364.795
1569492365.045
1569492365.295
1569492365.545
1569492365.795
1569492366.045
1569492366.295
1569492366.545
1569492366.795
1569492367.045
1569492367.295
1569492367.545
1569492367.795
1569492368.045
1569492368.295
1569492368.545
1569492368.795
1569492369.045
1569492369.295
1569492369.545
1569492369.795
1569492370.045
1569492370.295
1569492370.545
1569492370.795
1569492371.045
1569492371.295
1569492371.545
1569492371.795
1569492372.045
1569492372.295
1569492372.545
1569492372.795
1569492373.045
1569492373.295
1569492373.545
1569492373.795
1569492374.045
1569492374.295
1569492374.545
1569492374.795
1569492375.045
1569492375.295
1569492375.545
1569492375.795
1569492376.045
1569492376.295
1569492376.545
1569492376.795
1569492377.045
1569492377.295
1569492377.545
1569492377.795
1569492378.045
1569492378.295
1569492378.545
1569492378.795
1569492379.045
1569492379.295
1569492379.545
1569492379.795
1569492380.045
1569492380.295
1569492380.545
1569492380.795
1569492381.045
1569492381.295
1569492381.545
1569492381.795
1569492382.045
1569492382.295
1569492382.545
1569492382.795
1569492383.045
1569492383.295
1569492383.545
1569492383.795
1569492384.045
1569492384.295
1569492384.545
1569492384.795
1569492385.045
1569492385.295
1569492385.545
1569492385.795
1569492386.045
1569492386.295
1569492386.545
1569492386.795
1569492387.045
1569492387.295
1569492387.545
1569492387.795
1569492388.045
1569492388.295
1569492388.545
1569492388.795
1569492389.045
1569492389.295
1569492389.545
1569492389.795
1569492390.045
1569492390.295
1569492390.545
1569492390.795
1569492391.045
1569492391.295
1569492391.545
1569492391.795
1569492392.045
1569492392.295
1569492392.545
1569492392.795
1569492393.045
1569492393.295
1569492393.545
1569492393.795
1569492394.045
1569492394.295
1569492394.545
1569492394.795
1569492395.045
1569492395.295
1569492395.545
1569492395.795
1569492396.045
