1569493241.295
1569493241.545
1569493241.795
1569493242.045
1569493242.295
1569493242.545
1569493242.795
1569493243.045
1569493243.295
1569493243.545
1569493243.795
1569493244.045
1569493244.295
1569493244.545
1569493244.795
1569493245.045
1569493245.295
1569493245.545
1569493245.795
1569493246.045
1569493246.295
1569493246.545
1569493246.795
1569493247.045
1569493247.295
1569493247.545
1569493247.795
1569493248.045
1569493248.295
1569493248.545
1569493248.795
1569493249.045
1569493249.295
1569493249.545
1569493249.795
1569493250.045
1569493250.295
1569493250.545
1569493250.795
1569493251.045
1569493251.295
1569493251.545
1569493251.795
1569493252.045
1569493252.295
1569493252.545
1569493252.795
1569493253.045
1569493253.295
1569493253.545
1569493253.795
1569493254.045
1569493254.295
1569493254.545
1569493254.795
1569493255.045
1569493255.295
1569493255.545
1569493255.795
1569493256.045
1569493256.295
1569493256.545
1569493256.795
1569493257.045
1569493257.295
1569493257.545
1569493257.795
1569493258.045
1569493258.295
1569493258.545
1569493258.795
1569493259.045
1569493259.295
1569493259.545
1569493259.795
1569493260.045
1569493260.295
1569493260.545
1569493260.795
1569493261.045
1569493261.295
1569493261.545
1569493261.795
1569493262.045
1569493262.295
1569493262.545
1569493262.795
1569493263.045
1569493263.295
1569493263.545
1569493263.795
1569493264.045
1569493264.295
1569493264.545
1569493264.795
1569493265.045
1569493265.295
1569493265.545
1569493265.795
1569493266.045
1569493266.295
1569493266.545
1569493266.795
1569493267.045
1569493267.295
1569493267.545
1569493267.795
1569493268.045
1569493268.295
1569493268.545
1569493268.795
1569493269.045
1569493269.295
1569493269.545
1569493269.795
1569493270.045
1569493270.295
1569493270.545
1569493270.795
1569493271.045
1569493271.295
1569493271.545
1569493271.795
1569493272.045
1569493272.295
1569493272.545
1569493272.795
1569493273.045
1569493273.295
1569493273.545
1569493273.795
1569493274.045
1569493274.295
1569493274.545
1569493274.795
1569493275.045
1569493275.295
1569493275.545
1569493275.795
1569493276.045
1569493276.295
1569493276.545
1569493276.795
1569493277.045
1569493277.295
1569493277.545
1569493277.795
1569493278.045
1569493278.295
1569493278.545
1569493278.795
1569493279.045
1569493279.295
1569493279.545
1569493279.795
1569493280.045
1569493280.295
1569493280.545
1569493280.795
1569493281.045
1569493281.295
1569493281.545
1569493281.795
1569493282.045
1569493282.295
1569493282.545
1569493282.795
1569493283.045
1569493283.295
1569493283.545
1569493283.795
1569493284.045
1569493284.295
1569493284.545
1569493284.795
1569493285.045
1569493285.295
1569493285.545
1569493285.795
1569493286.045
1569493286.295
1569493286.545
1569493286.795
1569493287.045
1569493287.295
1569493287.545
1569493287.795
1569493288.045
1569493288.295
1569493288.545
1569493288.795
1569493289.045
1569493289.295
1569493289.545
1569493289.795
1569493290.045
1569493290.295
1569493290.545
1569493290.795
1569493291.045
1569493291.295
1569493291.545
1569493291.795
1569493292.045
1569493292.295
1569493292.545
1569493292.795
1569493293.045
1569493293.295
1569493293.545
1569493293.795
1569493294.045
1569493294.295
1569493294.545
1569493294.795
1569493295.045
1569493295.295
1569493295.545
1569493295.795
1569493296.045
1569493296.295
1569493296.545
1569493296.795
1569493297.045
1569493297.295
1569493297.545
1569493297.795
1569493298.045
1569493298.295
1569493298.545
1569493298.795
1569493299.045
1569493299.295
1569493299.545
1569493299.795
1569493300.045
1569493300.295
1569493300.545
1569493300.795
1569493301.045
1569493301.295
1569493301.545
1569493301.795
1569493302.045
1569493302.295
1569493302.545
1569493302.795
1569493303.045
1569493303.295
1569493303.545
1569493303.795
1569493304.045
1569493304.295
1569493304.545
1569493304.795
1569493305.045
1569493305.295
1569493305.545
1569493305.795
1569493306.045
1569493306.295
1569493306.545
1569493306.795
1569493307.045
1569493307.295
1569493307.545
1569493307.795
1569493308.045
1569493308.295
1569493308.545
1569493308.795
1569493309.045
1569493309.295
1569493309.545
1569493309.795
1569493310.045
1569493310.295
1569493310.545
1569493310.795
1569493311.045
1569493311.295
1569493311.545
1569493311.795
1569493312.045
1569493312.295
1569493312.545
1569493312.795
1569493313.045
1569493313.295
1569493313.545
1569493313.795
1569493314.045
1569493314.295
1569493314.545
1569493314.795
1569493315.045
1569493315.295
1569493315.545
1569493315.795
1569493316.045
1569493316.295
1569493316.545
1569493316.795
1569493317.045
1569493317.295
1569493317.545
1569493317.795
1569493318.045
1569493318.295
1569493318.545
1569493318.795
1569493319.045
1569493319.295
1569493319.545
1569493319.795
1569493320.045
1569493320.295
1569493320.545
1569493320.795
1569493321.045
1569493321.295
1569493321.545
1569493321.795
1569493322.045
1569493322.295
1569493322.545
1569493322.795
1569493323.045
1569493323.295
1569493323.545
1569493323.795
1569493324.045
1569493324.295
1569493324.545
1569493324.795
1569493325.045
1569493325.295
1569493325.545
1569493325.795
1569493326.045
1569493326.295
1569493326.545
1569493326.795
1569493327.045
1569493327.295
1569493327.545
1569493327.795
1569493328.045
1569493328.295
1569493328.545
1569493328.795
1569493329.045
1569493329.295
1569493329.545
1569493329.795
1569493330.045
1569493330.295
1569493330.545
1569493330.795
1569493331.045
1569493331.295
1569493331.545
1569493331.795
1569493332.045
1569493332.295
1569493332.545
1569493332.795
1569493333.045
1569493333.295
1569493333.545
1569493333.795
1569493334.045
1569493334.295
1569493334.545
1569493334.795
1569493335.045
1569493335.295
1569493335.545
1569493335.795
1569493336.045
1569493336.295
1569493336.545
1569493336.795
1569493337.045
1569493337.295
1569493337.545
1569493337.795
1569493338.045
1569493338.295
1569493338.545
1569493338.795
1569493339.045
1569493339.295
1569493339.545
1569493339.795
1569493340.045
1569493340.295
1569493340.545
1569493340.795
1569493341.045
1569493341.295
1569493341.545
1569493341.795
1569493342.045
1569493342.295
1569493342.545
1569493342.795
1569493343.045
1569493343.295
1569493343.545
1569493343.795
1569493344.045
1569493344.295
1569493344.545
1569493344.795
1569493345.045
1569493345.295
1569493345.545
1569493345.795
1569493346.045
1569493346.295
1569493346.545
1569493346.795
1569493347.045
1569493347.295
1569493347.545
1569493347.795
1569493348.045
1569493348.295
1569493348.545
1569493348.795
1569493349.045
1569493349.295
1569493349.545
1569493349.795
1569493350.045
1569493350.295
1569493350.545
1569493350.795
1569493351.045
1569493351.295
1569493351.545
1569493351.795
1569493352.045
1569493352.295
1569493352.545
1569493352.795
1569493353.045
1569493353.295
1569493353.545
1569493353.795
1569493354.045
1569493354.295
1569493354.545
1569493354.795
1569493355.045
1569493355.295
1569493355.545
1569493355.795
1569493356.045
1569493356.295
1569493356.545
1569493356.795
1569493357.045
1569493357.295
1569493357.545
1569493357.795
1569493358.045
1569493358.295
1569493358.545
1569493358.795
1569493359.045
1569493359.295
1569493359.545
1569493359.795
1569493360.045
1569493360.295
1569493360.545
1569493360.795
1569493361.045
1569493361.295
1569493361.545
1569493361.795
1569493362.045
1569493362.295
1569493362.545
1569493362.795
1569493363.045
1569493363.295
1569493363.545
1569493363.795
1569493364.045
1569493364.295
1569493364.545
1569493364.795
1569493365.045
1569493365.295
1569493365.545
1569493365.795
1569493366.045
1569493366.295
1569493366.545
1569493366.795
1569493367.045
1569493367.295
1569493367.545
1569493367.795
1569493368.045
1569493368.295
1569493368.545
1569493368.795
1569493369.045
1569493369.295
1569493369.545
1569493369.795
1569493370.045
1569493370.295
1569493370.545
1569493370.795
1569493371.045
1569493371.295
1569493371.545
1569493371.795
1569493372.045
1569493372.295
1569493372.545
1569493372.795
1569493373.045
1569493373.295
1569493373.545
1569493373.795
1569493374.045
1569493374.295
1569493374.545
1569493374.795
1569493375.045
1569493375.295
1569493375.545
1569493375.795
1569493376.045
1569493376.295
1569493376.545
1569493376.795
1569493377.045
1569493377.295
1569493377.545
1569493377.795
1569493378.045
1569493378.295
1569493378.545
1569493378.795
1569493379.045
1569493379.295
1569493379.545
1569493379.795
1569493380.045
1569493380.295
1569493380.545
1569493380.795
1569493381.045
1569493381.295
1569493381.545
1569493381.795
1569493382.045
1569493382.295
1569493382.545
1569493382.795
1569493383.045
1569493383.295
1569493383.545
1569493383.795
1569493384.045
1569493384.295
1569493384.545
1569493384.795
1569493385.045
1569493385.295
1569493385.545
1569493385.795
1569493386.045
1569493386.295
1569493386.545
1569493386.795
1569493387.045
1569493387.295
1569493387.545
1569493387.795
1569493388.045
1569493388.295
1569493388.545
1569493388.795
1569493389.045
1569493389.295
1569493389.545
1569493389.795
1569493390.045
1569493390.295
1569493390.545
1569493390.795
1569493391.045
1569493391.295
1569493391.545
1569493391.795
1569493392.045
1569493392.295
1569493392.545
1569493392.795
1569493393.045
1569493393.295
1569493393.545
1569493393.795
1569493394.045
1569493394.295
1569493394.545
1569493394.795
1569493395.045
1569493395.295
1569493395.545
1569493395.795
1569493396.045
1569493396.295
1569493396.545
1569493396.795
1569493397.045
1569493397.295
1569493397.545
1569493397.795
1569493398.045
1569493398.295
1569493398.545
1569493398.795
1569493399.045
1569493399.295
1569493399.545
1569493399.795
1569493400.045
1569493400.295
1569493400.545
1569493400.795
1569493401.045
1569493401.295
1569493401.545
1569493401.795
1569493402.045
1569493402.295
1569493402.545
1569493402.795
1569493403.045
1569493403.295
1569493403.545
1569493403.795
1569493404.045
1569493404.295
1569493404.545
1569493404.795
1569493405.045
1569493405.295
1569493405.545
1569493405.795
1569493406.045
1569493406.295
1569493406.545
1569493406.795
1569493407.045
1569493407.295
1569493407.545
1569493407.795
1569493408.045
1569493408.295
1569493408.545
1569493408.795
1569493409.045
1569493409.295
1569493409.545
1569493409.795
1569493410.045
1569493410.295
1569493410.545
1569493410.795
1569493411.045
1569493411.295
1569493411.545
1569493411.795
1569493412.045
1569493412.295
1569493412.545
1569493412.795
1569493413.045
1569493413.295
1569493413.545
1569493413.795
1569493414.045
1569493414.295
1569493414.545
1569493414.795
1569493415.045
1569493415.295
1569493415.545
1569493415.795
1569493416.045
1569493416.295
1569493416.545
1569493416.795
1569493417.045
1569493417.295
1569493417.545
1569493417.795
1569493418.045
1569493418.295
1569493418.545
1569493418.795
1569493419.045
1569493419.295
1569493419.545
1569493419.795
1569493420.045
1569493420.295
1569493420.545
1569493420.795
1569493421.045
1569493421.295
1569493421.545
1569493421.795
1569493422.045
1569493422.295
1569493422.545
1569493422.795
1569493423.045
1569493423.295
1569493423.545
1569493423.795
1569493424.045
1569493424.295
1569493424.545
1569493424.795
1569493425.045
1569493425.295
1569493425.545
1569493425.795
1569493426.045
1569493426.295
1569493426.545
1569493426.795
1569493427.045
1569493427.295
1569493427.545
1569493427.795
1569493428.045
1569493428.295
1569493428.545
1569493428.795
1569493429.045
1569493429.295
1569493429.545
1569493429.795
1569493430.045
1569493430.295
1569493430.545
1569493430.795
1569493431.045
1569493431.295
1569493431.545
1569493431.795
1569493432.045
1569493432.295
1569493432.545
1569493432.795
1569493433.045
1569493433.295
1569493433.545
1569493433.795
1569493434.045
1569493434.295
1569493434.545
1569493434.795
1569493435.045
1569493435.295
1569493435.545
1569493435.795
1569493436.045
1569493436.295
1569493436.545
1569493436.795
1569493437.045
1569493437.295
1569493437.545
1569493437.795
1569493438.045
1569493438.295
1569493438.545
1569493438.795
1569493439.045
1569493439.295
1569493439.545
1569493439.795
1569493440.045
1569493440.295
1569493440.545
1569493440.795
1569493441.045
1569493441.295
1569493441.545
1569493441.795
1569493442.045
1569493442.295
1569493442.545
1569493442.795
1569493443.045
1569493443.295
1569493443.545
1569493443.795
1569493444.045
1569493444.295
1569493444.545
1569493444.795
1569493445.045
1569493445.295
1569493445.545
1569493445.795
1569493446.045
1569493446.295
1569493446.545
1569493446.795
1569493447.045
1569493447.295
1569493447.545
1569493447.795
1569493448.045
1569493448.295
1569493448.545
1569493448.795
1569493449.045
1569493449.295
1569493449.545
1569493449.795
1569493450.045
1569493450.295
1569493450.545
1569493450.795
1569493451.045
1569493451.295
1569493451.545
1569493451.795
1569493452.045
1569493452.295
1569493452.545
1569493452.795
1569493453.045
1569493453.295
1569493453.545
1569493453.795
1569493454.045
1569493454.295
1569493454.545
1569493454.795
1569493455.045
1569493455.295
1569493455.545
1569493455.795
1569493456.045
1569493456.295
1569493456.545
1569493456.795
1569493457.045
1569493457.295
1569493457.545
1569493457.795
1569493458.045
1569493458.295
1569493458.545
1569493458.795
1569493459.045
1569493459.295
1569493459.545
1569493459.795
1569493460.045
1569493460.295
1569493460.545
1569493460.795
1569493461.045
1569493461.295
1569493461.545
1569493461.795
1569493462.045
1569493462.295
1569493462.545
1569493462.795
1569493463.045
1569493463.295
1569493463.545
1569493463.795
1569493464.045
1569493464.295
1569493464.545
1569493464.795
1569493465.045
1569493465.295
1569493465.545
1569493465.795
1569493466.045
1569493466.295
1569493466.545
1569493466.795
1569493467.045
1569493467.295
1569493467.545
1569493467.795
1569493468.045
1569493468.295
1569493468.545
1569493468.795
1569493469.045
1569493469.295
1569493469.545
1569493469.795
1569493470.045
1569493470.295
1569493470.545
1569493470.795
1569493471.045
1569493471.295
1569493471.545
1569493471.795
1569493472.045
1569493472.295
1569493472.545
1569493472.795
1569493473.045
1569493473.295
1569493473.545
1569493473.795
1569493474.045
1569493474.295
1569493474.545
1569493474.795
1569493475.045
1569493475.295
1569493475.545
1569493475.795
1569493476.045
1569493476.295
1569493476.545
1569493476.795
1569493477.045
1569493477.295
1569493477.545
1569493477.795
1569493478.045
1569493478.295
1569493478.545
1569493478.795
1569493479.045
1569493479.295
1569493479.545
1569493479.795
1569493480.045
1569493480.295
1569493480.545
1569493480.795
1569493481.045
1569493481.295
1569493481.545
1569493481.795
1569493482.045
1569493482.295
1569493482.545
1569493482.795
1569493483.045
1569493483.295
1569493483.545
1569493483.795
1569493484.045
1569493484.295
1569493484.545
1569493484.795
1569493485.045
1569493485.295
1569493485.545
1569493485.795
1569493486.045
1569493486.295
1569493486.545
1569493486.795
1569493487.045
1569493487.295
1569493487.545
1569493487.795
1569493488.045
1569493488.295
1569493488.545
1569493488.795
1569493489.045
1569493489.295
1569493489.545
1569493489.795
1569493490.045
1569493490.295
1569493490.545
1569493490.795
1569493491.045
1569493491.295
1569493491.545
1569493491.795
1569493492.045
1569493492.295
1569493492.545
1569493492.795
1569493493.045
1569493493.295
1569493493.545
1569493493.795
1569493494.045
1569493494.295
1569493494.545
1569493494.795
1569493495.045
1569493495.295
1569493495.545
1569493495.795
1569493496.045
1569493496.295
1569493496.545
1569493496.795
1569493497.045
1569493497.295
1569493497.545
1569493497.795
1569493498.045
1569493498.295
1569493498.545
1569493498.795
1569493499.045
1569493499.295
1569493499.545
1569493499.795
1569493500.045
1569493500.295
1569493500.545
1569493500.795
1569493501.045
1569493501.295
1569493501.545
1569493501.795
1569493502.045
1569493502.295
1569493502.545
1569493502.795
1569493503.045
1569493503.295
1569493503.545
1569493503.795
1569493504.045
1569493504.295
1569493504.545
1569493504.795
1569493505.045
1569493505.295
1569493505.545
1569493505.795
1569493506.045
1569493506.295
1569493506.545
1569493506.795
1569493507.045
1569493507.295
1569493507.545
1569493507.795
1569493508.045
1569493508.295
1569493508.545
1569493508.795
1569493509.045
1569493509.295
1569493509.545
1569493509.795
1569493510.045
1569493510.295
1569493510.545
1569493510.795
1569493511.045
1569493511.295
1569493511.545
1569493511.795
1569493512.045
1569493512.295
1569493512.545
1569493512.795
1569493513.045
1569493513.295
1569493513.545
1569493513.795
1569493514.045
1569493514.295
1569493514.545
1569493514.795
1569493515.045
1569493515.295
1569493515.545
1569493515.795
1569493516.045
1569493516.295
1569493516.545
1569493516.795
1569493517.045
1569493517.295
1569493517.545
1569493517.795
1569493518.045
1569493518.295
1569493518.545
1569493518.795
1569493519.045
1569493519.295
1569493519.545
1569493519.795
1569493520.045
1569493520.295
1569493520.545
1569493520.795
1569493521.045
1569493521.295
1569493521.545
1569493521.795
1569493522.045
1569493522.295
1569493522.545
1569493522.795
1569493523.045
1569493523.295
1569493523.545
1569493523.795
1569493524.045
1569493524.295
1569493524.545
1569493524.795
1569493525.045
1569493525.295
1569493525.545
1569493525.795
1569493526.045
1569493526.295
1569493526.545
1569493526.795
1569493527.045
1569493527.295
1569493527.545
1569493527.795
1569493528.045
1569493528.295
1569493528.545
1569493528.795
1569493529.045
1569493529.295
1569493529.545
1569493529.795
1569493530.045
1569493530.295
1569493530.545
1569493530.795
1569493531.045
1569493531.295
1569493531.545
1569493531.795
1569493532.045
1569493532.295
1569493532.545
1569493532.795
1569493533.045
1569493533.295
1569493533.545
1569493533.795
1569493534.045
1569493534.295
1569493534.545
1569493534.795
1569493535.045
1569493535.295
1569493535.545
1569493535.795
1569493536.045
1569493536.295
1569493536.545
1569493536.795
1569493537.045
1569493537.295
1569493537.545
1569493537.795
1569493538.045
1569493538.295
1569493538.545
1569493538.795
1569493539.045
1569493539.295
1569493539.545
1569493539.795
1569493540.045
1569493540.295
1569493540.545
1569493540.795
1569493541.045
1569493541.295
1569493541.545
1569493541.795
1569493542.045
