1569491613.295
1569491613.545
1569491613.795
1569491614.045
1569491614.295
1569491614.545
1569491614.795
1569491615.045
1569491615.295
1569491615.545
1569491615.795
1569491616.045
1569491616.295
1569491616.545
1569491616.795
1569491617.045
1569491617.295
1569491617.545
1569491617.795
1569491618.045
1569491618.295
1569491618.545
1569491618.795
1569491619.045
1569491619.295
1569491619.545
1569491619.795
1569491620.045
1569491620.295
1569491620.545
1569491620.795
1569491621.045
1569491621.295
1569491621.545
1569491621.795
1569491622.045
1569491622.295
1569491622.545
1569491622.795
1569491623.045
1569491623.295
1569491623.545
1569491623.795
1569491624.045
1569491624.295
1569491624.545
1569491624.795
1569491625.045
1569491625.295
1569491625.545
1569491625.795
1569491626.045
1569491626.295
1569491626.545
1569491626.795
1569491627.045
1569491627.295
1569491627.545
1569491627.795
1569491628.045
1569491628.295
1569491628.545
1569491628.795
1569491629.045
1569491629.295
1569491629.545
1569491629.795
1569491630.045
1569491630.295
1569491630.545
1569491630.795
1569491631.045
1569491631.295
1569491631.545
1569491631.795
1569491632.045
1569491632.295
1569491632.545
1569491632.795
1569491633.045
1569491633.295
1569491633.545
1569491633.795
1569491634.045
1569491634.295
1569491634.545
1569491634.795
1569491635.045
1569491635.295
1569491635.545
1569491635.795
1569491636.045
1569491636.295
1569491636.545
1569491636.795
1569491637.045
1569491637.295
1569491637.545
1569491637.795
1569491638.045
1569491638.295
1569491638.545
1569491638.795
1569491639.045
1569491639.295
1569491639.545
1569491639.795
1569491640.045
1569491640.295
1569491640.545
1569491640.795
1569491641.045
1569491641.295
1569491641.545
1569491641.795
1569491642.045
1569491642.295
1569491642.545
1569491642.795
1569491643.045
1569491643.295
1569491643.545
1569491643.795
1569491644.045
1569491644.295
1569491644.545
1569491644.795
1569491645.045
1569491645.295
1569491645.545
1569491645.795
1569491646.045
1569491646.295
1569491646.545
1569491646.795
1569491647.045
1569491647.295
1569491647.545
1569491647.795
1569491648.045
1569491648.295
1569491648.545
1569491648.795
1569491649.045
1569491649.295
1569491649.545
1569491649.795
1569491650.045
1569491650.295
1569491650.545
1569491650.795
1569491651.045
1569491651.295
1569491651.545
1569491651.795
1569491652.045
1569491652.295
1569491652.545
1569491652.795
1569491653.045
1569491653.295
1569491653.545
1569491653.795
1569491654.045
1569491654.295
1569491654.545
1569491654.795
1569491655.045
1569491655.295
1569491655.545
1569491655.795
1569491656.045
1569491656.295
1569491656.545
1569491656.795
1569491657.045
1569491657.295
1569491657.545
1569491657.795
1569491658.045
1569491658.295
1569491658.545
1569491658.795
1569491659.045
1569491659.295
1569491659.545
1569491659.795
1569491660.045
1569491660.295
1569491660.545
1569491660.795
1569491661.045
1569491661.295
1569491661.545
1569491661.795
1569491662.045
1569491662.295
1569491662.545
1569491662.795
1569491663.045
1569491663.295
1569491663.545
1569491663.795
1569491664.045
1569491664.295
1569491664.545
1569491664.795
1569491665.045
1569491665.295
1569491665.545
1569491665.795
1569491666.045
1569491666.295
1569491666.545
1569491666.795
1569491667.045
1569491667.295
1569491667.545
1569491667.795
1569491668.045
1569491668.295
1569491668.545
1569491668.795
1569491669.045
1569491669.295
1569491669.545
1569491669.795
1569491670.045
1569491670.295
1569491670.545
1569491670.795
1569491671.045
1569491671.295
1569491671.545
1569491671.795
1569491672.045
1569491672.295
1569491672.545
1569491672.795
1569491673.045
1569491673.295
1569491673.545
1569491673.795
1569491674.045
1569491674.295
1569491674.545
1569491674.795
1569491675.045
1569491675.295
1569491675.545
1569491675.795
1569491676.045
1569491676.295
1569491676.545
1569491676.795
1569491677.045
1569491677.295
1569491677.545
1569491677.795
1569491678.045
1569491678.295
1569491678.545
1569491678.795
1569491679.045
1569491679.295
1569491679.545
1569491679.795
1569491680.045
1569491680.295
1569491680.545
1569491680.795
1569491681.045
1569491681.295
1569491681.545
1569491681.795
1569491682.045
1569491682.295
1569491682.545
1569491682.795
1569491683.045
1569491683.295
1569491683.545
1569491683.795
1569491684.045
1569491684.295
1569491684.545
1569491684.795
1569491685.045
1569491685.295
1569491685.545
1569491685.795
1569491686.045
1569491686.295
1569491686.545
1569491686.795
1569491687.045
1569491687.295
1569491687.545
1569491687.795
1569491688.045
1569491688.295
1569491688.545
1569491688.795
1569491689.045
1569491689.295
1569491689.545
1569491689.795
1569491690.045
1569491690.295
1569491690.545
1569491690.795
1569491691.045
1569491691.295
1569491691.545
1569491691.795
1569491692.045
1569491692.295
1569491692.545
1569491692.795
1569491693.045
1569491693.295
1569491693.545
1569491693.795
1569491694.045
1569491694.295
1569491694.545
1569491694.795
1569491695.045
1569491695.295
1569491695.545
1569491695.795
1569491696.045
1569491696.295
1569491696.545
1569491696.795
1569491697.045
1569491697.295
1569491697.545
1569491697.795
1569491698.045
1569491698.295
1569491698.545
1569491698.795
1569491699.045
1569491699.295
1569491699.545
1569491699.795
1569491700.045
1569491700.295
1569491700.545
1569491700.795
1569491701.045
1569491701.295
1569491701.545
1569491701.795
1569491702.045
1569491702.295
1569491702.545
1569491702.795
1569491703.045
1569491703.295
1569491703.545
1569491703.795
1569491704.045
1569491704.295
1569491704.545
1569491704.795
1569491705.045
1569491705.295
1569491705.545
1569491705.795
1569491706.045
1569491706.295
1569491706.545
1569491706.795
1569491707.045
1569491707.295
1569491707.545
1569491707.795
1569491708.045
1569491708.295
1569491708.545
1569491708.795
1569491709.045
1569491709.295
1569491709.545
1569491709.795
1569491710.045
1569491710.295
1569491710.545
1569491710.795
1569491711.045
1569491711.295
1569491711.545
1569491711.795
1569491712.045
1569491712.295
1569491712.545
1569491712.795
1569491713.045
1569491713.295
1569491713.545
1569491713.795
1569491714.045
1569491714.295
1569491714.545
1569491714.795
1569491715.045
1569491715.295
1569491715.545
1569491715.795
1569491716.045
1569491716.295
1569491716.545
1569491716.795
1569491717.045
1569491717.295
1569491717.545
1569491717.795
1569491718.045
1569491718.295
1569491718.545
1569491718.795
1569491719.045
1569491719.295
1569491719.545
1569491719.795
1569491720.045
1569491720.295
1569491720.545
1569491720.795
1569491721.045
1569491721.295
1569491721.545
1569491721.795
1569491722.045
1569491722.295
1569491722.545
1569491722.795
1569491723.045
1569491723.295
1569491723.545
1569491723.795
1569491724.045
1569491724.295
1569491724.545
1569491724.795
1569491725.045
1569491725.295
1569491725.545
1569491725.795
1569491726.045
1569491726.295
1569491726.545
1569491726.795
1569491727.045
1569491727.295
1569491727.545
1569491727.795
1569491728.045
1569491728.295
1569491728.545
1569491728.795
1569491729.045
1569491729.295
1569491729.545
1569491729.795
1569491730.045
1569491730.295
1569491730.545
1569491730.795
1569491731.045
1569491731.295
1569491731.545
1569491731.795
1569491732.045
1569491732.295
1569491732.545
1569491732.795
1569491733.045
1569491733.295
1569491733.545
1569491733.795
1569491734.045
1569491734.295
1569491734.545
1569491734.795
1569491735.045
1569491735.295
1569491735.545
1569491735.795
1569491736.045
1569491736.295
1569491736.545
1569491736.795
1569491737.045
1569491737.295
1569491737.545
1569491737.795
1569491738.045
1569491738.295
1569491738.545
1569491738.795
1569491739.045
1569491739.295
1569491739.545
1569491739.795
1569491740.045
1569491740.295
1569491740.545
1569491740.795
1569491741.045
1569491741.295
1569491741.545
1569491741.795
1569491742.045
1569491742.295
1569491742.545
1569491742.795
1569491743.045
1569491743.295
1569491743.545
1569491743.795
1569491744.045
1569491744.295
1569491744.545
1569491744.795
1569491745.045
1569491745.295
1569491745.545
1569491745.795
1569491746.045
1569491746.295
1569491746.545
1569491746.795
1569491747.045
1569491747.295
1569491747.545
1569491747.795
1569491748.045
1569491748.295
1569491748.545
1569491748.795
1569491749.045
1569491749.295
1569491749.545
1569491749.795
1569491750.045
1569491750.295
1569491750.545
1569491750.795
1569491751.045
1569491751.295
1569491751.545
1569491751.795
1569491752.045
1569491752.295
1569491752.545
1569491752.795
1569491753.045
1569491753.295
1569491753.545
1569491753.795
1569491754.045
1569491754.295
1569491754.545
1569491754.795
1569491755.045
1569491755.295
1569491755.545
1569491755.795
1569491756.045
1569491756.295
1569491756.545
1569491756.795
1569491757.045
1569491757.295
1569491757.545
1569491757.795
1569491758.045
1569491758.295
1569491758.545
1569491758.795
1569491759.045
1569491759.295
1569491759.545
1569491759.795
1569491760.045
1569491760.295
1569491760.545
1569491760.795
1569491761.045
1569491761.295
1569491761.545
1569491761.795
1569491762.045
1569491762.295
1569491762.545
1569491762.795
1569491763.045
1569491763.295
1569491763.545
1569491763.795
1569491764.045
1569491764.295
1569491764.545
1569491764.795
1569491765.045
1569491765.295
1569491765.545
1569491765.795
1569491766.045
1569491766.295
1569491766.545
1569491766.795
1569491767.045
1569491767.295
1569491767.545
1569491767.795
1569491768.045
1569491768.295
1569491768.545
1569491768.795
1569491769.045
1569491769.295
1569491769.545
1569491769.795
1569491770.045
1569491770.295
1569491770.545
1569491770.795
1569491771.045
1569491771.295
1569491771.545
1569491771.795
1569491772.045
1569491772.295
1569491772.545
1569491772.795
1569491773.045
1569491773.295
1569491773.545
1569491773.795
1569491774.045
1569491774.295
1569491774.545
1569491774.795
1569491775.045
1569491775.295
1569491775.545
1569491775.795
1569491776.045
1569491776.295
1569491776.545
1569491776.795
1569491777.045
1569491777.295
1569491777.545
1569491777.795
1569491778.045
1569491778.295
1569491778.545
1569491778.795
1569491779.045
1569491779.295
1569491779.545
1569491779.795
1569491780.045
1569491780.295
1569491780.545
1569491780.795
1569491781.045
1569491781.295
1569491781.545
1569491781.795
1569491782.045
1569491782.295
1569491782.545
1569491782.795
1569491783.045
1569491783.295
1569491783.545
1569491783.795
1569491784.045
1569491784.295
1569491784.545
1569491784.795
1569491785.045
1569491785.295
1569491785.545
1569491785.795
1569491786.045
1569491786.295
1569491786.545
1569491786.795
1569491787.045
1569491787.295
1569491787.545
1569491787.795
1569491788.045
1569491788.295
1569491788.545
1569491788.795
1569491789.045
1569491789.295
1569491789.545
1569491789.795
1569491790.045
1569491790.295
1569491790.545
1569491790.795
1569491791.045
1569491791.295
1569491791.545
1569491791.795
1569491792.045
1569491792.295
1569491792.545
1569491792.795
1569491793.045
1569491793.295
1569491793.545
1569491793.795
1569491794.045
1569491794.295
1569491794.545
1569491794.795
1569491795.045
1569491795.295
1569491795.545
1569491795.795
1569491796.045
1569491796.295
1569491796.545
1569491796.795
1569491797.045
1569491797.295
1569491797.545
1569491797.795
1569491798.045
1569491798.295
1569491798.545
1569491798.795
1569491799.045
1569491799.295
1569491799.545
1569491799.795
1569491800.045
1569491800.295
1569491800.545
1569491800.795
1569491801.045
1569491801.295
1569491801.545
1569491801.795
1569491802.045
1569491802.295
1569491802.545
1569491802.795
1569491803.045
1569491803.295
1569491803.545
1569491803.795
1569491804.045
1569491804.295
1569491804.545
1569491804.795
1569491805.045
1569491805.295
1569491805.545
1569491805.795
1569491806.045
1569491806.295
1569491806.545
1569491806.795
1569491807.045
1569491807.295
1569491807.545
1569491807.795
1569491808.045
1569491808.295
1569491808.545
1569491808.795
1569491809.045
1569491809.295
1569491809.545
1569491809.795
1569491810.045
1569491810.295
1569491810.545
1569491810.795
1569491811.045
1569491811.295
1569491811.545
1569491811.795
1569491812.045
1569491812.295
1569491812.545
1569491812.795
1569491813.045
1569491813.295
1569491813.545
1569491813.795
1569491814.045
1569491814.295
1569491814.545
1569491814.795
1569491815.045
1569491815.295
1569491815.545
1569491815.795
1569491816.045
1569491816.295
1569491816.545
1569491816.795
1569491817.045
1569491817.295
1569491817.545
1569491817.795
1569491818.045
1569491818.295
1569491818.545
1569491818.795
1569491819.045
1569491819.295
1569491819.545
1569491819.795
1569491820.045
1569491820.295
1569491820.545
1569491820.795
1569491821.045
1569491821.295
1569491821.545
1569491821.795
1569491822.045
1569491822.295
1569491822.545
1569491822.795
1569491823.045
1569491823.295
1569491823.545
1569491823.795
1569491824.045
1569491824.295
1569491824.545
1569491824.795
1569491825.045
1569491825.295
1569491825.545
1569491825.795
1569491826.045
1569491826.295
1569491826.545
1569491826.795
1569491827.045
1569491827.295
1569491827.545
1569491827.795
1569491828.045
1569491828.295
1569491828.545
1569491828.795
1569491829.045
1569491829.295
1569491829.545
1569491829.795
1569491830.045
1569491830.295
1569491830.545
1569491830.795
1569491831.045
1569491831.295
1569491831.545
1569491831.795
1569491832.045
1569491832.295
1569491832.545
1569491832.795
1569491833.045
1569491833.295
1569491833.545
1569491833.795
1569491834.045
1569491834.295
1569491834.545
1569491834.795
1569491835.045
1569491835.295
1569491835.545
1569491835.795
1569491836.045
1569491836.295
1569491836.545
1569491836.795
1569491837.045
1569491837.295
1569491837.545
1569491837.795
1569491838.045
1569491838.295
1569491838.545
1569491838.795
1569491839.045
1569491839.295
1569491839.545
1569491839.795
1569491840.045
1569491840.295
1569491840.545
1569491840.795
1569491841.045
1569491841.295
1569491841.545
1569491841.795
1569491842.045
1569491842.295
1569491842.545
1569491842.795
1569491843.045
1569491843.295
1569491843.545
1569491843.795
1569491844.045
1569491844.295
1569491844.545
1569491844.795
1569491845.045
1569491845.295
1569491845.545
1569491845.795
1569491846.045
1569491846.295
1569491846.545
1569491846.795
1569491847.045
1569491847.295
1569491847.545
1569491847.795
1569491848.045
1569491848.295
1569491848.545
1569491848.795
1569491849.045
1569491849.295
1569491849.545
1569491849.795
1569491850.045
1569491850.295
1569491850.545
1569491850.795
1569491851.045
1569491851.295
1569491851.545
1569491851.795
1569491852.045
1569491852.295
1569491852.545
1569491852.795
1569491853.045
1569491853.295
1569491853.545
1569491853.795
1569491854.045
1569491854.295
1569491854.545
1569491854.795
1569491855.045
1569491855.295
1569491855.545
1569491855.795
1569491856.045
1569491856.295
1569491856.545
1569491856.795
1569491857.045
1569491857.295
1569491857.545
1569491857.795
1569491858.045
1569491858.295
1569491858.545
1569491858.795
1569491859.045
1569491859.295
1569491859.545
1569491859.795
1569491860.045
1569491860.295
1569491860.545
1569491860.795
1569491861.045
1569491861.295
1569491861.545
1569491861.795
1569491862.045
1569491862.295
1569491862.545
1569491862.795
1569491863.045
1569491863.295
1569491863.545
1569491863.795
1569491864.045
1569491864.295
1569491864.545
1569491864.795
1569491865.045
1569491865.295
1569491865.545
1569491865.795
1569491866.045
1569491866.295
1569491866.545
1569491866.795
1569491867.045
1569491867.295
1569491867.545
1569491867.795
1569491868.045
1569491868.295
1569491868.545
1569491868.795
1569491869.045
1569491869.295
1569491869.545
1569491869.795
1569491870.045
1569491870.295
1569491870.545
1569491870.795
1569491871.045
1569491871.295
1569491871.545
1569491871.795
1569491872.045
1569491872.295
1569491872.545
1569491872.795
1569491873.045
1569491873.295
1569491873.545
1569491873.795
1569491874.045
1569491874.295
1569491874.545
1569491874.795
1569491875.045
1569491875.295
1569491875.545
1569491875.795
1569491876.045
1569491876.295
1569491876.545
1569491876.795
1569491877.045
1569491877.295
1569491877.545
1569491877.795
1569491878.045
1569491878.295
1569491878.545
1569491878.795
1569491879.045
1569491879.295
1569491879.545
1569491879.795
1569491880.045
1569491880.295
1569491880.545
1569491880.795
1569491881.045
1569491881.295
1569491881.545
1569491881.795
1569491882.045
1569491882.295
1569491882.545
1569491882.795
1569491883.045
1569491883.295
1569491883.545
1569491883.795
1569491884.045
1569491884.295
1569491884.545
1569491884.795
1569491885.045
1569491885.295
1569491885.545
1569491885.795
1569491886.045
1569491886.295
1569491886.545
1569491886.795
1569491887.045
1569491887.295
1569491887.545
1569491887.795
1569491888.045
1569491888.295
1569491888.545
1569491888.795
1569491889.045
1569491889.295
1569491889.545
1569491889.795
1569491890.045
1569491890.295
1569491890.545
1569491890.795
1569491891.045
1569491891.295
1569491891.545
1569491891.795
1569491892.045
1569491892.295
1569491892.545
1569491892.795
1569491893.045
1569491893.295
1569491893.545
1569491893.795
1569491894.045
1569491894.295
1569491894.545
1569491894.795
1569491895.045
1569491895.295
1569491895.545
1569491895.795
1569491896.045
1569491896.295
1569491896.545
1569491896.795
1569491897.045
1569491897.295
1569491897.545
1569491897.795
1569491898.045
1569491898.295
1569491898.545
1569491898.795
1569491899.045
1569491899.295
1569491899.545
1569491899.795
1569491900.045
1569491900.295
1569491900.545
1569491900.795
1569491901.045
1569491901.295
1569491901.545
1569491901.795
1569491902.045
1569491902.295
1569491902.545
1569491902.795
1569491903.045
1569491903.295
1569491903.545
1569491903.795
1569491904.045
1569491904.295
1569491904.545
1569491904.795
1569491905.045
1569491905.295
1569491905.545
1569491905.795
1569491906.045
1569491906.295
1569491906.545
1569491906.795
1569491907.045
1569491907.295
1569491907.545
1569491907.795
1569491908.045
1569491908.295
1569491908.545
1569491908.795
1569491909.045
1569491909.295
1569491909.545
1569491909.795
1569491910.045
1569491910.295
1569491910.545
1569491910.795
1569491911.045
1569491911.295
1569491911.545
1569491911.795
1569491912.045
1569491912.295
1569491912.545
1569491912.795
1569491913.045
