32.13
32.13
32.13
32.13
32.13
32.13
32.13
32.13
32.15
32.15
32.15
32.15
32.15
32.15
32.15
32.15
32.15
32.15
32.15
32.15
32.15
32.15
32.15
32.15
32.15
32.15
32.15
32.15
32.15
32.15
32.15
32.15
32.17
32.17
32.17
32.17
32.15
32.15
32.15
32.15
32.15
32.15
32.15
32.15
32.15
32.15
32.15
32.15
32.15
32.15
32.15
32.15
32.17
32.17
32.17
32.17
32.15
32.15
32.15
32.15
32.13
32.13
32.13
32.13
32.15
32.15
32.15
32.15
32.15
32.15
32.15
32.15
32.15
32.15
32.15
32.15
32.15
32.15
32.15
32.15
32.17
32.17
32.17
32.17
32.17
32.17
32.17
32.17
32.17
32.17
32.17
32.17
32.15
32.15
32.15
32.15
32.15
32.15
32.15
32.15
32.17
32.17
32.17
32.17
32.15
32.15
32.15
32.15
32.19
32.19
32.19
32.19
32.17
32.17
32.17
32.17
32.19
32.19
32.19
32.19
32.17
32.17
32.17
32.17
32.17
32.17
32.17
32.17
32.17
32.17
32.17
32.17
32.19
32.19
32.19
32.19
32.19
32.19
32.19
32.19
32.19
32.19
32.19
32.19
32.19
32.19
32.19
32.19
32.17
32.17
32.17
32.17
32.21
32.21
32.21
32.21
32.17
32.17
32.17
32.17
32.19
32.19
32.19
32.19
32.21
32.21
32.21
32.21
32.19
32.19
32.19
32.19
32.19
32.19
32.19
32.19
32.19
32.19
32.19
32.19
32.21
32.21
32.21
32.21
32.21
32.21
32.21
32.21
32.21
32.21
32.21
32.21
32.19
32.19
32.19
32.19
32.19
32.19
32.19
32.19
32.19
32.19
32.19
32.19
32.23
32.23
32.23
32.23
32.19
32.19
32.19
32.19
32.21
32.21
32.21
32.21
32.21
32.21
32.21
32.21
32.23
32.23
32.23
32.23
32.23
32.23
32.23
32.23
32.23
32.23
32.23
32.23
32.21
32.21
32.21
32.21
32.23
32.23
32.23
32.23
32.21
32.21
32.21
32.21
32.23
32.23
32.23
32.23
32.23
32.23
32.23
32.23
32.21
32.21
32.21
32.21
32.23
32.23
32.23
32.23
32.21
32.21
32.21
32.21
32.23
32.23
32.23
32.23
32.23
32.23
32.23
32.23
32.23
32.23
32.23
32.23
32.23
32.23
32.23
32.23
32.27
32.27
32.27
32.27
32.25
32.25
32.25
32.25
32.25
32.25
32.25
32.25
32.27
32.27
32.27
32.27
32.27
32.27
32.27
32.27
32.25
32.25
32.25
32.25
32.25
32.25
32.25
32.25
32.27
32.27
32.27
32.27
32.27
32.27
32.27
32.27
32.27
32.27
32.27
32.27
32.27
32.27
32.27
32.27
32.27
32.27
32.27
32.27
32.27
32.27
32.27
32.27
32.29
32.29
32.29
32.29
32.27
32.27
32.27
32.27
32.29
32.29
32.29
32.29
32.29
32.29
32.29
32.29
32.27
32.27
32.27
32.27
32.29
32.29
32.29
32.29
32.25
32.25
32.25
32.25
32.29
32.29
32.29
32.29
32.31
32.31
32.31
32.31
32.29
32.29
32.29
32.29
32.29
32.29
32.29
32.29
32.29
32.29
32.29
32.29
32.27
32.27
32.27
32.27
32.31
32.31
32.31
32.31
32.31
32.31
32.31
32.31
32.29
32.29
32.29
32.29
32.31
32.31
32.31
32.31
32.31
32.31
32.31
32.31
32.29
32.29
32.29
32.29
32.33
32.33
32.33
32.33
32.31
32.31
32.31
32.31
32.31
32.31
32.31
32.31
32.31
32.31
32.31
32.31
32.31
32.31
32.31
32.31
32.31
32.31
32.31
32.31
32.33
32.33
32.33
32.33
32.31
32.31
32.31
32.31
32.33
32.33
32.33
32.33
32.31
32.31
32.31
32.31
32.33
32.33
32.33
32.33
32.33
32.33
32.33
32.33
32.35
32.35
32.35
32.35
32.33
32.33
32.33
32.33
32.35
32.35
32.35
32.35
32.31
32.31
32.31
32.31
32.35
32.35
32.35
32.35
32.35
32.35
32.35
32.35
32.35
32.35
32.35
32.35
32.35
32.35
32.35
32.35
32.35
32.35
32.35
32.35
32.35
32.35
32.35
32.35
32.37
32.37
32.37
32.37
32.37
32.37
32.37
32.37
32.35
32.35
32.35
32.35
32.37
32.37
32.37
32.37
32.37
32.37
32.37
32.37
32.35
32.35
32.35
32.35
32.37
32.37
32.37
32.37
32.37
32.37
32.37
32.37
32.37
32.37
32.37
32.37
32.37
32.37
32.37
32.37
32.39
32.39
32.39
32.39
32.37
32.37
32.37
32.37
32.37
32.37
32.37
32.37
32.39
32.39
32.39
32.39
32.39
32.39
32.39
32.39
32.39
32.39
32.39
32.39
32.41
32.41
32.41
32.41
32.41
32.41
32.41
32.41
32.39
32.39
32.39
32.39
32.41
32.41
32.41
32.41
32.41
32.41
32.41
32.41
32.39
32.39
32.39
32.39
32.41
32.41
32.41
32.41
32.41
32.41
32.41
32.41
32.41
32.41
32.41
32.41
32.41
32.41
32.41
32.41
32.41
32.41
32.41
32.41
32.43
32.43
32.43
32.43
32.43
32.43
32.43
32.43
32.43
32.43
32.43
32.43
32.43
32.43
32.43
32.43
32.43
32.43
32.43
32.43
32.43
32.43
32.43
32.43
32.41
32.41
32.41
32.41
32.43
32.43
32.43
32.43
32.43
32.43
32.43
32.43
32.43
32.43
32.43
32.43
32.45
32.45
32.45
32.45
32.45
32.45
32.45
32.45
32.45
32.45
32.45
32.45
32.45
32.45
32.45
32.45
32.43
32.43
32.43
32.43
32.45
32.45
32.45
32.45
32.45
32.45
32.45
32.45
32.45
32.45
32.45
32.45
32.47
32.47
32.47
32.47
32.47
32.47
32.47
32.47
32.45
32.45
32.45
32.45
32.49
32.49
32.49
32.49
32.45
32.45
32.45
32.45
32.49
32.49
32.49
32.49
32.47
32.47
32.47
32.47
32.47
32.47
32.47
32.47
32.47
32.47
32.47
32.47
32.49
32.49
32.49
32.49
32.49
32.49
32.49
32.49
32.51
32.51
32.51
32.51
32.49
32.49
32.49
32.49
32.47
32.47
32.47
32.47
32.51
32.51
32.51
32.51
32.51
32.51
32.51
32.51
32.47
32.47
32.47
32.47
32.49
32.49
32.49
32.49
32.51
32.51
32.51
32.51
32.53
32.53
32.53
32.53
32.51
32.51
32.51
32.51
32.51
32.51
32.51
32.51
32.51
32.51
32.51
32.51
32.53
32.53
32.53
32.53
32.53
32.53
32.53
32.53
32.53
32.53
32.53
32.53
32.53
32.53
32.53
32.53
32.51
32.51
32.51
32.51
32.53
32.53
32.53
32.53
32.55
32.55
32.55
32.55
32.57
32.57
32.57
32.57
32.55
32.55
32.55
32.55
32.55
32.55
32.55
32.55
32.55
32.55
32.55
32.55
32.55
32.55
32.55
32.55
32.57
32.57
32.57
32.57
32.55
32.55
32.55
32.55
32.55
32.55
32.55
32.55
32.57
32.57
32.57
32.57
32.57
32.57
32.57
32.57
32.57
32.57
32.57
32.57
32.57
32.57
32.57
32.57
32.55
32.55
32.55
32.55
32.59
32.59
32.59
32.59
32.55
32.55
32.55
32.55
32.59
32.59
32.59
32.59
32.57
32.57
32.57
32.57
32.57
32.57
32.57
32.57
32.57
32.57
32.57
32.57
32.61
32.61
32.61
32.61
32.59
32.59
32.59
32.59
32.61
32.61
32.61
32.61
32.63
32.63
32.63
32.63
32.61
32.61
32.61
32.61
32.61
32.61
32.61
32.61
32.59
32.59
32.59
32.59
32.59
32.59
32.59
32.59
32.59
32.59
32.59
32.59
32.61
32.61
32.61
32.61
32.65
32.65
32.65
32.65
32.63
32.63
32.63
32.63
32.63
32.63
32.63
32.63
32.65
32.65
32.65
32.65
32.63
32.63
32.63
32.63
32.63
32.63
32.63
32.63
32.63
32.63
32.63
32.63
32.63
32.63
32.63
32.63
32.65
32.65
32.65
32.65
32.65
32.65
32.65
32.65
32.65
32.65
32.65
32.65
32.65
32.65
32.65
32.65
32.65
32.65
32.65
32.65
32.65
32.65
32.65
32.65
32.67
32.67
32.67
32.67
32.65
32.65
32.65
32.65
32.69
32.69
32.69
32.69
32.67
32.67
32.67
32.67
32.65
32.65
32.65
32.65
32.67
32.67
32.67
32.67
32.67
32.67
32.67
32.67
32.65
32.65
32.65
32.65
32.69
32.69
32.69
32.69
32.69
32.69
32.69
32.69
32.67
32.67
32.67
32.67
32.71
32.71
32.71
32.71
32.69
32.69
32.69
32.69
32.69
32.69
32.69
32.69
32.69
32.69
32.69
32.69
32.71
32.71
32.71
32.71
32.71
32.71
32.71
32.71
32.71
32.71
32.71
32.71
32.71
32.71
32.71
32.71
32.71
32.71
32.71
32.71
32.71
32.71
32.71
32.71
32.71
32.71
32.71
32.71
32.71
32.71
32.71
32.71
32.71
32.71
32.71
32.71
32.71
32.71
32.71
32.71
32.75
32.75
32.75
32.75
32.71
32.71
32.71
32.71
32.73
32.73
32.73
32.73
32.73
32.73
32.73
32.73
32.71
32.71
32.71
32.71
32.73
32.73
32.73
32.73
32.75
32.75
32.75
32.75
32.73
32.73
32.73
32.73
32.75
32.75
32.75
32.75
32.77
32.77
32.77
32.77
32.75
32.75
32.75
32.75
32.77
32.77
32.77
32.77
32.77
32.77
32.77
32.77
32.77
32.77
32.77
32.77
32.77
32.77
32.77
32.77
32.79
32.79
32.79
32.79
32.77
32.77
32.77
32.77
32.77
32.77
32.77
32.77
32.77
32.77
32.77
32.77
32.77
32.77
32.77
32.77
32.75
32.75
32.75
32.75
32.79
32.79
32.79
32.79
32.79
32.79
32.79
32.79
32.79
32.79
32.79
32.79
32.81
32.81
32.81
32.81
32.79
32.79
32.79
32.79
32.79
32.79
32.79
32.79
32.79
32.79
32.79
32.79
32.79
32.79
32.79
32.79
32.81
32.81
32.81
32.81
32.81
32.81
32.81
32.81
32.81
32.81
32.81
32.81
32.79
32.79
32.79
32.79
