1569494327.62901
1569494327.87902
1569494328.12903
1569494328.37904
1569494328.62905
1569494328.87906
1569494329.12907
1569494329.37909
1569494329.6291
1569494329.87911
1569494330.12912
1569494330.37913
1569494330.62914
1569494330.87916
1569494331.12917
1569494331.37918
1569494331.62919
1569494331.8792
1569494332.12921
1569494332.37923
1569494332.62924
1569494332.87925
1569494333.12926
1569494333.37927
1569494333.62928
1569494333.87929
1569494334.12931
1569494334.37932
1569494334.62933
1569494334.87934
1569494335.12935
1569494335.37936
1569494335.62938
1569494335.87939
1569494336.1294
1569494336.37941
1569494336.62942
1569494336.87943
1569494337.12944
1569494337.37946
1569494337.62947
1569494337.87948
1569494338.12949
1569494338.3795
1569494338.62951
1569494338.87953
1569494339.12954
1569494339.37955
1569494339.62956
1569494339.87957
1569494340.12958
1569494340.3796
1569494340.62961
1569494340.87962
1569494341.12963
1569494341.37964
1569494341.62965
1569494341.87966
1569494342.12968
1569494342.37969
1569494342.6297
1569494342.87971
1569494343.12972
1569494343.37973
1569494343.62975
1569494343.87976
1569494344.12977
1569494344.37978
1569494344.62979
1569494344.8798
1569494345.12982
1569494345.37983
1569494345.62984
1569494345.87985
1569494346.12986
1569494346.37987
1569494346.62988
1569494346.8799
1569494347.12991
1569494347.37992
1569494347.62993
1569494347.87994
1569494348.12995
1569494348.37997
1569494348.62998
1569494348.87999
1569494349.13
1569494349.38001
1569494349.63002
1569494349.88004
1569494350.13005
1569494350.38006
1569494350.63007
1569494350.88008
1569494351.13009
1569494351.3801
1569494351.63012
1569494351.88013
1569494352.13014
1569494352.38015
1569494352.63016
1569494352.88017
1569494353.13019
1569494353.3802
1569494353.63021
1569494353.88022
1569494354.13023
1569494354.38024
1569494354.63026
1569494354.88027
1569494355.13028
1569494355.38029
1569494355.6303
1569494355.88031
1569494356.13032
1569494356.38034
1569494356.63035
1569494356.88036
1569494357.13037
1569494357.38038
1569494357.63039
1569494357.88041
1569494358.13042
1569494358.38043
1569494358.63044
1569494358.88045
1569494359.13046
1569494359.38048
1569494359.63049
1569494359.8805
1569494360.13051
1569494360.38052
1569494360.63053
1569494360.88054
1569494361.13056
1569494361.38057
1569494361.63058
1569494361.88059
1569494362.1306
1569494362.38061
1569494362.63063
1569494362.88064
1569494363.13065
1569494363.38066
1569494363.63067
1569494363.88068
1569494364.1307
1569494364.38071
1569494364.63072
1569494364.88073
1569494365.13074
1569494365.38075
1569494365.63076
1569494365.88078
1569494366.13079
1569494366.3808
1569494366.63081
1569494366.88082
1569494367.13083
1569494367.38085
1569494367.63086
1569494367.88087
1569494368.13088
1569494368.38089
1569494368.6309
1569494368.88091
1569494369.13093
1569494369.38094
1569494369.63095
1569494369.88096
1569494370.13097
1569494370.38098
1569494370.631
1569494370.88101
1569494371.13102
1569494371.38103
1569494371.63104
1569494371.88105
1569494372.13107
1569494372.38108
1569494372.63109
1569494372.8811
1569494373.13111
1569494373.38112
1569494373.63113
1569494373.88115
1569494374.13116
1569494374.38117
1569494374.63118
1569494374.88119
1569494375.1312
1569494375.38122
1569494375.63123
1569494375.88124
1569494376.13125
1569494376.38126
1569494376.63127
1569494376.88129
1569494377.1313
1569494377.38131
1569494377.63132
1569494377.88133
1569494378.13134
1569494378.38135
1569494378.63137
1569494378.88138
1569494379.13139
1569494379.3814
1569494379.63141
1569494379.88142
1569494380.13144
1569494380.38145
1569494380.63146
1569494380.88147
1569494381.13148
1569494381.38149
1569494381.63151
1569494381.88152
1569494382.13153
1569494382.38154
1569494382.63155
1569494382.88156
1569494383.13157
1569494383.38159
1569494383.6316
1569494383.88161
1569494384.13162
1569494384.38163
1569494384.63164
1569494384.88166
1569494385.13167
1569494385.38168
1569494385.63169
1569494385.8817
1569494386.13171
1569494386.38173
1569494386.63174
1569494386.88175
1569494387.13176
1569494387.38177
1569494387.63178
1569494387.88179
1569494388.13181
1569494388.38182
1569494388.63183
1569494388.88184
1569494389.13185
1569494389.38186
1569494389.63188
1569494389.88189
1569494390.1319
1569494390.38191
1569494390.63192
1569494390.88193
1569494391.13195
1569494391.38196
1569494391.63197
1569494391.88198
1569494392.13199
1569494392.382
1569494392.63201
1569494392.88203
1569494393.13204
1569494393.38205
1569494393.63206
1569494393.88207
1569494394.13208
1569494394.3821
1569494394.63211
1569494394.88212
1569494395.13213
1569494395.38214
1569494395.63215
1569494395.88216
1569494396.13218
1569494396.38219
1569494396.6322
1569494396.88221
1569494397.13222
1569494397.38223
1569494397.63225
1569494397.88226
1569494398.13227
1569494398.38228
1569494398.63229
1569494398.8823
1569494399.13232
1569494399.38233
1569494399.63234
1569494399.88235
1569494400.13236
1569494400.38237
1569494400.63239
1569494400.8824
1569494401.13241
1569494401.38242
1569494401.63243
1569494401.88244
1569494402.13245
1569494402.38247
1569494402.63248
1569494402.88249
1569494403.1325
1569494403.38251
1569494403.63252
1569494403.88254
1569494404.13255
1569494404.38256
1569494404.63257
1569494404.88258
1569494405.13259
1569494405.3826
1569494405.63262
1569494405.88263
1569494406.13264
1569494406.38265
1569494406.63266
1569494406.88267
1569494407.13269
1569494407.3827
1569494407.63271
1569494407.88272
1569494408.13273
1569494408.38274
1569494408.63276
1569494408.88277
1569494409.13278
1569494409.38279
1569494409.6328
1569494409.88281
1569494410.13282
1569494410.38284
1569494410.63285
1569494410.88286
1569494411.13287
1569494411.38288
1569494411.63289
1569494411.88291
1569494412.13292
1569494412.38293
1569494412.63294
1569494412.88295
1569494413.13296
1569494413.38298
1569494413.63299
1569494413.883
1569494414.13301
1569494414.38302
1569494414.63303
1569494414.88304
1569494415.13306
1569494415.38307
1569494415.63308
1569494415.88309
1569494416.1331
1569494416.38311
1569494416.63313
1569494416.88314
1569494417.13315
1569494417.38316
1569494417.63317
1569494417.88318
1569494418.1332
1569494418.38321
1569494418.63322
1569494418.88323
1569494419.13324
1569494419.38325
1569494419.63326
1569494419.88328
1569494420.13329
1569494420.3833
1569494420.63331
1569494420.88332
1569494421.13333
1569494421.38335
1569494421.63336
1569494421.88337
1569494422.13338
1569494422.38339
1569494422.6334
1569494422.88341
1569494423.13343
1569494423.38344
1569494423.63345
1569494423.88346
1569494424.13347
1569494424.38348
1569494424.6335
1569494424.88351
1569494425.13352
1569494425.38353
1569494425.63354
1569494425.88355
1569494426.13357
1569494426.38358
1569494426.63359
1569494426.8836
1569494427.13361
1569494427.38362
1569494427.63364
1569494427.88365
1569494428.13366
1569494428.38367
1569494428.63368
1569494428.88369
1569494429.1337
1569494429.38372
1569494429.63373
1569494429.88374
1569494430.13375
1569494430.38376
1569494430.63377
1569494430.88379
1569494431.1338
1569494431.38381
1569494431.63382
1569494431.88383
1569494432.13384
1569494432.38385
1569494432.63387
1569494432.88388
1569494433.13389
1569494433.3839
1569494433.63391
1569494433.88392
1569494434.13394
1569494434.38395
1569494434.63396
1569494434.88397
1569494435.13398
1569494435.38399
1569494435.63401
1569494435.88402
1569494436.13403
1569494436.38404
1569494436.63405
1569494436.88406
1569494437.13407
1569494437.38409
1569494437.6341
1569494437.88411
1569494438.13412
1569494438.38413
1569494438.63414
1569494438.88416
1569494439.13417
1569494439.38418
1569494439.63419
1569494439.8842
1569494440.13421
1569494440.38423
1569494440.63424
1569494440.88425
1569494441.13426
1569494441.38427
1569494441.63428
1569494441.88429
1569494442.13431
1569494442.38432
1569494442.63433
1569494442.88434
1569494443.13435
1569494443.38436
1569494443.63438
1569494443.88439
1569494444.1344
1569494444.38441
1569494444.63442
1569494444.88443
1569494445.13445
1569494445.38446
1569494445.63447
1569494445.88448
1569494446.13449
1569494446.3845
1569494446.63451
1569494446.88453
1569494447.13454
1569494447.38455
1569494447.63456
1569494447.88457
1569494448.13458
1569494448.3846
1569494448.63461
1569494448.88462
1569494449.13463
1569494449.38464
1569494449.63465
1569494449.88467
1569494450.13468
1569494450.38469
1569494450.6347
1569494450.88471
1569494451.13472
1569494451.38473
1569494451.63475
1569494451.88476
1569494452.13477
1569494452.38478
1569494452.63479
1569494452.8848
1569494453.13482
1569494453.38483
1569494453.63484
1569494453.88485
1569494454.13486
1569494454.38487
1569494454.63489
1569494454.8849
1569494455.13491
1569494455.38492
1569494455.63493
1569494455.88494
1569494456.13495
1569494456.38497
1569494456.63498
1569494456.88499
1569494457.135
1569494457.38501
1569494457.63502
1569494457.88504
1569494458.13505
1569494458.38506
1569494458.63507
1569494458.88508
1569494459.13509
1569494459.3851
1569494459.63512
1569494459.88513
1569494460.13514
1569494460.38515
1569494460.63516
1569494460.88517
1569494461.13519
1569494461.3852
1569494461.63521
1569494461.88522
1569494462.13523
1569494462.38524
1569494462.63526
1569494462.88527
1569494463.13528
1569494463.38529
1569494463.6353
1569494463.88531
1569494464.13532
1569494464.38534
1569494464.63535
1569494464.88536
1569494465.13537
1569494465.38538
1569494465.63539
1569494465.88541
1569494466.13542
1569494466.38543
1569494466.63544
1569494466.88545
1569494467.13546
1569494467.38548
1569494467.63549
1569494467.8855
1569494468.13551
1569494468.38552
1569494468.63553
1569494468.88554
1569494469.13556
1569494469.38557
1569494469.63558
1569494469.88559
1569494470.1356
1569494470.38561
1569494470.63563
1569494470.88564
1569494471.13565
1569494471.38566
1569494471.63567
1569494471.88568
1569494472.1357
1569494472.38571
1569494472.63572
1569494472.88573
1569494473.13574
1569494473.38575
1569494473.63576
1569494473.88578
1569494474.13579
1569494474.3858
1569494474.63581
1569494474.88582
1569494475.13583
1569494475.38585
1569494475.63586
1569494475.88587
1569494476.13588
1569494476.38589
1569494476.6359
1569494476.88592
1569494477.13593
1569494477.38594
1569494477.63595
1569494477.88596
1569494478.13597
1569494478.38598
1569494478.636
1569494478.88601
1569494479.13602
1569494479.38603
1569494479.63604
1569494479.88605
1569494480.13607
1569494480.38608
1569494480.63609
1569494480.8861
1569494481.13611
1569494481.38612
1569494481.63614
1569494481.88615
1569494482.13616
1569494482.38617
1569494482.63618
1569494482.88619
1569494483.1362
1569494483.38622
1569494483.63623
1569494483.88624
1569494484.13625
1569494484.38626
1569494484.63627
1569494484.88629
1569494485.1363
1569494485.38631
1569494485.63632
1569494485.88633
1569494486.13634
1569494486.38636
1569494486.63637
1569494486.88638
1569494487.13639
1569494487.3864
1569494487.63641
1569494487.88642
1569494488.13644
1569494488.38645
1569494488.63646
1569494488.88647
1569494489.13648
1569494489.38649
1569494489.63651
1569494489.88652
1569494490.13653
1569494490.38654
1569494490.63655
1569494490.88656
1569494491.13657
1569494491.38659
1569494491.6366
1569494491.88661
1569494492.13662
1569494492.38663
1569494492.63664
1569494492.88666
1569494493.13667
1569494493.38668
1569494493.63669
1569494493.8867
1569494494.13671
1569494494.38673
1569494494.63674
1569494494.88675
1569494495.13676
1569494495.38677
1569494495.63678
1569494495.88679
1569494496.13681
1569494496.38682
1569494496.63683
1569494496.88684
1569494497.13685
1569494497.38686
1569494497.63688
1569494497.88689
1569494498.1369
1569494498.38691
1569494498.63692
1569494498.88693
1569494499.13695
1569494499.38696
1569494499.63697
1569494499.88698
1569494500.13699
1569494500.387
1569494500.63701
1569494500.88703
1569494501.13704
1569494501.38705
1569494501.63706
1569494501.88707
1569494502.13708
1569494502.3871
1569494502.63711
1569494502.88712
1569494503.13713
1569494503.38714
1569494503.63715
1569494503.88717
1569494504.13718
1569494504.38719
1569494504.6372
1569494504.88721
1569494505.13722
1569494505.38723
1569494505.63725
1569494505.88726
1569494506.13727
1569494506.38728
1569494506.63729
1569494506.8873
1569494507.13732
1569494507.38733
1569494507.63734
1569494507.88735
1569494508.13736
1569494508.38737
1569494508.63739
1569494508.8874
1569494509.13741
1569494509.38742
1569494509.63743
1569494509.88744
1569494510.13745
1569494510.38747
1569494510.63748
1569494510.88749
1569494511.1375
1569494511.38751
1569494511.63752
1569494511.88754
1569494512.13755
1569494512.38756
1569494512.63757
1569494512.88758
1569494513.13759
1569494513.38761
1569494513.63762
1569494513.88763
1569494514.13764
1569494514.38765
1569494514.63766
1569494514.88767
1569494515.13769
1569494515.3877
1569494515.63771
1569494515.88772
1569494516.13773
1569494516.38774
1569494516.63776
1569494516.88777
1569494517.13778
1569494517.38779
1569494517.6378
1569494517.88781
1569494518.13783
1569494518.38784
1569494518.63785
1569494518.88786
1569494519.13787
1569494519.38788
1569494519.63789
1569494519.88791
1569494520.13792
1569494520.38793
1569494520.63794
1569494520.88795
1569494521.13796
1569494521.38798
1569494521.63799
1569494521.888
1569494522.13801
1569494522.38802
1569494522.63803
1569494522.88805
1569494523.13806
1569494523.38807
1569494523.63808
1569494523.88809
1569494524.1381
1569494524.38811
1569494524.63813
1569494524.88814
1569494525.13815
1569494525.38816
1569494525.63817
1569494525.88818
1569494526.1382
1569494526.38821
1569494526.63822
1569494526.88823
1569494527.13824
1569494527.38825
1569494527.63826
1569494527.88828
1569494528.13829
1569494528.3883
1569494528.63831
1569494528.88832
1569494529.13833
1569494529.38835
1569494529.63836
1569494529.88837
1569494530.13838
1569494530.38839
1569494530.6384
1569494530.88842
1569494531.13843
1569494531.38844
1569494531.63845
1569494531.88846
1569494532.13847
1569494532.38848
1569494532.6385
1569494532.88851
1569494533.13852
1569494533.38853
1569494533.63854
1569494533.88855
1569494534.13857
1569494534.38858
1569494534.63859
1569494534.8886
1569494535.13861
1569494535.38862
1569494535.63864
1569494535.88865
1569494536.13866
1569494536.38867
1569494536.63868
1569494536.88869
1569494537.1387
1569494537.38872
1569494537.63873
1569494537.88874
1569494538.13875
1569494538.38876
1569494538.63877
1569494538.88879
1569494539.1388
1569494539.38881
1569494539.63882
1569494539.88883
1569494540.13884
1569494540.38886
1569494540.63887
1569494540.88888
1569494541.13889
1569494541.3889
1569494541.63891
1569494541.88892
1569494542.13894
1569494542.38895
1569494542.63896
1569494542.88897
1569494543.13898
1569494543.38899
1569494543.63901
1569494543.88902
1569494544.13903
1569494544.38904
1569494544.63905
1569494544.88906
1569494545.13908
1569494545.38909
1569494545.6391
1569494545.88911
1569494546.13912
1569494546.38913
1569494546.63914
1569494546.88916
1569494547.13917
1569494547.38918
1569494547.63919
1569494547.8892
1569494548.13921
1569494548.38923
1569494548.63924
1569494548.88925
1569494549.13926
1569494549.38927
1569494549.63928
1569494549.8893
1569494550.13931
1569494550.38932
1569494550.63933
1569494550.88934
1569494551.13935
1569494551.38936
1569494551.63938
1569494551.88939
1569494552.1394
1569494552.38941
1569494552.63942
1569494552.88943
1569494553.13945
1569494553.38946
1569494553.63947
1569494553.88948
1569494554.13949
1569494554.3895
1569494554.63951
1569494554.88953
1569494555.13954
1569494555.38955
1569494555.63956
1569494555.88957
1569494556.13958
1569494556.3896
1569494556.63961
1569494556.88962
1569494557.13963
1569494557.38964
1569494557.63965
1569494557.88967
1569494558.13968
1569494558.38969
1569494558.6397
1569494558.88971
1569494559.13972
1569494559.38973
1569494559.63975
1569494559.88976
1569494560.13977
1569494560.38978
1569494560.63979
1569494560.8898
1569494561.13982
1569494561.38983
1569494561.63984
1569494561.88985
1569494562.13986
1569494562.38987
1569494562.63989
1569494562.8899
1569494563.13991
1569494563.38992
1569494563.63993
1569494563.88994
1569494564.13995
1569494564.38997
1569494564.63998
1569494564.88999
1569494565.14
1569494565.39001
1569494565.64002
1569494565.89004
1569494566.14005
1569494566.39006
1569494566.64007
1569494566.89008
1569494567.14009
1569494567.39011
1569494567.64012
1569494567.89013
1569494568.14014
1569494568.39015
1569494568.64016
1569494568.89017
1569494569.14019
1569494569.3902
1569494569.64021
1569494569.89022
1569494570.14023
1569494570.39024
1569494570.64026
1569494570.89027
1569494571.14028
1569494571.39029
1569494571.6403
1569494571.89031
1569494572.14033
1569494572.39034
1569494572.64035
1569494572.89036
1569494573.14037
1569494573.39038
1569494573.64039
1569494573.89041
1569494574.14042
1569494574.39043
1569494574.64044
1569494574.89045
1569494575.14046
1569494575.39048
1569494575.64049
1569494575.8905
1569494576.14051
1569494576.39052
1569494576.64053
1569494576.89055
1569494577.14056
1569494577.39057
1569494577.64058
1569494577.89059
1569494578.1406
1569494578.39061
1569494578.64063
1569494578.89064
1569494579.14065
1569494579.39066
1569494579.64067
1569494579.89068
1569494580.1407
1569494580.39071
1569494580.64072
1569494580.89073
1569494581.14074
1569494581.39075
1569494581.64076
1569494581.89078
1569494582.14079
1569494582.3908
1569494582.64081
1569494582.89082
1569494583.14083
1569494583.39085
1569494583.64086
1569494583.89087
1569494584.14088
1569494584.39089
1569494584.6409
1569494584.89092
1569494585.14093
1569494585.39094
1569494585.64095
1569494585.89096
1569494586.14097
1569494586.39099
1569494586.641
1569494586.89101
1569494587.14102
1569494587.39103
1569494587.64104
1569494587.89105
1569494588.14107
1569494588.39108
1569494588.64109
1569494588.8911
1569494589.14111
1569494589.39112
1569494589.64114
1569494589.89115
1569494590.14116
1569494590.39117
1569494590.64118
1569494590.89119
1569494591.1412
1569494591.39122
1569494591.64123
1569494591.89124
1569494592.14125
1569494592.39126
1569494592.64127
1569494592.89129
1569494593.1413
1569494593.39131
1569494593.64132
1569494593.89133
1569494594.14134
1569494594.39136
1569494594.64137
1569494594.89138
1569494595.14139
1569494595.3914
1569494595.64141
1569494595.89142
1569494596.14144
1569494596.39145
1569494596.64146
1569494596.89147
1569494597.14148
1569494597.39149
1569494597.64151
1569494597.89152
1569494598.14153
1569494598.39154
1569494598.64155
1569494598.89156
1569494599.14158
1569494599.39159
1569494599.6416
1569494599.89161
1569494600.14162
1569494600.39163
1569494600.64164
1569494600.89166
1569494601.14167
1569494601.39168
1569494601.64169
1569494601.8917
1569494602.14171
1569494602.39173
1569494602.64174
1569494602.89175
1569494603.14176
1569494603.39177
1569494603.64178
1569494603.8918
1569494604.14181
1569494604.39182
1569494604.64183
1569494604.89184
1569494605.14185
1569494605.39186
1569494605.64188
1569494605.89189
1569494606.1419
1569494606.39191
1569494606.64192
1569494606.89193
1569494607.14195
1569494607.39196
1569494607.64197
1569494607.89198
1569494608.14199
1569494608.392
1569494608.64202
1569494608.89203
1569494609.14204
1569494609.39205
1569494609.64206
1569494609.89207
1569494610.14208
1569494610.3921
1569494610.64211
1569494610.89212
1569494611.14213
1569494611.39214
1569494611.64215
1569494611.89217
1569494612.14218
1569494612.39219
1569494612.6422
1569494612.89221
1569494613.14222
1569494613.39224
1569494613.64225
1569494613.89226
1569494614.14227
1569494614.39228
1569494614.64229
1569494614.8923
1569494615.14232
1569494615.39233
1569494615.64234
1569494615.89235
1569494616.14236
1569494616.39237
1569494616.64239
1569494616.8924
1569494617.14241
1569494617.39242
1569494617.64243
1569494617.89244
1569494618.14245
1569494618.39247
1569494618.64248
1569494618.89249
1569494619.1425
1569494619.39251
1569494619.64252
1569494619.89254
1569494620.14255
1569494620.39256
1569494620.64257
1569494620.89258
1569494621.14259
1569494621.39261
1569494621.64262
1569494621.89263
1569494622.14264
1569494622.39265
1569494622.64266
1569494622.89267
1569494623.14269
1569494623.3927
1569494623.64271
1569494623.89272
1569494624.14273
1569494624.39274
1569494624.64276
1569494624.89277
1569494625.14278
1569494625.39279
1569494625.6428
1569494625.89281
1569494626.14283
1569494626.39284
1569494626.64285
1569494626.89286
1569494627.14287
1569494627.39288
