1569490685.46038
1569490685.7104
1569490685.96041
1569490686.21042
1569490686.46043
1569490686.71044
1569490686.96045
1569490687.21047
1569490687.46048
1569490687.71049
1569490687.9605
1569490688.21051
1569490688.46052
1569490688.71053
1569490688.96055
1569490689.21056
1569490689.46057
1569490689.71058
1569490689.96059
1569490690.2106
1569490690.46062
1569490690.71063
1569490690.96064
1569490691.21065
1569490691.46066
1569490691.71067
1569490691.96069
1569490692.2107
1569490692.46071
1569490692.71072
1569490692.96073
1569490693.21074
1569490693.46075
1569490693.71077
1569490693.96078
1569490694.21079
1569490694.4608
1569490694.71081
1569490694.96082
1569490695.21084
1569490695.46085
1569490695.71086
1569490695.96087
1569490696.21088
1569490696.46089
1569490696.7109
1569490696.96092
1569490697.21093
1569490697.46094
1569490697.71095
1569490697.96096
1569490698.21097
1569490698.46099
1569490698.711
1569490698.96101
1569490699.21102
1569490699.46103
1569490699.71104
1569490699.96106
1569490700.21107
1569490700.46108
1569490700.71109
1569490700.9611
1569490701.21111
1569490701.46112
1569490701.71114
1569490701.96115
1569490702.21116
1569490702.46117
1569490702.71118
1569490702.96119
1569490703.21121
1569490703.46122
1569490703.71123
1569490703.96124
1569490704.21125
1569490704.46126
1569490704.71128
1569490704.96129
1569490705.2113
1569490705.46131
1569490705.71132
1569490705.96133
1569490706.21134
1569490706.46136
1569490706.71137
1569490706.96138
1569490707.21139
1569490707.4614
1569490707.71141
1569490707.96143
1569490708.21144
1569490708.46145
1569490708.71146
1569490708.96147
1569490709.21148
1569490709.4615
1569490709.71151
1569490709.96152
1569490710.21153
1569490710.46154
1569490710.71155
1569490710.96156
1569490711.21158
1569490711.46159
1569490711.7116
1569490711.96161
1569490712.21162
1569490712.46163
1569490712.71165
1569490712.96166
1569490713.21167
1569490713.46168
1569490713.71169
1569490713.9617
1569490714.21172
1569490714.46173
1569490714.71174
1569490714.96175
1569490715.21176
1569490715.46177
1569490715.71178
1569490715.9618
1569490716.21181
1569490716.46182
1569490716.71183
1569490716.96184
1569490717.21185
1569490717.46187
1569490717.71188
1569490717.96189
1569490718.2119
1569490718.46191
1569490718.71192
1569490718.96194
1569490719.21195
1569490719.46196
1569490719.71197
1569490719.96198
1569490720.21199
1569490720.462
1569490720.71202
1569490720.96203
1569490721.21204
1569490721.46205
1569490721.71206
1569490721.96207
1569490722.21209
1569490722.4621
1569490722.71211
1569490722.96212
1569490723.21213
1569490723.46214
1569490723.71216
1569490723.96217
1569490724.21218
1569490724.46219
1569490724.7122
1569490724.96221
1569490725.21222
1569490725.46224
1569490725.71225
1569490725.96226
1569490726.21227
1569490726.46228
1569490726.71229
1569490726.96231
1569490727.21232
1569490727.46233
1569490727.71234
1569490727.96235
1569490728.21236
1569490728.46237
1569490728.71239
1569490728.9624
1569490729.21241
1569490729.46242
1569490729.71243
1569490729.96244
1569490730.21246
1569490730.46247
1569490730.71248
1569490730.96249
1569490731.2125
1569490731.46251
1569490731.71253
1569490731.96254
1569490732.21255
1569490732.46256
1569490732.71257
1569490732.96258
1569490733.21259
1569490733.46261
1569490733.71262
1569490733.96263
1569490734.21264
1569490734.46265
1569490734.71266
1569490734.96268
1569490735.21269
1569490735.4627
1569490735.71271
1569490735.96272
1569490736.21273
1569490736.46275
1569490736.71276
1569490736.96277
1569490737.21278
1569490737.46279
1569490737.7128
1569490737.96281
1569490738.21283
1569490738.46284
1569490738.71285
1569490738.96286
1569490739.21287
1569490739.46288
1569490739.7129
1569490739.96291
1569490740.21292
1569490740.46293
1569490740.71294
1569490740.96295
1569490741.21297
1569490741.46298
1569490741.71299
1569490741.963
1569490742.21301
1569490742.46302
1569490742.71303
1569490742.96305
1569490743.21306
1569490743.46307
1569490743.71308
1569490743.96309
1569490744.2131
1569490744.46312
1569490744.71313
1569490744.96314
1569490745.21315
1569490745.46316
1569490745.71317
1569490745.96319
1569490746.2132
1569490746.46321
1569490746.71322
1569490746.96323
1569490747.21324
1569490747.46325
1569490747.71327
1569490747.96328
1569490748.21329
1569490748.4633
1569490748.71331
1569490748.96332
1569490749.21334
1569490749.46335
1569490749.71336
1569490749.96337
1569490750.21338
1569490750.46339
1569490750.71341
1569490750.96342
1569490751.21343
1569490751.46344
1569490751.71345
1569490751.96346
1569490752.21347
1569490752.46349
1569490752.7135
1569490752.96351
1569490753.21352
1569490753.46353
1569490753.71354
1569490753.96356
1569490754.21357
1569490754.46358
1569490754.71359
1569490754.9636
1569490755.21361
1569490755.46362
1569490755.71364
1569490755.96365
1569490756.21366
1569490756.46367
1569490756.71368
1569490756.96369
1569490757.21371
1569490757.46372
1569490757.71373
1569490757.96374
1569490758.21375
1569490758.46376
1569490758.71378
1569490758.96379
1569490759.2138
1569490759.46381
1569490759.71382
1569490759.96383
1569490760.21385
1569490760.46386
1569490760.71387
1569490760.96388
1569490761.21389
1569490761.4639
1569490761.71391
1569490761.96393
1569490762.21394
1569490762.46395
1569490762.71396
1569490762.96397
1569490763.21398
1569490763.464
1569490763.71401
1569490763.96402
1569490764.21403
1569490764.46404
1569490764.71405
1569490764.96406
1569490765.21408
1569490765.46409
1569490765.7141
1569490765.96411
1569490766.21412
1569490766.46413
1569490766.71415
1569490766.96416
1569490767.21417
1569490767.46418
1569490767.71419
1569490767.9642
1569490768.21422
1569490768.46423
1569490768.71424
1569490768.96425
1569490769.21426
1569490769.46427
1569490769.71428
1569490769.9643
1569490770.21431
1569490770.46432
1569490770.71433
1569490770.96434
1569490771.21435
1569490771.46437
1569490771.71438
1569490771.96439
1569490772.2144
1569490772.46441
1569490772.71442
1569490772.96444
1569490773.21445
1569490773.46446
1569490773.71447
1569490773.96448
1569490774.21449
1569490774.4645
1569490774.71452
1569490774.96453
1569490775.21454
1569490775.46455
1569490775.71456
1569490775.96457
1569490776.21459
1569490776.4646
1569490776.71461
1569490776.96462
1569490777.21463
1569490777.46464
1569490777.71466
1569490777.96467
1569490778.21468
1569490778.46469
1569490778.7147
1569490778.96471
1569490779.21472
1569490779.46474
1569490779.71475
1569490779.96476
1569490780.21477
1569490780.46478
1569490780.71479
1569490780.96481
1569490781.21482
1569490781.46483
1569490781.71484
1569490781.96485
1569490782.21486
1569490782.46487
1569490782.71489
1569490782.9649
1569490783.21491
1569490783.46492
1569490783.71493
1569490783.96494
1569490784.21496
1569490784.46497
1569490784.71498
1569490784.96499
1569490785.215
1569490785.46501
1569490785.71503
1569490785.96504
1569490786.21505
1569490786.46506
1569490786.71507
1569490786.96508
1569490787.2151
1569490787.46511
1569490787.71512
1569490787.96513
1569490788.21514
1569490788.46515
1569490788.71516
1569490788.96518
1569490789.21519
1569490789.4652
1569490789.71521
1569490789.96522
1569490790.21523
1569490790.46525
1569490790.71526
1569490790.96527
1569490791.21528
1569490791.46529
1569490791.7153
1569490791.96531
1569490792.21533
1569490792.46534
1569490792.71535
1569490792.96536
1569490793.21537
1569490793.46538
1569490793.7154
1569490793.96541
1569490794.21542
1569490794.46543
1569490794.71544
1569490794.96545
1569490795.21547
1569490795.46548
1569490795.71549
1569490795.9655
1569490796.21551
1569490796.46552
1569490796.71553
1569490796.96555
1569490797.21556
1569490797.46557
1569490797.71558
1569490797.96559
1569490798.2156
1569490798.46562
1569490798.71563
1569490798.96564
1569490799.21565
1569490799.46566
1569490799.71567
1569490799.96569
1569490800.2157
1569490800.46571
1569490800.71572
1569490800.96573
1569490801.21574
1569490801.46575
1569490801.71577
1569490801.96578
1569490802.21579
1569490802.4658
1569490802.71581
1569490802.96582
1569490803.21584
1569490803.46585
1569490803.71586
1569490803.96587
1569490804.21588
1569490804.46589
1569490804.71591
1569490804.96592
1569490805.21593
1569490805.46594
1569490805.71595
1569490805.96596
1569490806.21597
1569490806.46599
1569490806.716
1569490806.96601
1569490807.21602
1569490807.46603
1569490807.71604
1569490807.96606
1569490808.21607
1569490808.46608
1569490808.71609
1569490808.9661
1569490809.21611
1569490809.46613
1569490809.71614
1569490809.96615
1569490810.21616
1569490810.46617
1569490810.71618
1569490810.96619
1569490811.21621
1569490811.46622
1569490811.71623
1569490811.96624
1569490812.21625
1569490812.46626
1569490812.71628
1569490812.96629
1569490813.2163
1569490813.46631
1569490813.71632
1569490813.96633
1569490814.21635
1569490814.46636
1569490814.71637
1569490814.96638
1569490815.21639
1569490815.4664
1569490815.71641
1569490815.96643
1569490816.21644
1569490816.46645
1569490816.71646
1569490816.96647
1569490817.21648
1569490817.4665
1569490817.71651
1569490817.96652
1569490818.21653
1569490818.46654
1569490818.71655
1569490818.96656
1569490819.21658
1569490819.46659
1569490819.7166
1569490819.96661
1569490820.21662
1569490820.46663
1569490820.71665
1569490820.96666
1569490821.21667
1569490821.46668
1569490821.71669
1569490821.9667
1569490822.21672
1569490822.46673
1569490822.71674
1569490822.96675
1569490823.21676
1569490823.46677
1569490823.71678
1569490823.9668
1569490824.21681
1569490824.46682
1569490824.71683
1569490824.96684
1569490825.21685
1569490825.46687
1569490825.71688
1569490825.96689
1569490826.2169
1569490826.46691
1569490826.71692
1569490826.96694
1569490827.21695
1569490827.46696
1569490827.71697
1569490827.96698
1569490828.21699
1569490828.467
1569490828.71702
1569490828.96703
1569490829.21704
1569490829.46705
1569490829.71706
1569490829.96707
1569490830.21709
1569490830.4671
1569490830.71711
1569490830.96712
1569490831.21713
1569490831.46714
1569490831.71716
1569490831.96717
1569490832.21718
1569490832.46719
1569490832.7172
1569490832.96721
1569490833.21722
1569490833.46724
1569490833.71725
1569490833.96726
1569490834.21727
1569490834.46728
1569490834.71729
1569490834.96731
1569490835.21732
1569490835.46733
1569490835.71734
1569490835.96735
1569490836.21736
1569490836.46738
1569490836.71739
1569490836.9674
1569490837.21741
1569490837.46742
1569490837.71743
1569490837.96744
1569490838.21746
1569490838.46747
1569490838.71748
1569490838.96749
1569490839.2175
1569490839.46751
1569490839.71753
1569490839.96754
1569490840.21755
1569490840.46756
1569490840.71757
1569490840.96758
1569490841.2176
1569490841.46761
1569490841.71762
1569490841.96763
1569490842.21764
1569490842.46765
1569490842.71766
1569490842.96768
1569490843.21769
1569490843.4677
1569490843.71771
1569490843.96772
1569490844.21773
1569490844.46775
1569490844.71776
1569490844.96777
1569490845.21778
1569490845.46779
1569490845.7178
1569490845.96782
1569490846.21783
1569490846.46784
1569490846.71785
1569490846.96786
1569490847.21787
1569490847.46788
1569490847.7179
1569490847.96791
1569490848.21792
1569490848.46793
1569490848.71794
1569490848.96795
1569490849.21797
1569490849.46798
1569490849.71799
1569490849.968
1569490850.21801
1569490850.46802
1569490850.71803
1569490850.96805
1569490851.21806
1569490851.46807
1569490851.71808
1569490851.96809
1569490852.2181
1569490852.46812
1569490852.71813
1569490852.96814
1569490853.21815
1569490853.46816
1569490853.71817
1569490853.96819
1569490854.2182
1569490854.46821
1569490854.71822
1569490854.96823
1569490855.21824
1569490855.46825
1569490855.71827
1569490855.96828
1569490856.21829
1569490856.4683
1569490856.71831
1569490856.96832
1569490857.21834
1569490857.46835
1569490857.71836
1569490857.96837
1569490858.21838
1569490858.46839
1569490858.71841
1569490858.96842
1569490859.21843
1569490859.46844
1569490859.71845
1569490859.96846
1569490860.21847
1569490860.46849
1569490860.7185
1569490860.96851
1569490861.21852
1569490861.46853
1569490861.71854
1569490861.96856
1569490862.21857
1569490862.46858
1569490862.71859
1569490862.9686
1569490863.21861
1569490863.46863
1569490863.71864
1569490863.96865
1569490864.21866
1569490864.46867
1569490864.71868
1569490864.96869
1569490865.21871
1569490865.46872
1569490865.71873
1569490865.96874
1569490866.21875
1569490866.46876
1569490866.71878
1569490866.96879
1569490867.2188
1569490867.46881
1569490867.71882
1569490867.96883
1569490868.21885
1569490868.46886
1569490868.71887
1569490868.96888
1569490869.21889
1569490869.4689
1569490869.71891
1569490869.96893
1569490870.21894
1569490870.46895
1569490870.71896
1569490870.96897
1569490871.21898
1569490871.469
1569490871.71901
1569490871.96902
1569490872.21903
1569490872.46904
1569490872.71905
1569490872.96907
1569490873.21908
1569490873.46909
1569490873.7191
1569490873.96911
1569490874.21912
1569490874.46913
1569490874.71915
1569490874.96916
1569490875.21917
1569490875.46918
1569490875.71919
1569490875.9692
1569490876.21922
1569490876.46923
1569490876.71924
1569490876.96925
1569490877.21926
1569490877.46927
1569490877.71929
1569490877.9693
1569490878.21931
1569490878.46932
1569490878.71933
1569490878.96934
1569490879.21935
1569490879.46937
1569490879.71938
1569490879.96939
1569490880.2194
1569490880.46941
1569490880.71942
1569490880.96944
1569490881.21945
1569490881.46946
1569490881.71947
1569490881.96948
1569490882.21949
1569490882.46951
1569490882.71952
1569490882.96953
1569490883.21954
1569490883.46955
1569490883.71956
1569490883.96957
1569490884.21959
1569490884.4696
1569490884.71961
1569490884.96962
1569490885.21963
1569490885.46964
1569490885.71966
1569490885.96967
1569490886.21968
1569490886.46969
1569490886.7197
1569490886.96971
1569490887.21972
1569490887.46974
1569490887.71975
1569490887.96976
1569490888.21977
1569490888.46978
1569490888.71979
1569490888.96981
1569490889.21982
1569490889.46983
1569490889.71984
1569490889.96985
1569490890.21986
1569490890.46988
1569490890.71989
1569490890.9699
1569490891.21991
1569490891.46992
1569490891.71993
1569490891.96994
1569490892.21996
1569490892.46997
1569490892.71998
1569490892.96999
1569490893.22
1569490893.47001
1569490893.72003
1569490893.97004
1569490894.22005
1569490894.47006
1569490894.72007
1569490894.97008
1569490895.2201
1569490895.47011
1569490895.72012
1569490895.97013
1569490896.22014
1569490896.47015
1569490896.72016
1569490896.97018
1569490897.22019
1569490897.4702
1569490897.72021
1569490897.97022
1569490898.22023
1569490898.47025
1569490898.72026
1569490898.97027
1569490899.22028
1569490899.47029
1569490899.7203
1569490899.97032
1569490900.22033
1569490900.47034
1569490900.72035
1569490900.97036
1569490901.22037
1569490901.47038
1569490901.7204
1569490901.97041
1569490902.22042
1569490902.47043
1569490902.72044
1569490902.97045
1569490903.22047
1569490903.47048
1569490903.72049
1569490903.9705
1569490904.22051
1569490904.47052
1569490904.72054
1569490904.97055
1569490905.22056
1569490905.47057
1569490905.72058
1569490905.97059
1569490906.2206
1569490906.47062
1569490906.72063
1569490906.97064
1569490907.22065
1569490907.47066
1569490907.72067
1569490907.97069
1569490908.2207
1569490908.47071
1569490908.72072
1569490908.97073
1569490909.22074
1569490909.47076
1569490909.72077
1569490909.97078
1569490910.22079
1569490910.4708
1569490910.72081
1569490910.97082
1569490911.22084
1569490911.47085
1569490911.72086
1569490911.97087
1569490912.22088
1569490912.47089
1569490912.72091
1569490912.97092
1569490913.22093
1569490913.47094
1569490913.72095
1569490913.97096
1569490914.22097
1569490914.47099
1569490914.721
1569490914.97101
1569490915.22102
1569490915.47103
1569490915.72104
1569490915.97106
1569490916.22107
1569490916.47108
1569490916.72109
1569490916.9711
1569490917.22111
1569490917.47113
1569490917.72114
1569490917.97115
1569490918.22116
1569490918.47117
1569490918.72118
1569490918.97119
1569490919.22121
1569490919.47122
1569490919.72123
1569490919.97124
1569490920.22125
1569490920.47126
1569490920.72128
1569490920.97129
1569490921.2213
1569490921.47131
1569490921.72132
1569490921.97133
1569490922.22135
1569490922.47136
1569490922.72137
1569490922.97138
1569490923.22139
1569490923.4714
1569490923.72141
1569490923.97143
1569490924.22144
1569490924.47145
1569490924.72146
1569490924.97147
1569490925.22148
1569490925.4715
1569490925.72151
1569490925.97152
1569490926.22153
1569490926.47154
1569490926.72155
1569490926.97157
1569490927.22158
1569490927.47159
1569490927.7216
1569490927.97161
1569490928.22162
1569490928.47163
1569490928.72165
1569490928.97166
1569490929.22167
1569490929.47168
1569490929.72169
1569490929.9717
1569490930.22172
1569490930.47173
1569490930.72174
1569490930.97175
1569490931.22176
1569490931.47177
1569490931.72179
1569490931.9718
1569490932.22181
1569490932.47182
1569490932.72183
1569490932.97184
1569490933.22185
1569490933.47187
1569490933.72188
1569490933.97189
1569490934.2219
1569490934.47191
1569490934.72192
1569490934.97194
1569490935.22195
1569490935.47196
1569490935.72197
1569490935.97198
1569490936.22199
1569490936.47201
1569490936.72202
1569490936.97203
1569490937.22204
1569490937.47205
1569490937.72206
1569490937.97207
1569490938.22209
1569490938.4721
1569490938.72211
1569490938.97212
1569490939.22213
1569490939.47214
1569490939.72216
1569490939.97217
1569490940.22218
1569490940.47219
1569490940.7222
1569490940.97221
1569490941.22222
1569490941.47224
1569490941.72225
1569490941.97226
1569490942.22227
1569490942.47228
1569490942.72229
1569490942.97231
1569490943.22232
1569490943.47233
1569490943.72234
1569490943.97235
1569490944.22236
1569490944.47238
1569490944.72239
1569490944.9724
1569490945.22241
1569490945.47242
1569490945.72243
1569490945.97245
1569490946.22246
1569490946.47247
1569490946.72248
1569490946.97249
1569490947.2225
1569490947.47251
1569490947.72253
1569490947.97254
1569490948.22255
1569490948.47256
1569490948.72257
1569490948.97258
1569490949.2226
1569490949.47261
1569490949.72262
1569490949.97263
1569490950.22264
1569490950.47265
1569490950.72266
1569490950.97268
1569490951.22269
1569490951.4727
1569490951.72271
1569490951.97272
1569490952.22273
1569490952.47275
1569490952.72276
1569490952.97277
1569490953.22278
1569490953.47279
1569490953.7228
1569490953.97282
1569490954.22283
1569490954.47284
1569490954.72285
1569490954.97286
1569490955.22287
1569490955.47288
1569490955.7229
1569490955.97291
1569490956.22292
1569490956.47293
1569490956.72294
1569490956.97295
1569490957.22297
1569490957.47298
1569490957.72299
1569490957.973
1569490958.22301
1569490958.47302
1569490958.72304
1569490958.97305
1569490959.22306
1569490959.47307
1569490959.72308
1569490959.97309
1569490960.2231
1569490960.47312
1569490960.72313
1569490960.97314
1569490961.22315
1569490961.47316
1569490961.72317
1569490961.97319
1569490962.2232
1569490962.47321
1569490962.72322
1569490962.97323
1569490963.22324
1569490963.47326
1569490963.72327
1569490963.97328
1569490964.22329
1569490964.4733
1569490964.72331
1569490964.97332
1569490965.22334
1569490965.47335
1569490965.72336
1569490965.97337
1569490966.22338
1569490966.47339
1569490966.72341
1569490966.97342
1569490967.22343
1569490967.47344
1569490967.72345
1569490967.97346
1569490968.22348
1569490968.47349
1569490968.7235
1569490968.97351
1569490969.22352
1569490969.47353
1569490969.72354
1569490969.97356
1569490970.22357
1569490970.47358
1569490970.72359
1569490970.9736
1569490971.22361
1569490971.47363
1569490971.72364
1569490971.97365
1569490972.22366
1569490972.47367
1569490972.72368
1569490972.9737
1569490973.22371
1569490973.47372
1569490973.72373
1569490973.97374
1569490974.22375
1569490974.47376
1569490974.72378
1569490974.97379
1569490975.2238
1569490975.47381
1569490975.72382
1569490975.97383
1569490976.22385
1569490976.47386
1569490976.72387
1569490976.97388
1569490977.22389
1569490977.4739
1569490977.72391
1569490977.97393
1569490978.22394
1569490978.47395
1569490978.72396
1569490978.97397
1569490979.22398
1569490979.474
1569490979.72401
1569490979.97402
1569490980.22403
1569490980.47404
1569490980.72405
1569490980.97407
1569490981.22408
1569490981.47409
1569490981.7241
1569490981.97411
1569490982.22412
1569490982.47413
1569490982.72415
1569490982.97416
1569490983.22417
1569490983.47418
1569490983.72419
1569490983.9742
1569490984.22422
1569490984.47423
1569490984.72424
1569490984.97425
1569490985.22426
1569490985.47427
1569490985.72429
1569490985.9743
1569490986.22431
1569490986.47432
1569490986.72433
1569490986.97434
1569490987.22435
1569490987.47437
1569490987.72438
1569490987.97439
1569490988.2244
1569490988.47441
1569490988.72442
1569490988.97444
1569490989.22445
1569490989.47446
1569490989.72447
1569490989.97448
1569490990.22449
1569490990.47451
1569490990.72452
1569490990.97453
1569490991.22454
1569490991.47455
1569490991.72456
1569490991.97457
1569490992.22459
1569490992.4746
1569490992.72461
1569490992.97462
1569490993.22463
1569490993.47464
1569490993.72466
1569490993.97467
1569490994.22468
1569490994.47469
1569490994.7247
1569490994.97471
1569490995.22473
1569490995.47474
1569490995.72475
1569490995.97476
1569490996.22477
1569490996.47478
1569490996.72479
1569490996.97481
1569490997.22482
1569490997.47483
1569490997.72484
1569490997.97485
1569490998.22486
1569490998.47488
1569490998.72489
1569490998.9749
1569490999.22491
1569490999.47492
1569490999.72493
1569490999.97495
1569491000.22496
1569491000.47497
1569491000.72498
1569491000.97499
1569491001.225
1569491001.47501
1569491001.72503
1569491001.97504
1569491002.22505
1569491002.47506
1569491002.72507
1569491002.97508
1569491003.2251
1569491003.47511
1569491003.72512
1569491003.97513
1569491004.22514
1569491004.47515
1569491004.72517
1569491004.97518
1569491005.22519
1569491005.4752
1569491005.72521
1569491005.97522
1569491006.22523
1569491006.47525
1569491006.72526
1569491006.97527
1569491007.22528
1569491007.47529
1569491007.7253
1569491007.97532
1569491008.22533
1569491008.47534
1569491008.72535
1569491008.97536
1569491009.22537
1569491009.47538
1569491009.7254
1569491009.97541
1569491010.22542
1569491010.47543
1569491010.72544
1569491010.97545
1569491011.22547
1569491011.47548
1569491011.72549
1569491011.9755
1569491012.22551
1569491012.47552
1569491012.72554
1569491012.97555
1569491013.22556
1569491013.47557
1569491013.72558
1569491013.97559
1569491014.2256
1569491014.47562
1569491014.72563
1569491014.97564
1569491015.22565
1569491015.47566
1569491015.72567
1569491015.97569
1569491016.2257
1569491016.47571
1569491016.72572
1569491016.97573
1569491017.22574
1569491017.47576
1569491017.72577
1569491017.97578
1569491018.22579
1569491018.4758
1569491018.72581
1569491018.97582
1569491019.22584
1569491019.47585
1569491019.72586
1569491019.97587
1569491020.22588
1569491020.47589
1569491020.72591
1569491020.97592
1569491021.22593
1569491021.47594
1569491021.72595
1569491021.97596
1569491022.22598
1569491022.47599
1569491022.726
1569491022.97601
1569491023.22602
1569491023.47603
1569491023.72604
1569491023.97606
1569491024.22607
1569491024.47608
1569491024.72609
1569491024.9761
1569491025.22611
1569491025.47613
1569491025.72614
1569491025.97615
1569491026.22616
1569491026.47617
1569491026.72618
1569491026.9762
1569491027.22621
1569491027.47622
1569491027.72623
1569491027.97624
1569491028.22625
1569491028.47626
1569491028.72628
1569491028.97629
1569491029.2263
1569491029.47631
1569491029.72632
1569491029.97633
1569491030.22635
1569491030.47636
1569491030.72637
1569491030.97638
1569491031.22639
1569491031.4764
1569491031.72642
1569491031.97643
1569491032.22644
1569491032.47645
1569491032.72646
1569491032.97647
1569491033.22648
1569491033.4765
1569491033.72651
1569491033.97652
1569491034.22653
1569491034.47654
1569491034.72655
1569491034.97657
1569491035.22658
1569491035.47659
1569491035.7266
1569491035.97661
1569491036.22662
1569491036.47663
1569491036.72665
1569491036.97666
1569491037.22667
1569491037.47668
1569491037.72669
1569491037.9767
1569491038.22672
1569491038.47673
1569491038.72674
1569491038.97675
1569491039.22676
1569491039.47677
1569491039.72679
1569491039.9768
1569491040.22681
1569491040.47682
1569491040.72683
1569491040.97684
1569491041.22686
1569491041.47687
1569491041.72688
1569491041.97689
1569491042.2269
1569491042.47691
1569491042.72692
1569491042.97694
1569491043.22695
1569491043.47696
1569491043.72697
1569491043.97698
1569491044.22699
1569491044.47701
1569491044.72702
1569491044.97703
1569491045.22704
1569491045.47705
1569491045.72706
1569491045.97707
1569491046.22709
1569491046.4771
1569491046.72711
1569491046.97712
1569491047.22713
1569491047.47714
1569491047.72716
1569491047.97717
1569491048.22718
1569491048.47719
1569491048.7272
1569491048.97721
1569491049.22723
1569491049.47724
1569491049.72725
1569491049.97726
1569491050.22727
1569491050.47728
1569491050.72729
1569491050.97731
1569491051.22732
1569491051.47733
1569491051.72734
1569491051.97735
1569491052.22736
1569491052.47738
1569491052.72739
1569491052.9774
1569491053.22741
1569491053.47742
1569491053.72743
1569491053.97745
1569491054.22746
1569491054.47747
1569491054.72748
1569491054.97749
1569491055.2275
1569491055.47751
1569491055.72753
1569491055.97754
1569491056.22755
1569491056.47756
1569491056.72757
1569491056.97758
1569491057.2276
1569491057.47761
1569491057.72762
1569491057.97763
1569491058.22764
1569491058.47765
1569491058.72767
1569491058.97768
1569491059.22769
1569491059.4777
1569491059.72771
1569491059.97772
1569491060.22773
1569491060.47775
1569491060.72776
1569491060.97777
1569491061.22778
1569491061.47779
1569491061.7278
1569491061.97782
1569491062.22783
1569491062.47784
1569491062.72785
1569491062.97786
1569491063.22787
1569491063.47789
1569491063.7279
1569491063.97791
1569491064.22792
1569491064.47793
1569491064.72794
1569491064.97795
1569491065.22797
1569491065.47798
1569491065.72799
1569491065.978
1569491066.22801
1569491066.47802
1569491066.72804
1569491066.97805
1569491067.22806
1569491067.47807
1569491067.72808
1569491067.97809
1569491068.22811
1569491068.47812
1569491068.72813
1569491068.97814
1569491069.22815
1569491069.47816
1569491069.72817
1569491069.97819
1569491070.2282
1569491070.47821
1569491070.72822
1569491070.97823
1569491071.22824
1569491071.47826
1569491071.72827
1569491071.97828
1569491072.22829
1569491072.4783
1569491072.72831
1569491072.97832
1569491073.22834
1569491073.47835
1569491073.72836
1569491073.97837
1569491074.22838
1569491074.47839
1569491074.72841
1569491074.97842
1569491075.22843
1569491075.47844
1569491075.72845
1569491075.97846
1569491076.22848
1569491076.47849
1569491076.7285
1569491076.97851
1569491077.22852
1569491077.47853
1569491077.72854
1569491077.97856
1569491078.22857
1569491078.47858
1569491078.72859
1569491078.9786
1569491079.22861
1569491079.47863
1569491079.72864
1569491079.97865
1569491080.22866
