1569493241.57872
1569493241.82874
1569493242.07875
1569493242.32876
1569493242.57877
1569493242.82878
1569493243.07879
1569493243.32881
1569493243.57882
1569493243.82883
1569493244.07884
1569493244.32885
1569493244.57886
1569493244.82887
1569493245.07889
1569493245.3289
1569493245.57891
1569493245.82892
1569493246.07893
1569493246.32894
1569493246.57896
1569493246.82897
1569493247.07898
1569493247.32899
1569493247.579
1569493247.82901
1569493248.07903
1569493248.32904
1569493248.57905
1569493248.82906
1569493249.07907
1569493249.32908
1569493249.57909
1569493249.82911
1569493250.07912
1569493250.32913
1569493250.57914
1569493250.82915
1569493251.07916
1569493251.32918
1569493251.57919
1569493251.8292
1569493252.07921
1569493252.32922
1569493252.57923
1569493252.82925
1569493253.07926
1569493253.32927
1569493253.57928
1569493253.82929
1569493254.0793
1569493254.32931
1569493254.57933
1569493254.82934
1569493255.07935
1569493255.32936
1569493255.57937
1569493255.82938
1569493256.0794
1569493256.32941
1569493256.57942
1569493256.82943
1569493257.07944
1569493257.32945
1569493257.57947
1569493257.82948
1569493258.07949
1569493258.3295
1569493258.57951
1569493258.82952
1569493259.07953
1569493259.32955
1569493259.57956
1569493259.82957
1569493260.07958
1569493260.32959
1569493260.5796
1569493260.82962
1569493261.07963
1569493261.32964
1569493261.57965
1569493261.82966
1569493262.07967
1569493262.32968
1569493262.5797
1569493262.82971
1569493263.07972
1569493263.32973
1569493263.57974
1569493263.82975
1569493264.07977
1569493264.32978
1569493264.57979
1569493264.8298
1569493265.07981
1569493265.32982
1569493265.57984
1569493265.82985
1569493266.07986
1569493266.32987
1569493266.57988
1569493266.82989
1569493267.07991
1569493267.32992
1569493267.57993
1569493267.82994
1569493268.07995
1569493268.32996
1569493268.57997
1569493268.82999
1569493269.08
1569493269.33001
1569493269.58002
1569493269.83003
1569493270.08004
1569493270.33006
1569493270.58007
1569493270.83008
1569493271.08009
1569493271.3301
1569493271.58011
1569493271.83012
1569493272.08014
1569493272.33015
1569493272.58016
1569493272.83017
1569493273.08018
1569493273.33019
1569493273.58021
1569493273.83022
1569493274.08023
1569493274.33024
1569493274.58025
1569493274.83026
1569493275.08028
1569493275.33029
1569493275.5803
1569493275.83031
1569493276.08032
1569493276.33033
1569493276.58034
1569493276.83036
1569493277.08037
1569493277.33038
1569493277.58039
1569493277.8304
1569493278.08041
1569493278.33043
1569493278.58044
1569493278.83045
1569493279.08046
1569493279.33047
1569493279.58048
1569493279.8305
1569493280.08051
1569493280.33052
1569493280.58053
1569493280.83054
1569493281.08055
1569493281.33056
1569493281.58058
1569493281.83059
1569493282.0806
1569493282.33061
1569493282.58062
1569493282.83063
1569493283.08065
1569493283.33066
1569493283.58067
1569493283.83068
1569493284.08069
1569493284.3307
1569493284.58072
1569493284.83073
1569493285.08074
1569493285.33075
1569493285.58076
1569493285.83077
1569493286.08078
1569493286.3308
1569493286.58081
1569493286.83082
1569493287.08083
1569493287.33084
1569493287.58085
1569493287.83087
1569493288.08088
1569493288.33089
1569493288.5809
1569493288.83091
1569493289.08092
1569493289.33094
1569493289.58095
1569493289.83096
1569493290.08097
1569493290.33098
1569493290.58099
1569493290.831
1569493291.08102
1569493291.33103
1569493291.58104
1569493291.83105
1569493292.08106
1569493292.33107
1569493292.58109
1569493292.8311
1569493293.08111
1569493293.33112
1569493293.58113
1569493293.83114
1569493294.08116
1569493294.33117
1569493294.58118
1569493294.83119
1569493295.0812
1569493295.33121
1569493295.58122
1569493295.83124
1569493296.08125
1569493296.33126
1569493296.58127
1569493296.83128
1569493297.08129
1569493297.33131
1569493297.58132
1569493297.83133
1569493298.08134
1569493298.33135
1569493298.58136
1569493298.83137
1569493299.08139
1569493299.3314
1569493299.58141
1569493299.83142
1569493300.08143
1569493300.33144
1569493300.58146
1569493300.83147
1569493301.08148
1569493301.33149
1569493301.5815
1569493301.83151
1569493302.08153
1569493302.33154
1569493302.58155
1569493302.83156
1569493303.08157
1569493303.33158
1569493303.58159
1569493303.83161
1569493304.08162
1569493304.33163
1569493304.58164
1569493304.83165
1569493305.08166
1569493305.33168
1569493305.58169
1569493305.8317
1569493306.08171
1569493306.33172
1569493306.58173
1569493306.83175
1569493307.08176
1569493307.33177
1569493307.58178
1569493307.83179
1569493308.0818
1569493308.33181
1569493308.58183
1569493308.83184
1569493309.08185
1569493309.33186
1569493309.58187
1569493309.83188
1569493310.0819
1569493310.33191
1569493310.58192
1569493310.83193
1569493311.08194
1569493311.33195
1569493311.58197
1569493311.83198
1569493312.08199
1569493312.332
1569493312.58201
1569493312.83202
1569493313.08203
1569493313.33205
1569493313.58206
1569493313.83207
1569493314.08208
1569493314.33209
1569493314.5821
1569493314.83212
1569493315.08213
1569493315.33214
1569493315.58215
1569493315.83216
1569493316.08217
1569493316.33219
1569493316.5822
1569493316.83221
1569493317.08222
1569493317.33223
1569493317.58224
1569493317.83225
1569493318.08227
1569493318.33228
1569493318.58229
1569493318.8323
1569493319.08231
1569493319.33232
1569493319.58234
1569493319.83235
1569493320.08236
1569493320.33237
1569493320.58238
1569493320.83239
1569493321.08241
1569493321.33242
1569493321.58243
1569493321.83244
1569493322.08245
1569493322.33246
1569493322.58247
1569493322.83249
1569493323.0825
1569493323.33251
1569493323.58252
1569493323.83253
1569493324.08254
1569493324.33256
1569493324.58257
1569493324.83258
1569493325.08259
1569493325.3326
1569493325.58261
1569493325.83263
1569493326.08264
1569493326.33265
1569493326.58266
1569493326.83267
1569493327.08268
1569493327.33269
1569493327.58271
1569493327.83272
1569493328.08273
1569493328.33274
1569493328.58275
1569493328.83276
1569493329.08278
1569493329.33279
1569493329.5828
1569493329.83281
1569493330.08282
1569493330.33283
1569493330.58284
1569493330.83286
1569493331.08287
1569493331.33288
1569493331.58289
1569493331.8329
1569493332.08291
1569493332.33293
1569493332.58294
1569493332.83295
1569493333.08296
1569493333.33297
1569493333.58298
1569493333.833
1569493334.08301
1569493334.33302
1569493334.58303
1569493334.83304
1569493335.08305
1569493335.33306
1569493335.58308
1569493335.83309
1569493336.0831
1569493336.33311
1569493336.58312
1569493336.83313
1569493337.08315
1569493337.33316
1569493337.58317
1569493337.83318
1569493338.08319
1569493338.3332
1569493338.58322
1569493338.83323
1569493339.08324
1569493339.33325
1569493339.58326
1569493339.83327
1569493340.08328
1569493340.3333
1569493340.58331
1569493340.83332
1569493341.08333
1569493341.33334
1569493341.58335
1569493341.83337
1569493342.08338
1569493342.33339
1569493342.5834
1569493342.83341
1569493343.08342
1569493343.33344
1569493343.58345
1569493343.83346
1569493344.08347
1569493344.33348
1569493344.58349
1569493344.8335
1569493345.08352
1569493345.33353
1569493345.58354
1569493345.83355
1569493346.08356
1569493346.33357
1569493346.58359
1569493346.8336
1569493347.08361
1569493347.33362
1569493347.58363
1569493347.83364
1569493348.08366
1569493348.33367
1569493348.58368
1569493348.83369
1569493349.0837
1569493349.33371
1569493349.58372
1569493349.83374
1569493350.08375
1569493350.33376
1569493350.58377
1569493350.83378
1569493351.08379
1569493351.33381
1569493351.58382
1569493351.83383
1569493352.08384
1569493352.33385
1569493352.58386
1569493352.83388
1569493353.08389
1569493353.3339
1569493353.58391
1569493353.83392
1569493354.08393
1569493354.33394
1569493354.58396
1569493354.83397
1569493355.08398
1569493355.33399
1569493355.584
1569493355.83401
1569493356.08403
1569493356.33404
1569493356.58405
1569493356.83406
1569493357.08407
1569493357.33408
1569493357.5841
1569493357.83411
1569493358.08412
1569493358.33413
1569493358.58414
1569493358.83415
1569493359.08416
1569493359.33418
1569493359.58419
1569493359.8342
1569493360.08421
1569493360.33422
1569493360.58423
1569493360.83425
1569493361.08426
1569493361.33427
1569493361.58428
1569493361.83429
1569493362.0843
1569493362.33432
1569493362.58433
1569493362.83434
1569493363.08435
1569493363.33436
1569493363.58437
1569493363.83438
1569493364.0844
1569493364.33441
1569493364.58442
1569493364.83443
1569493365.08444
1569493365.33445
1569493365.58447
1569493365.83448
1569493366.08449
1569493366.3345
1569493366.58451
1569493366.83452
1569493367.08453
1569493367.33455
1569493367.58456
1569493367.83457
1569493368.08458
1569493368.33459
1569493368.5846
1569493368.83462
1569493369.08463
1569493369.33464
1569493369.58465
1569493369.83466
1569493370.08467
1569493370.33469
1569493370.5847
1569493370.83471
1569493371.08472
1569493371.33473
1569493371.58474
1569493371.83475
1569493372.08477
1569493372.33478
1569493372.58479
1569493372.8348
1569493373.08481
1569493373.33482
1569493373.58484
1569493373.83485
1569493374.08486
1569493374.33487
1569493374.58488
1569493374.83489
1569493375.08491
1569493375.33492
1569493375.58493
1569493375.83494
1569493376.08495
1569493376.33496
1569493376.58497
1569493376.83499
1569493377.085
1569493377.33501
1569493377.58502
1569493377.83503
1569493378.08504
1569493378.33506
1569493378.58507
1569493378.83508
1569493379.08509
1569493379.3351
1569493379.58511
1569493379.83513
1569493380.08514
1569493380.33515
1569493380.58516
1569493380.83517
1569493381.08518
1569493381.33519
1569493381.58521
1569493381.83522
1569493382.08523
1569493382.33524
1569493382.58525
1569493382.83526
1569493383.08528
1569493383.33529
1569493383.5853
1569493383.83531
1569493384.08532
1569493384.33533
1569493384.58535
1569493384.83536
1569493385.08537
1569493385.33538
1569493385.58539
1569493385.8354
1569493386.08541
1569493386.33543
1569493386.58544
1569493386.83545
1569493387.08546
1569493387.33547
1569493387.58548
1569493387.8355
1569493388.08551
1569493388.33552
1569493388.58553
1569493388.83554
1569493389.08555
1569493389.33557
1569493389.58558
1569493389.83559
1569493390.0856
1569493390.33561
1569493390.58562
1569493390.83563
1569493391.08565
1569493391.33566
1569493391.58567
1569493391.83568
1569493392.08569
1569493392.3357
1569493392.58572
1569493392.83573
1569493393.08574
1569493393.33575
1569493393.58576
1569493393.83577
1569493394.08578
1569493394.3358
1569493394.58581
1569493394.83582
1569493395.08583
1569493395.33584
1569493395.58585
1569493395.83587
1569493396.08588
1569493396.33589
1569493396.5859
1569493396.83591
1569493397.08592
1569493397.33594
1569493397.58595
1569493397.83596
1569493398.08597
1569493398.33598
1569493398.58599
1569493398.836
1569493399.08602
1569493399.33603
1569493399.58604
1569493399.83605
1569493400.08606
1569493400.33607
1569493400.58609
1569493400.8361
1569493401.08611
1569493401.33612
1569493401.58613
1569493401.83614
1569493402.08616
1569493402.33617
1569493402.58618
1569493402.83619
1569493403.0862
1569493403.33621
1569493403.58622
1569493403.83624
1569493404.08625
1569493404.33626
1569493404.58627
1569493404.83628
1569493405.08629
1569493405.33631
1569493405.58632
1569493405.83633
1569493406.08634
1569493406.33635
1569493406.58636
1569493406.83638
1569493407.08639
1569493407.3364
1569493407.58641
1569493407.83642
1569493408.08643
1569493408.33644
1569493408.58646
1569493408.83647
1569493409.08648
1569493409.33649
1569493409.5865
1569493409.83651
1569493410.08653
1569493410.33654
1569493410.58655
1569493410.83656
1569493411.08657
1569493411.33658
1569493411.5866
1569493411.83661
1569493412.08662
1569493412.33663
1569493412.58664
1569493412.83665
1569493413.08666
1569493413.33668
1569493413.58669
1569493413.8367
1569493414.08671
1569493414.33672
1569493414.58673
1569493414.83675
1569493415.08676
1569493415.33677
1569493415.58678
1569493415.83679
1569493416.0868
1569493416.33682
1569493416.58683
1569493416.83684
1569493417.08685
1569493417.33686
1569493417.58687
1569493417.83688
1569493418.0869
1569493418.33691
1569493418.58692
1569493418.83693
1569493419.08694
1569493419.33695
1569493419.58697
1569493419.83698
1569493420.08699
1569493420.337
1569493420.58701
1569493420.83702
1569493421.08703
1569493421.33705
1569493421.58706
1569493421.83707
1569493422.08708
1569493422.33709
1569493422.5871
1569493422.83712
1569493423.08713
1569493423.33714
1569493423.58715
1569493423.83716
1569493424.08717
1569493424.33719
1569493424.5872
1569493424.83721
1569493425.08722
1569493425.33723
1569493425.58724
1569493425.83726
1569493426.08727
1569493426.33728
1569493426.58729
1569493426.8373
1569493427.08731
1569493427.33732
1569493427.58734
1569493427.83735
1569493428.08736
1569493428.33737
1569493428.58738
1569493428.83739
1569493429.08741
1569493429.33742
1569493429.58743
1569493429.83744
1569493430.08745
1569493430.33746
1569493430.58747
1569493430.83749
1569493431.0875
1569493431.33751
1569493431.58752
1569493431.83753
1569493432.08754
1569493432.33756
1569493432.58757
1569493432.83758
1569493433.08759
1569493433.3376
1569493433.58761
1569493433.83763
1569493434.08764
1569493434.33765
1569493434.58766
1569493434.83767
1569493435.08768
1569493435.33769
1569493435.58771
1569493435.83772
1569493436.08773
1569493436.33774
1569493436.58775
1569493436.83776
1569493437.08778
1569493437.33779
1569493437.5878
1569493437.83781
1569493438.08782
1569493438.33783
1569493438.58785
1569493438.83786
1569493439.08787
1569493439.33788
1569493439.58789
1569493439.8379
1569493440.08791
1569493440.33793
1569493440.58794
1569493440.83795
1569493441.08796
1569493441.33797
1569493441.58798
1569493441.838
1569493442.08801
1569493442.33802
1569493442.58803
1569493442.83804
1569493443.08805
1569493443.33807
1569493443.58808
1569493443.83809
1569493444.0881
1569493444.33811
1569493444.58812
1569493444.83813
1569493445.08815
1569493445.33816
1569493445.58817
1569493445.83818
1569493446.08819
1569493446.3382
1569493446.58822
1569493446.83823
1569493447.08824
1569493447.33825
1569493447.58826
1569493447.83827
1569493448.08829
1569493448.3383
1569493448.58831
1569493448.83832
1569493449.08833
1569493449.33834
1569493449.58835
1569493449.83837
1569493450.08838
1569493450.33839
1569493450.5884
1569493450.83841
1569493451.08842
1569493451.33844
1569493451.58845
1569493451.83846
1569493452.08847
1569493452.33848
1569493452.58849
1569493452.83851
1569493453.08852
1569493453.33853
1569493453.58854
1569493453.83855
1569493454.08856
1569493454.33857
1569493454.58859
1569493454.8386
1569493455.08861
1569493455.33862
1569493455.58863
1569493455.83864
1569493456.08866
1569493456.33867
1569493456.58868
1569493456.83869
1569493457.0887
1569493457.33871
1569493457.58872
1569493457.83874
1569493458.08875
1569493458.33876
1569493458.58877
1569493458.83878
1569493459.08879
1569493459.33881
1569493459.58882
1569493459.83883
1569493460.08884
1569493460.33885
1569493460.58886
1569493460.83888
1569493461.08889
1569493461.3389
1569493461.58891
1569493461.83892
1569493462.08893
1569493462.33894
1569493462.58896
1569493462.83897
1569493463.08898
1569493463.33899
1569493463.589
1569493463.83901
1569493464.08903
1569493464.33904
1569493464.58905
1569493464.83906
1569493465.08907
1569493465.33908
1569493465.5891
1569493465.83911
1569493466.08912
1569493466.33913
1569493466.58914
1569493466.83915
1569493467.08916
1569493467.33918
1569493467.58919
1569493467.8392
1569493468.08921
1569493468.33922
1569493468.58923
1569493468.83925
1569493469.08926
1569493469.33927
1569493469.58928
1569493469.83929
1569493470.0893
1569493470.33932
1569493470.58933
1569493470.83934
1569493471.08935
1569493471.33936
1569493471.58937
1569493471.83938
1569493472.0894
1569493472.33941
1569493472.58942
1569493472.83943
1569493473.08944
1569493473.33945
1569493473.58947
1569493473.83948
1569493474.08949
1569493474.3395
1569493474.58951
1569493474.83952
1569493475.08954
1569493475.33955
1569493475.58956
1569493475.83957
1569493476.08958
1569493476.33959
1569493476.5896
1569493476.83962
1569493477.08963
1569493477.33964
1569493477.58965
1569493477.83966
1569493478.08967
1569493478.33969
1569493478.5897
1569493478.83971
1569493479.08972
1569493479.33973
1569493479.58974
1569493479.83976
1569493480.08977
1569493480.33978
1569493480.58979
1569493480.8398
1569493481.08981
1569493481.33982
1569493481.58984
1569493481.83985
1569493482.08986
1569493482.33987
1569493482.58988
1569493482.83989
1569493483.08991
1569493483.33992
1569493483.58993
1569493483.83994
1569493484.08995
1569493484.33996
1569493484.58998
1569493484.83999
1569493485.09
1569493485.34001
1569493485.59002
1569493485.84003
1569493486.09004
1569493486.34006
1569493486.59007
1569493486.84008
1569493487.09009
1569493487.3401
1569493487.59011
1569493487.84013
1569493488.09014
1569493488.34015
1569493488.59016
1569493488.84017
1569493489.09018
1569493489.34019
1569493489.59021
1569493489.84022
1569493490.09023
1569493490.34024
1569493490.59025
1569493490.84026
1569493491.09028
1569493491.34029
1569493491.5903
1569493491.84031
1569493492.09032
1569493492.34033
1569493492.59035
1569493492.84036
1569493493.09037
1569493493.34038
1569493493.59039
1569493493.8404
1569493494.09041
1569493494.34043
1569493494.59044
1569493494.84045
1569493495.09046
1569493495.34047
1569493495.59048
1569493495.8405
1569493496.09051
1569493496.34052
1569493496.59053
1569493496.84054
1569493497.09055
1569493497.34057
1569493497.59058
1569493497.84059
1569493498.0906
1569493498.34061
1569493498.59062
1569493498.84063
1569493499.09065
1569493499.34066
1569493499.59067
1569493499.84068
1569493500.09069
1569493500.3407
1569493500.59072
1569493500.84073
1569493501.09074
1569493501.34075
1569493501.59076
1569493501.84077
1569493502.09079
1569493502.3408
1569493502.59081
1569493502.84082
1569493503.09083
1569493503.34084
1569493503.59085
1569493503.84087
1569493504.09088
1569493504.34089
1569493504.5909
1569493504.84091
1569493505.09092
1569493505.34094
1569493505.59095
1569493505.84096
1569493506.09097
1569493506.34098
1569493506.59099
1569493506.84101
1569493507.09102
1569493507.34103
1569493507.59104
1569493507.84105
1569493508.09106
1569493508.34107
1569493508.59109
1569493508.8411
1569493509.09111
1569493509.34112
1569493509.59113
1569493509.84114
1569493510.09116
1569493510.34117
1569493510.59118
1569493510.84119
1569493511.0912
1569493511.34121
1569493511.59123
1569493511.84124
1569493512.09125
1569493512.34126
1569493512.59127
1569493512.84128
1569493513.09129
1569493513.34131
1569493513.59132
1569493513.84133
1569493514.09134
1569493514.34135
1569493514.59136
1569493514.84138
1569493515.09139
1569493515.3414
1569493515.59141
1569493515.84142
1569493516.09143
1569493516.34144
1569493516.59146
1569493516.84147
1569493517.09148
1569493517.34149
1569493517.5915
1569493517.84151
1569493518.09153
1569493518.34154
1569493518.59155
1569493518.84156
1569493519.09157
1569493519.34158
1569493519.5916
1569493519.84161
1569493520.09162
1569493520.34163
1569493520.59164
1569493520.84165
1569493521.09167
1569493521.34168
1569493521.59169
1569493521.8417
1569493522.09171
1569493522.34172
1569493522.59173
1569493522.84175
1569493523.09176
1569493523.34177
1569493523.59178
1569493523.84179
1569493524.0918
1569493524.34182
1569493524.59183
1569493524.84184
1569493525.09185
1569493525.34186
1569493525.59187
1569493525.84188
1569493526.0919
1569493526.34191
1569493526.59192
1569493526.84193
1569493527.09194
1569493527.34195
1569493527.59197
1569493527.84198
1569493528.09199
1569493528.342
1569493528.59201
1569493528.84202
1569493529.09204
1569493529.34205
1569493529.59206
1569493529.84207
1569493530.09208
1569493530.34209
1569493530.5921
1569493530.84212
1569493531.09213
1569493531.34214
1569493531.59215
1569493531.84216
1569493532.09217
1569493532.34219
1569493532.5922
1569493532.84221
1569493533.09222
1569493533.34223
1569493533.59224
1569493533.84226
1569493534.09227
1569493534.34228
1569493534.59229
1569493534.8423
1569493535.09231
1569493535.34232
1569493535.59234
1569493535.84235
1569493536.09236
1569493536.34237
1569493536.59238
1569493536.84239
1569493537.09241
1569493537.34242
1569493537.59243
1569493537.84244
1569493538.09245
1569493538.34246
1569493538.59248
1569493538.84249
1569493539.0925
1569493539.34251
1569493539.59252
1569493539.84253
1569493540.09254
1569493540.34256
1569493540.59257
1569493540.84258
1569493541.09259
1569493541.3426
1569493541.59261
1569493541.84263
1569493542.09264
1569493542.34265
