1569253638.731
1569253638.981
1569253639.231
1569253639.481
1569253639.731
1569253639.981
1569253640.231
1569253640.481
1569253640.731
1569253640.981
1569253641.231
1569253641.481
1569253641.731
1569253641.981
1569253642.231
1569253642.481
1569253642.731
1569253642.981
1569253643.231
1569253643.481
1569253643.731
1569253643.981
1569253644.231
1569253644.481
1569253644.731
1569253644.981
1569253645.231
1569253645.481
1569253645.731
1569253645.981
1569253646.231
1569253646.481
1569253646.731
1569253646.981
1569253647.231
1569253647.481
1569253647.731
1569253647.981
1569253648.231
1569253648.481
1569253648.731
1569253648.981
1569253649.231
1569253649.481
1569253649.731
1569253649.981
1569253650.231
1569253650.481
1569253650.731
1569253650.981
1569253651.231
1569253651.481
1569253651.731
1569253651.981
1569253652.231
1569253652.481
1569253652.731
1569253652.981
1569253653.231
1569253653.481
1569253653.731
1569253653.981
1569253654.231
1569253654.481
1569253654.731
1569253654.981
1569253655.231
1569253655.481
1569253655.731
1569253655.981
1569253656.231
1569253656.481
1569253656.731
1569253656.981
1569253657.231
1569253657.481
1569253657.731
1569253657.981
1569253658.231
1569253658.481
1569253658.731
1569253658.981
1569253659.231
1569253659.481
1569253659.731
1569253659.981
1569253660.231
1569253660.481
1569253660.731
1569253660.981
1569253661.231
1569253661.481
1569253661.731
1569253661.981
1569253662.231
1569253662.481
1569253662.731
1569253662.981
1569253663.231
1569253663.481
1569253663.731
1569253663.981
1569253664.231
1569253664.481
1569253664.731
1569253664.981
1569253665.231
1569253665.481
1569253665.731
1569253665.981
1569253666.231
1569253666.481
1569253666.731
1569253666.981
1569253667.231
1569253667.481
1569253667.731
1569253667.981
1569253668.231
1569253668.481
1569253668.731
1569253668.981
1569253669.231
1569253669.481
1569253669.731
1569253669.981
1569253670.231
1569253670.481
1569253670.731
1569253670.981
1569253671.231
1569253671.481
1569253671.731
1569253671.981
1569253672.231
1569253672.481
1569253672.731
1569253672.981
1569253673.231
1569253673.481
1569253673.731
1569253673.981
1569253674.231
1569253674.481
1569253674.731
1569253674.981
1569253675.231
1569253675.481
1569253675.731
1569253675.981
1569253676.231
1569253676.481
1569253676.731
1569253676.981
1569253677.231
1569253677.481
1569253677.731
1569253677.981
1569253678.231
1569253678.481
1569253678.731
1569253678.981
1569253679.231
1569253679.481
1569253679.731
1569253679.981
1569253680.231
1569253680.481
1569253680.731
1569253680.981
1569253681.231
1569253681.481
1569253681.731
1569253681.981
1569253682.231
1569253682.481
1569253682.731
1569253682.981
1569253683.231
1569253683.481
1569253683.731
1569253683.981
1569253684.231
1569253684.481
1569253684.731
1569253684.981
1569253685.231
1569253685.481
1569253685.731
1569253685.981
1569253686.231
1569253686.481
1569253686.731
1569253686.981
1569253687.231
1569253687.481
1569253687.731
1569253687.981
1569253688.231
1569253688.481
1569253688.731
1569253688.981
1569253689.231
1569253689.481
1569253689.731
1569253689.981
1569253690.231
1569253690.481
1569253690.731
1569253690.981
1569253691.231
1569253691.481
1569253691.731
1569253691.981
1569253692.231
1569253692.481
1569253692.731
1569253692.981
1569253693.231
1569253693.481
1569253693.731
1569253693.981
1569253694.231
1569253694.481
1569253694.731
1569253694.981
1569253695.231
1569253695.481
1569253695.731
1569253695.981
1569253696.231
1569253696.481
1569253696.731
1569253696.981
1569253697.231
1569253697.481
1569253697.731
1569253697.981
1569253698.231
1569253698.481
1569253698.731
1569253698.981
1569253699.231
1569253699.481
1569253699.731
1569253699.981
1569253700.231
1569253700.481
1569253700.731
1569253700.981
1569253701.231
1569253701.481
1569253701.731
1569253701.981
1569253702.231
1569253702.481
1569253702.731
1569253702.981
1569253703.231
1569253703.481
1569253703.731
1569253703.981
1569253704.231
1569253704.481
1569253704.731
1569253704.981
1569253705.231
1569253705.481
1569253705.731
1569253705.981
1569253706.231
1569253706.481
1569253706.731
1569253706.981
1569253707.231
1569253707.481
1569253707.731
1569253707.981
1569253708.231
1569253708.481
1569253708.731
1569253708.981
1569253709.231
1569253709.481
1569253709.731
1569253709.981
1569253710.231
1569253710.481
1569253710.731
1569253710.981
1569253711.231
1569253711.481
1569253711.731
1569253711.981
1569253712.231
1569253712.481
1569253712.731
1569253712.981
1569253713.231
1569253713.481
1569253713.731
1569253713.981
1569253714.231
1569253714.481
1569253714.731
1569253714.981
1569253715.231
1569253715.481
1569253715.731
1569253715.981
1569253716.231
1569253716.481
1569253716.731
1569253716.981
1569253717.231
1569253717.481
1569253717.731
1569253717.981
1569253718.231
1569253718.481
1569253718.731
1569253718.981
1569253719.231
1569253719.481
1569253719.731
1569253719.981
1569253720.231
1569253720.481
1569253720.731
1569253720.981
1569253721.231
1569253721.481
1569253721.731
1569253721.981
1569253722.231
1569253722.481
1569253722.731
1569253722.981
1569253723.231
1569253723.481
1569253723.731
1569253723.981
1569253724.231
1569253724.481
1569253724.731
1569253724.981
1569253725.231
1569253725.481
1569253725.731
1569253725.981
1569253726.231
1569253726.481
1569253726.731
1569253726.981
1569253727.231
1569253727.481
1569253727.731
1569253727.981
1569253728.231
1569253728.481
1569253728.731
1569253728.981
1569253729.231
1569253729.481
1569253729.731
1569253729.981
1569253730.231
1569253730.481
1569253730.731
1569253730.981
1569253731.231
1569253731.481
1569253731.731
1569253731.981
1569253732.231
1569253732.481
1569253732.731
1569253732.981
1569253733.231
1569253733.481
1569253733.731
1569253733.981
1569253734.231
1569253734.481
1569253734.731
1569253734.981
1569253735.231
1569253735.481
1569253735.731
1569253735.981
1569253736.231
1569253736.481
1569253736.731
1569253736.981
1569253737.231
1569253737.481
1569253737.731
1569253737.981
1569253738.231
1569253738.481
1569253738.731
1569253738.981
1569253739.231
1569253739.481
1569253739.731
1569253739.981
1569253740.231
1569253740.481
1569253740.731
1569253740.981
1569253741.231
1569253741.481
1569253741.731
1569253741.981
1569253742.231
1569253742.481
1569253742.731
1569253742.981
1569253743.231
1569253743.481
1569253743.731
1569253743.981
1569253744.231
1569253744.481
1569253744.731
1569253744.981
1569253745.231
1569253745.481
1569253745.731
1569253745.981
1569253746.231
1569253746.481
1569253746.731
1569253746.981
1569253747.231
1569253747.481
1569253747.731
1569253747.981
1569253748.231
1569253748.481
1569253748.731
1569253748.981
1569253749.231
1569253749.481
1569253749.731
1569253749.981
1569253750.231
1569253750.481
1569253750.731
1569253750.981
1569253751.231
1569253751.481
1569253751.731
1569253751.981
1569253752.231
1569253752.481
1569253752.731
1569253752.981
1569253753.231
1569253753.481
1569253753.731
1569253753.981
1569253754.231
1569253754.481
1569253754.731
1569253754.981
1569253755.231
1569253755.481
1569253755.731
1569253755.981
1569253756.231
1569253756.481
1569253756.731
1569253756.981
1569253757.231
1569253757.481
1569253757.731
1569253757.981
1569253758.231
1569253758.481
1569253758.731
1569253758.981
1569253759.231
1569253759.481
1569253759.731
1569253759.981
1569253760.231
1569253760.481
1569253760.731
1569253760.981
1569253761.231
1569253761.481
1569253761.731
1569253761.981
1569253762.231
1569253762.481
1569253762.731
1569253762.981
1569253763.231
1569253763.481
1569253763.731
1569253763.981
1569253764.231
1569253764.481
1569253764.731
1569253764.981
1569253765.231
1569253765.481
1569253765.731
1569253765.981
1569253766.231
1569253766.481
1569253766.731
1569253766.981
1569253767.231
1569253767.481
1569253767.731
1569253767.981
1569253768.231
1569253768.481
1569253768.731
1569253768.981
1569253769.231
1569253769.481
1569253769.731
1569253769.981
1569253770.231
1569253770.481
1569253770.731
1569253770.981
1569253771.231
1569253771.481
1569253771.731
1569253771.981
1569253772.231
1569253772.481
1569253772.731
1569253772.981
1569253773.231
1569253773.481
1569253773.731
1569253773.981
1569253774.231
1569253774.481
1569253774.731
1569253774.981
1569253775.231
1569253775.481
1569253775.731
1569253775.981
1569253776.231
1569253776.481
1569253776.731
1569253776.981
1569253777.231
1569253777.481
1569253777.731
1569253777.981
1569253778.231
1569253778.481
1569253778.731
1569253778.981
1569253779.231
1569253779.481
1569253779.731
1569253779.981
1569253780.231
1569253780.481
1569253780.731
1569253780.981
1569253781.231
1569253781.481
1569253781.731
1569253781.981
1569253782.231
1569253782.481
1569253782.731
1569253782.981
1569253783.231
1569253783.481
1569253783.731
1569253783.981
1569253784.231
1569253784.481
1569253784.731
1569253784.981
1569253785.231
1569253785.481
1569253785.731
1569253785.981
1569253786.231
1569253786.481
1569253786.731
1569253786.981
1569253787.231
1569253787.481
1569253787.731
1569253787.981
1569253788.231
1569253788.481
1569253788.731
1569253788.981
1569253789.231
1569253789.481
1569253789.731
1569253789.981
1569253790.231
1569253790.481
1569253790.731
1569253790.981
1569253791.231
1569253791.481
1569253791.731
1569253791.981
1569253792.231
1569253792.481
1569253792.731
1569253792.981
1569253793.231
1569253793.481
1569253793.731
1569253793.981
1569253794.231
1569253794.481
1569253794.731
1569253794.981
1569253795.231
1569253795.481
1569253795.731
1569253795.981
1569253796.231
1569253796.481
1569253796.731
1569253796.981
1569253797.231
1569253797.481
1569253797.731
1569253797.981
1569253798.231
1569253798.481
1569253798.731
1569253798.981
1569253799.231
1569253799.481
1569253799.731
1569253799.981
1569253800.231
1569253800.481
1569253800.731
1569253800.981
1569253801.231
1569253801.481
1569253801.731
1569253801.981
1569253802.231
1569253802.481
1569253802.731
1569253802.981
1569253803.231
1569253803.481
1569253803.731
1569253803.981
1569253804.231
1569253804.481
1569253804.731
1569253804.981
1569253805.231
1569253805.481
1569253805.731
1569253805.981
1569253806.231
1569253806.481
1569253806.731
1569253806.981
1569253807.231
1569253807.481
1569253807.731
1569253807.981
1569253808.231
1569253808.481
1569253808.731
1569253808.981
1569253809.231
1569253809.481
1569253809.731
1569253809.981
1569253810.231
1569253810.481
1569253810.731
1569253810.981
1569253811.231
1569253811.481
1569253811.731
1569253811.981
1569253812.231
1569253812.481
1569253812.731
1569253812.981
1569253813.231
1569253813.481
1569253813.731
1569253813.981
1569253814.231
1569253814.481
1569253814.731
1569253814.981
1569253815.231
1569253815.481
1569253815.731
1569253815.981
1569253816.231
1569253816.481
1569253816.731
1569253816.981
1569253817.231
1569253817.481
1569253817.731
1569253817.981
1569253818.231
1569253818.481
1569253818.731
1569253818.981
1569253819.231
1569253819.481
1569253819.731
1569253819.981
1569253820.231
1569253820.481
1569253820.731
1569253820.981
1569253821.231
1569253821.481
1569253821.731
1569253821.981
1569253822.231
1569253822.481
1569253822.731
1569253822.981
1569253823.231
1569253823.481
1569253823.731
1569253823.981
1569253824.231
1569253824.481
1569253824.731
1569253824.981
1569253825.231
1569253825.481
1569253825.731
1569253825.981
1569253826.231
1569253826.481
1569253826.731
1569253826.981
1569253827.231
1569253827.481
1569253827.731
1569253827.981
1569253828.231
1569253828.481
1569253828.731
1569253828.981
1569253829.231
1569253829.481
1569253829.731
1569253829.981
1569253830.231
1569253830.481
1569253830.731
1569253830.981
1569253831.231
1569253831.481
1569253831.731
1569253831.981
1569253832.231
1569253832.481
1569253832.731
1569253832.981
1569253833.231
1569253833.481
1569253833.731
1569253833.981
1569253834.231
1569253834.481
1569253834.731
1569253834.981
1569253835.231
1569253835.481
1569253835.731
1569253835.981
1569253836.231
1569253836.481
1569253836.731
1569253836.981
1569253837.231
1569253837.481
1569253837.731
1569253837.981
1569253838.231
1569253838.481
1569253838.731
1569253838.981
1569253839.231
1569253839.481
1569253839.731
1569253839.981
1569253840.231
1569253840.481
1569253840.731
1569253840.981
1569253841.231
1569253841.481
1569253841.731
1569253841.981
1569253842.231
1569253842.481
1569253842.731
1569253842.981
1569253843.231
1569253843.481
1569253843.731
1569253843.981
1569253844.231
1569253844.481
1569253844.731
1569253844.981
1569253845.231
1569253845.481
1569253845.731
1569253845.981
1569253846.231
1569253846.481
1569253846.731
1569253846.981
1569253847.231
1569253847.481
1569253847.731
1569253847.981
1569253848.231
1569253848.481
1569253848.731
1569253848.981
1569253849.231
1569253849.481
1569253849.731
1569253849.981
1569253850.231
1569253850.481
1569253850.731
1569253850.981
1569253851.231
1569253851.481
1569253851.731
1569253851.981
1569253852.231
1569253852.481
1569253852.731
1569253852.981
1569253853.231
1569253853.481
1569253853.731
1569253853.981
1569253854.231
1569253854.481
1569253854.731
1569253854.981
1569253855.231
1569253855.481
1569253855.731
1569253855.981
1569253856.231
1569253856.481
1569253856.731
1569253856.981
1569253857.231
1569253857.481
1569253857.731
1569253857.981
1569253858.231
1569253858.481
1569253858.731
1569253858.981
1569253859.231
1569253859.481
1569253859.731
1569253859.981
1569253860.231
1569253860.481
1569253860.731
1569253860.981
1569253861.231
1569253861.481
1569253861.731
1569253861.981
1569253862.231
1569253862.481
1569253862.731
1569253862.981
1569253863.231
1569253863.481
1569253863.731
1569253863.981
1569253864.231
1569253864.481
1569253864.731
1569253864.981
1569253865.231
1569253865.481
1569253865.731
1569253865.981
1569253866.231
1569253866.481
1569253866.731
1569253866.981
1569253867.231
1569253867.481
1569253867.731
1569253867.981
1569253868.231
1569253868.481
1569253868.731
1569253868.981
1569253869.231
1569253869.481
1569253869.731
1569253869.981
1569253870.231
1569253870.481
1569253870.731
1569253870.981
1569253871.231
1569253871.481
1569253871.731
1569253871.981
1569253872.231
1569253872.481
1569253872.731
1569253872.981
1569253873.231
1569253873.481
1569253873.731
1569253873.981
1569253874.231
1569253874.481
1569253874.731
1569253874.981
1569253875.231
1569253875.481
1569253875.731
1569253875.981
1569253876.231
1569253876.481
1569253876.731
1569253876.981
1569253877.231
1569253877.481
1569253877.731
1569253877.981
1569253878.231
1569253878.481
1569253878.731
1569253878.981
1569253879.231
1569253879.481
1569253879.731
1569253879.981
1569253880.231
1569253880.481
1569253880.731
1569253880.981
1569253881.231
1569253881.481
1569253881.731
1569253881.981
1569253882.231
1569253882.481
1569253882.731
1569253882.981
1569253883.231
1569253883.481
1569253883.731
1569253883.981
1569253884.231
1569253884.481
1569253884.731
1569253884.981
1569253885.231
1569253885.481
1569253885.731
1569253885.981
1569253886.231
1569253886.481
1569253886.731
1569253886.981
1569253887.231
1569253887.481
1569253887.731
1569253887.981
1569253888.231
1569253888.481
1569253888.731
1569253888.981
1569253889.231
1569253889.481
1569253889.731
1569253889.981
1569253890.231
1569253890.481
1569253890.731
1569253890.981
1569253891.231
1569253891.481
1569253891.731
1569253891.981
1569253892.231
1569253892.481
1569253892.731
1569253892.981
1569253893.231
1569253893.481
1569253893.731
1569253893.981
1569253894.231
1569253894.481
1569253894.731
1569253894.981
1569253895.231
1569253895.481
1569253895.731
1569253895.981
1569253896.231
1569253896.481
1569253896.731
1569253896.981
1569253897.231
1569253897.481
1569253897.731
1569253897.981
1569253898.231
1569253898.481
1569253898.731
1569253898.981
1569253899.231
1569253899.481
1569253899.731
1569253899.981
1569253900.231
1569253900.481
1569253900.731
1569253900.981
1569253901.231
1569253901.481
1569253901.731
1569253901.981
1569253902.231
1569253902.481
1569253902.731
1569253902.981
1569253903.231
1569253903.481
1569253903.731
1569253903.981
1569253904.231
1569253904.481
1569253904.731
1569253904.981
1569253905.231
1569253905.481
1569253905.731
1569253905.981
1569253906.231
1569253906.481
1569253906.731
1569253906.981
1569253907.231
1569253907.481
1569253907.731
1569253907.981
1569253908.231
1569253908.481
1569253908.731
1569253908.981
1569253909.231
1569253909.481
1569253909.731
1569253909.981
1569253910.231
1569253910.481
1569253910.731
1569253910.981
1569253911.231
1569253911.481
1569253911.731
1569253911.981
1569253912.231
1569253912.481
1569253912.731
1569253912.981
1569253913.231
1569253913.481
1569253913.731
1569253913.981
1569253914.231
1569253914.481
1569253914.731
1569253914.981
1569253915.231
1569253915.481
1569253915.731
1569253915.981
1569253916.231
1569253916.481
1569253916.731
1569253916.981
1569253917.231
1569253917.481
1569253917.731
1569253917.981
1569253918.231
1569253918.481
1569253918.731
1569253918.981
1569253919.231
1569253919.481
1569253919.731
1569253919.981
1569253920.231
1569253920.481
1569253920.731
1569253920.981
1569253921.231
1569253921.481
1569253921.731
1569253921.981
1569253922.231
1569253922.481
1569253922.731
1569253922.981
1569253923.231
1569253923.481
1569253923.731
1569253923.981
1569253924.231
1569253924.481
1569253924.731
1569253924.981
1569253925.231
1569253925.481
1569253925.731
1569253925.981
1569253926.231
1569253926.481
1569253926.731
1569253926.981
1569253927.231
1569253927.481
1569253927.731
1569253927.981
1569253928.231
1569253928.481
1569253928.731
1569253928.981
1569253929.231
1569253929.481
1569253929.731
1569253929.981
1569253930.231
1569253930.481
1569253930.731
1569253930.981
1569253931.231
1569253931.481
1569253931.731
1569253931.981
1569253932.231
1569253932.481
1569253932.731
1569253932.981
1569253933.231
1569253933.481
1569253933.731
1569253933.981
1569253934.231
1569253934.481
1569253934.731
1569253934.981
1569253935.231
1569253935.481
1569253935.731
1569253935.981
1569253936.231
1569253936.481
1569253936.731
1569253936.981
1569253937.231
1569253937.481
1569253937.731
1569253937.981
1569253938.231
1569253938.481
