1.040751
1.035626
1.030501
1.031782
1.021533
1.016408
1.011284
1.008721
1.001034
1.003596
1.003596
1.001034
0.993347
0.9907847
0.9869412
0.9830976
0.9779729
0.9754106
0.9766917
0.98566
0.9920658
0.9984717
1.008721
1.016408
1.015127
1.015127
1.016408
1.010002
1.001034
1.002315
0.9959094
0.9907847
0.9882223
0.9907847
1.002315
1.022814
1.045875
1.071499
1.091998
1.103528
1.11634
1.127871
1.129152
1.125308
1.112496
1.103528
1.091998
1.077905
1.075342
1.065093
1.051
1.047156
1.038188
1.035626
1.024095
1.016408
1.011284
1.008721
1.00744
0.9997529
1.001034
0.98566
0.98566
0.9869412
0.9830976
0.9805353
0.9754106
0.9754106
0.9728482
0.9651611
0.9638799
0.9613176
0.9600365
0.9561929
0.9510682
0.9472247
0.9855609
0.9817173
0.9829985
0.9765927
0.9727491
0.971468
0.9740303
0.9637809
0.9637809
0.9637809
0.957375
0.9548126
0.9548126
0.9522503
0.9509691
0.9484068
0.9458444
0.9432821
0.9407197
0.9368762
0.9381574
0.9368762
0.9317515
0.9317515
0.9291891
0.9279079
0.9279079
0.9253456
0.9227833
0.9189397
0.9176585
0.9189397
0.9163774
0.9150962
0.9176585
0.9163774
0.9086903
0.9048468
0.9061279
0.9086903
0.9022844
0.9022844
0.9022844
0.9010032
0.899722
0.8971597
0.8958785
0.8933161
0.8907538
0.8881915
0.8869103
0.8869103
0.8830668
0.8830668
0.8805044
0.8805044
0.8740985
0.8753797
0.8766609
0.8753797
0.8740985
0.8728173
0.8689738
0.8689738
0.8664114
0.8638491
0.8625679
0.8638491
0.8587244
0.8587244
0.8561621
0.8548809
0.8523185
0.8510373
0.8497562
0.8510373
0.8471938
0.8459126
0.8446314
0.848475
0.8433503
0.8433503
0.8433503
0.8459126
0.8407879
0.8369444
0.8343821
0.8382255
0.8331009
0.8331009
0.8305385
0.8343821
0.8343821
0.8305385
0.8292573
0.8305385
0.826695
0.826695
0.8292573
0.8202891
0.8241326
0.8177267
0.8202891
0.8177267
0.8164456
0.8138832
0.8074773
0.812602
0.8177267
0.8087585
0.8061962
0.8061962
0.8036338
0.8061962
0.8036338
0.8023526
0.8023526
0.7985091
0.7985091
0.7959467
0.7946656
0.8010715
0.7997903
0.7972279
0.7997903
0.7933844
0.7933844
0.7921032
0.7856973
0.7895408
0.7856973
0.7844161
0.7844161
0.7792915
0.7805726
0.7856973
0.7805726
0.7805726
0.7831349
0.7754479
0.7767291
0.7754479
0.7754479
0.7741667
0.7716044
0.7716044
0.769042
0.7664797
0.7664797
0.7651985
0.761355
0.7626361
0.7639173
0.761355
0.7575114
0.761355
0.7575114
0.7575114
0.7587926
0.7575114
0.7575114
0.7523867
0.7549491
0.7523867
0.7536679
0.7536679
0.7536679
0.7562302
0.761355
0.7549491
0.7562302
0.7587926
0.7600738
0.7536679
0.7549491
0.7575114
0.7498243
0.7523867
0.7498243
0.7536679
0.7562302
0.7536679
0.7600738
0.7562302
0.7575114
0.7511055
0.7536679
0.7536679
0.7549491
0.7498243
0.7498243
0.7459809
0.7459809
0.7434185
0.7382938
0.7382938
0.7382938
0.739575
0.7382938
0.7370126
0.7370126
0.7318879
0.7318879
0.7344502
0.7306067
0.7293255
0.7293255
0.7229196
0.7229196
0.7216385
0.7203573
0.7203573
0.7203573
0.7190761
0.717795
0.7152326
0.7139514
0.7152326
0.7165138
0.7139514
0.7126703
0.7101079
0.7101079
0.7088267
0.7088267
0.7075455
0.7075455
0.703702
0.7062644
0.7049832
0.7024208
0.7024208
0.7024208
0.6998585
0.6985773
0.6972961
0.6985773
0.6960149
0.6908903
0.6947337
0.6960149
0.6960149
0.6921714
0.6934526
0.6896091
0.6934526
0.6934526
0.6896091
0.6908903
0.6896091
0.6896091
0.6857655
0.6844844
0.6857655
0.6832032
0.6883279
0.6883279
0.6844844
0.6832032
0.681922
0.6793596
0.681922
0.6806408
0.681922
0.6806408
0.6832032
0.6806408
0.6767973
0.6755161
0.6755161
0.6716726
0.6691102
0.6703914
0.6767973
0.6780785
0.6755161
0.6793596
0.681922
0.6870467
0.6832032
0.6844844
0.6857655
0.6883279
0.6896091
0.6934526
0.6883279
0.6832032
0.6870467
0.6844844
0.681922
0.6832032
0.6793596
0.6780785
0.6716726
0.6755161
0.667829
0.6703914
0.667829
0.6703914
0.667829
0.6691102
0.6665479
0.6665479
0.6639856
0.660142
0.6639856
0.6639856
0.660142
0.660142
0.6575797
0.6575797
0.6575797
0.6562985
0.6550173
0.6537361
0.6473302
0.6550173
0.6498926
0.6498926
0.6486114
0.6486114
0.646049
0.6486114
0.646049
0.6473302
0.6473302
0.646049
0.6486114
0.6486114
0.6409243
0.6396431
0.638362
0.6357996
0.638362
0.6396431
0.6357996
0.6345184
0.6293938
0.6332373
0.6332373
0.6306749
0.6281126
0.6281126
0.6255502
0.6268314
0.6281126
0.6268314
0.6281126
0.6204255
0.6242691
0.6217067
0.6281126
0.6229879
0.6255502
0.6229879
0.6229879
0.6217067
0.6217067
0.6229879
0.6191443
0.6204255
0.6255502
0.6242691
0.6191443
0.6178632
0.616582
0.6178632
0.6191443
0.6140196
0.6140196
0.6153008
0.6140196
0.6178632
0.6127384
0.6191443
0.6127384
0.6114573
0.6127384
0.6101761
0.6088949
0.6088949
0.6037702
0.6076137
0.6088949
0.6063325
0.6050514
0.6088949
0.6063325
0.6037702
0.6050514
0.6050514
0.6037702
0.5999267
0.5999267
0.5999267
0.5986455
0.5986455
0.5960832
0.594802
0.5960832
0.5935208
0.5960832
0.5935208
0.5871149
0.5922396
0.5896773
0.5896773
0.5871149
0.5858337
0.5896773
0.5819902
0.5845526
0.5858337
0.5871149
0.5858337
0.5845526
0.5832714
0.5832714
0.5832714
0.5819902
0.5794278
0.5794278
0.580709
0.580709
0.580709
0.5781467
0.5832714
0.5819902
0.5755843
0.5781467
0.5794278
0.5743032
0.5743032
0.5730219
0.5781467
0.5755843
0.5717408
0.5743032
0.5730219
0.5717408
0.5717408
0.5704596
0.5678973
0.5691785
0.5730219
0.5730219
0.5678973
0.5640537
0.5691785
0.5678973
0.5666161
0.5678973
0.5653349
0.5640537
0.5627726
0.5627726
0.5614914
0.5640537
0.5538043
0.5640537
0.5653349
0.5602102
0.5614914
0.5627726
0.5602102
0.5602102
0.5602102
0.558929
0.5576478
0.5550855
0.558929
0.5602102
0.558929
0.5512419
0.5499608
0.5486796
0.5486796
0.5499608
0.5512419
0.5486796
0.5448361
0.5448361
0.5435549
0.5512419
0.5486796
0.5448361
0.5448361
0.5461172
0.5435549
0.5448361
0.5435549
0.537149
0.5409926
0.5422737
0.5409926
0.5397114
0.5422737
0.5409926
0.5397114
0.5473984
0.5384302
0.5358678
0.5358678
0.537149
0.537149
0.5384302
0.5358678
0.537149
0.5358678
0.5358678
0.5345867
0.5307431
0.5333055
0.5281808
0.5307431
0.5320243
0.5320243
0.5333055
0.5268996
0.5333055
0.5281808
0.5307431
0.5268996
0.5268996
0.5256184
0.5268996
0.5307431
0.5243372
0.5230561
0.5243372
0.5268996
0.5268996
0.5268996
0.5307431
0.5243372
0.5217749
0.5243372
0.5243372
0.5268996
0.5230561
0.5217749
0.5243372
0.5217749
0.5204937
0.5204937
0.5204937
0.5192125
0.5204937
0.5192125
0.515369
0.5179313
0.515369
0.5192125
0.5140879
0.5140879
0.5166502
0.5140879
0.5140879
0.5140879
0.5166502
0.5128067
0.515369
0.5102443
0.5102443
0.5179313
0.5140879
0.5140879
0.5089631
0.5051196
0.507682
0.5115255
0.5128067
0.5051196
0.5102443
0.5025572
0.5038384
0.507682
0.507682
0.5089631
0.5012761
0.5038384
0.5064008
0.5038384
0.5012761
0.5038384
0.5025572
0.5012761
0.4987137
0.5012761
0.4987137
0.5012761
0.4999949
0.5012761
0.4987137
0.5012761
0.4987137
0.4961514
0.4974325
0.4987137
0.4974325
0.4961514
0.4948702
0.4974325
0.4974325
0.4961514
0.4961514
0.4948702
0.493589
0.493589
0.4948702
0.4923078
0.493589
0.4910266
0.493589
0.4923078
0.493589
0.4897455
0.4897455
0.4897455
0.4871831
0.485902
0.4846208
0.4846208
0.4820584
0.485902
0.4846208
0.4846208
0.4769337
0.4820584
0.4794961
0.4756525
0.4743713
0.4743713
0.4769337
0.4730902
0.4769337
0.471809
0.4743713
0.4756525
0.471809
0.4743713
0.4730902
0.4730902
0.471809
0.471809
0.4679655
0.5460482
0.5460482
0.544767
0.5473294
0.544767
0.5460482
0.5409235
0.5422046
0.5422046
0.5422046
0.5409235
0.5409235
0.544767
0.5422046
0.5422046
0.5409235
0.5396423
0.5409235
0.5383611
0.5383611
0.5396423
0.5370799
0.5434858
0.5383611
0.5370799
0.5370799
0.5383611
0.5357987
0.5370799
0.5332364
0.5332364
0.5345176
0.5319552
0.5319552
0.5345176
0.530674
0.5293928
0.530674
0.530674
0.530674
0.5319552
0.5332364
0.530674
0.5242682
0.5293928
0.5281117
0.5268305
0.5268305
0.5268305
0.5242682
0.5255494
0.5242682
0.5242682
0.522987
0.5204246
0.522987
0.5268305
0.5242682
0.5242682
0.5217058
0.5204246
0.5217058
0.5204246
0.5204246
0.5191435
0.5178623
0.5217058
0.5165811
0.5191435
0.5191435
0.5165811
0.5165811
0.5152999
0.5152999
0.5152999
0.5152999
0.5101752
0.5127376
0.5140188
0.5127376
0.5114564
0.5127376
0.508894
0.5114564
0.5101752
0.5101752
0.5114564
0.5050505
0.5063317
0.5063317
0.5037693
0.5024881
0.5037693
0.5037693
0.5037693
0.5024881
0.5037693
0.5024881
0.4986446
0.4999258
0.4999258
0.4986446
0.5024881
0.5024881
0.4999258
0.4986446
0.4986446
0.4973634
0.4960823
0.4948011
0.4999258
0.4986446
0.4986446
0.4973634
0.4973634
0.4960823
0.4948011
0.4935199
0.4935199
0.4922387
0.4922387
0.4948011
0.4935199
0.4935199
0.4935199
0.4922387
0.4922387
0.4935199
0.4909576
0.4909576
0.4922387
0.487114
0.4883952
0.4883952
0.4896764
0.4883952
0.4896764
0.4909576
0.4883952
0.4896764
0.487114
0.487114
0.4845517
0.487114
0.4845517
0.4858329
0.4845517
0.4858329
0.4832705
0.4845517
0.4845517
0.4832705
0.4832705
0.4807082
0.4845517
0.4832705
0.4819893
0.4819893
0.4832705
0.4832705
0.479427
0.4807082
0.479427
0.4781458
0.4768646
0.479427
0.4781458
0.4781458
0.4832705
0.4819893
0.479427
0.4768646
0.4781458
0.4768646
0.479427
0.4743023
0.4781458
0.4781458
0.4755834
0.4755834
0.4755834
0.4743023
0.4730211
0.4730211
0.4730211
0.4717399
0.4704587
0.4717399
0.4691775
0.4730211
0.4717399
0.4730211
0.4717399
0.4730211
0.4730211
0.4743023
0.4717399
0.4691775
0.4704587
0.4691775
0.4704587
0.4704587
0.4678964
0.4678964
0.4678964
0.4691775
0.4678964
0.465334
0.4666152
0.4678964
0.4678964
0.4678964
0.465334
0.465334
0.465334
0.4627717
0.4627717
0.4627717
0.4640529
0.4614905
0.4640529
0.4627717
0.4614905
0.4627717
0.4627717
0.465334
0.4627717
0.4602093
0.4602093
0.4602093
0.457647
0.4602093
0.4627717
0.4589281
0.4614905
0.4563658
0.4589281
0.4589281
0.4589281
0.4550846
0.4538034
0.4563658
0.4563658
0.4563658
0.457647
0.4563658
0.4589281
0.4589281
0.4589281
0.457647
0.4538034
0.4550846
0.4538034
0.4563658
0.4563658
0.4550846
0.457647
0.4538034
0.4525222
0.4525222
0.4499599
0.4512411
0.4486787
0.4461164
0.4473976
0.4461164
0.4461164
0.4473976
0.4473976
0.4461164
0.4461164
0.4563658
0.4461164
0.4461164
0.443554
0.4448352
0.443554
0.4448352
0.443554
0.4422728
0.4448352
0.443554
0.443554
0.4448352
0.4461164
0.4448352
0.4473976
0.4473976
0.4486787
0.443554
0.4422728
0.4448352
0.4422728
0.4409917
0.4397105
0.4384293
0.4371481
0.4384293
0.4409917
0.4397105
0.4409917
0.4397105
0.4384293
0.435867
0.4371481
0.4422728
0.435867
0.4307423
0.4345858
0.4333046
0.4320234
0.4320234
0.4320234
0.4345858
0.4345858
0.4307423
0.4320234
0.4294611
0.4281799
0.4307423
0.4294611
0.4294611
0.4294611
0.4307423
0.4320234
0.4294611
0.4294611
0.4281799
0.4281799
0.4256175
0.4256175
0.4243364
0.4268987
0.4294611
0.4294611
0.4243364
0.4256175
0.4268987
0.4268987
0.4230552
0.4230552
0.4243364
0.4281799
0.4230552
0.4268987
0.4256175
0.4268987
0.421774
0.4243364
0.4192117
0.4243364
0.4166493
0.4230552
0.421774
0.421774
0.4192117
0.4204928
0.4230552
0.4192117
0.4204928
0.4192117
0.4153681
0.4128058
0.4153681
0.4128058
0.414087
0.4153681
0.4153681
0.4128058
0.414087
0.4115246
0.4128058
0.414087
0.4128058
0.414087
0.414087
0.4128058
0.4128058
0.4115246
0.414087
0.414087
0.4115246
0.4153681
0.4102434
0.4089622
0.4115246
0.4128058
0.4102434
0.4089622
0.4115246
0.414087
0.4115246
0.4089622
0.4102434
0.4102434
0.4038375
0.4089622
0.4089622
0.4089622
0.4076811
0.4063999
0.4102434
0.4076811
0.4179305
0.4051187
0.4063999
0.4051187
0.4063999
0.4063999
0.4076811
0.4153681
0.414087
0.4179305
0.4179305
0.4230552
0.4268987
0.4268987
0.4268987
0.4281799
0.4307423
0.4320234
0.4268987
0.4268987
0.4256175
0.4243364
0.4230552
0.421774
0.421774
0.4153681
0.4192117
0.4166493
0.4179305
0.4192117
0.4192117
0.4166493
0.4166493
0.414087
0.414087
0.4153681
0.4153681
0.4179305
0.414087
0.4128058
0.4153681
0.4115246
0.414087
0.4153681
0.4204928
0.4115246
0.4115246
0.4063999
0.4128058
0.4128058
0.4115246
0.414087
0.4115246
0.4089622
0.4102434
0.4089622
0.4076811
0.4051187
0.4038375
0.4063999
0.4051187
0.4051187
0.4038375
0.4038375
0.4063999
0.4063999
0.4051187
0.4051187
0.4038375
0.399994
0.4051187
0.4012752
0.4025564
0.399994
0.4012752
