1569256902.731
1569256902.981
1569256903.231
1569256903.481
1569256903.731
1569256903.981
1569256904.231
1569256904.481
1569256904.731
1569256904.981
1569256905.231
1569256905.481
1569256905.731
1569256905.981
1569256906.231
1569256906.481
1569256906.731
1569256906.981
1569256907.231
1569256907.481
1569256907.731
1569256907.981
1569256908.231
1569256908.481
1569256908.731
1569256908.981
1569256909.231
1569256909.481
1569256909.731
1569256909.981
1569256910.231
1569256910.481
1569256910.731
1569256910.981
1569256911.231
1569256911.481
1569256911.731
1569256911.981
1569256912.231
1569256912.481
1569256912.731
1569256912.981
1569256913.231
1569256913.481
1569256913.731
1569256913.981
1569256914.231
1569256914.481
1569256914.731
1569256914.981
1569256915.231
1569256915.481
1569256915.731
1569256915.981
1569256916.231
1569256916.481
1569256916.731
1569256916.981
1569256917.231
1569256917.481
1569256917.731
1569256917.981
1569256918.231
1569256918.481
1569256918.731
1569256918.981
1569256919.231
1569256919.481
1569256919.731
1569256919.981
1569256920.231
1569256920.481
1569256920.731
1569256920.981
1569256921.231
1569256921.481
1569256921.731
1569256921.981
1569256922.231
1569256922.481
1569256922.731
1569256922.981
1569256923.231
1569256923.481
1569256923.731
1569256923.981
1569256924.231
1569256924.481
1569256924.731
1569256924.981
1569256925.231
1569256925.481
1569256925.731
1569256925.981
1569256926.231
1569256926.481
1569256926.731
1569256926.981
1569256927.231
1569256927.481
1569256927.731
1569256927.981
1569256928.231
1569256928.481
1569256928.731
1569256928.981
1569256929.231
1569256929.481
1569256929.731
1569256929.981
1569256930.231
1569256930.481
1569256930.731
1569256930.981
1569256931.231
1569256931.481
1569256931.731
1569256931.981
1569256932.231
1569256932.481
1569256932.731
1569256932.981
1569256933.231
1569256933.481
1569256933.731
1569256933.981
1569256934.231
1569256934.481
1569256934.731
1569256934.981
1569256935.231
1569256935.481
1569256935.731
1569256935.981
1569256936.231
1569256936.481
1569256936.731
1569256936.981
1569256937.231
1569256937.481
1569256937.731
1569256937.981
1569256938.231
1569256938.481
1569256938.731
1569256938.981
1569256939.231
1569256939.481
1569256939.731
1569256939.981
1569256940.231
1569256940.481
1569256940.731
1569256940.981
1569256941.231
1569256941.481
1569256941.731
1569256941.981
1569256942.231
1569256942.481
1569256942.731
1569256942.981
1569256943.231
1569256943.481
1569256943.731
1569256943.981
1569256944.231
1569256944.481
1569256944.731
1569256944.981
1569256945.231
1569256945.481
1569256945.731
1569256945.981
1569256946.231
1569256946.481
1569256946.731
1569256946.981
1569256947.231
1569256947.481
1569256947.731
1569256947.981
1569256948.231
1569256948.481
1569256948.731
1569256948.981
1569256949.231
1569256949.481
1569256949.731
1569256949.981
1569256950.231
1569256950.481
1569256950.731
1569256950.981
1569256951.231
1569256951.481
1569256951.731
1569256951.981
1569256952.231
1569256952.481
1569256952.731
1569256952.981
1569256953.231
1569256953.481
1569256953.731
1569256953.981
1569256954.231
1569256954.481
1569256954.731
1569256954.981
1569256955.231
1569256955.481
1569256955.731
1569256955.981
1569256956.231
1569256956.481
1569256956.731
1569256956.981
1569256957.231
1569256957.481
1569256957.731
1569256957.981
1569256958.231
1569256958.481
1569256958.731
1569256958.981
1569256959.231
1569256959.481
1569256959.731
1569256959.981
1569256960.231
1569256960.481
1569256960.731
1569256960.981
1569256961.231
1569256961.481
1569256961.731
1569256961.981
1569256962.231
1569256962.481
1569256962.731
1569256962.981
1569256963.231
1569256963.481
1569256963.731
1569256963.981
1569256964.231
1569256964.481
1569256964.731
1569256964.981
1569256965.231
1569256965.481
1569256965.731
1569256965.981
1569256966.231
1569256966.481
1569256966.731
1569256966.981
1569256967.231
1569256967.481
1569256967.731
1569256967.981
1569256968.231
1569256968.481
1569256968.731
1569256968.981
1569256969.231
1569256969.481
1569256969.731
1569256969.981
1569256970.231
1569256970.481
1569256970.731
1569256970.981
1569256971.231
1569256971.481
1569256971.731
1569256971.981
1569256972.231
1569256972.481
1569256972.731
1569256972.981
1569256973.231
1569256973.481
1569256973.731
1569256973.981
1569256974.231
1569256974.481
1569256974.731
1569256974.981
1569256975.231
1569256975.481
1569256975.731
1569256975.981
1569256976.231
1569256976.481
1569256976.731
1569256976.981
1569256977.231
1569256977.481
1569256977.731
1569256977.981
1569256978.231
1569256978.481
1569256978.731
1569256978.981
1569256979.231
1569256979.481
1569256979.731
1569256979.981
1569256980.231
1569256980.481
1569256980.731
1569256980.981
1569256981.231
1569256981.481
1569256981.731
1569256981.981
1569256982.231
1569256982.481
1569256982.731
1569256982.981
1569256983.231
1569256983.481
1569256983.731
1569256983.981
1569256984.231
1569256984.481
1569256984.731
1569256984.981
1569256985.231
1569256985.481
1569256985.731
1569256985.981
1569256986.231
1569256986.481
1569256986.731
1569256986.981
1569256987.231
1569256987.481
1569256987.731
1569256987.981
1569256988.231
1569256988.481
1569256988.731
1569256988.981
1569256989.231
1569256989.481
1569256989.731
1569256989.981
1569256990.231
1569256990.481
1569256990.731
1569256990.981
1569256991.231
1569256991.481
1569256991.731
1569256991.981
1569256992.231
1569256992.481
1569256992.731
1569256992.981
1569256993.231
1569256993.481
1569256993.731
1569256993.981
1569256994.231
1569256994.481
1569256994.731
1569256994.981
1569256995.231
1569256995.481
1569256995.731
1569256995.981
1569256996.231
1569256996.481
1569256996.731
1569256996.981
1569256997.231
1569256997.481
1569256997.731
1569256997.981
1569256998.231
1569256998.481
1569256998.731
1569256998.981
1569256999.231
1569256999.481
1569256999.731
1569256999.981
1569257000.231
1569257000.481
1569257000.731
1569257000.981
1569257001.231
1569257001.481
1569257001.731
1569257001.981
1569257002.231
1569257002.481
1569257002.731
1569257002.981
1569257003.231
1569257003.481
1569257003.731
1569257003.981
1569257004.231
1569257004.481
1569257004.731
1569257004.981
1569257005.231
1569257005.481
1569257005.731
1569257005.981
1569257006.231
1569257006.481
1569257006.731
1569257006.981
1569257007.231
1569257007.481
1569257007.731
1569257007.981
1569257008.231
1569257008.481
1569257008.731
1569257008.981
1569257009.231
1569257009.481
1569257009.731
1569257009.981
1569257010.231
1569257010.481
1569257010.731
1569257010.981
1569257011.231
1569257011.481
1569257011.731
1569257011.981
1569257012.231
1569257012.481
1569257012.731
1569257012.981
1569257013.231
1569257013.481
1569257013.731
1569257013.981
1569257014.231
1569257014.481
1569257014.731
1569257014.981
1569257015.231
1569257015.481
1569257015.731
1569257015.981
1569257016.231
1569257016.481
1569257016.731
1569257016.981
1569257017.231
1569257017.481
1569257017.731
1569257017.981
1569257018.231
1569257018.481
1569257018.731
1569257018.981
1569257019.231
1569257019.481
1569257019.731
1569257019.981
1569257020.231
1569257020.481
1569257020.731
1569257020.981
1569257021.231
1569257021.481
1569257021.731
1569257021.981
1569257022.231
1569257022.481
1569257022.731
1569257022.981
1569257023.231
1569257023.481
1569257023.731
1569257023.981
1569257024.231
1569257024.481
1569257024.731
1569257024.981
1569257025.231
1569257025.481
1569257025.731
1569257025.981
1569257026.231
1569257026.481
1569257026.731
1569257026.981
1569257027.231
1569257027.481
1569257027.731
1569257027.981
1569257028.231
1569257028.481
1569257028.731
1569257028.981
1569257029.231
1569257029.481
1569257029.731
1569257029.981
1569257030.231
1569257030.481
1569257030.731
1569257030.981
1569257031.231
1569257031.481
1569257031.731
1569257031.981
1569257032.231
1569257032.481
1569257032.731
1569257032.981
1569257033.231
1569257033.481
1569257033.731
1569257033.981
1569257034.231
1569257034.481
1569257034.731
1569257034.981
1569257035.231
1569257035.481
1569257035.731
1569257035.981
1569257036.231
1569257036.481
1569257036.731
1569257036.981
1569257037.231
1569257037.481
1569257037.731
1569257037.981
1569257038.231
1569257038.481
1569257038.731
1569257038.981
1569257039.231
1569257039.481
1569257039.731
1569257039.981
1569257040.231
1569257040.481
1569257040.731
1569257040.981
1569257041.231
1569257041.481
1569257041.731
1569257041.981
1569257042.231
1569257042.481
1569257042.731
1569257042.981
1569257043.231
1569257043.481
1569257043.731
1569257043.981
1569257044.231
1569257044.481
1569257044.731
1569257044.981
1569257045.231
1569257045.481
1569257045.731
1569257045.981
1569257046.231
1569257046.481
1569257046.731
1569257046.981
1569257047.231
1569257047.481
1569257047.731
1569257047.981
1569257048.231
1569257048.481
1569257048.731
1569257048.981
1569257049.231
1569257049.481
1569257049.731
1569257049.981
1569257050.231
1569257050.481
1569257050.731
1569257050.981
1569257051.231
1569257051.481
1569257051.731
1569257051.981
1569257052.231
1569257052.481
1569257052.731
1569257052.981
1569257053.231
1569257053.481
1569257053.731
1569257053.981
1569257054.231
1569257054.481
1569257054.731
1569257054.981
1569257055.231
1569257055.481
1569257055.731
1569257055.981
1569257056.231
1569257056.481
1569257056.731
1569257056.981
1569257057.231
1569257057.481
1569257057.731
1569257057.981
1569257058.231
1569257058.481
1569257058.731
1569257058.981
1569257059.231
1569257059.481
1569257059.731
1569257059.981
1569257060.231
1569257060.481
1569257060.731
1569257060.981
1569257061.231
1569257061.481
1569257061.731
1569257061.981
1569257062.231
1569257062.481
1569257062.731
1569257062.981
1569257063.231
1569257063.481
1569257063.731
1569257063.981
1569257064.231
1569257064.481
1569257064.731
1569257064.981
1569257065.231
1569257065.481
1569257065.731
1569257065.981
1569257066.231
1569257066.481
1569257066.731
1569257066.981
1569257067.231
1569257067.481
1569257067.731
1569257067.981
1569257068.231
1569257068.481
1569257068.731
1569257068.981
1569257069.231
1569257069.481
1569257069.731
1569257069.981
1569257070.231
1569257070.481
1569257070.731
1569257070.981
1569257071.231
1569257071.481
1569257071.731
1569257071.981
1569257072.231
1569257072.481
1569257072.731
1569257072.981
1569257073.231
1569257073.481
1569257073.731
1569257073.981
1569257074.231
1569257074.481
1569257074.731
1569257074.981
1569257075.231
1569257075.481
1569257075.731
1569257075.981
1569257076.231
1569257076.481
1569257076.731
1569257076.981
1569257077.231
1569257077.481
1569257077.731
1569257077.981
1569257078.231
1569257078.481
1569257078.731
1569257078.981
1569257079.231
1569257079.481
1569257079.731
1569257079.981
1569257080.231
1569257080.481
1569257080.731
1569257080.981
1569257081.231
1569257081.481
1569257081.731
1569257081.981
1569257082.231
1569257082.481
1569257082.731
1569257082.981
1569257083.231
1569257083.481
1569257083.731
1569257083.981
1569257084.231
1569257084.481
1569257084.731
1569257084.981
1569257085.231
1569257085.481
1569257085.731
1569257085.981
1569257086.231
1569257086.481
1569257086.731
1569257086.981
1569257087.231
1569257087.481
1569257087.731
1569257087.981
1569257088.231
1569257088.481
1569257088.731
1569257088.981
1569257089.231
1569257089.481
1569257089.731
1569257089.981
1569257090.231
1569257090.481
1569257090.731
1569257090.981
1569257091.231
1569257091.481
1569257091.731
1569257091.981
1569257092.231
1569257092.481
1569257092.731
1569257092.981
1569257093.231
1569257093.481
1569257093.731
1569257093.981
1569257094.231
1569257094.481
1569257094.731
1569257094.981
1569257095.231
1569257095.481
1569257095.731
1569257095.981
1569257096.231
1569257096.481
1569257096.731
1569257096.981
1569257097.231
1569257097.481
1569257097.731
1569257097.981
1569257098.231
1569257098.481
1569257098.731
1569257098.981
1569257099.231
1569257099.481
1569257099.731
1569257099.981
1569257100.231
1569257100.481
1569257100.731
1569257100.981
1569257101.231
1569257101.481
1569257101.731
1569257101.981
1569257102.231
1569257102.481
1569257102.731
1569257102.981
1569257103.231
1569257103.481
1569257103.731
1569257103.981
1569257104.231
1569257104.481
1569257104.731
1569257104.981
1569257105.231
1569257105.481
1569257105.731
1569257105.981
1569257106.231
1569257106.481
1569257106.731
1569257106.981
1569257107.231
1569257107.481
1569257107.731
1569257107.981
1569257108.231
1569257108.481
1569257108.731
1569257108.981
1569257109.231
1569257109.481
1569257109.731
1569257109.981
1569257110.231
1569257110.481
1569257110.731
1569257110.981
1569257111.231
1569257111.481
1569257111.731
1569257111.981
1569257112.231
1569257112.481
1569257112.731
1569257112.981
1569257113.231
1569257113.481
1569257113.731
1569257113.981
1569257114.231
1569257114.481
1569257114.731
1569257114.981
1569257115.231
1569257115.481
1569257115.731
1569257115.981
1569257116.231
1569257116.481
1569257116.731
1569257116.981
1569257117.231
1569257117.481
1569257117.731
1569257117.981
1569257118.231
1569257118.481
1569257118.731
1569257118.981
1569257119.231
1569257119.481
1569257119.731
1569257119.981
1569257120.231
1569257120.481
1569257120.731
1569257120.981
1569257121.231
1569257121.481
1569257121.731
1569257121.981
1569257122.231
1569257122.481
1569257122.731
1569257122.981
1569257123.231
1569257123.481
1569257123.731
1569257123.981
1569257124.231
1569257124.481
1569257124.731
1569257124.981
1569257125.231
1569257125.481
1569257125.731
1569257125.981
1569257126.231
1569257126.481
1569257126.731
1569257126.981
1569257127.231
1569257127.481
1569257127.731
1569257127.981
1569257128.231
1569257128.481
1569257128.731
1569257128.981
1569257129.231
1569257129.481
1569257129.731
1569257129.981
1569257130.231
1569257130.481
1569257130.731
1569257130.981
1569257131.231
1569257131.481
1569257131.731
1569257131.981
1569257132.231
1569257132.481
1569257132.731
1569257132.981
1569257133.231
1569257133.481
1569257133.731
1569257133.981
1569257134.231
1569257134.481
1569257134.731
1569257134.981
1569257135.231
1569257135.481
1569257135.731
1569257135.981
1569257136.231
1569257136.481
1569257136.731
1569257136.981
1569257137.231
1569257137.481
1569257137.731
1569257137.981
1569257138.231
1569257138.481
1569257138.731
1569257138.981
1569257139.231
1569257139.481
1569257139.731
1569257139.981
1569257140.231
1569257140.481
1569257140.731
1569257140.981
1569257141.231
1569257141.481
1569257141.731
1569257141.981
1569257142.231
1569257142.481
1569257142.731
1569257142.981
1569257143.231
1569257143.481
1569257143.731
1569257143.981
1569257144.231
1569257144.481
1569257144.731
1569257144.981
1569257145.231
1569257145.481
1569257145.731
1569257145.981
1569257146.231
1569257146.481
1569257146.731
1569257146.981
1569257147.231
1569257147.481
1569257147.731
1569257147.981
1569257148.231
1569257148.481
1569257148.731
1569257148.981
1569257149.231
1569257149.481
1569257149.731
1569257149.981
1569257150.231
1569257150.481
1569257150.731
1569257150.981
1569257151.231
1569257151.481
1569257151.731
1569257151.981
1569257152.231
1569257152.481
1569257152.731
1569257152.981
1569257153.231
1569257153.481
1569257153.731
1569257153.981
1569257154.231
1569257154.481
1569257154.731
1569257154.981
1569257155.231
1569257155.481
1569257155.731
1569257155.981
1569257156.231
1569257156.481
1569257156.731
1569257156.981
1569257157.231
1569257157.481
1569257157.731
1569257157.981
1569257158.231
1569257158.481
1569257158.731
1569257158.981
1569257159.231
1569257159.481
1569257159.731
1569257159.981
1569257160.231
1569257160.481
1569257160.731
1569257160.981
1569257161.231
1569257161.481
1569257161.731
1569257161.981
1569257162.231
1569257162.481
1569257162.731
1569257162.981
1569257163.231
1569257163.481
1569257163.731
1569257163.981
1569257164.231
1569257164.481
1569257164.731
1569257164.981
1569257165.231
1569257165.481
1569257165.731
1569257165.981
1569257166.231
1569257166.481
1569257166.731
1569257166.981
1569257167.231
1569257167.481
1569257167.731
1569257167.981
1569257168.231
1569257168.481
1569257168.731
1569257168.981
1569257169.231
1569257169.481
1569257169.731
1569257169.981
1569257170.231
1569257170.481
1569257170.731
1569257170.981
1569257171.231
1569257171.481
1569257171.731
1569257171.981
1569257172.231
1569257172.481
1569257172.731
1569257172.981
1569257173.231
1569257173.481
1569257173.731
1569257173.981
1569257174.231
1569257174.481
1569257174.731
1569257174.981
1569257175.231
1569257175.481
1569257175.731
1569257175.981
1569257176.231
1569257176.481
1569257176.731
1569257176.981
1569257177.231
1569257177.481
1569257177.731
1569257177.981
1569257178.231
1569257178.481
1569257178.731
1569257178.981
1569257179.231
1569257179.481
1569257179.731
1569257179.981
1569257180.231
1569257180.481
1569257180.731
1569257180.981
1569257181.231
1569257181.481
1569257181.731
1569257181.981
1569257182.231
1569257182.481
1569257182.731
1569257182.981
1569257183.231
1569257183.481
1569257183.731
1569257183.981
1569257184.231
1569257184.481
1569257184.731
1569257184.981
1569257185.231
1569257185.481
1569257185.731
1569257185.981
1569257186.231
1569257186.481
1569257186.731
1569257186.981
1569257187.231
1569257187.481
1569257187.731
1569257187.981
1569257188.231
1569257188.481
1569257188.731
1569257188.981
1569257189.231
1569257189.481
1569257189.731
1569257189.981
1569257190.231
1569257190.481
1569257190.731
1569257190.981
1569257191.231
1569257191.481
1569257191.731
1569257191.981
1569257192.231
1569257192.481
1569257192.731
1569257192.981
1569257193.231
1569257193.481
1569257193.731
1569257193.981
1569257194.231
1569257194.481
1569257194.731
1569257194.981
1569257195.231
1569257195.481
1569257195.731
1569257195.981
1569257196.231
1569257196.481
1569257196.731
1569257196.981
1569257197.231
1569257197.481
1569257197.731
1569257197.981
1569257198.231
1569257198.481
1569257198.731
1569257198.981
1569257199.231
1569257199.481
1569257199.731
1569257199.981
1569257200.231
1569257200.481
1569257200.731
1569257200.981
1569257201.231
1569257201.481
1569257201.731
1569257201.981
1569257202.231
1569257202.481
