1569254862.731
1569254862.981
1569254863.231
1569254863.481
1569254863.731
1569254863.981
1569254864.231
1569254864.481
1569254864.731
1569254864.981
1569254865.231
1569254865.481
1569254865.731
1569254865.981
1569254866.231
1569254866.481
1569254866.731
1569254866.981
1569254867.231
1569254867.481
1569254867.731
1569254867.981
1569254868.231
1569254868.481
1569254868.731
1569254868.981
1569254869.231
1569254869.481
1569254869.731
1569254869.981
1569254870.231
1569254870.481
1569254870.731
1569254870.981
1569254871.231
1569254871.481
1569254871.731
1569254871.981
1569254872.231
1569254872.481
1569254872.731
1569254872.981
1569254873.231
1569254873.481
1569254873.731
1569254873.981
1569254874.231
1569254874.481
1569254874.731
1569254874.981
1569254875.231
1569254875.481
1569254875.731
1569254875.981
1569254876.231
1569254876.481
1569254876.731
1569254876.981
1569254877.231
1569254877.481
1569254877.731
1569254877.981
1569254878.231
1569254878.481
1569254878.731
1569254878.981
1569254879.231
1569254879.481
1569254879.731
1569254879.981
1569254880.231
1569254880.481
1569254880.731
1569254880.981
1569254881.231
1569254881.481
1569254881.731
1569254881.981
1569254882.231
1569254882.481
1569254882.731
1569254882.981
1569254883.231
1569254883.481
1569254883.731
1569254883.981
1569254884.231
1569254884.481
1569254884.731
1569254884.981
1569254885.231
1569254885.481
1569254885.731
1569254885.981
1569254886.231
1569254886.481
1569254886.731
1569254886.981
1569254887.231
1569254887.481
1569254887.731
1569254887.981
1569254888.231
1569254888.481
1569254888.731
1569254888.981
1569254889.231
1569254889.481
1569254889.731
1569254889.981
1569254890.231
1569254890.481
1569254890.731
1569254890.981
1569254891.231
1569254891.481
1569254891.731
1569254891.981
1569254892.231
1569254892.481
1569254892.731
1569254892.981
1569254893.231
1569254893.481
1569254893.731
1569254893.981
1569254894.231
1569254894.481
1569254894.731
1569254894.981
1569254895.231
1569254895.481
1569254895.731
1569254895.981
1569254896.231
1569254896.481
1569254896.731
1569254896.981
1569254897.231
1569254897.481
1569254897.731
1569254897.981
1569254898.231
1569254898.481
1569254898.731
1569254898.981
1569254899.231
1569254899.481
1569254899.731
1569254899.981
1569254900.231
1569254900.481
1569254900.731
1569254900.981
1569254901.231
1569254901.481
1569254901.731
1569254901.981
1569254902.231
1569254902.481
1569254902.731
1569254902.981
1569254903.231
1569254903.481
1569254903.731
1569254903.981
1569254904.231
1569254904.481
1569254904.731
1569254904.981
1569254905.231
1569254905.481
1569254905.731
1569254905.981
1569254906.231
1569254906.481
1569254906.731
1569254906.981
1569254907.231
1569254907.481
1569254907.731
1569254907.981
1569254908.231
1569254908.481
1569254908.731
1569254908.981
1569254909.231
1569254909.481
1569254909.731
1569254909.981
1569254910.231
1569254910.481
1569254910.731
1569254910.981
1569254911.231
1569254911.481
1569254911.731
1569254911.981
1569254912.231
1569254912.481
1569254912.731
1569254912.981
1569254913.231
1569254913.481
1569254913.731
1569254913.981
1569254914.231
1569254914.481
1569254914.731
1569254914.981
1569254915.231
1569254915.481
1569254915.731
1569254915.981
1569254916.231
1569254916.481
1569254916.731
1569254916.981
1569254917.231
1569254917.481
1569254917.731
1569254917.981
1569254918.231
1569254918.481
1569254918.731
1569254918.981
1569254919.231
1569254919.481
1569254919.731
1569254919.981
1569254920.231
1569254920.481
1569254920.731
1569254920.981
1569254921.231
1569254921.481
1569254921.731
1569254921.981
1569254922.231
1569254922.481
1569254922.731
1569254922.981
1569254923.231
1569254923.481
1569254923.731
1569254923.981
1569254924.231
1569254924.481
1569254924.731
1569254924.981
1569254925.231
1569254925.481
1569254925.731
1569254925.981
1569254926.231
1569254926.481
1569254926.731
1569254926.981
1569254927.231
1569254927.481
1569254927.731
1569254927.981
1569254928.231
1569254928.481
1569254928.731
1569254928.981
1569254929.231
1569254929.481
1569254929.731
1569254929.981
1569254930.231
1569254930.481
1569254930.731
1569254930.981
1569254931.231
1569254931.481
1569254931.731
1569254931.981
1569254932.231
1569254932.481
1569254932.731
1569254932.981
1569254933.231
1569254933.481
1569254933.731
1569254933.981
1569254934.231
1569254934.481
1569254934.731
1569254934.981
1569254935.231
1569254935.481
1569254935.731
1569254935.981
1569254936.231
1569254936.481
1569254936.731
1569254936.981
1569254937.231
1569254937.481
1569254937.731
1569254937.981
1569254938.231
1569254938.481
1569254938.731
1569254938.981
1569254939.231
1569254939.481
1569254939.731
1569254939.981
1569254940.231
1569254940.481
1569254940.731
1569254940.981
1569254941.231
1569254941.481
1569254941.731
1569254941.981
1569254942.231
1569254942.481
1569254942.731
1569254942.981
1569254943.231
1569254943.481
1569254943.731
1569254943.981
1569254944.231
1569254944.481
1569254944.731
1569254944.981
1569254945.231
1569254945.481
1569254945.731
1569254945.981
1569254946.231
1569254946.481
1569254946.731
1569254946.981
1569254947.231
1569254947.481
1569254947.731
1569254947.981
1569254948.231
1569254948.481
1569254948.731
1569254948.981
1569254949.231
1569254949.481
1569254949.731
1569254949.981
1569254950.231
1569254950.481
1569254950.731
1569254950.981
1569254951.231
1569254951.481
1569254951.731
1569254951.981
1569254952.231
1569254952.481
1569254952.731
1569254952.981
1569254953.231
1569254953.481
1569254953.731
1569254953.981
1569254954.231
1569254954.481
1569254954.731
1569254954.981
1569254955.231
1569254955.481
1569254955.731
1569254955.981
1569254956.231
1569254956.481
1569254956.731
1569254956.981
1569254957.231
1569254957.481
1569254957.731
1569254957.981
1569254958.231
1569254958.481
1569254958.731
1569254958.981
1569254959.231
1569254959.481
1569254959.731
1569254959.981
1569254960.231
1569254960.481
1569254960.731
1569254960.981
1569254961.231
1569254961.481
1569254961.731
1569254961.981
1569254962.231
1569254962.481
1569254962.731
1569254962.981
1569254963.231
1569254963.481
1569254963.731
1569254963.981
1569254964.231
1569254964.481
1569254964.731
1569254964.981
1569254965.231
1569254965.481
1569254965.731
1569254965.981
1569254966.231
1569254966.481
1569254966.731
1569254966.981
1569254967.231
1569254967.481
1569254967.731
1569254967.981
1569254968.231
1569254968.481
1569254968.731
1569254968.981
1569254969.231
1569254969.481
1569254969.731
1569254969.981
1569254970.231
1569254970.481
1569254970.731
1569254970.981
1569254971.231
1569254971.481
1569254971.731
1569254971.981
1569254972.231
1569254972.481
1569254972.731
1569254972.981
1569254973.231
1569254973.481
1569254973.731
1569254973.981
1569254974.231
1569254974.481
1569254974.731
1569254974.981
1569254975.231
1569254975.481
1569254975.731
1569254975.981
1569254976.231
1569254976.481
1569254976.731
1569254976.981
1569254977.231
1569254977.481
1569254977.731
1569254977.981
1569254978.231
1569254978.481
1569254978.731
1569254978.981
1569254979.231
1569254979.481
1569254979.731
1569254979.981
1569254980.231
1569254980.481
1569254980.731
1569254980.981
1569254981.231
1569254981.481
1569254981.731
1569254981.981
1569254982.231
1569254982.481
1569254982.731
1569254982.981
1569254983.231
1569254983.481
1569254983.731
1569254983.981
1569254984.231
1569254984.481
1569254984.731
1569254984.981
1569254985.231
1569254985.481
1569254985.731
1569254985.981
1569254986.231
1569254986.481
1569254986.731
1569254986.981
1569254987.231
1569254987.481
1569254987.731
1569254987.981
1569254988.231
1569254988.481
1569254988.731
1569254988.981
1569254989.231
1569254989.481
1569254989.731
1569254989.981
1569254990.231
1569254990.481
1569254990.731
1569254990.981
1569254991.231
1569254991.481
1569254991.731
1569254991.981
1569254992.231
1569254992.481
1569254992.731
1569254992.981
1569254993.231
1569254993.481
1569254993.731
1569254993.981
1569254994.231
1569254994.481
1569254994.731
1569254994.981
1569254995.231
1569254995.481
1569254995.731
1569254995.981
1569254996.231
1569254996.481
1569254996.731
1569254996.981
1569254997.231
1569254997.481
1569254997.731
1569254997.981
1569254998.231
1569254998.481
1569254998.731
1569254998.981
1569254999.231
1569254999.481
1569254999.731
1569254999.981
1569255000.231
1569255000.481
1569255000.731
1569255000.981
1569255001.231
1569255001.481
1569255001.731
1569255001.981
1569255002.231
1569255002.481
1569255002.731
1569255002.981
1569255003.231
1569255003.481
1569255003.731
1569255003.981
1569255004.231
1569255004.481
1569255004.731
1569255004.981
1569255005.231
1569255005.481
1569255005.731
1569255005.981
1569255006.231
1569255006.481
1569255006.731
1569255006.981
1569255007.231
1569255007.481
1569255007.731
1569255007.981
1569255008.231
1569255008.481
1569255008.731
1569255008.981
1569255009.231
1569255009.481
1569255009.731
1569255009.981
1569255010.231
1569255010.481
1569255010.731
1569255010.981
1569255011.231
1569255011.481
1569255011.731
1569255011.981
1569255012.231
1569255012.481
1569255012.731
1569255012.981
1569255013.231
1569255013.481
1569255013.731
1569255013.981
1569255014.231
1569255014.481
1569255014.731
1569255014.981
1569255015.231
1569255015.481
1569255015.731
1569255015.981
1569255016.231
1569255016.481
1569255016.731
1569255016.981
1569255017.231
1569255017.481
1569255017.731
1569255017.981
1569255018.231
1569255018.481
1569255018.731
1569255018.981
1569255019.231
1569255019.481
1569255019.731
1569255019.981
1569255020.231
1569255020.481
1569255020.731
1569255020.981
1569255021.231
1569255021.481
1569255021.731
1569255021.981
1569255022.231
1569255022.481
1569255022.731
1569255022.981
1569255023.231
1569255023.481
1569255023.731
1569255023.981
1569255024.231
1569255024.481
1569255024.731
1569255024.981
1569255025.231
1569255025.481
1569255025.731
1569255025.981
1569255026.231
1569255026.481
1569255026.731
1569255026.981
1569255027.231
1569255027.481
1569255027.731
1569255027.981
1569255028.231
1569255028.481
1569255028.731
1569255028.981
1569255029.231
1569255029.481
1569255029.731
1569255029.981
1569255030.231
1569255030.481
1569255030.731
1569255030.981
1569255031.231
1569255031.481
1569255031.731
1569255031.981
1569255032.231
1569255032.481
1569255032.731
1569255032.981
1569255033.231
1569255033.481
1569255033.731
1569255033.981
1569255034.231
1569255034.481
1569255034.731
1569255034.981
1569255035.231
1569255035.481
1569255035.731
1569255035.981
1569255036.231
1569255036.481
1569255036.731
1569255036.981
1569255037.231
1569255037.481
1569255037.731
1569255037.981
1569255038.231
1569255038.481
1569255038.731
1569255038.981
1569255039.231
1569255039.481
1569255039.731
1569255039.981
1569255040.231
1569255040.481
1569255040.731
1569255040.981
1569255041.231
1569255041.481
1569255041.731
1569255041.981
1569255042.231
1569255042.481
1569255042.731
1569255042.981
1569255043.231
1569255043.481
1569255043.731
1569255043.981
1569255044.231
1569255044.481
1569255044.731
1569255044.981
1569255045.231
1569255045.481
1569255045.731
1569255045.981
1569255046.231
1569255046.481
1569255046.731
1569255046.981
1569255047.231
1569255047.481
1569255047.731
1569255047.981
1569255048.231
1569255048.481
1569255048.731
1569255048.981
1569255049.231
1569255049.481
1569255049.731
1569255049.981
1569255050.231
1569255050.481
1569255050.731
1569255050.981
1569255051.231
1569255051.481
1569255051.731
1569255051.981
1569255052.231
1569255052.481
1569255052.731
1569255052.981
1569255053.231
1569255053.481
1569255053.731
1569255053.981
1569255054.231
1569255054.481
1569255054.731
1569255054.981
1569255055.231
1569255055.481
1569255055.731
1569255055.981
1569255056.231
1569255056.481
1569255056.731
1569255056.981
1569255057.231
1569255057.481
1569255057.731
1569255057.981
1569255058.231
1569255058.481
1569255058.731
1569255058.981
1569255059.231
1569255059.481
1569255059.731
1569255059.981
1569255060.231
1569255060.481
1569255060.731
1569255060.981
1569255061.231
1569255061.481
1569255061.731
1569255061.981
1569255062.231
1569255062.481
1569255062.731
1569255062.981
1569255063.231
1569255063.481
1569255063.731
1569255063.981
1569255064.231
1569255064.481
1569255064.731
1569255064.981
1569255065.231
1569255065.481
1569255065.731
1569255065.981
1569255066.231
1569255066.481
1569255066.731
1569255066.981
1569255067.231
1569255067.481
1569255067.731
1569255067.981
1569255068.231
1569255068.481
1569255068.731
1569255068.981
1569255069.231
1569255069.481
1569255069.731
1569255069.981
1569255070.231
1569255070.481
1569255070.731
1569255070.981
1569255071.231
1569255071.481
1569255071.731
1569255071.981
1569255072.231
1569255072.481
1569255072.731
1569255072.981
1569255073.231
1569255073.481
1569255073.731
1569255073.981
1569255074.231
1569255074.481
1569255074.731
1569255074.981
1569255075.231
1569255075.481
1569255075.731
1569255075.981
1569255076.231
1569255076.481
1569255076.731
1569255076.981
1569255077.231
1569255077.481
1569255077.731
1569255077.981
1569255078.231
1569255078.481
1569255078.731
1569255078.981
1569255079.231
1569255079.481
1569255079.731
1569255079.981
1569255080.231
1569255080.481
1569255080.731
1569255080.981
1569255081.231
1569255081.481
1569255081.731
1569255081.981
1569255082.231
1569255082.481
1569255082.731
1569255082.981
1569255083.231
1569255083.481
1569255083.731
1569255083.981
1569255084.231
1569255084.481
1569255084.731
1569255084.981
1569255085.231
1569255085.481
1569255085.731
1569255085.981
1569255086.231
1569255086.481
1569255086.731
1569255086.981
1569255087.231
1569255087.481
1569255087.731
1569255087.981
1569255088.231
1569255088.481
1569255088.731
1569255088.981
1569255089.231
1569255089.481
1569255089.731
1569255089.981
1569255090.231
1569255090.481
1569255090.731
1569255090.981
1569255091.231
1569255091.481
1569255091.731
1569255091.981
1569255092.231
1569255092.481
1569255092.731
1569255092.981
1569255093.231
1569255093.481
1569255093.731
1569255093.981
1569255094.231
1569255094.481
1569255094.731
1569255094.981
1569255095.231
1569255095.481
1569255095.731
1569255095.981
1569255096.231
1569255096.481
1569255096.731
1569255096.981
1569255097.231
1569255097.481
1569255097.731
1569255097.981
1569255098.231
1569255098.481
1569255098.731
1569255098.981
1569255099.231
1569255099.481
1569255099.731
1569255099.981
1569255100.231
1569255100.481
1569255100.731
1569255100.981
1569255101.231
1569255101.481
1569255101.731
1569255101.981
1569255102.231
1569255102.481
1569255102.731
1569255102.981
1569255103.231
1569255103.481
1569255103.731
1569255103.981
1569255104.231
1569255104.481
1569255104.731
1569255104.981
1569255105.231
1569255105.481
1569255105.731
1569255105.981
1569255106.231
1569255106.481
1569255106.731
1569255106.981
1569255107.231
1569255107.481
1569255107.731
1569255107.981
1569255108.231
1569255108.481
1569255108.731
1569255108.981
1569255109.231
1569255109.481
1569255109.731
1569255109.981
1569255110.231
1569255110.481
1569255110.731
1569255110.981
1569255111.231
1569255111.481
1569255111.731
1569255111.981
1569255112.231
1569255112.481
1569255112.731
1569255112.981
1569255113.231
1569255113.481
1569255113.731
1569255113.981
1569255114.231
1569255114.481
1569255114.731
1569255114.981
1569255115.231
1569255115.481
1569255115.731
1569255115.981
1569255116.231
1569255116.481
1569255116.731
1569255116.981
1569255117.231
1569255117.481
1569255117.731
1569255117.981
1569255118.231
1569255118.481
1569255118.731
1569255118.981
1569255119.231
1569255119.481
1569255119.731
1569255119.981
1569255120.231
1569255120.481
1569255120.731
1569255120.981
1569255121.231
1569255121.481
1569255121.731
1569255121.981
1569255122.231
1569255122.481
1569255122.731
1569255122.981
1569255123.231
1569255123.481
1569255123.731
1569255123.981
1569255124.231
1569255124.481
1569255124.731
1569255124.981
1569255125.231
1569255125.481
1569255125.731
1569255125.981
1569255126.231
1569255126.481
1569255126.731
1569255126.981
1569255127.231
1569255127.481
1569255127.731
1569255127.981
1569255128.231
1569255128.481
1569255128.731
1569255128.981
1569255129.231
1569255129.481
1569255129.731
1569255129.981
1569255130.231
1569255130.481
1569255130.731
1569255130.981
1569255131.231
1569255131.481
1569255131.731
1569255131.981
1569255132.231
1569255132.481
1569255132.731
1569255132.981
1569255133.231
1569255133.481
1569255133.731
1569255133.981
1569255134.231
1569255134.481
1569255134.731
1569255134.981
1569255135.231
1569255135.481
1569255135.731
1569255135.981
1569255136.231
1569255136.481
1569255136.731
1569255136.981
1569255137.231
1569255137.481
1569255137.731
1569255137.981
1569255138.231
1569255138.481
1569255138.731
1569255138.981
1569255139.231
1569255139.481
1569255139.731
1569255139.981
1569255140.231
1569255140.481
1569255140.731
1569255140.981
1569255141.231
1569255141.481
1569255141.731
1569255141.981
1569255142.231
1569255142.481
1569255142.731
1569255142.981
1569255143.231
1569255143.481
1569255143.731
1569255143.981
1569255144.231
1569255144.481
1569255144.731
1569255144.981
1569255145.231
1569255145.481
1569255145.731
1569255145.981
1569255146.231
1569255146.481
1569255146.731
1569255146.981
1569255147.231
1569255147.481
1569255147.731
1569255147.981
1569255148.231
1569255148.481
1569255148.731
1569255148.981
1569255149.231
1569255149.481
1569255149.731
1569255149.981
1569255150.231
1569255150.481
1569255150.731
1569255150.981
1569255151.231
1569255151.481
1569255151.731
1569255151.981
1569255152.231
1569255152.481
1569255152.731
1569255152.981
1569255153.231
1569255153.481
1569255153.731
1569255153.981
1569255154.231
1569255154.481
1569255154.731
1569255154.981
1569255155.231
1569255155.481
1569255155.731
1569255155.981
1569255156.231
1569255156.481
1569255156.731
1569255156.981
1569255157.231
1569255157.481
1569255157.731
1569255157.981
1569255158.231
1569255158.481
1569255158.731
1569255158.981
1569255159.231
1569255159.481
1569255159.731
1569255159.981
1569255160.231
1569255160.481
1569255160.731
1569255160.981
1569255161.231
1569255161.481
1569255161.731
1569255161.981
1569255162.231
1569255162.481
1569255162.731
1569255162.981
1569255163.231
1569255163.481
1569255163.731
1569255163.981
1569255164.231
1569255164.481
1569255164.731
1569255164.981
1569255165.231
1569255165.481
1569255165.731
1569255165.981
1569255166.231
1569255166.481
1569255166.731
1569255166.981
1569255167.231
1569255167.481
1569255167.731
1569255167.981
1569255168.231
1569255168.481
1569255168.731
1569255168.981
1569255169.231
1569255169.481
1569255169.731
1569255169.981
1569255170.231
1569255170.481
1569255170.731
1569255170.981
1569255171.231
1569255171.481
1569255171.731
1569255171.981
1569255172.231
1569255172.481
1569255172.731
1569255172.981
1569255173.231
1569255173.481
1569255173.731
1569255173.981
1569255174.231
1569255174.481
1569255174.731
1569255174.981
1569255175.231
1569255175.481
1569255175.731
1569255175.981
1569255176.231
1569255176.481
1569255176.731
1569255176.981
1569255177.231
1569255177.481
1569255177.731
1569255177.981
1569255178.231
1569255178.481
1569255178.731
1569255178.981
1569255179.231
1569255179.481
1569255179.731
1569255179.981
1569255180.231
1569255180.481
1569255180.731
1569255180.981
1569255181.231
1569255181.481
1569255181.731
1569255181.981
1569255182.231
1569255182.481
1569255182.731
1569255182.981
1569255183.231
1569255183.481
1569255183.731
1569255183.981
1569255184.231
1569255184.481
1569255184.731
1569255184.981
1569255185.231
1569255185.481
1569255185.731
1569255185.981
1569255186.231
1569255186.481
1569255186.731
1569255186.981
1569255187.231
1569255187.481
1569255187.731
1569255187.981
1569255188.231
1569255188.481
1569255188.731
1569255188.981
1569255189.231
1569255189.481
1569255189.731
1569255189.981
1569255190.231
1569255190.481
1569255190.731
1569255190.981
1569255191.231
1569255191.481
1569255191.731
1569255191.981
1569255192.231
1569255192.481
1569255192.731
1569255192.981
1569255193.231
1569255193.481
1569255193.731
1569255193.981
1569255194.231
1569255194.481
1569255194.731
1569255194.981
1569255195.231
1569255195.481
1569255195.731
1569255195.981
1569255196.231
1569255196.481
1569255196.731
1569255196.981
1569255197.231
1569255197.481
1569255197.731
1569255197.981
1569255198.231
1569255198.481
1569255198.731
1569255198.981
1569255199.231
1569255199.481
1569255199.731
1569255199.981
1569255200.231
1569255200.481
1569255200.731
1569255200.981
1569255201.231
1569255201.481
1569255201.731
1569255201.981
1569255202.231
1569255202.481
1569255202.731
1569255202.981
1569255203.231
1569255203.481
1569255203.731
1569255203.981
1569255204.231
1569255204.481
1569255204.731
1569255204.981
1569255205.231
1569255205.481
1569255205.731
1569255205.981
1569255206.231
1569255206.481
1569255206.731
1569255206.981
1569255207.231
1569255207.481
1569255207.731
1569255207.981
1569255208.231
1569255208.481
1569255208.731
1569255208.981
1569255209.231
1569255209.481
1569255209.731
1569255209.981
1569255210.231
1569255210.481
1569255210.731
1569255210.981
1569255211.231
1569255211.481
1569255211.731
1569255211.981
1569255212.231
1569255212.481
1569255212.731
1569255212.981
1569255213.231
1569255213.481
1569255213.731
1569255213.981
1569255214.231
1569255214.481
1569255214.731
1569255214.981
1569255215.231
1569255215.481
1569255215.731
1569255215.981
1569255216.231
1569255216.481
1569255216.731
1569255216.981
1569255217.231
1569255217.481
1569255217.731
1569255217.981
1569255218.231
1569255218.481
1569255218.731
1569255218.981
1569255219.231
1569255219.481
1569255219.731
1569255219.981
1569255220.231
1569255220.481
1569255220.731
1569255220.981
1569255221.231
1569255221.481
1569255221.731
1569255221.981
1569255222.231
1569255222.481
1569255222.731
1569255222.981
1569255223.231
1569255223.481
1569255223.731
1569255223.981
1569255224.231
1569255224.481
1569255224.731
1569255224.981
1569255225.231
1569255225.481
1569255225.731
1569255225.981
1569255226.231
1569255226.481
1569255226.731
1569255226.981
1569255227.231
1569255227.481
1569255227.731
1569255227.981
1569255228.231
1569255228.481
1569255228.731
1569255228.981
1569255229.231
1569255229.481
1569255229.731
1569255229.981
1569255230.231
1569255230.481
1569255230.731
1569255230.981
1569255231.231
1569255231.481
1569255231.731
1569255231.981
1569255232.231
1569255232.481
1569255232.731
1569255232.981
1569255233.231
1569255233.481
1569255233.731
1569255233.981
1569255234.231
1569255234.481
1569255234.731
1569255234.981
1569255235.231
1569255235.481
1569255235.731
1569255235.981
1569255236.231
1569255236.481
1569255236.731
1569255236.981
1569255237.231
1569255237.481
1569255237.731
1569255237.981
1569255238.231
1569255238.481
1569255238.731
1569255238.981
1569255239.231
1569255239.481
1569255239.731
1569255239.981
1569255240.231
1569255240.481
1569255240.731
1569255240.981
1569255241.231
1569255241.481
1569255241.731
1569255241.981
1569255242.231
1569255242.481
1569255242.731
1569255242.981
1569255243.231
1569255243.481
1569255243.731
1569255243.981
1569255244.231
1569255244.481
1569255244.731
1569255244.981
1569255245.231
1569255245.481
1569255245.731
1569255245.981
1569255246.231
1569255246.481
1569255246.731
1569255246.981
1569255247.231
1569255247.481
1569255247.731
1569255247.981
1569255248.231
1569255248.481
1569255248.731
1569255248.981
1569255249.231
1569255249.481
1569255249.731
1569255249.981
1569255250.231
1569255250.481
1569255250.731
1569255250.981
1569255251.231
1569255251.481
1569255251.731
1569255251.981
1569255252.231
1569255252.481
1569255252.731
1569255252.981
1569255253.231
1569255253.481
1569255253.731
1569255253.981
1569255254.231
1569255254.481
1569255254.731
1569255254.981
1569255255.231
1569255255.481
1569255255.731
1569255255.981
1569255256.231
1569255256.481
1569255256.731
1569255256.981
1569255257.231
1569255257.481
1569255257.731
1569255257.981
1569255258.231
1569255258.481
1569255258.731
1569255258.981
1569255259.231
1569255259.481
1569255259.731
1569255259.981
1569255260.231
1569255260.481
1569255260.731
1569255260.981
1569255261.231
1569255261.481
1569255261.731
1569255261.981
1569255262.231
1569255262.481
1569255262.731
1569255262.981
1569255263.231
1569255263.481
1569255263.731
1569255263.981
1569255264.231
1569255264.481
1569255264.731
1569255264.981
1569255265.231
1569255265.481
1569255265.731
1569255265.981
1569255266.231
1569255266.481
1569255266.731
1569255266.981
1569255267.231
1569255267.481
1569255267.731
1569255267.981
1569255268.231
1569255268.481
1569255268.731
1569255268.981
1569255269.231
1569255269.481
1569255269.731
1569255269.981
1569255270.231
1569255270.481
1569255270.731
1569255270.981
1569255271.231
1569255271.481
1569255271.731
1569255271.981
1569255272.231
1569255272.481
1569255272.731
1569255272.981
1569255273.231
1569255273.481
1569255273.731
1569255273.981
1569255274.231
1569255274.481
1569255274.731
1569255274.981
1569255275.231
1569255275.481
1569255275.731
1569255275.981
1569255276.231
1569255276.481
1569255276.731
1569255276.981
1569255277.231
1569255277.481
1569255277.731
1569255277.981
1569255278.231
1569255278.481
1569255278.731
1569255278.981
1569255279.231
1569255279.481
1569255279.731
1569255279.981
1569255280.231
1569255280.481
