1569255868.731
1569255868.981
1569255869.231
1569255869.481
1569255869.731
1569255869.981
1569255870.231
1569255870.481
1569255870.731
1569255870.981
1569255871.231
1569255871.481
1569255871.731
1569255871.981
1569255872.231
1569255872.481
1569255872.731
1569255872.981
1569255873.231
1569255873.481
1569255873.731
1569255873.981
1569255874.231
1569255874.481
1569255874.731
1569255874.981
1569255875.231
1569255875.481
1569255875.731
1569255875.981
1569255876.231
1569255876.481
1569255876.731
1569255876.981
1569255877.231
1569255877.481
1569255877.731
1569255877.981
1569255878.231
1569255878.481
1569255878.731
1569255878.981
1569255879.231
1569255879.481
1569255879.731
1569255879.981
1569255880.231
1569255880.481
1569255880.731
1569255880.981
1569255881.231
1569255881.481
1569255881.731
1569255881.981
1569255882.231
1569255882.481
1569255882.731
1569255882.981
1569255883.231
1569255883.481
1569255883.731
1569255883.981
1569255884.231
1569255884.481
1569255884.731
1569255884.981
1569255885.231
1569255885.481
1569255885.731
1569255885.981
1569255886.231
1569255886.481
1569255886.731
1569255886.981
1569255887.231
1569255887.481
1569255887.731
1569255887.981
1569255888.231
1569255888.481
1569255888.731
1569255888.981
1569255889.231
1569255889.481
1569255889.731
1569255889.981
1569255890.231
1569255890.481
1569255890.731
1569255890.981
1569255891.231
1569255891.481
1569255891.731
1569255891.981
1569255892.231
1569255892.481
1569255892.731
1569255892.981
1569255893.231
1569255893.481
1569255893.731
1569255893.981
1569255894.231
1569255894.481
1569255894.731
1569255894.981
1569255895.231
1569255895.481
1569255895.731
1569255895.981
1569255896.231
1569255896.481
1569255896.731
1569255896.981
1569255897.231
1569255897.481
1569255897.731
1569255897.981
1569255898.231
1569255898.481
1569255898.731
1569255898.981
1569255899.231
1569255899.481
1569255899.731
1569255899.981
1569255900.231
1569255900.481
1569255900.731
1569255900.981
1569255901.231
1569255901.481
1569255901.731
1569255901.981
1569255902.231
1569255902.481
1569255902.731
1569255902.981
1569255903.231
1569255903.481
1569255903.731
1569255903.981
1569255904.231
1569255904.481
1569255904.731
1569255904.981
1569255905.231
1569255905.481
1569255905.731
1569255905.981
1569255906.231
1569255906.481
1569255906.731
1569255906.981
1569255907.231
1569255907.481
1569255907.731
1569255907.981
1569255908.231
1569255908.481
1569255908.731
1569255908.981
1569255909.231
1569255909.481
1569255909.731
1569255909.981
1569255910.231
1569255910.481
1569255910.731
1569255910.981
1569255911.231
1569255911.481
1569255911.731
1569255911.981
1569255912.231
1569255912.481
1569255912.731
1569255912.981
1569255913.231
1569255913.481
1569255913.731
1569255913.981
1569255914.231
1569255914.481
1569255914.731
1569255914.981
1569255915.231
1569255915.481
1569255915.731
1569255915.981
1569255916.231
1569255916.481
1569255916.731
1569255916.981
1569255917.231
1569255917.481
1569255917.731
1569255917.981
1569255918.231
1569255918.481
1569255918.731
1569255918.981
1569255919.231
1569255919.481
1569255919.731
1569255919.981
1569255920.231
1569255920.481
1569255920.731
1569255920.981
1569255921.231
1569255921.481
1569255921.731
1569255921.981
1569255922.231
1569255922.481
1569255922.731
1569255922.981
1569255923.231
1569255923.481
1569255923.731
1569255923.981
1569255924.231
1569255924.481
1569255924.731
1569255924.981
1569255925.231
1569255925.481
1569255925.731
1569255925.981
1569255926.231
1569255926.481
1569255926.731
1569255926.981
1569255927.231
1569255927.481
1569255927.731
1569255927.981
1569255928.231
1569255928.481
1569255928.731
1569255928.981
1569255929.231
1569255929.481
1569255929.731
1569255929.981
1569255930.231
1569255930.481
1569255930.731
1569255930.981
1569255931.231
1569255931.481
1569255931.731
1569255931.981
1569255932.231
1569255932.481
1569255932.731
1569255932.981
1569255933.231
1569255933.481
1569255933.731
1569255933.981
1569255934.231
1569255934.481
1569255934.731
1569255934.981
1569255935.231
1569255935.481
1569255935.731
1569255935.981
1569255936.231
1569255936.481
1569255936.731
1569255936.981
1569255937.231
1569255937.481
1569255937.731
1569255937.981
1569255938.231
1569255938.481
1569255938.731
1569255938.981
1569255939.231
1569255939.481
1569255939.731
1569255939.981
1569255940.231
1569255940.481
1569255940.731
1569255940.981
1569255941.231
1569255941.481
1569255941.731
1569255941.981
1569255942.231
1569255942.481
1569255942.731
1569255942.981
1569255943.231
1569255943.481
1569255943.731
1569255943.981
1569255944.231
1569255944.481
1569255944.731
1569255944.981
1569255945.231
1569255945.481
1569255945.731
1569255945.981
1569255946.231
1569255946.481
1569255946.731
1569255946.981
1569255947.231
1569255947.481
1569255947.731
1569255947.981
1569255948.231
1569255948.481
1569255948.731
1569255948.981
1569255949.231
1569255949.481
1569255949.731
1569255949.981
1569255950.231
1569255950.481
1569255950.731
1569255950.981
1569255951.231
1569255951.481
1569255951.731
1569255951.981
1569255952.231
1569255952.481
1569255952.731
1569255952.981
1569255953.231
1569255953.481
1569255953.731
1569255953.981
1569255954.231
1569255954.481
1569255954.731
1569255954.981
1569255955.231
1569255955.481
1569255955.731
1569255955.981
1569255956.231
1569255956.481
1569255956.731
1569255956.981
1569255957.231
1569255957.481
1569255957.731
1569255957.981
1569255958.231
1569255958.481
1569255958.731
1569255958.981
1569255959.231
1569255959.481
1569255959.731
1569255959.981
1569255960.231
1569255960.481
1569255960.731
1569255960.981
1569255961.231
1569255961.481
1569255961.731
1569255961.981
1569255962.231
1569255962.481
1569255962.731
1569255962.981
1569255963.231
1569255963.481
1569255963.731
1569255963.981
1569255964.231
1569255964.481
1569255964.731
1569255964.981
1569255965.231
1569255965.481
1569255965.731
1569255965.981
1569255966.231
1569255966.481
1569255966.731
1569255966.981
1569255967.231
1569255967.481
1569255967.731
1569255967.981
1569255968.231
1569255968.481
1569255968.731
1569255968.981
1569255969.231
1569255969.481
1569255969.731
1569255969.981
1569255970.231
1569255970.481
1569255970.731
1569255970.981
1569255971.231
1569255971.481
1569255971.731
1569255971.981
1569255972.231
1569255972.481
1569255972.731
1569255972.981
1569255973.231
1569255973.481
1569255973.731
1569255973.981
1569255974.231
1569255974.481
1569255974.731
1569255974.981
1569255975.231
1569255975.481
1569255975.731
1569255975.981
1569255976.231
1569255976.481
1569255976.731
1569255976.981
1569255977.231
1569255977.481
1569255977.731
1569255977.981
1569255978.231
1569255978.481
1569255978.731
1569255978.981
1569255979.231
1569255979.481
1569255979.731
1569255979.981
1569255980.231
1569255980.481
1569255980.731
1569255980.981
1569255981.231
1569255981.481
1569255981.731
1569255981.981
1569255982.231
1569255982.481
1569255982.731
1569255982.981
1569255983.231
1569255983.481
1569255983.731
1569255983.981
1569255984.231
1569255984.481
1569255984.731
1569255984.981
1569255985.231
1569255985.481
1569255985.731
1569255985.981
1569255986.231
1569255986.481
1569255986.731
1569255986.981
1569255987.231
1569255987.481
1569255987.731
1569255987.981
1569255988.231
1569255988.481
1569255988.731
1569255988.981
1569255989.231
1569255989.481
1569255989.731
1569255989.981
1569255990.231
1569255990.481
1569255990.731
1569255990.981
1569255991.231
1569255991.481
1569255991.731
1569255991.981
1569255992.231
1569255992.481
1569255992.731
1569255992.981
1569255993.231
1569255993.481
1569255993.731
1569255993.981
1569255994.231
1569255994.481
1569255994.731
1569255994.981
1569255995.231
1569255995.481
1569255995.731
1569255995.981
1569255996.231
1569255996.481
1569255996.731
1569255996.981
1569255997.231
1569255997.481
1569255997.731
1569255997.981
1569255998.231
1569255998.481
1569255998.731
1569255998.981
1569255999.231
1569255999.481
1569255999.731
1569255999.981
1569256000.231
1569256000.481
1569256000.731
1569256000.981
1569256001.231
1569256001.481
1569256001.731
1569256001.981
1569256002.231
1569256002.481
1569256002.731
1569256002.981
1569256003.231
1569256003.481
1569256003.731
1569256003.981
1569256004.231
1569256004.481
1569256004.731
1569256004.981
1569256005.231
1569256005.481
1569256005.731
1569256005.981
1569256006.231
1569256006.481
1569256006.731
1569256006.981
1569256007.231
1569256007.481
1569256007.731
1569256007.981
1569256008.231
1569256008.481
1569256008.731
1569256008.981
1569256009.231
1569256009.481
1569256009.731
1569256009.981
1569256010.231
1569256010.481
1569256010.731
1569256010.981
1569256011.231
1569256011.481
1569256011.731
1569256011.981
1569256012.231
1569256012.481
1569256012.731
1569256012.981
1569256013.231
1569256013.481
1569256013.731
1569256013.981
1569256014.231
1569256014.481
1569256014.731
1569256014.981
1569256015.231
1569256015.481
1569256015.731
1569256015.981
1569256016.231
1569256016.481
1569256016.731
1569256016.981
1569256017.231
1569256017.481
1569256017.731
1569256017.981
1569256018.231
1569256018.481
1569256018.731
1569256018.981
1569256019.231
1569256019.481
1569256019.731
1569256019.981
1569256020.231
1569256020.481
1569256020.731
1569256020.981
1569256021.231
1569256021.481
1569256021.731
1569256021.981
1569256022.231
1569256022.481
1569256022.731
1569256022.981
1569256023.231
1569256023.481
1569256023.731
1569256023.981
1569256024.231
1569256024.481
1569256024.731
1569256024.981
1569256025.231
1569256025.481
1569256025.731
1569256025.981
1569256026.231
1569256026.481
1569256026.731
1569256026.981
1569256027.231
1569256027.481
1569256027.731
1569256027.981
1569256028.231
1569256028.481
1569256028.731
1569256028.981
1569256029.231
1569256029.481
1569256029.731
1569256029.981
1569256030.231
1569256030.481
1569256030.731
1569256030.981
1569256031.231
1569256031.481
1569256031.731
1569256031.981
1569256032.231
1569256032.481
1569256032.731
1569256032.981
1569256033.231
1569256033.481
1569256033.731
1569256033.981
1569256034.231
1569256034.481
1569256034.731
1569256034.981
1569256035.231
1569256035.481
1569256035.731
1569256035.981
1569256036.231
1569256036.481
1569256036.731
1569256036.981
1569256037.231
1569256037.481
1569256037.731
1569256037.981
1569256038.231
1569256038.481
1569256038.731
1569256038.981
1569256039.231
1569256039.481
1569256039.731
1569256039.981
1569256040.231
1569256040.481
1569256040.731
1569256040.981
1569256041.231
1569256041.481
1569256041.731
1569256041.981
1569256042.231
1569256042.481
1569256042.731
1569256042.981
1569256043.231
1569256043.481
1569256043.731
1569256043.981
1569256044.231
1569256044.481
1569256044.731
1569256044.981
1569256045.231
1569256045.481
1569256045.731
1569256045.981
1569256046.231
1569256046.481
1569256046.731
1569256046.981
1569256047.231
1569256047.481
1569256047.731
1569256047.981
1569256048.231
1569256048.481
1569256048.731
1569256048.981
1569256049.231
1569256049.481
1569256049.731
1569256049.981
1569256050.231
1569256050.481
1569256050.731
1569256050.981
1569256051.231
1569256051.481
1569256051.731
1569256051.981
1569256052.231
1569256052.481
1569256052.731
1569256052.981
1569256053.231
1569256053.481
1569256053.731
1569256053.981
1569256054.231
1569256054.481
1569256054.731
1569256054.981
1569256055.231
1569256055.481
1569256055.731
1569256055.981
1569256056.231
1569256056.481
1569256056.731
1569256056.981
1569256057.231
1569256057.481
1569256057.731
1569256057.981
1569256058.231
1569256058.481
1569256058.731
1569256058.981
1569256059.231
1569256059.481
1569256059.731
1569256059.981
1569256060.231
1569256060.481
1569256060.731
1569256060.981
1569256061.231
1569256061.481
1569256061.731
1569256061.981
1569256062.231
1569256062.481
1569256062.731
1569256062.981
1569256063.231
1569256063.481
1569256063.731
1569256063.981
1569256064.231
1569256064.481
1569256064.731
1569256064.981
1569256065.231
1569256065.481
1569256065.731
1569256065.981
1569256066.231
1569256066.481
1569256066.731
1569256066.981
1569256067.231
1569256067.481
1569256067.731
1569256067.981
1569256068.231
1569256068.481
1569256068.731
1569256068.981
1569256069.231
1569256069.481
1569256069.731
1569256069.981
1569256070.231
1569256070.481
1569256070.731
1569256070.981
1569256071.231
1569256071.481
1569256071.731
1569256071.981
1569256072.231
1569256072.481
1569256072.731
1569256072.981
1569256073.231
1569256073.481
1569256073.731
1569256073.981
1569256074.231
1569256074.481
1569256074.731
1569256074.981
1569256075.231
1569256075.481
1569256075.731
1569256075.981
1569256076.231
1569256076.481
1569256076.731
1569256076.981
1569256077.231
1569256077.481
1569256077.731
1569256077.981
1569256078.231
1569256078.481
1569256078.731
1569256078.981
1569256079.231
1569256079.481
1569256079.731
1569256079.981
1569256080.231
1569256080.481
1569256080.731
1569256080.981
1569256081.231
1569256081.481
1569256081.731
1569256081.981
1569256082.231
1569256082.481
1569256082.731
1569256082.981
1569256083.231
1569256083.481
1569256083.731
1569256083.981
1569256084.231
1569256084.481
1569256084.731
1569256084.981
1569256085.231
1569256085.481
1569256085.731
1569256085.981
1569256086.231
1569256086.481
1569256086.731
1569256086.981
1569256087.231
1569256087.481
1569256087.731
1569256087.981
1569256088.231
1569256088.481
1569256088.731
1569256088.981
1569256089.231
1569256089.481
1569256089.731
1569256089.981
1569256090.231
1569256090.481
1569256090.731
1569256090.981
1569256091.231
1569256091.481
1569256091.731
1569256091.981
1569256092.231
1569256092.481
1569256092.731
1569256092.981
1569256093.231
1569256093.481
1569256093.731
1569256093.981
1569256094.231
1569256094.481
1569256094.731
1569256094.981
1569256095.231
1569256095.481
1569256095.731
1569256095.981
1569256096.231
1569256096.481
1569256096.731
1569256096.981
1569256097.231
1569256097.481
1569256097.731
1569256097.981
1569256098.231
1569256098.481
1569256098.731
1569256098.981
1569256099.231
1569256099.481
1569256099.731
1569256099.981
1569256100.231
1569256100.481
1569256100.731
1569256100.981
1569256101.231
1569256101.481
1569256101.731
1569256101.981
1569256102.231
1569256102.481
1569256102.731
1569256102.981
1569256103.231
1569256103.481
1569256103.731
1569256103.981
1569256104.231
1569256104.481
1569256104.731
1569256104.981
1569256105.231
1569256105.481
1569256105.731
1569256105.981
1569256106.231
1569256106.481
1569256106.731
1569256106.981
1569256107.231
1569256107.481
1569256107.731
1569256107.981
1569256108.231
1569256108.481
1569256108.731
1569256108.981
1569256109.231
1569256109.481
1569256109.731
1569256109.981
1569256110.231
1569256110.481
1569256110.731
1569256110.981
1569256111.231
1569256111.481
1569256111.731
1569256111.981
1569256112.231
1569256112.481
1569256112.731
1569256112.981
1569256113.231
1569256113.481
1569256113.731
1569256113.981
1569256114.231
1569256114.481
1569256114.731
1569256114.981
1569256115.231
1569256115.481
1569256115.731
1569256115.981
1569256116.231
1569256116.481
1569256116.731
1569256116.981
1569256117.231
1569256117.481
1569256117.731
1569256117.981
1569256118.231
1569256118.481
1569256118.731
1569256118.981
1569256119.231
1569256119.481
1569256119.731
1569256119.981
1569256120.231
1569256120.481
1569256120.731
1569256120.981
1569256121.231
1569256121.481
1569256121.731
1569256121.981
1569256122.231
1569256122.481
1569256122.731
1569256122.981
1569256123.231
1569256123.481
1569256123.731
1569256123.981
1569256124.231
1569256124.481
1569256124.731
1569256124.981
1569256125.231
1569256125.481
1569256125.731
1569256125.981
1569256126.231
1569256126.481
1569256126.731
1569256126.981
1569256127.231
1569256127.481
1569256127.731
1569256127.981
1569256128.231
1569256128.481
1569256128.731
1569256128.981
1569256129.231
1569256129.481
1569256129.731
1569256129.981
1569256130.231
1569256130.481
1569256130.731
1569256130.981
1569256131.231
1569256131.481
1569256131.731
1569256131.981
1569256132.231
1569256132.481
1569256132.731
1569256132.981
1569256133.231
1569256133.481
1569256133.731
1569256133.981
1569256134.231
1569256134.481
1569256134.731
1569256134.981
1569256135.231
1569256135.481
1569256135.731
1569256135.981
1569256136.231
1569256136.481
1569256136.731
1569256136.981
1569256137.231
1569256137.481
1569256137.731
1569256137.981
1569256138.231
1569256138.481
1569256138.731
1569256138.981
1569256139.231
1569256139.481
1569256139.731
1569256139.981
1569256140.231
1569256140.481
1569256140.731
1569256140.981
1569256141.231
1569256141.481
1569256141.731
1569256141.981
1569256142.231
1569256142.481
1569256142.731
1569256142.981
1569256143.231
1569256143.481
1569256143.731
1569256143.981
1569256144.231
1569256144.481
1569256144.731
1569256144.981
1569256145.231
1569256145.481
1569256145.731
1569256145.981
1569256146.231
1569256146.481
1569256146.731
1569256146.981
1569256147.231
1569256147.481
1569256147.731
1569256147.981
1569256148.231
1569256148.481
1569256148.731
1569256148.981
1569256149.231
1569256149.481
1569256149.731
1569256149.981
1569256150.231
1569256150.481
1569256150.731
1569256150.981
1569256151.231
1569256151.481
1569256151.731
1569256151.981
1569256152.231
1569256152.481
1569256152.731
1569256152.981
1569256153.231
1569256153.481
1569256153.731
1569256153.981
1569256154.231
1569256154.481
1569256154.731
1569256154.981
1569256155.231
1569256155.481
1569256155.731
1569256155.981
1569256156.231
1569256156.481
1569256156.731
1569256156.981
1569256157.231
1569256157.481
1569256157.731
1569256157.981
1569256158.231
1569256158.481
1569256158.731
1569256158.981
1569256159.231
1569256159.481
1569256159.731
1569256159.981
1569256160.231
1569256160.481
1569256160.731
1569256160.981
1569256161.231
1569256161.481
1569256161.731
1569256161.981
1569256162.231
1569256162.481
1569256162.731
1569256162.981
1569256163.231
1569256163.481
1569256163.731
1569256163.981
1569256164.231
1569256164.481
1569256164.731
1569256164.981
1569256165.231
1569256165.481
1569256165.731
1569256165.981
1569256166.231
1569256166.481
1569256166.731
1569256166.981
1569256167.231
1569256167.481
1569256167.731
1569256167.981
1569256168.231
1569256168.481
1569256168.731
1569256168.981
1569256169.231
1569256169.481
1569256169.731
1569256169.981
1569256170.231
1569256170.481
1569256170.731
1569256170.981
1569256171.231
1569256171.481
1569256171.731
1569256171.981
1569256172.231
1569256172.481
1569256172.731
1569256172.981
1569256173.231
1569256173.481
1569256173.731
1569256173.981
1569256174.231
1569256174.481
1569256174.731
1569256174.981
1569256175.231
1569256175.481
1569256175.731
1569256175.981
1569256176.231
1569256176.481
1569256176.731
1569256176.981
1569256177.231
1569256177.481
1569256177.731
1569256177.981
1569256178.231
1569256178.481
1569256178.731
1569256178.981
1569256179.231
1569256179.481
1569256179.731
1569256179.981
1569256180.231
1569256180.481
1569256180.731
1569256180.981
1569256181.231
1569256181.481
1569256181.731
1569256181.981
1569256182.231
1569256182.481
1569256182.731
1569256182.981
1569256183.231
1569256183.481
1569256183.731
1569256183.981
1569256184.231
1569256184.481
1569256184.731
1569256184.981
1569256185.231
1569256185.481
1569256185.731
1569256185.981
1569256186.231
1569256186.481
1569256186.731
1569256186.981
1569256187.231
1569256187.481
1569256187.731
1569256187.981
1569256188.231
1569256188.481
1569256188.731
1569256188.981
1569256189.231
1569256189.481
