0.6934526
0.6101761
0.7370126
0.7267632
0.7575114
0.5832714
0.7421373
0.7575114
0.7536679
0.7511055
0.7459809
0.747262
0.7434185
0.7446997
0.747262
0.747262
0.7446997
0.7446997
0.7459809
0.7485432
0.7421373
0.7382938
0.7357314
0.7344502
0.7280444
0.7293255
0.7280444
0.7267632
0.7229196
0.7229196
0.725482
0.725482
0.7280444
0.7293255
0.7293255
0.7318879
0.7293255
0.7267632
0.7318879
0.7267632
0.7344502
0.7357314
0.7344502
0.7357314
0.7344502
0.7344502
0.7370126
0.7446997
0.761355
0.7831349
0.8036338
0.8279762
0.8318197
0.8369444
0.8382255
0.8395067
0.8420691
0.8369444
0.8292573
0.8318197
0.8215703
0.8151644
0.8113208
0.8087585
0.8087585
0.8023526
0.8036338
0.7997903
0.8061962
0.812602
0.8292573
0.8407879
0.848475
0.8535997
0.848475
0.8497562
0.8535997
0.8471938
0.8459126
0.8356632
0.8292573
0.8241326
0.8202891
0.812602
0.8087585
0.8074773
0.8010715
0.8023526
0.7985091
0.7856973
0.7831349
0.761355
0.747262
0.747262
0.7677608
0.7664797
0.7639173
0.7664797
0.7767291
0.7767291
0.7485432
0.7485432
0.7485432
0.7485432
0.7485432
0.7523867
0.7805726
0.8138832
0.8548809
0.8971597
0.957375
1.008622
1.038089
1.063713
1.076524
1.089336
1.077806
1.067556
1.052182
1.034246
1.016309
0.9996538
0.9894044
0.9740303
0.9650621
0.9599373
0.9509691
0.9420009
0.9381574
0.9343138
0.9291891
0.9304703
0.9291891
0.9291891
0.9240644
0.9202209
0.9176585
0.9125338
0.9061279
0.9086903
0.9048468
0.9022844
0.899722
0.8945974
0.8945974
0.8894727
0.8894727
0.8869103
0.8869103
0.8817856
0.8869103
0.8805044
0.8753797
0.8766609
0.877942
0.8715361
0.8715361
0.8676926
0.8689738
0.8651303
0.8587244
0.8612868
0.8651303
0.8612868
0.8587244
0.8600056
0.8561621
0.8600056
0.8638491
0.8625679
0.8689738
0.8715361
0.8766609
0.8792232
0.8740985
0.8728173
0.870255
0.8676926
0.8664114
0.8651303
0.8612868
0.8574432
0.8523185
0.848475
0.8446314
0.8433503
0.8446314
0.8471938
0.8420691
0.8433503
0.8446314
0.8420691
0.8407879
0.8382255
0.8395067
0.8395067
0.8382255
0.8356632
0.8331009
0.8331009
0.8318197
0.8292573
0.8241326
0.8254138
0.8177267
0.8202891
0.8138832
0.8164456
0.8138832
0.8202891
0.8138832
0.812602
0.8061962
0.8061962
0.8061962
0.8074773
0.8010715
0.8010715
0.8010715
0.804915
0.8010715
0.8010715
0.8036338
0.7972279
0.7959467
0.7972279
0.7972279
0.7985091
0.7985091
0.790822
0.7895408
0.7895408
0.790822
0.7844161
0.7921032
0.7895408
0.7869785
0.7818538
0.7882597
0.7805726
0.7831349
0.7780102
0.7780102
0.7741667
0.7754479
0.7818538
0.7728856
0.7716044
0.7677608
0.7716044
0.7728856
0.7703232
0.7651985
0.7626361
0.7626361
0.7626361
0.7626361
0.7587926
0.7587926
0.7523867
0.7562302
0.7536679
0.7549491
0.7536679
0.7523867
0.7511055
0.7511055
0.747262
0.7459809
0.7459809
0.739575
0.7446997
0.7498243
0.7421373
0.7408561
0.7446997
0.739575
0.7370126
0.7357314
0.7382938
0.7382938
0.7318879
0.7318879
0.7357314
0.7370126
0.7382938
0.7344502
0.7344502
0.717795
0.717795
0.717795
0.717795
0.717795
0.717795
0.717795
0.717795
0.717795
0.717795
0.717795
0.717795
0.717795
0.717795
0.717795
0.717795
0.717795
0.717795
0.717795
0.7126703
0.7139514
0.7088267
0.7049832
0.7075455
0.7101079
0.7062644
0.703702
0.7062644
0.7024208
0.7024208
0.6972961
0.7011396
0.6998585
0.6985773
0.7024208
0.6972961
0.6934526
0.6908903
0.6921714
0.6908903
0.6896091
0.6934526
0.6870467
0.6870467
0.6870467
0.6857655
0.6857655
0.6832032
0.6780785
0.6832032
0.681922
0.6857655
0.681922
0.681922
0.6780785
0.6755161
0.6755161
0.6767973
0.6780785
0.6716726
0.6755161
0.6742349
0.6767973
0.6767973
0.6767973
0.6703914
0.6729538
0.6691102
0.6665479
0.6691102
0.6575797
0.6652667
0.6716726
0.667829
0.6665479
0.660142
0.6627043
0.6614231
0.6627043
0.6614231
0.6562985
0.6537361
0.6588608
0.6627043
0.660142
0.6575797
0.6652667
0.6652667
0.6627043
0.6691102
0.6767973
0.6870467
0.6921714
0.6998585
0.703702
0.7062644
0.7062644
0.7088267
0.7062644
0.7075455
0.703702
0.6972961
0.6960149
0.6896091
0.6908903
0.6844844
0.6844844
0.6883279
0.681922
0.6806408
0.6780785
0.6755161
0.6742349
0.6729538
0.6691102
0.6691102
0.6703914
0.667829
0.6665479
0.6665479
0.6703914
0.6639856
0.6652667
0.6614231
0.6614231
0.6588608
0.6614231
0.6627043
0.6614231
0.6614231
0.6575797
0.6588608
0.660142
0.6550173
0.6550173
0.6537361
0.6498926
0.6511738
0.6550173
0.6575797
0.6524549
0.6524549
0.6486114
0.6498926
0.6473302
0.6486114
0.6486114
0.6473302
0.6473302
0.646049
0.6473302
0.6447679
0.6473302
0.6434867
0.6473302
0.6422055
0.6422055
0.6396431
0.6370808
0.6422055
0.6434867
0.6473302
0.6524549
0.6575797
0.660142
0.6691102
0.6703914
0.6793596
0.6806408
0.6767973
0.6793596
0.6806408
0.6755161
0.6729538
0.6665479
0.6652667
0.6614231
0.660142
0.6575797
0.6575797
0.6498926
0.6537361
0.6537361
0.6524549
0.6511738
0.6524549
0.6498926
0.6473302
0.646049
0.646049
0.6447679
0.6422055
0.6447679
0.6422055
0.646049
0.6409243
0.6396431
0.6409243
0.6447679
0.6422055
0.6434867
0.6396431
0.638362
0.6396431
0.638362
0.6357996
0.6370808
0.6396431
0.6345184
0.6332373
0.6306749
0.6319561
0.6268314
0.6255502
0.6306749
0.6293938
0.6229879
0.6255502
0.6217067
0.6217067
0.6191443
0.6204255
0.6217067
0.616582
0.6178632
0.616582
0.6178632
0.6178632
0.616582
0.6178632
0.6191443
0.6140196
0.6153008
0.6114573
0.6114573
0.6076137
0.6114573
0.6101761
0.6050514
0.6037702
0.6037702
0.6024891
0.6076137
0.6050514
0.6024891
0.6037702
0.5960832
0.6037702
0.6050514
0.6012079
0.6024891
0.6024891
0.6012079
0.6037702
0.5986455
0.5999267
0.5986455
0.5922396
0.5960832
0.5973643
0.5935208
0.594802
0.594802
0.5999267
0.5935208
0.594802
0.594802
0.5922396
0.5845526
0.5883961
0.5960832
0.5935208
0.5883961
0.5871149
0.5845526
0.5858337
0.5858337
0.5871149
0.5871149
0.5845526
0.5858337
0.5871149
0.5858337
0.5858337
0.5883961
0.5832714
0.5819902
0.5858337
0.5781467
0.5832714
0.5794278
0.580709
0.5819902
0.5781467
0.5794278
0.5819902
0.5794278
0.5794278
0.5794278
0.5768655
0.5691785
0.5640537
0.5691785
0.5678973
0.5666161
0.5678973
0.5691785
0.5678973
0.5640537
0.5691785
0.5704596
0.5653349
0.5614914
0.5627726
0.5653349
0.5653349
0.5614914
0.558929
0.5653349
0.5627726
0.558929
0.558929
0.5614914
0.5550855
0.558929
0.558929
0.558929
0.5563667
0.5614914
0.558929
0.5640537
0.5576478
0.558929
0.558929
0.5512419
0.5512419
0.5525231
0.5512419
0.5473984
0.5525231
0.5525231
0.5473984
0.5525231
0.5486796
0.5461172
0.5461172
0.5486796
0.5499608
0.5486796
0.5448361
0.5486796
0.5461172
0.5448361
0.5448361
0.5461172
0.5435549
0.5397114
0.5409926
0.5397114
0.5397114
0.537149
0.5345867
0.5358678
0.5345867
0.5358678
0.5333055
0.5345867
0.529462
0.5384302
0.5320243
0.5320243
0.5320243
0.5307431
0.5320243
0.529462
0.529462
0.529462
0.529462
0.5204937
0.5256184
0.5256184
0.5268996
0.5268996
0.5268996
0.5243372
0.5256184
0.5230561
0.5243372
0.5243372
0.5256184
0.5243372
0.5281808
0.5307431
0.5320243
0.5409926
0.5435549
0.5473984
0.5486796
0.5525231
0.5512419
0.5448361
0.5499608
0.5473984
0.5461172
0.5461172
0.5422737
0.5448361
0.5397114
0.5397114
0.5397114
0.537149
0.529462
0.5345867
0.537149
0.5384302
0.529462
0.5281808
0.5243372
0.5256184
0.5256184
0.5256184
0.5243372
0.5217749
0.5243372
0.5230561
0.5256184
0.5243372
0.5230561
0.5217749
0.5204937
0.5192125
0.5192125
0.5204937
0.515369
0.5192125
0.5230561
0.5179313
0.5179313
0.5204937
0.5192125
0.5166502
0.515369
0.5128067
0.5166502
0.5140879
0.5179313
0.5204937
0.5140879
0.5089631
0.5115255
0.515369
0.515369
0.515369
0.5128067
0.5179313
0.5051196
0.5051196
0.5115255
0.5102443
0.5089631
0.5064008
0.507682
0.5064008
0.5064008
0.5038384
0.5038384
0.4987137
0.5038384
0.5025572
0.5025572
0.5012761
0.5012761
0.4987137
0.4974325
0.4987137
0.4961514
0.4961514
0.4948702
0.4961514
0.4948702
0.4948702
0.493589
0.493589
0.4923078
0.4948702
0.493589
0.4948702
0.4948702
0.4948702
0.4948702
0.4948702
0.4948702
0.4948702
0.4948702
0.4948702
0.4948702
0.4948702
0.4948702
0.4948702
0.493589
0.493589
0.4897455
0.4871831
0.4897455
0.4923078
0.4897455
0.4910266
0.4871831
0.4846208
0.4846208
0.4782149
0.4846208
0.485902
0.4807772
0.4794961
0.4833396
0.4833396
0.4807772
0.4833396
0.4846208
0.4820584
0.4743713
0.4807772
0.4807772
0.4756525
0.4769337
0.4769337
0.4743713
0.471809
0.471809
0.4730902
0.4730902
0.4692467
0.5460482
0.5473294
0.5460482
0.544767
0.544767
0.5460482
0.5460482
0.544767
0.5460482
0.544767
0.5422046
0.544767
0.5396423
0.5396423
0.5383611
0.5383611
0.5422046
0.5383611
0.5396423
0.5370799
0.5357987
0.5332364
0.5370799
0.5396423
0.5345176
0.5370799
0.5383611
0.5383611
0.5396423
0.5383611
0.5396423
0.544767
0.5370799
0.5409235
0.5434858
0.5332364
0.5345176
0.5357987
0.5383611
0.5332364
0.5345176
0.5332364
0.5332364
0.530674
0.5332364
0.5357987
0.5332364
0.530674
0.530674
0.5319552
0.530674
0.5281117
0.5268305
0.5268305
0.5268305
0.5293928
0.5255494
0.5217058
0.522987
0.5268305
0.5242682
0.5217058
0.5217058
0.5217058
0.5217058
0.5178623
0.5217058
0.5217058
0.5191435
0.5204246
0.5191435
0.5178623
0.5191435
0.5217058
0.5178623
0.5191435
0.5165811
0.5178623
0.5178623
0.5152999
0.5152999
0.5127376
0.5127376
0.5127376
0.522987
0.5114564
0.5114564
0.5114564
0.5127376
0.5076129
0.5114564
0.5127376
0.5127376
0.5127376
0.5127376
0.5114564
0.5114564
0.5165811
0.5063317
0.508894
0.5050505
0.5101752
0.5063317
0.508894
0.5101752
0.5076129
0.5063317
0.5037693
0.5050505
0.5063317
0.5076129
0.5076129
0.5063317
0.5037693
0.5050505
0.5037693
0.5037693
0.5037693
0.5063317
0.5024881
0.501207
0.501207
0.5050505
0.5024881
0.5024881
0.4999258
0.5037693
0.4999258
0.5024881
0.501207
0.4999258
0.4948011
0.4999258
0.501207
0.501207
0.4986446
0.501207
0.501207
0.5024881
0.5024881
0.5037693
0.5063317
0.501207
0.501207
0.4986446
0.501207
0.4973634
0.4973634
0.4935199
0.4935199
0.4935199
0.4935199
0.4922387
0.4896764
0.4960823
0.4935199
0.4948011
0.4922387
0.4948011
0.4909576
0.4896764
0.4896764
0.4896764
0.4909576
0.4858329
0.4883952
0.4883952
0.4845517
0.4858329
0.4845517
0.4858329
0.4845517
0.4845517
0.4832705
0.4832705
0.479427
0.4845517
0.479427
0.4819893
0.4845517
0.4845517
0.4819893
0.479427
0.4858329
0.4832705
0.4845517
0.4781458
0.4819893
0.4832705
0.4832705
0.4807082
0.4819893
0.4768646
0.4768646
0.4768646
0.479427
0.4781458
0.4781458
0.4819893
0.4768646
0.4755834
0.479427
0.4743023
0.4743023
0.4743023
0.4768646
0.4755834
0.4768646
0.4730211
0.4768646
0.4743023
0.4717399
0.4717399
0.4730211
0.4743023
0.4730211
0.4704587
0.4717399
0.4730211
0.465334
0.4691775
0.4691775
0.4666152
0.4640529
0.4666152
0.4678964
0.4678964
0.4666152
0.4666152
0.4666152
0.4627717
0.4640529
0.4666152
0.465334
0.465334
0.465334
0.4640529
0.4627717
0.4627717
0.4640529
0.4640529
0.4589281
0.4627717
0.4602093
0.4614905
0.4640529
0.4614905
0.4602093
0.4602093
0.4614905
0.4614905
0.4602093
0.4550846
0.4602093
0.4602093
0.4589281
0.457647
0.4602093
0.4563658
0.457647
0.4563658
0.457647
0.4602093
0.4525222
0.4563658
0.4563658
0.4563658
0.4550846
0.4550846
0.4563658
0.4538034
0.4538034
0.4512411
0.4512411
0.4499599
0.4525222
0.4499599
0.4486787
0.4499599
0.4486787
0.4499599
0.4486787
0.4473976
0.4486787
0.4473976
0.4461164
0.4499599
0.4473976
0.4461164
0.4473976
0.4473976
0.4448352
0.4461164
0.4448352
0.4448352
0.443554
0.4422728
0.4448352
0.4473976
0.4448352
0.4448352
0.4448352
0.443554
0.4448352
0.443554
0.4409917
0.4422728
0.4409917
0.443554
0.4422728
0.4461164
0.443554
0.4422728
0.4422728
0.4422728
0.4397105
0.4409917
0.4409917
0.4371481
0.4384293
0.4397105
0.4384293
0.4409917
0.4422728
0.4409917
0.4422728
0.435867
0.4384293
0.435867
0.4371481
0.435867
0.4384293
0.435867
0.4345858
0.4333046
0.4333046
0.4333046
0.4333046
0.4307423
0.4320234
0.4268987
0.4281799
0.4268987
0.4268987
0.4281799
0.4268987
0.4294611
0.4268987
0.4268987
0.4268987
0.4268987
0.421774
0.4256175
0.4268987
0.4243364
0.4243364
0.4230552
0.4230552
0.4230552
0.4230552
0.4243364
0.4230552
0.4243364
0.4243364
0.4204928
0.421774
0.4204928
0.4230552
0.4192117
0.4230552
0.4243364
0.4230552
0.421774
0.4179305
0.4204928
0.4204928
0.4204928
0.4192117
0.4192117
0.4192117
0.4192117
0.4192117
0.4204928
0.4204928
0.414087
0.414087
0.4128058
0.414087
0.4153681
0.4153681
0.4115246
0.414087
0.414087
0.4153681
0.4128058
0.4089622
0.4128058
0.4128058
0.4102434
0.4115246
0.414087
0.414087
0.4128058
0.4115246
0.4102434
0.4102434
0.4063999
0.4102434
0.4102434
0.4102434
0.414087
0.414087
0.4102434
0.4089622
0.4115246
0.4076811
0.4076811
0.4063999
0.4076811
0.4102434
0.4063999
0.4089622
0.4076811
0.4063999
0.4038375
0.4051187
0.4076811
0.4038375
0.4012752
0.4038375
0.4025564
0.4038375
0.4038375
0.3974316
0.3974316
0.3974316
0.3974316
0.3974316
0.3974316
0.3974316
0.3974316
0.3974316
0.3974316
0.3974316
0.3974316
0.3974316
0.3961505
0.3987128
0.3987128
0.3987128
0.3961505
0.3961505
0.3948693
0.3935881
0.3935881
0.3961505
0.3987128
0.3987128
0.3948693
0.3935881
0.3935881
0.392307
0.392307
