0.6152317
0.6152317
0.6229188
0.6267623
0.6241999
0.6203564
0.6241999
0.6229188
0.6216376
0.6088258
0.6049823
0.6037011
0.60242
0.5960141
0.5934517
0.5960141
0.6075447
0.6190752
0.6306058
0.6485423
0.6703223
0.6831341
0.697227
0.7023517
0.7049141
0.7049141
0.697227
0.6933835
0.68954
0.6844153
0.6780094
0.6792905
0.6703223
0.6690412
0.6639164
0.6613541
0.653667
0.6485423
0.6472611
0.6446988
0.6408553
0.6370117
0.6344494
0.6331682
0.6267623
0.6254811
0.6280435
0.6241999
0.6229188
0.6267623
0.6344494
0.6370117
0.6395741
0.6498235
0.6575105
0.6587917
0.6587917
0.6562294
0.6523858
0.6446988
0.6434176
0.6395741
0.6370117
0.6357306
0.631887
0.6331682
0.6254811
0.6216376
0.6203564
0.6203564
0.6139506
0.6165129
0.6126693
0.6126693
0.6152317
0.6113882
0.610107
0.6088258
0.6062635
0.6088258
0.6049823
0.6011388
0.60242
0.60242
0.6011388
0.5998576
0.5985764
0.5998576
0.5985764
0.5985764
0.5985764
0.5998576
0.5947329
0.60242
0.6037011
0.6088258
0.6113882
0.6203564
0.631887
0.6485423
0.6613541
0.6780094
0.6882588
0.6921023
0.6985082
0.6997894
0.7023517
0.7036329
0.6985082
0.6933835
0.6908212
0.6844153
0.6780094
0.6690412
0.6639164
0.6613541
0.6600729
0.6549482
0.6549482
0.6523858
0.6511047
0.6459799
0.6434176
0.6421365
0.6395741
0.6408553
0.6395741
0.6370117
0.631887
0.6331682
0.6306058
0.6293247
0.6254811
0.6267623
0.6280435
0.6216376
0.6203564
0.6216376
0.6216376
0.6190752
0.6177941
0.6165129
0.6177941
0.6139506
0.6165129
0.6126693
0.6113882
0.6075447
0.6075447
0.6075447
0.6088258
0.6075447
0.6088258
0.6075447
0.6062635
0.6049823
0.6062635
0.60242
0.6037011
0.6049823
0.60242
0.5998576
0.5998576
0.5998576
0.5998576
0.5985764
0.5985764
0.5998576
0.6011388
0.5998576
0.6062635
0.610107
0.610107
0.6139506
0.6203564
0.6190752
0.6190752
0.6216376
0.6203564
0.6190752
0.6203564
0.6165129
0.6177941
0.6126693
0.6113882
0.610107
0.6088258
0.6088258
0.6075447
0.6037011
0.60242
0.5985764
0.5998576
0.5972952
0.5972952
0.5960141
0.5960141
0.5896082
0.5908893
0.5934517
0.588327
0.588327
0.5857646
0.5896082
0.5896082
0.5844834
0.5870458
0.5844834
0.5844834
0.5844834
0.5844834
0.5857646
0.5844834
0.5844834
0.5857646
0.5844834
0.5832023
0.58064
0.58064
0.5832023
0.5819211
0.5780776
0.5793588
0.5780776
0.5755152
0.5767964
0.5729529
0.5755152
0.5742341
0.5729529
0.5703905
0.5691093
0.5716717
0.5691093
0.5716717
0.5639846
0.5678282
0.5639846
0.5678282
0.5639846
0.5639846
0.5627035
0.5639846
0.5627035
0.5639846
0.5588599
0.5575787
0.5575787
0.5562976
0.5562976
0.5588599
0.5550164
0.5537353
0.5537353
0.5550164
0.5537353
0.5511729
0.5473294
0.5473294
0.5537353
0.5473294
0.5460482
0.5511729
0.5473294
0.5486105
0.5460482
0.5486105
0.544767
0.5422046
0.5434858
0.5422046
0.5434858
0.544767
0.5409235
0.5409235
0.5396423
0.5370799
0.5370799
0.5396423
0.5409235
0.5409235
0.5396423
0.5357987
0.5357987
0.5370799
0.5357987
0.5345176
0.5332364
0.5332364
0.5319552
0.530674
0.530674
0.5319552
0.5293928
0.5268305
0.5281117
0.5281117
0.5268305
0.5281117
0.5281117
0.5293928
0.5242682
0.522987
0.5255494
0.5204246
0.5191435
0.5191435
0.5217058
0.5191435
0.5191435
0.5191435
0.5165811
0.5140188
0.5152999
0.5165811
0.5152999
0.5140188
0.5140188
0.5101752
0.5114564
0.5114564
0.5140188
0.5165811
0.5140188
0.5191435
0.5217058
0.522987
0.5268305
0.5319552
0.5370799
0.5345176
0.5357987
0.5383611
0.5370799
0.5357987
0.5345176
0.5370799
0.5293928
0.5319552
0.5293928
0.5281117
0.5268305
0.5255494
0.5268305
0.5268305
0.5255494
0.5268305
0.5255494
0.5217058
0.5217058
0.5178623
0.5152999
0.5165811
0.5140188
0.5152999
0.5140188
0.5152999
0.5140188
0.5152999
0.5152999
0.508894
0.5114564
0.5114564
0.508894
0.5101752
0.508894
0.5076129
0.5050505
0.5101752
0.508894
0.508894
0.508894
0.5076129
0.508894
0.5101752
0.5063317
0.5076129
0.5050505
0.501207
0.508894
0.5063317
0.5050505
0.501207
0.4986446
0.4960823
0.4986446
0.4973634
0.4973634
0.4973634
0.4922387
0.4935199
0.4935199
0.4935199
0.4935199
0.4922387
0.4909576
0.4909576
0.4896764
0.4896764
0.4896764
0.4883952
0.4909576
0.487114
0.487114
0.487114
0.4858329
0.4845517
0.4832705
0.4832705
0.4845517
0.4832705
0.479427
0.4819893
0.4832705
0.4819893
0.4819893
0.4819893
0.4819893
0.479427
0.4768646
0.4781458
0.4755834
0.4743023
0.4755834
0.4743023
0.4781458
0.4755834
0.4755834
0.4743023
0.4730211
0.4717399
0.4730211
0.4730211
0.4691775
0.4704587
0.4717399
0.4704587
0.4704587
0.4691775
0.4730211
0.4691775
0.479427
0.4678964
0.4678964
0.4640529
0.4666152
0.4678964
0.4640529
0.465334
0.465334
0.4640529
0.465334
0.4640529
0.4640529
0.4627717
0.4602093
0.4602093
0.4614905
0.4614905
0.4602093
0.4614905
0.4602093
0.4614905
0.4602093
0.4589281
0.4614905
0.457647
0.457647
0.4602093
0.457647
0.457647
0.4550846
0.4589281
0.4563658
0.4589281
0.4563658
0.4550846
0.4486787
0.4563658
0.4550846
0.4525222
0.4512411
0.4512411
0.4525222
0.4512411
0.4525222
0.4512411
0.4499599
0.4473976
0.4486787
0.4525222
0.4486787
0.4473976
0.4461164
0.4486787
0.4486787
0.4473976
0.4486787
0.443554
0.443554
0.4448352
0.4448352
0.4448352
0.4448352
0.4448352
0.4448352
0.443554
0.4409917
0.4448352
0.4422728
0.4409917
0.4397105
0.4409917
0.4371481
0.4397105
0.4397105
0.4409917
0.4422728
0.4397105
0.4397105
0.4397105
0.4333046
0.435867
0.435867
0.435867
0.435867
0.435867
0.4371481
0.4384293
0.4320234
0.4320234
0.4320234
0.4307423
0.4345858
0.4384293
0.4333046
0.4294611
0.4320234
0.4307423
0.4307423
0.4307423
0.4294611
0.4281799
0.4294611
0.4307423
0.4294611
0.4281799
0.4294611
0.4268987
0.4243364
0.4281799
0.4281799
0.4268987
0.4256175
0.421774
0.4256175
0.4256175
0.4243364
0.4230552
0.4230552
0.4268987
0.4243364
0.4230552
0.421774
0.421774
0.4192117
0.421774
0.4192117
0.4230552
0.4192117
0.421774
0.4204928
0.421774
0.4192117
0.4192117
0.4204928
0.414087
0.4166493
0.4166493
0.4166493
0.4179305
0.4166493
0.4166493
0.4179305
0.4128058
0.414087
0.4179305
0.4128058
0.4153681
0.4128058
0.4128058
0.4089622
0.4115246
0.4115246
0.4128058
0.4115246
0.4089622
0.4089622
0.4076811
0.4102434
0.4076811
0.4089622
0.4102434
0.4089622
0.4102434
0.4063999
0.4089622
0.4089622
0.4063999
0.4038375
0.4051187
0.4063999
0.4012752
0.4025564
0.4038375
0.4038375
0.4038375
0.4025564
0.4025564
0.4012752
0.399994
0.4038375
0.4012752
0.4025564
0.4012752
0.4012752
0.4025564
0.399994
0.399994
0.399994
0.4012752
0.3961505
0.399994
0.3974316
0.4012752
0.3987128
0.3961505
0.3974316
0.3987128
0.3948693
0.3974316
0.3961505
0.392307
0.3961505
0.3948693
0.3961505
0.4025564
0.4089622
0.4038375
0.4230552
0.414087
0.4204928
0.4192117
0.4204928
0.4230552
0.4268987
0.4268987
0.4256175
0.4268987
0.4268987
0.4256175
0.4256175
0.4281799
0.4333046
0.4345858
0.4384293
0.4409917
0.4409917
0.4409917
0.4397105
0.4409917
0.4422728
0.443554
0.443554
0.4422728
0.4409917
0.443554
0.4448352
0.4448352
0.4397105
0.4397105
0.4384293
0.4384293
0.4384293
0.4371481
0.435867
0.4345858
0.4345858
0.435867
0.4345858
0.4345858
0.4294611
0.4345858
0.4448352
0.443554
0.4461164
0.4397105
0.4333046
0.4371481
0.4345858
0.4384293
0.435867
0.4345858
0.4345858
0.4320234
0.4320234
0.4294611
0.4307423
0.4281799
0.4281799
0.4345858
0.4281799
0.4281799
0.4256175
0.4268987
0.4268987
0.4256175
0.4230552
0.4230552
0.421774
0.4243364
0.4230552
0.421774
0.421774
0.4204928
0.4204928
0.4179305
0.4192117
0.4192117
0.4166493
0.4166493
0.4166493
0.4153681
0.4166493
0.4128058
0.414087
0.4153681
0.414087
0.414087
0.414087
0.4128058
0.414087
0.4115246
0.4115246
0.4128058
0.4115246
0.4102434
0.4102434
0.4102434
0.4089622
0.4102434
0.4102434
0.4063999
0.4089622
0.4076811
0.4089622
0.4063999
0.4076811
0.4076811
0.4063999
0.4051187
0.4051187
0.4051187
0.399994
0.4063999
0.4051187
0.4051187
0.4051187
0.4038375
0.4038375
0.4025564
0.4038375
0.4038375
0.4025564
0.3987128
0.4051187
0.4038375
0.4063999
0.4025564
0.4051187
0.4038375
0.4025564
0.4025564
0.4025564
0.399994
0.3974316
0.399994
0.3987128
0.4025564
0.4012752
0.399994
0.4012752
0.4012752
0.3987128
0.3987128
0.399994
0.3961505
0.3987128
0.4012752
0.3974316
0.3974316
0.3974316
0.3961505
0.3974316
0.3987128
0.3974316
0.3948693
0.3935881
0.3961505
0.3935881
0.3948693
0.3961505
0.3948693
0.392307
0.3961505
0.3935881
0.392307
0.392307
0.3910258
0.3910258
0.392307
0.392307
0.3897446
0.3935881
0.392307
0.3910258
0.392307
0.3884634
0.3910258
0.3910258
0.3910258
0.392307
0.3884634
0.3871822
0.3897446
0.3897446
0.3910258
0.3884634
0.3897446
0.3897446
0.3833387
0.3871822
0.3859011
0.3897446
0.3871822
0.3846199
0.3859011
0.3871822
0.3859011
0.3859011
0.3859011
0.3859011
0.3833387
0.3846199
0.3820575
0.3833387
0.3833387
0.3820575
0.378214
0.378214
0.378214
0.378214
0.3743705
0.3820575
0.3820575
0.3794952
0.378214
0.3807763
0.3807763
0.378214
0.378214
0.3769328
0.3794952
0.3743705
0.3769328
0.3794952
0.378214
0.3769328
0.378214
0.378214
0.378214
0.3871822
0.3769328
0.3769328
0.3756517
0.3743705
0.3730893
0.3730893
0.3743705
0.3705269
0.3718081
0.3718081
0.3705269
0.3718081
0.3730893
0.3705269
0.3730893
0.3769328
0.3705269
0.3692458
0.3692458
0.3692458
0.3705269
0.3692458
0.3705269
0.3679646
0.3654022
0.3654022
0.3692458
0.3654022
0.364121
0.364121
0.364121
0.3615587
0.3628399
0.3615587
0.3602775
0.3589964
0.364121
0.364121
0.3602775
0.3602775
0.3615587
0.3589964
0.3602775
0.3602775
0.364121
0.3589964
0.356434
0.3589964
0.3589964
0.3589964
0.3577152
0.3589964
0.3589964
0.3589964
0.356434
0.356434
0.3577152
0.3551528
0.3551528
0.356434
0.3577152
0.356434
0.3551528
0.3538716
0.3551528
0.3538716
0.3551528
0.3551528
0.3525905
0.3538716
0.3500281
0.3525905
0.3525905
0.3500281
0.3538716
0.3551528
0.3577152
0.3525905
0.3551528
0.3525905
0.3538716
0.356434
0.356434
0.3551528
0.3538716
0.3538716
0.3513093
0.3525905
0.3538716
0.3551528
0.3487469
0.3513093
0.3487469
0.3513093
0.3525905
0.3500281
0.3525905
0.3525905
0.3500281
0.3525905
0.3513093
0.3513093
0.356434
0.3525905
0.3487469
0.3500281
0.3461846
0.3500281
0.3513093
0.3500281
0.3500281
0.3487469
0.3436222
0.3474658
0.3525905
0.3487469
0.3474658
0.3474658
0.3449034
0.3449034
0.3461846
0.3461846
0.3474658
0.3423411
0.3461846
0.3410599
0.3436222
0.3423411
0.3423411
0.3410599
0.3397787
0.3397787
0.3410599
0.3397787
0.3384975
0.3410599
0.3423411
0.3410599
0.3423411
0.3384975
0.3384975
0.3397787
0.3384975
0.3372163
0.3372163
0.334654
0.3384975
0.3372163
0.3372163
0.3372163
0.3359352
0.3372163
0.3372163
0.334654
0.3384975
0.3359352
0.334654
0.3359352
0.3410599
0.3384975
0.3372163
0.3372163
0.3372163
0.334654
0.3359352
0.3372163
0.3384975
0.3320916
0.3359352
0.3359352
0.334654
0.3320916
0.334654
0.3359352
0.3333728
0.3320916
0.3333728
0.3359352
0.3320916
0.3333728
0.334654
0.334654
0.334654
0.3320916
0.3372163
0.3372163
0.3384975
0.334654
0.3295293
0.3269669
0.3269669
0.3295293
0.3295293
0.3269669
0.3269669
0.3269669
0.3295293
0.3282481
0.3269669
0.3256858
0.3244046
0.3244046
0.3269669
0.3282481
0.3244046
0.3295293
0.3256858
0.3269669
0.3282481
0.3282481
0.3256858
0.3231234
0.3282481
0.3269669
0.3282481
0.3256858
0.3295293
0.3308105
0.3282481
0.3295293
0.3282481
0.3269669
0.3244046
0.3269669
0.3269669
0.3231234
0.3244046
0.3244046
0.3231234
0.3231234
0.3231234
0.3218422
0.3205611
0.3179987
0.3218422
0.3167175
0.3205611
0.3192799
0.3205611
0.3192799
0.3205611
0.3192799
0.3244046
0.3218422
0.3205611
0.3231234
0.3218422
0.3205611
0.3192799
0.3179987
0.3179987
0.3205611
0.3192799
0.3167175
0.3167175
0.3179987
0.3218422
0.3192799
0.3205611
0.3205611
0.3154363
0.3192799
0.3167175
0.3179987
0.3179987
0.3154363
0.3179987
0.3179987
0.3218422
0.3192799
0.3179987
0.3192799
0.3218422
0.3154363
0.3192799
0.3205611
0.3179987
0.3141552
0.3179987
0.3192799
0.3205611
0.3179987
0.3179987
0.3179987
0.3167175
0.3179987
0.3167175
0.3167175
0.3141552
0.3167175
0.3179987
0.3179987
0.3167175
0.3179987
0.3167175
0.3179987
0.3167175
0.3179987
0.3167175
0.3141552
0.3192799
0.3167175
0.3192799
0.3167175
0.3179987
0.3179987
0.3167175
0.3167175
0.3192799
0.3218422
0.3167175
0.3154363
0.3192799
0.3167175
0.3167175
0.3154363
0.3167175
0.3179987
0.3154363
0.3167175
0.3141552
0.3115928
