1.547015
1.536765
1.534203
1.531641
1.527797
1.532922
1.529078
1.523954
1.521391
1.521391
1.517548
1.516266
1.514985
1.514985
1.508579
1.507298
1.509861
1.514985
1.530359
1.553421
1.581607
1.603387
1.622604
1.637978
1.649509
1.655915
1.655915
1.657196
1.653352
1.639259
1.634135
1.622604
1.613636
1.608511
1.604668
1.599543
1.600824
1.605949
1.621323
1.643103
1.680257
1.722536
1.758409
1.816062
1.869871
1.9224
1.958272
1.98774
1.992864
1.980052
1.963397
1.94418
1.930087
1.908307
1.885245
1.862184
1.845529
1.826311
1.813499
1.805812
1.795563
1.780189
1.772502
1.764815
1.75969
1.74816
1.744316
1.728942
1.723817
1.713568
1.714849
1.702037
1.699475
1.689225
1.689225
1.684101
1.680257
1.673851
1.670008
1.666164
1.663602
1.658477
1.653352
1.653352
1.640541
1.641822
1.631572
1.618761
1.617479
1.613636
1.609792
1.604668
1.600824
1.599543
1.595699
1.589294
1.590575
1.593137
1.596981
1.594418
1.593137
1.593137
1.595699
1.600824
1.596981
1.596981
1.591856
1.594418
1.593137
1.586731
1.582888
1.582888
1.575201
1.573919
1.568795
1.564951
1.572638
1.558545
1.554702
1.552139
1.548296
1.54189
1.550858
1.543171
1.54189
1.539328
1.540609
1.531641
1.531641
1.539328
1.550858
1.552139
1.557264
1.564951
1.567514
1.577763
1.571357
1.568795
1.568795
1.567514
1.564951
1.559826
1.548296
1.540609
1.538046
1.532922
1.530359
1.526516
1.521391
1.521391
1.509861
1.518829
1.517548
1.507298
1.508579
1.507298
1.49833
1.495768
1.494486
1.491924
1.486799
1.484237
1.481675
1.477831
1.477831
1.47655
1.475269
1.475269
1.471425
1.470144
1.468863
1.466301
1.459895
1.459895
1.461176
1.45477
1.45477
1.449645
1.452208
1.457332
1.456051
1.447083
1.445802
1.438115
1.443239
1.443239
1.448364
1.439396
1.436834
1.43299
1.462258
1.459695
1.452008
1.449446
1.445602
1.445602
1.446884
1.44304
1.441759
1.437915
1.440478
1.435353
1.430228
1.430228
1.426385
1.422541
1.425104
1.419979
1.42126
1.42126
1.42126
1.414854
1.414854
1.409729
1.409729
1.407167
1.408448
1.409729
1.413573
1.422541
1.428947
1.435353
1.441759
1.445602
1.446884
1.44304
1.44304
1.440478
1.436634
1.434072
1.435353
1.430228
1.425104
1.418698
1.417417
1.413573
1.417417
1.409729
1.402042
1.402042
1.396918
1.393074
1.391793
1.390512
1.385387
1.385387
1.389231
1.381544
1.3777
1.3777
1.378981
1.370013
1.376419
1.370013
1.367451
1.366169
1.366169
1.363607
1.359764
1.359764
1.359764
1.35592
1.362326
1.354639
1.349514
1.348233
1.348233
1.344389
1.341827
1.339265
1.339265
1.337984
1.339265
1.335421
1.332859
1.331578
1.332859
1.330297
1.327734
1.326453
1.325172
1.322609
1.325172
1.323891
1.317485
1.318766
1.314922
1.314922
1.313641
1.31236
1.309798
1.311079
1.308517
1.304673
1.305954
1.304673
1.303392
1.30083
1.298267
1.296986
1.294424
1.294424
1.291861
1.29058
1.286736
1.289299
1.289299
1.289299
1.288018
1.286736
1.285455
1.281612
1.280331
1.280331
1.27905
1.273925
1.276487
1.272644
1.275206
1.273925
1.275206
1.270081
1.280331
1.289299
1.305954
1.320047
1.330297
1.345671
1.352077
1.353358
1.350795
1.35592
1.349514
1.346952
1.339265
1.33414
1.330297
1.320047
1.316204
1.307235
1.304673
1.30083
1.302111
1.293142
1.291861
1.286736
1.286736
1.288018
1.281612
1.280331
1.281612
1.27905
1.277768
1.275206
1.277768
1.272644
1.272644
1.270081
1.264956
1.258551
1.263675
1.261113
1.263675
1.258551
1.262394
1.252145
1.253426
1.252145
1.25727
1.249582
1.244458
1.245739
1.248301
1.239333
1.240614
1.244458
1.241895
1.245739
1.244458
1.248301
1.249582
1.241895
1.245739
1.250864
1.244458
1.239333
1.236771
1.240614
1.234208
1.232927
1.230365
1.231646
1.221397
1.221397
1.216272
1.217553
1.216272
1.209866
1.211147
1.211147
1.208585
1.208585
1.206022
1.198335
1.202179
1.20346
1.204741
1.202179
1.198335
1.194492
1.197054
1.197054
1.197054
1.202179
1.209866
1.221397
1.231646
1.240614
1.243176
1.249582
1.245739
1.249582
1.253426
1.249582
1.252145
1.244458
1.250864
1.243176
1.239333
1.232927
1.234208
1.234208
1.227802
1.222678
1.222678
1.214991
1.209866
1.209866
1.207304
1.204741
1.20346
1.198335
1.197054
1.198335
1.202179
1.193211
1.197054
1.195773
1.190648
1.186805
1.193211
1.198335
1.206022
1.218834
1.229084
1.243176
1.258551
1.264956
1.270081
1.272644
1.272644
1.266238
1.259832
1.255988
1.249582
1.241895
1.240614
1.236771
1.226521
1.220115
1.217553
1.212428
1.211147
1.209866
1.206022
1.204741
1.20346
1.206022
1.197054
1.202179
1.193211
1.195773
1.188086
1.188086
1.18168
1.182961
1.18168
1.18168
1.176555
1.177837
1.177837
1.177837
1.179118
1.180399
1.18168
1.182961
1.177837
1.175274
1.177837
1.173993
1.173993
1.168868
1.166306
1.171431
1.161181
1.1599
1.154775
1.158619
1.158619
1.152213
1.149651
1.149651
1.148369
1.141964
1.147088
1.148369
1.150932
1.141964
1.136839
1.139401
1.13812
1.136839
1.132995
1.135558
1.131714
1.130433
1.130433
1.126589
1.129152
1.125308
1.124027
1.124027
1.127871
1.120184
1.11634
1.115059
1.11634
1.117621
1.112496
1.113778
1.108653
1.108653
1.108653
1.107372
1.106091
1.106091
1.098404
1.104809
1.103528
1.107372
1.113778
1.113778
1.117621
1.124027
1.125308
1.125308
1.130433
1.122746
1.118902
1.124027
1.118902
1.11634
1.111215
1.111215
1.113778
1.102247
1.103528
1.104809
1.098404
1.097122
1.097122
1.091998
1.09456
1.090716
1.093279
1.084311
1.089435
1.085592
1.083029
1.081748
1.083029
1.080467
1.077905
1.083029
1.077905
1.077905
1.074061
1.074061
1.070218
1.068936
1.065093
1.066374
1.063812
1.065093
1.068936
1.063812
1.063812
1.059968
1.057406
1.056125
1.056125
1.056125
1.059968
1.058687
1.057406
1.054844
1.049719
1.057406
1.053562
1.051
1.048438
1.052281
1.043313
1.044594
1.043313
1.043313
1.040751
1.042032
1.040751
1.044594
1.045875
1.040751
1.038188
1.036907
1.039469
1.036907
1.033064
1.033064
1.033064
1.030501
1.02922
1.027939
1.02922
1.024095
1.018971
1.021533
1.021533
1.018971
1.018971
1.018971
1.013846
1.017689
1.013846
1.012565
1.013846
1.010002
1.011284
1.015127
1.010002
1.015127
1.012565
1.012565
1.00744
1.006159
1.003596
1.00744
1.004878
1.003596
1.002315
1.006159
1.004878
1.002315
1.002315
1.006159
1.006159
0.9984717
0.9946282
0.993347
0.9984717
0.9971906
0.9959094
0.9971906
0.9946282
0.9959094
0.9959094
0.9907847
0.9920658
0.98566
0.9818165
0.9818165
0.9830976
0.9792541
0.9830976
0.9805353
0.9843788
0.9818165
0.9805353
0.9830976
0.9779729
0.9754106
0.9830976
0.9818165
0.9830976
0.9830976
0.9907847
0.9907847
0.9946282
0.9882223
0.993347
0.9869412
0.9830976
0.9907847
0.9920658
0.9869412
0.9830976
0.9818165
0.9843788
0.9779729
0.9754106
0.9766917
0.9792541
0.9766917
0.9792541
0.9779729
0.9754106
0.9741294
0.9805353
0.9754106
0.9741294
0.971567
0.9741294
0.9702858
0.9690047
0.971567
0.971567
0.9625988
0.9702858
0.9625988
0.9613176
0.9561929
0.9561929
0.9536306
0.9523494
0.9472247
0.9958103
0.9842798
0.9881232
0.9855609
0.9829985
0.9855609
0.9842798
0.979155
0.979155
0.9765927
0.979155
0.9753115
0.9765927
0.9727491
0.9740303
0.9753115
0.9778739
0.971468
0.9689056
0.9701868
0.9676244
0.9650621
0.9676244
0.9663432
0.9624997
0.9624997
0.9650621
0.9624997
0.9663432
0.9637809
0.9612185
0.9586562
0.9560938
0.9586562
0.9560938
0.9548126
0.9509691
0.957375
0.9535315
0.9548126
0.9522503
0.949688
0.9509691
0.949688
0.9586562
0.9548126
0.957375
0.9612185
0.9676244
0.9753115
0.979155
0.9804362
0.9842798
0.9881232
0.9817173
0.9817173
0.9804362
0.9765927
0.9765927
0.9727491
0.9740303
0.9740303
0.9689056
0.9689056
0.9676244
0.9548126
0.9612185
0.9599373
0.9548126
0.9560938
0.957375
0.9548126
0.957375
0.9548126
0.9484068
0.949688
0.949688
0.9509691
0.949688
0.9445633
0.9420009
0.9394385
0.9381574
0.9381574
0.9368762
0.935595
0.9343138
0.9330326
0.9304703
0.9317515
0.9279079
0.9279079
0.9266267
0.9266267
0.9253456
0.9253456
0.9240644
0.9240644
0.9189397
0.9227833
0.9202209
0.9215021
0.9202209
0.9163774
0.9163774
0.9176585
0.9189397
0.913815
0.9112526
0.9112526
0.9112526
0.9099715
0.9112526
0.9099715
0.9048468
0.9074091
0.9112526
0.9061279
0.9086903
0.9061279
0.9099715
0.9022844
0.9099715
0.9010032
0.9010032
0.9061279
0.8984409
0.9022844
0.8971597
0.9010032
0.8945974
0.8958785
0.8945974
0.899722
0.9010032
0.8984409
0.8971597
0.8971597
0.899722
0.899722
0.899722
0.899722
0.8945974
0.8971597
0.892035
0.8945974
0.8933161
0.8907538
0.8869103
0.8856291
0.8881915
0.8817856
0.8817856
0.8792232
0.8805044
0.8792232
0.8792232
0.8792232
0.877942
0.8753797
0.877942
0.8740985
0.8766609
0.8753797
0.870255
0.8715361
0.8753797
0.870255
0.8664114
0.8664114
0.8664114
0.8664114
0.8638491
0.8638491
0.8638491
0.8600056
0.8612868
0.8600056
0.8587244
0.8587244
0.8625679
0.8600056
0.8548809
0.8574432
0.8548809
0.8587244
0.8535997
0.8523185
0.8600056
0.8587244
0.8548809
0.8510373
0.8535997
0.8523185
0.8497562
0.8471938
0.848475
0.8420691
0.8446314
0.8459126
0.8523185
0.8420691
0.8433503
0.8420691
0.8433503
0.8446314
0.8407879
0.8420691
0.8407879
0.8407879
0.8382255
0.8395067
0.8395067
0.8407879
0.8356632
0.8356632
0.8305385
0.8279762
0.8305385
0.826695
0.8292573
0.8279762
0.8279762
0.826695
0.8279762
0.826695
0.8241326
0.8215703
0.8241326
0.8228514
0.8202891
0.8254138
0.8279762
0.8305385
0.8343821
0.8395067
0.8433503
0.8471938
0.8587244
0.8600056
0.8638491
0.8587244
0.8676926
0.8638491
0.8664114
0.8612868
0.8612868
0.8587244
0.8587244
0.8523185
0.8497562
0.8471938
0.8446314
0.848475
0.8446314
0.8433503
0.8459126
0.8446314
0.8395067
0.8369444
0.8420691
0.8433503
0.8407879
0.8382255
0.8369444
0.8331009
0.8292573
0.8292573
0.8279762
0.826695
0.8241326
0.8228514
0.8215703
0.8215703
0.8138832
0.8177267
0.8190079
0.8164456
0.8151644
0.812602
0.8074773
0.8087585
0.8074773
0.8087585
0.8074773
0.8061962
0.8087585
0.812602
0.8151644
0.8164456
0.8215703
0.8190079
0.8215703
0.8177267
0.8202891
0.8177267
0.812602
0.8151644
0.8177267
0.8113208
0.8100397
0.8151644
0.8100397
0.8061962
0.804915
0.8061962
0.8074773
0.7985091
0.7972279
0.7997903
0.790822
0.7933844
0.790822
0.7959467
0.7959467
0.790822
0.7997903
0.8036338
0.8023526
0.8087585
0.8087585
0.8113208
0.8151644
0.8164456
0.8151644
0.8151644
0.8164456
0.812602
0.8113208
0.8100397
0.8151644
0.8190079
0.8164456
0.8164456
0.8164456
0.8164456
0.8151644
0.8138832
0.8138832
0.8113208
0.804915
0.8074773
0.8036338
0.8023526
0.8023526
0.7997903
0.7985091
0.7933844
0.7959467
0.7972279
0.7921032
0.7882597
0.7856973
0.7882597
0.7869785
0.7856973
0.790822
0.7831349
0.7844161
0.7844161
0.7869785
0.7844161
0.7780102
0.7792915
0.7767291
0.7780102
0.7805726
0.7780102
0.7792915
0.7792915
0.7767291
0.7754479
0.7728856
0.7716044
0.7780102
0.7728856
0.7664797
0.769042
0.7703232
0.7664797
0.7664797
0.7677608
0.7664797
0.7626361
0.7626361
0.7626361
0.7626361
0.7626361
0.7639173
0.7639173
0.761355
0.761355
0.7600738
0.7626361
0.7587926
0.7549491
0.761355
0.7639173
0.7575114
0.7562302
0.7562302
0.7549491
0.7523867
0.7511055
0.7549491
0.7523867
0.7536679
0.7536679
0.7511055
0.7562302
0.7536679
0.7536679
0.7523867
0.7485432
0.7498243
0.7498243
0.7511055
0.7459809
0.7459809
0.7485432
0.7485432
0.7459809
0.7498243
0.7446997
0.7511055
0.747262
0.7459809
0.739575
0.7370126
0.7434185
0.7421373
0.7408561
0.7408561
0.7421373
0.7421373
0.739575
0.7382938
0.7357314
0.7382938
0.7344502
0.7370126
0.7370126
0.7344502
0.7344502
0.7331691
0.7306067
0.7318879
0.7357314
0.7331691
0.7318879
0.7293255
0.7306067
0.7293255
0.7318879
0.7306067
0.7306067
0.7318879
0.7318879
0.7357314
0.7306067
0.7331691
0.7280444
0.7306067
0.7280444
0.7267632
0.7280444
