1569257416.04866
1569257416.29867
1569257416.54868
1569257416.7987
1569257417.04871
1569257417.29872
1569257417.54873
1569257417.79874
1569257418.04875
1569257418.29877
1569257418.54878
1569257418.79879
1569257419.0488
1569257419.29881
1569257419.54882
1569257419.79884
1569257420.04885
1569257420.29886
1569257420.54887
1569257420.79888
1569257421.04889
1569257421.2989
1569257421.54892
1569257421.79893
1569257422.04894
1569257422.29895
1569257422.54896
1569257422.79897
1569257423.04899
1569257423.299
1569257423.54901
1569257423.79902
1569257424.04903
1569257424.29904
1569257424.54906
1569257424.79907
1569257425.04908
1569257425.29909
1569257425.5491
1569257425.79911
1569257426.04912
1569257426.29914
1569257426.54915
1569257426.79916
1569257427.04917
1569257427.29918
1569257427.54919
1569257427.79921
1569257428.04922
1569257428.29923
1569257428.54924
1569257428.79925
1569257429.04926
1569257429.29928
1569257429.54929
1569257429.7993
1569257430.04931
1569257430.29932
1569257430.54933
1569257430.79934
1569257431.04936
1569257431.29937
1569257431.54938
1569257431.79939
1569257432.0494
1569257432.29941
1569257432.54943
1569257432.79944
1569257433.04945
1569257433.29946
1569257433.54947
1569257433.79948
1569257434.04949
1569257434.29951
1569257434.54952
1569257434.79953
1569257435.04954
1569257435.29955
1569257435.54956
1569257435.79958
1569257436.04959
1569257436.2996
1569257436.54961
1569257436.79962
1569257437.04963
1569257437.29965
1569257437.54966
1569257437.79967
1569257438.04968
1569257438.29969
1569257438.5497
1569257438.79972
1569257439.04973
1569257439.29974
1569257439.54975
1569257439.79976
1569257440.04977
1569257440.29978
1569257440.5498
1569257440.79981
1569257441.04982
1569257441.29983
1569257441.54984
1569257441.79985
1569257442.04987
1569257442.29988
1569257442.54989
1569257442.7999
1569257443.04991
1569257443.29992
1569257443.54993
1569257443.79995
1569257444.04996
1569257444.29997
1569257444.54998
1569257444.79999
1569257445.05
1569257445.30002
1569257445.55003
1569257445.80004
1569257446.05005
1569257446.30006
1569257446.55007
1569257446.80009
1569257447.0501
1569257447.30011
1569257447.55012
1569257447.80013
1569257448.05014
1569257448.30015
1569257448.55017
1569257448.80018
1569257449.05019
1569257449.3002
1569257449.55021
1569257449.80022
1569257450.05024
1569257450.30025
1569257450.55026
1569257450.80027
1569257451.05028
1569257451.30029
1569257451.55031
1569257451.80032
1569257452.05033
1569257452.30034
1569257452.55035
1569257452.80036
1569257453.05037
1569257453.30039
1569257453.5504
1569257453.80041
1569257454.05042
1569257454.30043
1569257454.55044
1569257454.80046
1569257455.05047
1569257455.30048
1569257455.55049
1569257455.8005
1569257456.05051
1569257456.30053
1569257456.55054
1569257456.80055
1569257457.05056
1569257457.30057
1569257457.55058
1569257457.80059
1569257458.05061
1569257458.30062
1569257458.55063
1569257458.80064
1569257459.05065
1569257459.30066
1569257459.55068
1569257459.80069
1569257460.0507
1569257460.30071
1569257460.55072
1569257460.80073
1569257461.05075
1569257461.30076
1569257461.55077
1569257461.80078
1569257462.05079
1569257462.3008
1569257462.55081
1569257462.80083
1569257463.05084
1569257463.30085
1569257463.55086
1569257463.80087
1569257464.05088
1569257464.3009
1569257464.55091
1569257464.80092
1569257465.05093
1569257465.30094
1569257465.55095
1569257465.80097
1569257466.05098
1569257466.30099
1569257466.551
1569257466.80101
1569257467.05102
1569257467.30103
1569257467.55105
1569257467.80106
1569257468.05107
1569257468.30108
1569257468.55109
1569257468.8011
1569257469.05112
1569257469.30113
1569257469.55114
1569257469.80115
1569257470.05116
1569257470.30117
1569257470.55118
1569257470.8012
1569257471.05121
1569257471.30122
1569257471.55123
1569257471.80124
1569257472.05125
1569257472.30127
1569257472.55128
1569257472.80129
1569257473.0513
1569257473.30131
1569257473.55132
1569257473.80134
1569257474.05135
1569257474.30136
1569257474.55137
1569257474.80138
1569257475.05139
1569257475.3014
1569257475.55142
1569257475.80143
1569257476.05144
1569257476.30145
1569257476.55146
1569257476.80147
1569257477.05149
1569257477.3015
1569257477.55151
1569257477.80152
1569257478.05153
1569257478.30154
1569257478.55156
1569257478.80157
1569257479.05158
1569257479.30159
1569257479.5516
1569257479.80161
1569257480.05162
1569257480.30164
1569257480.55165
1569257480.80166
1569257481.05167
1569257481.30168
1569257481.55169
1569257481.80171
1569257482.05172
1569257482.30173
1569257482.55174
1569257482.80175
1569257483.05176
1569257483.30178
1569257483.55179
1569257483.8018
1569257484.05181
1569257484.30182
1569257484.55183
1569257484.80184
1569257485.05186
1569257485.30187
1569257485.55188
1569257485.80189
1569257486.0519
1569257486.30191
1569257486.55193
1569257486.80194
1569257487.05195
1569257487.30196
1569257487.55197
1569257487.80198
1569257488.052
1569257488.30201
1569257488.55202
1569257488.80203
1569257489.05204
1569257489.30205
1569257489.55206
1569257489.80208
1569257490.05209
1569257490.3021
1569257490.55211
1569257490.80212
1569257491.05213
1569257491.30215
1569257491.55216
1569257491.80217
1569257492.05218
1569257492.30219
1569257492.5522
1569257492.80222
1569257493.05223
1569257493.30224
1569257493.55225
1569257493.80226
1569257494.05227
1569257494.30228
1569257494.5523
1569257494.80231
1569257495.05232
1569257495.30233
1569257495.55234
1569257495.80235
1569257496.05237
1569257496.30238
1569257496.55239
1569257496.8024
1569257497.05241
1569257497.30242
1569257497.55243
1569257497.80245
1569257498.05246
1569257498.30247
1569257498.55248
1569257498.80249
1569257499.0525
1569257499.30252
1569257499.55253
1569257499.80254
1569257500.05255
1569257500.30256
1569257500.55257
1569257500.80259
1569257501.0526
1569257501.30261
1569257501.55262
1569257501.80263
1569257502.05264
1569257502.30265
1569257502.55267
1569257502.80268
1569257503.05269
1569257503.3027
1569257503.55271
1569257503.80272
1569257504.05274
1569257504.30275
1569257504.55276
1569257504.80277
1569257505.05278
1569257505.30279
1569257505.55281
1569257505.80282
1569257506.05283
1569257506.30284
1569257506.55285
1569257506.80286
1569257507.05287
1569257507.30289
1569257507.5529
1569257507.80291
1569257508.05292
1569257508.30293
1569257508.55294
1569257508.80296
1569257509.05297
1569257509.30298
1569257509.55299
1569257509.803
1569257510.05301
1569257510.30303
1569257510.55304
1569257510.80305
1569257511.05306
1569257511.30307
1569257511.55308
1569257511.80309
1569257512.05311
1569257512.30312
1569257512.55313
1569257512.80314
1569257513.05315
1569257513.30316
1569257513.55318
1569257513.80319
1569257514.0532
1569257514.30321
1569257514.55322
1569257514.80323
1569257515.05325
1569257515.30326
1569257515.55327
1569257515.80328
1569257516.05329
1569257516.3033
1569257516.55331
1569257516.80333
1569257517.05334
1569257517.30335
1569257517.55336
1569257517.80337
1569257518.05338
1569257518.3034
1569257518.55341
1569257518.80342
1569257519.05343
1569257519.30344
1569257519.55345
1569257519.80347
1569257520.05348
1569257520.30349
1569257520.5535
1569257520.80351
1569257521.05352
1569257521.30353
1569257521.55355
1569257521.80356
1569257522.05357
1569257522.30358
1569257522.55359
1569257522.8036
1569257523.05362
1569257523.30363
1569257523.55364
1569257523.80365
1569257524.05366
1569257524.30367
1569257524.55369
1569257524.8037
1569257525.05371
1569257525.30372
1569257525.55373
1569257525.80374
1569257526.05375
1569257526.30377
1569257526.55378
1569257526.80379
1569257527.0538
1569257527.30381
1569257527.55382
1569257527.80384
1569257528.05385
1569257528.30386
1569257528.55387
1569257528.80388
1569257529.05389
1569257529.30391
1569257529.55392
1569257529.80393
1569257530.05394
1569257530.30395
1569257530.55396
1569257530.80397
1569257531.05399
1569257531.304
1569257531.55401
1569257531.80402
1569257532.05403
1569257532.30404
1569257532.55406
1569257532.80407
1569257533.05408
1569257533.30409
1569257533.5541
1569257533.80411
1569257534.05412
1569257534.30414
1569257534.55415
1569257534.80416
1569257535.05417
1569257535.30418
1569257535.55419
1569257535.80421
1569257536.05422
1569257536.30423
1569257536.55424
1569257536.80425
1569257537.05426
1569257537.30428
1569257537.55429
1569257537.8043
1569257538.05431
1569257538.30432
1569257538.55433
1569257538.80434
1569257539.05436
1569257539.30437
1569257539.55438
1569257539.80439
1569257540.0544
1569257540.30441
1569257540.55443
1569257540.80444
1569257541.05445
1569257541.30446
1569257541.55447
1569257541.80448
1569257542.0545
1569257542.30451
1569257542.55452
1569257542.80453
1569257543.05454
1569257543.30455
1569257543.55456
1569257543.80458
1569257544.05459
1569257544.3046
1569257544.55461
1569257544.80462
1569257545.05463
1569257545.30465
1569257545.55466
1569257545.80467
1569257546.05468
1569257546.30469
1569257546.5547
1569257546.80472
1569257547.05473
1569257547.30474
1569257547.55475
1569257547.80476
1569257548.05477
1569257548.30478
1569257548.5548
1569257548.80481
1569257549.05482
1569257549.30483
1569257549.55484
1569257549.80485
1569257550.05487
1569257550.30488
1569257550.55489
1569257550.8049
1569257551.05491
1569257551.30492
1569257551.55494
1569257551.80495
1569257552.05496
1569257552.30497
1569257552.55498
1569257552.80499
1569257553.055
1569257553.30502
1569257553.55503
1569257553.80504
1569257554.05505
1569257554.30506
1569257554.55507
1569257554.80509
1569257555.0551
1569257555.30511
1569257555.55512
1569257555.80513
1569257556.05514
1569257556.30516
1569257556.55517
1569257556.80518
1569257557.05519
1569257557.3052
1569257557.55521
1569257557.80522
1569257558.05524
1569257558.30525
1569257558.55526
1569257558.80527
1569257559.05528
1569257559.30529
1569257559.55531
1569257559.80532
1569257560.05533
1569257560.30534
1569257560.55535
1569257560.80536
1569257561.05538
1569257561.30539
1569257561.5554
1569257561.80541
1569257562.05542
1569257562.30543
1569257562.55544
1569257562.80546
1569257563.05547
1569257563.30548
1569257563.55549
1569257563.8055
1569257564.05551
1569257564.30553
1569257564.55554
1569257564.80555
1569257565.05556
1569257565.30557
1569257565.55558
1569257565.80559
1569257566.05561
1569257566.30562
1569257566.55563
1569257566.80564
1569257567.05565
1569257567.30566
1569257567.55568
1569257567.80569
1569257568.0557
1569257568.30571
1569257568.55572
1569257568.80573
1569257569.05575
1569257569.30576
1569257569.55577
1569257569.80578
1569257570.05579
1569257570.3058
1569257570.55581
1569257570.80583
1569257571.05584
1569257571.30585
1569257571.55586
1569257571.80587
1569257572.05588
1569257572.3059
1569257572.55591
1569257572.80592
1569257573.05593
1569257573.30594
1569257573.55595
1569257573.80597
1569257574.05598
1569257574.30599
1569257574.556
1569257574.80601
1569257575.05602
1569257575.30603
1569257575.55605
1569257575.80606
1569257576.05607
1569257576.30608
1569257576.55609
1569257576.8061
1569257577.05612
1569257577.30613
1569257577.55614
1569257577.80615
1569257578.05616
1569257578.30617
1569257578.55619
1569257578.8062
1569257579.05621
1569257579.30622
1569257579.55623
1569257579.80624
1569257580.05625
1569257580.30627
1569257580.55628
1569257580.80629
1569257581.0563
1569257581.30631
1569257581.55632
1569257581.80634
1569257582.05635
1569257582.30636
1569257582.55637
1569257582.80638
1569257583.05639
1569257583.30641
1569257583.55642
1569257583.80643
1569257584.05644
1569257584.30645
1569257584.55646
1569257584.80647
1569257585.05649
1569257585.3065
1569257585.55651
1569257585.80652
1569257586.05653
1569257586.30654
1569257586.55656
1569257586.80657
1569257587.05658
1569257587.30659
1569257587.5566
1569257587.80661
1569257588.05663
1569257588.30664
1569257588.55665
1569257588.80666
1569257589.05667
1569257589.30668
1569257589.55669
1569257589.80671
1569257590.05672
1569257590.30673
1569257590.55674
1569257590.80675
1569257591.05676
1569257591.30678
1569257591.55679
1569257591.8068
1569257592.05681
1569257592.30682
1569257592.55683
1569257592.80684
1569257593.05686
1569257593.30687
1569257593.55688
1569257593.80689
1569257594.0569
1569257594.30691
1569257594.55693
1569257594.80694
1569257595.05695
1569257595.30696
1569257595.55697
1569257595.80698
1569257596.057
1569257596.30701
1569257596.55702
1569257596.80703
1569257597.05704
1569257597.30705
1569257597.55707
1569257597.80708
1569257598.05709
1569257598.3071
1569257598.55711
1569257598.80712
1569257599.05713
1569257599.30715
1569257599.55716
1569257599.80717
1569257600.05718
1569257600.30719
1569257600.5572
1569257600.80722
1569257601.05723
1569257601.30724
1569257601.55725
1569257601.80726
1569257602.05727
1569257602.30728
1569257602.5573
1569257602.80731
1569257603.05732
1569257603.30733
1569257603.55734
1569257603.80735
1569257604.05737
1569257604.30738
1569257604.55739
1569257604.8074
1569257605.05741
1569257605.30742
1569257605.55744
1569257605.80745
1569257606.05746
1569257606.30747
1569257606.55748
1569257606.80749
1569257607.0575
1569257607.30752
1569257607.55753
1569257607.80754
1569257608.05755
1569257608.30756
1569257608.55757
1569257608.80759
1569257609.0576
1569257609.30761
1569257609.55762
1569257609.80763
1569257610.05764
1569257610.30766
1569257610.55767
1569257610.80768
1569257611.05769
1569257611.3077
1569257611.55771
1569257611.80772
1569257612.05774
1569257612.30775
1569257612.55776
1569257612.80777
1569257613.05778
1569257613.30779
1569257613.55781
1569257613.80782
1569257614.05783
1569257614.30784
1569257614.55785
1569257614.80786
1569257615.05788
1569257615.30789
1569257615.5579
1569257615.80791
1569257616.05792
1569257616.30793
1569257616.55794
1569257616.80796
1569257617.05797
1569257617.30798
1569257617.55799
1569257617.808
1569257618.05801
1569257618.30803
1569257618.55804
1569257618.80805
1569257619.05806
1569257619.30807
1569257619.55808
1569257619.80809
1569257620.05811
1569257620.30812
1569257620.55813
1569257620.80814
1569257621.05815
1569257621.30816
1569257621.55818
1569257621.80819
1569257622.0582
1569257622.30821
1569257622.55822
1569257622.80823
1569257623.05825
1569257623.30826
1569257623.55827
1569257623.80828
1569257624.05829
1569257624.3083
1569257624.55832
1569257624.80833
1569257625.05834
1569257625.30835
1569257625.55836
1569257625.80837
1569257626.05838
1569257626.3084
1569257626.55841
1569257626.80842
1569257627.05843
1569257627.30844
1569257627.55845
1569257627.80847
1569257628.05848
1569257628.30849
1569257628.5585
1569257628.80851
1569257629.05852
1569257629.30853
1569257629.55855
1569257629.80856
1569257630.05857
1569257630.30858
1569257630.55859
1569257630.8086
1569257631.05862
1569257631.30863
1569257631.55864
1569257631.80865
1569257632.05866
1569257632.30867
1569257632.55869
1569257632.8087
1569257633.05871
1569257633.30872
1569257633.55873
1569257633.80874
1569257634.05875
1569257634.30877
1569257634.55878
1569257634.80879
1569257635.0588
1569257635.30881
1569257635.55882
1569257635.80884
1569257636.05885
1569257636.30886
1569257636.55887
1569257636.80888
1569257637.05889
1569257637.30891
1569257637.55892
1569257637.80893
1569257638.05894
1569257638.30895
1569257638.55896
1569257638.80897
1569257639.05899
1569257639.309
1569257639.55901
1569257639.80902
1569257640.05903
1569257640.30904
1569257640.55906
1569257640.80907
1569257641.05908
1569257641.30909
1569257641.5591
1569257641.80911
1569257642.05913
1569257642.30914
1569257642.55915
1569257642.80916
1569257643.05917
1569257643.30918
1569257643.55919
1569257643.80921
1569257644.05922
1569257644.30923
1569257644.55924
1569257644.80925
1569257645.05926
1569257645.30928
1569257645.55929
1569257645.8093
1569257646.05931
1569257646.30932
1569257646.55933
1569257646.80935
1569257647.05936
1569257647.30937
1569257647.55938
1569257647.80939
1569257648.0594
1569257648.30941
1569257648.55943
1569257648.80944
1569257649.05945
1569257649.30946
1569257649.55947
1569257649.80948
1569257650.0595
1569257650.30951
1569257650.55952
1569257650.80953
1569257651.05954
1569257651.30955
1569257651.55957
1569257651.80958
1569257652.05959
1569257652.3096
1569257652.55961
1569257652.80962
1569257653.05963
1569257653.30965
1569257653.55966
1569257653.80967
1569257654.05968
1569257654.30969
1569257654.5597
1569257654.80972
1569257655.05973
1569257655.30974
1569257655.55975
1569257655.80976
1569257656.05977
1569257656.30978
1569257656.5598
1569257656.80981
1569257657.05982
1569257657.30983
1569257657.55984
1569257657.80985
1569257658.05987
1569257658.30988
1569257658.55989
1569257658.8099
1569257659.05991
1569257659.30992
1569257659.55994
1569257659.80995
1569257660.05996
1569257660.30997
1569257660.55998
1569257660.80999
1569257661.06
1569257661.31002
1569257661.56003
1569257661.81004
1569257662.06005
1569257662.31006
1569257662.56007
1569257662.81009
1569257663.0601
1569257663.31011
1569257663.56012
1569257663.81013
1569257664.06014
1569257664.31016
1569257664.56017
1569257664.81018
1569257665.06019
1569257665.3102
1569257665.56021
1569257665.81022
1569257666.06024
1569257666.31025
1569257666.56026
1569257666.81027
1569257667.06028
1569257667.31029
1569257667.56031
1569257667.81032
1569257668.06033
1569257668.31034
1569257668.56035
1569257668.81036
1569257669.06038
1569257669.31039
1569257669.5604
1569257669.81041
1569257670.06042
1569257670.31043
1569257670.56044
1569257670.81046
1569257671.06047
1569257671.31048
1569257671.56049
1569257671.8105
1569257672.06051
1569257672.31053
1569257672.56054
1569257672.81055
1569257673.06056
1569257673.31057
1569257673.56058
1569257673.8106
1569257674.06061
1569257674.31062
1569257674.56063
1569257674.81064
1569257675.06065
1569257675.31066
1569257675.56068
1569257675.81069
1569257676.0607
1569257676.31071
1569257676.56072
1569257676.81073
1569257677.06075
1569257677.31076
1569257677.56077
1569257677.81078
1569257678.06079
1569257678.3108
1569257678.56082
1569257678.81083
1569257679.06084
1569257679.31085
1569257679.56086
1569257679.81087
1569257680.06088
1569257680.3109
1569257680.56091
1569257680.81092
1569257681.06093
1569257681.31094
1569257681.56095
1569257681.81097
1569257682.06098
1569257682.31099
1569257682.561
1569257682.81101
1569257683.06102
1569257683.31104
1569257683.56105
1569257683.81106
1569257684.06107
1569257684.31108
1569257684.56109
1569257684.8111
1569257685.06112
1569257685.31113
1569257685.56114
1569257685.81115
1569257686.06116
1569257686.31117
1569257686.56119
1569257686.8112
1569257687.06121
1569257687.31122
1569257687.56123
1569257687.81124
1569257688.06125
1569257688.31127
1569257688.56128
1569257688.81129
1569257689.0613
1569257689.31131
1569257689.56132
1569257689.81134
1569257690.06135
1569257690.31136
1569257690.56137
1569257690.81138
1569257691.06139
1569257691.31141
1569257691.56142
1569257691.81143
1569257692.06144
1569257692.31145
1569257692.56146
1569257692.81147
1569257693.06149
1569257693.3115
1569257693.56151
1569257693.81152
1569257694.06153
1569257694.31154
1569257694.56156
1569257694.81157
1569257695.06158
1569257695.31159
1569257695.5616
1569257695.81161
1569257696.06163
1569257696.31164
1569257696.56165
1569257696.81166
1569257697.06167
1569257697.31168
1569257697.56169
1569257697.81171
1569257698.06172
1569257698.31173
1569257698.56174
1569257698.81175
1569257699.06176
1569257699.31178
1569257699.56179
1569257699.8118
1569257700.06181
1569257700.31182
1569257700.56183
1569257700.81185
1569257701.06186
1569257701.31187
1569257701.56188
1569257701.81189
1569257702.0619
1569257702.31191
1569257702.56193
1569257702.81194
1569257703.06195
1569257703.31196
1569257703.56197
1569257703.81198
1569257704.062
1569257704.31201
1569257704.56202
1569257704.81203
1569257705.06204
1569257705.31205
1569257705.56207
1569257705.81208
1569257706.06209
1569257706.3121
1569257706.56211
1569257706.81212
1569257707.06213
1569257707.31215
1569257707.56216
1569257707.81217
1569257708.06218
1569257708.31219
1569257708.5622
1569257708.81222
1569257709.06223
1569257709.31224
1569257709.56225
1569257709.81226
1569257710.06227
1569257710.31229
1569257710.5623
1569257710.81231
1569257711.06232
1569257711.31233
1569257711.56234
1569257711.81235
1569257712.06237
1569257712.31238
1569257712.56239
1569257712.8124
1569257713.06241
1569257713.31242
1569257713.56244
1569257713.81245
1569257714.06246
1569257714.31247
1569257714.56248
1569257714.81249
1569257715.06251
1569257715.31252
1569257715.56253
1569257715.81254
1569257716.06255
1569257716.31256
1569257716.56257
1569257716.81259
