1569253639.87384
1569253640.12385
1569253640.37386
1569253640.62387
1569253640.87388
1569253641.12389
1569253641.37391
1569253641.62392
1569253641.87393
1569253642.12394
1569253642.37395
1569253642.62396
1569253642.87398
1569253643.12399
1569253643.374
1569253643.62401
1569253643.87402
1569253644.12403
1569253644.37404
1569253644.62406
1569253644.87407
1569253645.12408
1569253645.37409
1569253645.6241
1569253645.87411
1569253646.12413
1569253646.37414
1569253646.62415
1569253646.87416
1569253647.12417
1569253647.37418
1569253647.6242
1569253647.87421
1569253648.12422
1569253648.37423
1569253648.62424
1569253648.87425
1569253649.12426
1569253649.37428
1569253649.62429
1569253649.8743
1569253650.12431
1569253650.37432
1569253650.62433
1569253650.87435
1569253651.12436
1569253651.37437
1569253651.62438
1569253651.87439
1569253652.1244
1569253652.37442
1569253652.62443
1569253652.87444
1569253653.12445
1569253653.37446
1569253653.62447
1569253653.87448
1569253654.1245
1569253654.37451
1569253654.62452
1569253654.87453
1569253655.12454
1569253655.37455
1569253655.62457
1569253655.87458
1569253656.12459
1569253656.3746
1569253656.62461
1569253656.87462
1569253657.12464
1569253657.37465
1569253657.62466
1569253657.87467
1569253658.12468
1569253658.37469
1569253658.6247
1569253658.87472
1569253659.12473
1569253659.37474
1569253659.62475
1569253659.87476
1569253660.12477
1569253660.37479
1569253660.6248
1569253660.87481
1569253661.12482
1569253661.37483
1569253661.62484
1569253661.87486
1569253662.12487
1569253662.37488
1569253662.62489
1569253662.8749
1569253663.12491
1569253663.37492
1569253663.62494
1569253663.87495
1569253664.12496
1569253664.37497
1569253664.62498
1569253664.87499
1569253665.12501
1569253665.37502
1569253665.62503
1569253665.87504
1569253666.12505
1569253666.37506
1569253666.62508
1569253666.87509
1569253667.1251
1569253667.37511
1569253667.62512
1569253667.87513
1569253668.12514
1569253668.37516
1569253668.62517
1569253668.87518
1569253669.12519
1569253669.3752
1569253669.62521
1569253669.87523
1569253670.12524
1569253670.37525
1569253670.62526
1569253670.87527
1569253671.12528
1569253671.37529
1569253671.62531
1569253671.87532
1569253672.12533
1569253672.37534
1569253672.62535
1569253672.87536
1569253673.12538
1569253673.37539
1569253673.6254
1569253673.87541
1569253674.12542
1569253674.37543
1569253674.62545
1569253674.87546
1569253675.12547
1569253675.37548
1569253675.62549
1569253675.8755
1569253676.12551
1569253676.37553
1569253676.62554
1569253676.87555
1569253677.12556
1569253677.37557
1569253677.62558
1569253677.8756
1569253678.12561
1569253678.37562
1569253678.62563
1569253678.87564
1569253679.12565
1569253679.37567
1569253679.62568
1569253679.87569
1569253680.1257
1569253680.37571
1569253680.62572
1569253680.87573
1569253681.12575
1569253681.37576
1569253681.62577
1569253681.87578
1569253682.12579
1569253682.3758
1569253682.62582
1569253682.87583
1569253683.12584
1569253683.37585
1569253683.62586
1569253683.87587
1569253684.12589
1569253684.3759
1569253684.62591
1569253684.87592
1569253685.12593
1569253685.37594
1569253685.62595
1569253685.87597
1569253686.12598
1569253686.37599
1569253686.626
1569253686.87601
1569253687.12602
1569253687.37604
1569253687.62605
1569253687.87606
1569253688.12607
1569253688.37608
1569253688.62609
1569253688.87611
1569253689.12612
1569253689.37613
1569253689.62614
1569253689.87615
1569253690.12616
1569253690.37617
1569253690.62619
1569253690.8762
1569253691.12621
1569253691.37622
1569253691.62623
1569253691.87624
1569253692.12626
1569253692.37627
1569253692.62628
1569253692.87629
1569253693.1263
1569253693.37631
1569253693.62633
1569253693.87634
1569253694.12635
1569253694.37636
1569253694.62637
1569253694.87638
1569253695.12639
1569253695.37641
1569253695.62642
1569253695.87643
1569253696.12644
1569253696.37645
1569253696.62646
1569253696.87648
1569253697.12649
1569253697.3765
1569253697.62651
1569253697.87652
1569253698.12653
1569253698.37654
1569253698.62656
1569253698.87657
1569253699.12658
1569253699.37659
1569253699.6266
1569253699.87661
1569253700.12663
1569253700.37664
1569253700.62665
1569253700.87666
1569253701.12667
1569253701.37668
1569253701.6267
1569253701.87671
1569253702.12672
1569253702.37673
1569253702.62674
1569253702.87675
1569253703.12677
1569253703.37678
1569253703.62679
1569253703.8768
1569253704.12681
1569253704.37682
1569253704.62683
1569253704.87685
1569253705.12686
1569253705.37687
1569253705.62688
1569253705.87689
1569253706.1269
1569253706.37692
1569253706.62693
1569253706.87694
1569253707.12695
1569253707.37696
1569253707.62697
1569253707.87698
1569253708.127
1569253708.37701
1569253708.62702
1569253708.87703
1569253709.12704
1569253709.37705
1569253709.62707
1569253709.87708
1569253710.12709
1569253710.3771
1569253710.62711
1569253710.87712
1569253711.12714
1569253711.37715
1569253711.62716
1569253711.87717
1569253712.12718
1569253712.37719
1569253712.6272
1569253712.87722
1569253713.12723
1569253713.37724
1569253713.62725
1569253713.87726
1569253714.12727
1569253714.37729
1569253714.6273
1569253714.87731
1569253715.12732
1569253715.37733
1569253715.62734
1569253715.87736
1569253716.12737
1569253716.37738
1569253716.62739
1569253716.8774
1569253717.12741
1569253717.37742
1569253717.62744
1569253717.87745
1569253718.12746
1569253718.37747
1569253718.62748
1569253718.87749
1569253719.12751
1569253719.37752
1569253719.62753
1569253719.87754
1569253720.12755
1569253720.37756
1569253720.62758
1569253720.87759
1569253721.1276
1569253721.37761
1569253721.62762
1569253721.87763
1569253722.12764
1569253722.37766
1569253722.62767
1569253722.87768
1569253723.12769
1569253723.3777
1569253723.62771
1569253723.87773
1569253724.12774
1569253724.37775
1569253724.62776
1569253724.87777
1569253725.12778
1569253725.3778
1569253725.62781
1569253725.87782
1569253726.12783
1569253726.37784
1569253726.62785
1569253726.87786
1569253727.12788
1569253727.37789
1569253727.6279
1569253727.87791
1569253728.12792
1569253728.37793
1569253728.62795
1569253728.87796
1569253729.12797
1569253729.37798
1569253729.62799
1569253729.878
1569253730.12802
1569253730.37803
1569253730.62804
1569253730.87805
1569253731.12806
1569253731.37807
1569253731.62808
1569253731.8781
1569253732.12811
1569253732.37812
1569253732.62813
1569253732.87814
1569253733.12815
1569253733.37817
1569253733.62818
1569253733.87819
1569253734.1282
1569253734.37821
1569253734.62822
1569253734.87823
1569253735.12825
1569253735.37826
1569253735.62827
1569253735.87828
1569253736.12829
1569253736.3783
1569253736.62832
1569253736.87833
1569253737.12834
1569253737.37835
1569253737.62836
1569253737.87837
1569253738.12839
1569253738.3784
1569253738.62841
1569253738.87842
1569253739.12843
1569253739.37844
1569253739.62845
1569253739.87847
1569253740.12848
1569253740.37849
1569253740.6285
1569253740.87851
1569253741.12852
1569253741.37854
1569253741.62855
1569253741.87856
1569253742.12857
1569253742.37858
1569253742.62859
1569253742.87861
1569253743.12862
1569253743.37863
1569253743.62864
1569253743.87865
1569253744.12866
1569253744.37867
1569253744.62869
1569253744.8787
1569253745.12871
1569253745.37872
1569253745.62873
1569253745.87874
1569253746.12876
1569253746.37877
1569253746.62878
1569253746.87879
1569253747.1288
1569253747.37881
1569253747.62883
1569253747.87884
1569253748.12885
1569253748.37886
1569253748.62887
1569253748.87888
1569253749.12889
1569253749.37891
1569253749.62892
1569253749.87893
1569253750.12894
1569253750.37895
1569253750.62896
1569253750.87898
1569253751.12899
1569253751.379
1569253751.62901
1569253751.87902
1569253752.12903
1569253752.37905
1569253752.62906
1569253752.87907
1569253753.12908
1569253753.37909
1569253753.6291
1569253753.87911
1569253754.12913
1569253754.37914
1569253754.62915
1569253754.87916
1569253755.12917
1569253755.37918
1569253755.6292
1569253755.87921
1569253756.12922
1569253756.37923
1569253756.62924
1569253756.87925
1569253757.12927
1569253757.37928
1569253757.62929
1569253757.8793
1569253758.12931
1569253758.37932
1569253758.62933
1569253758.87935
1569253759.12936
1569253759.37937
1569253759.62938
1569253759.87939
1569253760.1294
1569253760.37942
1569253760.62943
1569253760.87944
1569253761.12945
1569253761.37946
1569253761.62947
1569253761.87949
1569253762.1295
1569253762.37951
1569253762.62952
1569253762.87953
1569253763.12954
1569253763.37955
1569253763.62957
1569253763.87958
1569253764.12959
1569253764.3796
1569253764.62961
1569253764.87962
1569253765.12964
1569253765.37965
1569253765.62966
1569253765.87967
1569253766.12968
1569253766.37969
1569253766.6297
1569253766.87972
1569253767.12973
1569253767.37974
1569253767.62975
1569253767.87976
1569253768.12977
1569253768.37979
1569253768.6298
1569253768.87981
1569253769.12982
1569253769.37983
1569253769.62984
1569253769.87986
1569253770.12987
1569253770.37988
1569253770.62989
1569253770.8799
1569253771.12991
1569253771.37992
1569253771.62994
1569253771.87995
1569253772.12996
1569253772.37997
1569253772.62998
1569253772.87999
1569253773.13001
1569253773.38002
1569253773.63003
1569253773.88004
1569253774.13005
1569253774.38006
1569253774.63008
1569253774.88009
1569253775.1301
1569253775.38011
1569253775.63012
1569253775.88013
1569253776.13014
1569253776.38016
1569253776.63017
1569253776.88018
1569253777.13019
1569253777.3802
1569253777.63021
1569253777.88023
1569253778.13024
1569253778.38025
1569253778.63026
1569253778.88027
1569253779.13028
1569253779.3803
1569253779.63031
1569253779.88032
1569253780.13033
1569253780.38034
1569253780.63035
1569253780.88036
1569253781.13038
1569253781.38039
1569253781.6304
1569253781.88041
1569253782.13042
1569253782.38043
1569253782.63045
1569253782.88046
1569253783.13047
1569253783.38048
1569253783.63049
1569253783.8805
1569253784.13052
1569253784.38053
1569253784.63054
1569253784.88055
1569253785.13056
1569253785.38057
1569253785.63058
1569253785.8806
1569253786.13061
1569253786.38062
1569253786.63063
1569253786.88064
1569253787.13065
1569253787.38067
1569253787.63068
1569253787.88069
1569253788.1307
1569253788.38071
1569253788.63072
1569253788.88074
1569253789.13075
1569253789.38076
1569253789.63077
1569253789.88078
1569253790.13079
1569253790.3808
1569253790.63082
1569253790.88083
1569253791.13084
1569253791.38085
1569253791.63086
1569253791.88087
1569253792.13089
1569253792.3809
1569253792.63091
1569253792.88092
1569253793.13093
1569253793.38094
1569253793.63095
1569253793.88097
1569253794.13098
1569253794.38099
1569253794.631
1569253794.88101
1569253795.13102
1569253795.38104
1569253795.63105
1569253795.88106
1569253796.13107
1569253796.38108
1569253796.63109
1569253796.88111
1569253797.13112
1569253797.38113
1569253797.63114
1569253797.88115
1569253798.13116
1569253798.38118
1569253798.63119
1569253798.8812
1569253799.13121
1569253799.38122
1569253799.63123
1569253799.88124
1569253800.13126
1569253800.38127
1569253800.63128
1569253800.88129
1569253801.1313
1569253801.38131
1569253801.63133
1569253801.88134
1569253802.13135
1569253802.38136
1569253802.63137
1569253802.88138
1569253803.13139
1569253803.38141
1569253803.63142
1569253803.88143
1569253804.13144
1569253804.38145
1569253804.63146
1569253804.88148
1569253805.13149
1569253805.3815
1569253805.63151
1569253805.88152
1569253806.13153
1569253806.38155
1569253806.63156
1569253806.88157
1569253807.13158
1569253807.38159
1569253807.6316
1569253807.88161
1569253808.13163
1569253808.38164
1569253808.63165
1569253808.88166
1569253809.13167
1569253809.38168
1569253809.6317
1569253809.88171
1569253810.13172
1569253810.38173
1569253810.63174
1569253810.88175
1569253811.13177
1569253811.38178
1569253811.63179
1569253811.8818
1569253812.13181
1569253812.38182
1569253812.63183
1569253812.88185
1569253813.13186
1569253813.38187
1569253813.63188
1569253813.88189
1569253814.1319
1569253814.38192
1569253814.63193
1569253814.88194
1569253815.13195
1569253815.38196
1569253815.63197
1569253815.88199
1569253816.132
1569253816.38201
1569253816.63202
1569253816.88203
1569253817.13204
1569253817.38205
1569253817.63207
1569253817.88208
1569253818.13209
1569253818.3821
1569253818.63211
1569253818.88212
1569253819.13214
1569253819.38215
1569253819.63216
1569253819.88217
1569253820.13218
1569253820.38219
1569253820.63221
1569253820.88222
1569253821.13223
1569253821.38224
1569253821.63225
1569253821.88226
1569253822.13227
1569253822.38229
1569253822.6323
1569253822.88231
1569253823.13232
1569253823.38233
1569253823.63234
1569253823.88236
1569253824.13237
1569253824.38238
1569253824.63239
1569253824.8824
1569253825.13241
1569253825.38243
1569253825.63244
1569253825.88245
1569253826.13246
1569253826.38247
1569253826.63248
1569253826.88249
1569253827.13251
1569253827.38252
1569253827.63253
1569253827.88254
1569253828.13255
1569253828.38256
1569253828.63258
1569253828.88259
1569253829.1326
1569253829.38261
1569253829.63262
1569253829.88263
1569253830.13264
1569253830.38266
1569253830.63267
1569253830.88268
1569253831.13269
1569253831.3827
1569253831.63271
1569253831.88273
1569253832.13274
1569253832.38275
1569253832.63276
1569253832.88277
1569253833.13278
1569253833.3828
1569253833.63281
1569253833.88282
1569253834.13283
1569253834.38284
1569253834.63285
1569253834.88286
1569253835.13288
1569253835.38289
1569253835.6329
1569253835.88291
1569253836.13292
1569253836.38293
1569253836.63295
1569253836.88296
1569253837.13297
1569253837.38298
1569253837.63299
1569253837.883
1569253838.13302
1569253838.38303
1569253838.63304
1569253838.88305
1569253839.13306
1569253839.38307
1569253839.63308
1569253839.8831
1569253840.13311
1569253840.38312
1569253840.63313
1569253840.88314
1569253841.13315
1569253841.38317
1569253841.63318
1569253841.88319
1569253842.1332
1569253842.38321
1569253842.63322
1569253842.88324
1569253843.13325
1569253843.38326
1569253843.63327
1569253843.88328
1569253844.13329
1569253844.3833
1569253844.63332
1569253844.88333
1569253845.13334
1569253845.38335
1569253845.63336
1569253845.88337
1569253846.13339
1569253846.3834
1569253846.63341
1569253846.88342
1569253847.13343
1569253847.38344
1569253847.63346
1569253847.88347
1569253848.13348
1569253848.38349
1569253848.6335
1569253848.88351
1569253849.13352
1569253849.38354
1569253849.63355
1569253849.88356
1569253850.13357
1569253850.38358
1569253850.63359
1569253850.88361
1569253851.13362
1569253851.38363
1569253851.63364
1569253851.88365
1569253852.13366
1569253852.38368
1569253852.63369
1569253852.8837
1569253853.13371
1569253853.38372
1569253853.63373
1569253853.88374
1569253854.13376
1569253854.38377
1569253854.63378
1569253854.88379
1569253855.1338
1569253855.38381
1569253855.63383
1569253855.88384
1569253856.13385
1569253856.38386
1569253856.63387
1569253856.88388
1569253857.13389
1569253857.38391
1569253857.63392
1569253857.88393
1569253858.13394
1569253858.38395
1569253858.63396
1569253858.88398
1569253859.13399
1569253859.384
1569253859.63401
1569253859.88402
1569253860.13403
1569253860.38405
1569253860.63406
1569253860.88407
1569253861.13408
1569253861.38409
1569253861.6341
1569253861.88411
1569253862.13413
1569253862.38414
1569253862.63415
1569253862.88416
1569253863.13417
1569253863.38418
1569253863.6342
1569253863.88421
1569253864.13422
1569253864.38423
1569253864.63424
1569253864.88425
1569253865.13427
1569253865.38428
1569253865.63429
1569253865.8843
1569253866.13431
1569253866.38432
1569253866.63433
1569253866.88435
1569253867.13436
1569253867.38437
1569253867.63438
1569253867.88439
1569253868.1344
1569253868.38442
1569253868.63443
1569253868.88444
1569253869.13445
1569253869.38446
1569253869.63447
1569253869.88449
1569253870.1345
1569253870.38451
1569253870.63452
1569253870.88453
1569253871.13454
1569253871.38455
1569253871.63457
1569253871.88458
1569253872.13459
1569253872.3846
1569253872.63461
1569253872.88462
1569253873.13464
1569253873.38465
1569253873.63466
1569253873.88467
1569253874.13468
1569253874.38469
1569253874.63471
1569253874.88472
1569253875.13473
1569253875.38474
1569253875.63475
1569253875.88476
1569253876.13477
1569253876.38479
1569253876.6348
1569253876.88481
1569253877.13482
1569253877.38483
1569253877.63484
1569253877.88486
1569253878.13487
1569253878.38488
1569253878.63489
1569253878.8849
1569253879.13491
1569253879.38493
1569253879.63494
1569253879.88495
1569253880.13496
1569253880.38497
1569253880.63498
1569253880.88499
1569253881.13501
1569253881.38502
1569253881.63503
1569253881.88504
1569253882.13505
1569253882.38506
1569253882.63508
1569253882.88509
1569253883.1351
1569253883.38511
1569253883.63512
1569253883.88513
1569253884.13515
1569253884.38516
1569253884.63517
1569253884.88518
1569253885.13519
1569253885.3852
1569253885.63521
1569253885.88523
1569253886.13524
1569253886.38525
1569253886.63526
1569253886.88527
1569253887.13528
1569253887.3853
1569253887.63531
1569253887.88532
1569253888.13533
1569253888.38534
1569253888.63535
1569253888.88537
1569253889.13538
1569253889.38539
1569253889.6354
1569253889.88541
1569253890.13542
1569253890.38543
1569253890.63545
1569253890.88546
1569253891.13547
1569253891.38548
1569253891.63549
1569253891.8855
1569253892.13552
1569253892.38553
1569253892.63554
1569253892.88555
1569253893.13556
1569253893.38557
1569253893.63558
1569253893.8856
1569253894.13561
1569253894.38562
1569253894.63563
1569253894.88564
1569253895.13565
1569253895.38567
1569253895.63568
1569253895.88569
1569253896.1357
1569253896.38571
1569253896.63572
1569253896.88574
1569253897.13575
1569253897.38576
1569253897.63577
1569253897.88578
1569253898.13579
1569253898.3858
1569253898.63582
1569253898.88583
1569253899.13584
1569253899.38585
1569253899.63586
1569253899.88587
1569253900.13589
1569253900.3859
1569253900.63591
1569253900.88592
1569253901.13593
1569253901.38594
1569253901.63596
1569253901.88597
1569253902.13598
1569253902.38599
1569253902.636
1569253902.88601
1569253903.13602
1569253903.38604
1569253903.63605
1569253903.88606
1569253904.13607
1569253904.38608
1569253904.63609
1569253904.88611
1569253905.13612
1569253905.38613
1569253905.63614
1569253905.88615
1569253906.13616
1569253906.38618
1569253906.63619
1569253906.8862
1569253907.13621
1569253907.38622
1569253907.63623
1569253907.88624
1569253908.13626
1569253908.38627
1569253908.63628
1569253908.88629
1569253909.1363
1569253909.38631
1569253909.63633
1569253909.88634
1569253910.13635
1569253910.38636
1569253910.63637
1569253910.88638
1569253911.1364
1569253911.38641
1569253911.63642
1569253911.88643
1569253912.13644
1569253912.38645
1569253912.63646
1569253912.88648
1569253913.13649
1569253913.3865
1569253913.63651
1569253913.88652
1569253914.13653
1569253914.38655
1569253914.63656
1569253914.88657
1569253915.13658
1569253915.38659
1569253915.6366
1569253915.88662
1569253916.13663
1569253916.38664
1569253916.63665
1569253916.88666
1569253917.13667
1569253917.38668
1569253917.6367
1569253917.88671
1569253918.13672
1569253918.38673
1569253918.63674
1569253918.88675
1569253919.13677
1569253919.38678
1569253919.63679
1569253919.8868
1569253920.13681
1569253920.38682
1569253920.63684
1569253920.88685
1569253921.13686
1569253921.38687
1569253921.63688
1569253921.88689
1569253922.1369
1569253922.38692
1569253922.63693
1569253922.88694
1569253923.13695
1569253923.38696
1569253923.63697
1569253923.88699
1569253924.137
1569253924.38701
1569253924.63702
1569253924.88703
1569253925.13704
1569253925.38705
1569253925.63707
1569253925.88708
1569253926.13709
1569253926.3871
1569253926.63711
1569253926.88712
1569253927.13714
1569253927.38715
1569253927.63716
1569253927.88717
1569253928.13718
1569253928.38719
1569253928.63721
1569253928.88722
1569253929.13723
1569253929.38724
1569253929.63725
1569253929.88726
1569253930.13727
1569253930.38729
1569253930.6373
1569253930.88731
1569253931.13732
1569253931.38733
1569253931.63734
1569253931.88736
1569253932.13737
1569253932.38738
1569253932.63739
1569253932.8874
1569253933.13741
1569253933.38743
1569253933.63744
1569253933.88745
1569253934.13746
1569253934.38747
1569253934.63748
1569253934.88749
1569253935.13751
1569253935.38752
1569253935.63753
1569253935.88754
1569253936.13755
1569253936.38756
1569253936.63758
1569253936.88759
1569253937.1376
1569253937.38761
1569253937.63762
1569253937.88763
1569253938.13765
1569253938.38766
1569253938.63767
1569253938.88768
1569253939.13769
1569253939.3877
1569253939.63771
