1569254255.90236
1569254256.15237
1569254256.40238
1569254256.65239
1569254256.9024
1569254257.15241
1569254257.40243
1569254257.65244
1569254257.90245
1569254258.15246
1569254258.40247
1569254258.65248
1569254258.9025
1569254259.15251
1569254259.40252
1569254259.65253
1569254259.90254
1569254260.15255
1569254260.40257
1569254260.65258
1569254260.90259
1569254261.1526
1569254261.40261
1569254261.65262
1569254261.90263
1569254262.15265
1569254262.40266
1569254262.65267
1569254262.90268
1569254263.15269
1569254263.4027
1569254263.65272
1569254263.90273
1569254264.15274
1569254264.40275
1569254264.65276
1569254264.90277
1569254265.15279
1569254265.4028
1569254265.65281
1569254265.90282
1569254266.15283
1569254266.40284
1569254266.65285
1569254266.90287
1569254267.15288
1569254267.40289
1569254267.6529
1569254267.90291
1569254268.15292
1569254268.40294
1569254268.65295
1569254268.90296
1569254269.15297
1569254269.40298
1569254269.65299
1569254269.903
1569254270.15302
1569254270.40303
1569254270.65304
1569254270.90305
1569254271.15306
1569254271.40307
1569254271.65309
1569254271.9031
1569254272.15311
1569254272.40312
1569254272.65313
1569254272.90314
1569254273.15316
1569254273.40317
1569254273.65318
1569254273.90319
1569254274.1532
1569254274.40321
1569254274.65322
1569254274.90324
1569254275.15325
1569254275.40326
1569254275.65327
1569254275.90328
1569254276.15329
1569254276.40331
1569254276.65332
1569254276.90333
1569254277.15334
1569254277.40335
1569254277.65336
1569254277.90338
1569254278.15339
1569254278.4034
1569254278.65341
1569254278.90342
1569254279.15343
1569254279.40344
1569254279.65346
1569254279.90347
1569254280.15348
1569254280.40349
1569254280.6535
1569254280.90351
1569254281.15353
1569254281.40354
1569254281.65355
1569254281.90356
1569254282.15357
1569254282.40358
1569254282.6536
1569254282.90361
1569254283.15362
1569254283.40363
1569254283.65364
1569254283.90365
1569254284.15366
1569254284.40368
1569254284.65369
1569254284.9037
1569254285.15371
1569254285.40372
1569254285.65373
1569254285.90375
1569254286.15376
1569254286.40377
1569254286.65378
1569254286.90379
1569254287.1538
1569254287.40382
1569254287.65383
1569254287.90384
1569254288.15385
1569254288.40386
1569254288.65387
1569254288.90388
1569254289.1539
1569254289.40391
1569254289.65392
1569254289.90393
1569254290.15394
1569254290.40395
1569254290.65397
1569254290.90398
1569254291.15399
1569254291.404
1569254291.65401
1569254291.90402
1569254292.15404
1569254292.40405
1569254292.65406
1569254292.90407
1569254293.15408
1569254293.40409
1569254293.6541
1569254293.90412
1569254294.15413
1569254294.40414
1569254294.65415
1569254294.90416
1569254295.15417
1569254295.40419
1569254295.6542
1569254295.90421
1569254296.15422
1569254296.40423
1569254296.65424
1569254296.90425
1569254297.15427
1569254297.40428
1569254297.65429
1569254297.9043
1569254298.15431
1569254298.40432
1569254298.65434
1569254298.90435
1569254299.15436
1569254299.40437
1569254299.65438
1569254299.90439
1569254300.15441
1569254300.40442
1569254300.65443
1569254300.90444
1569254301.15445
1569254301.40446
1569254301.65447
1569254301.90449
1569254302.1545
1569254302.40451
1569254302.65452
1569254302.90453
1569254303.15454
1569254303.40456
1569254303.65457
1569254303.90458
1569254304.15459
1569254304.4046
1569254304.65461
1569254304.90463
1569254305.15464
1569254305.40465
1569254305.65466
1569254305.90467
1569254306.15468
1569254306.40469
1569254306.65471
1569254306.90472
1569254307.15473
1569254307.40474
1569254307.65475
1569254307.90476
1569254308.15478
1569254308.40479
1569254308.6548
1569254308.90481
1569254309.15482
1569254309.40483
1569254309.65485
1569254309.90486
1569254310.15487
1569254310.40488
1569254310.65489
1569254310.9049
1569254311.15491
1569254311.40493
1569254311.65494
1569254311.90495
1569254312.15496
1569254312.40497
1569254312.65498
1569254312.905
1569254313.15501
1569254313.40502
1569254313.65503
1569254313.90504
1569254314.15505
1569254314.40507
1569254314.65508
1569254314.90509
1569254315.1551
1569254315.40511
1569254315.65512
1569254315.90513
1569254316.15515
1569254316.40516
1569254316.65517
1569254316.90518
1569254317.15519
1569254317.4052
1569254317.65522
1569254317.90523
1569254318.15524
1569254318.40525
1569254318.65526
1569254318.90527
1569254319.15529
1569254319.4053
1569254319.65531
1569254319.90532
1569254320.15533
1569254320.40534
1569254320.65535
1569254320.90537
1569254321.15538
1569254321.40539
1569254321.6554
1569254321.90541
1569254322.15542
1569254322.40544
1569254322.65545
1569254322.90546
1569254323.15547
1569254323.40548
1569254323.65549
1569254323.90551
1569254324.15552
1569254324.40553
1569254324.65554
1569254324.90555
1569254325.15556
1569254325.40557
1569254325.65559
1569254325.9056
1569254326.15561
1569254326.40562
1569254326.65563
1569254326.90564
1569254327.15566
1569254327.40567
1569254327.65568
1569254327.90569
1569254328.1557
1569254328.40571
1569254328.65573
1569254328.90574
1569254329.15575
1569254329.40576
1569254329.65577
1569254329.90578
1569254330.15579
1569254330.40581
1569254330.65582
1569254330.90583
1569254331.15584
1569254331.40585
1569254331.65586
1569254331.90588
1569254332.15589
1569254332.4059
1569254332.65591
1569254332.90592
1569254333.15593
1569254333.40594
1569254333.65596
1569254333.90597
1569254334.15598
1569254334.40599
1569254334.656
1569254334.90601
1569254335.15603
1569254335.40604
1569254335.65605
1569254335.90606
1569254336.15607
1569254336.40608
1569254336.6561
1569254336.90611
1569254337.15612
1569254337.40613
1569254337.65614
1569254337.90615
1569254338.15616
1569254338.40618
1569254338.65619
1569254338.9062
1569254339.15621
1569254339.40622
1569254339.65623
1569254339.90625
1569254340.15626
1569254340.40627
1569254340.65628
1569254340.90629
1569254341.1563
1569254341.40632
1569254341.65633
1569254341.90634
1569254342.15635
1569254342.40636
1569254342.65637
1569254342.90638
1569254343.1564
1569254343.40641
1569254343.65642
1569254343.90643
1569254344.15644
1569254344.40645
1569254344.65647
1569254344.90648
1569254345.15649
1569254345.4065
1569254345.65651
1569254345.90652
1569254346.15654
1569254346.40655
1569254346.65656
1569254346.90657
1569254347.15658
1569254347.40659
1569254347.6566
1569254347.90662
1569254348.15663
1569254348.40664
1569254348.65665
1569254348.90666
1569254349.15667
1569254349.40669
1569254349.6567
1569254349.90671
1569254350.15672
1569254350.40673
1569254350.65674
1569254350.90676
1569254351.15677
1569254351.40678
1569254351.65679
1569254351.9068
1569254352.15681
1569254352.40682
1569254352.65684
1569254352.90685
1569254353.15686
1569254353.40687
1569254353.65688
1569254353.90689
1569254354.15691
1569254354.40692
1569254354.65693
1569254354.90694
1569254355.15695
1569254355.40696
1569254355.65698
1569254355.90699
1569254356.157
1569254356.40701
1569254356.65702
1569254356.90703
1569254357.15704
1569254357.40706
1569254357.65707
1569254357.90708
1569254358.15709
1569254358.4071
1569254358.65711
1569254358.90713
1569254359.15714
1569254359.40715
1569254359.65716
1569254359.90717
1569254360.15718
1569254360.4072
1569254360.65721
1569254360.90722
1569254361.15723
1569254361.40724
1569254361.65725
1569254361.90726
1569254362.15728
1569254362.40729
1569254362.6573
1569254362.90731
1569254363.15732
1569254363.40733
1569254363.65735
1569254363.90736
1569254364.15737
1569254364.40738
1569254364.65739
1569254364.9074
1569254365.15741
1569254365.40743
1569254365.65744
1569254365.90745
1569254366.15746
1569254366.40747
1569254366.65748
1569254366.9075
1569254367.15751
1569254367.40752
1569254367.65753
1569254367.90754
1569254368.15755
1569254368.40757
1569254368.65758
1569254368.90759
1569254369.1576
1569254369.40761
1569254369.65762
1569254369.90763
1569254370.15765
1569254370.40766
1569254370.65767
1569254370.90768
1569254371.15769
1569254371.4077
1569254371.65772
1569254371.90773
1569254372.15774
1569254372.40775
1569254372.65776
1569254372.90777
1569254373.15779
1569254373.4078
1569254373.65781
1569254373.90782
1569254374.15783
1569254374.40784
1569254374.65785
1569254374.90787
1569254375.15788
1569254375.40789
1569254375.6579
1569254375.90791
1569254376.15792
1569254376.40794
1569254376.65795
1569254376.90796
1569254377.15797
1569254377.40798
1569254377.65799
1569254377.90801
1569254378.15802
1569254378.40803
1569254378.65804
1569254378.90805
1569254379.15806
1569254379.40807
1569254379.65809
1569254379.9081
1569254380.15811
1569254380.40812
1569254380.65813
1569254380.90814
1569254381.15816
1569254381.40817
1569254381.65818
1569254381.90819
1569254382.1582
1569254382.40821
1569254382.65823
1569254382.90824
1569254383.15825
1569254383.40826
1569254383.65827
1569254383.90828
1569254384.15829
1569254384.40831
1569254384.65832
1569254384.90833
1569254385.15834
1569254385.40835
1569254385.65836
1569254385.90838
1569254386.15839
1569254386.4084
1569254386.65841
1569254386.90842
1569254387.15843
1569254387.40845
1569254387.65846
1569254387.90847
1569254388.15848
1569254388.40849
1569254388.6585
1569254388.90851
1569254389.15853
1569254389.40854
1569254389.65855
1569254389.90856
1569254390.15857
1569254390.40858
1569254390.6586
1569254390.90861
1569254391.15862
1569254391.40863
1569254391.65864
1569254391.90865
1569254392.15866
1569254392.40868
1569254392.65869
1569254392.9087
1569254393.15871
1569254393.40872
1569254393.65873
1569254393.90875
1569254394.15876
1569254394.40877
1569254394.65878
1569254394.90879
1569254395.1588
1569254395.40882
1569254395.65883
1569254395.90884
1569254396.15885
1569254396.40886
1569254396.65887
1569254396.90889
1569254397.1589
1569254397.40891
1569254397.65892
1569254397.90893
1569254398.15894
1569254398.40895
1569254398.65897
1569254398.90898
1569254399.15899
1569254399.409
1569254399.65901
1569254399.90902
1569254400.15904
1569254400.40905
1569254400.65906
1569254400.90907
1569254401.15908
1569254401.40909
1569254401.6591
1569254401.90912
1569254402.15913
1569254402.40914
1569254402.65915
1569254402.90916
1569254403.15917
1569254403.40919
1569254403.6592
1569254403.90921
1569254404.15922
1569254404.40923
1569254404.65924
1569254404.90926
1569254405.15927
1569254405.40928
1569254405.65929
1569254405.9093
1569254406.15931
1569254406.40932
1569254406.65934
1569254406.90935
1569254407.15936
1569254407.40937
1569254407.65938
1569254407.90939
1569254408.15941
1569254408.40942
1569254408.65943
1569254408.90944
1569254409.15945
1569254409.40946
1569254409.65948
1569254409.90949
1569254410.1595
1569254410.40951
1569254410.65952
1569254410.90953
1569254411.15954
1569254411.40956
1569254411.65957
1569254411.90958
1569254412.15959
1569254412.4096
1569254412.65961
1569254412.90963
1569254413.15964
1569254413.40965
1569254413.65966
1569254413.90967
1569254414.15968
1569254414.4097
1569254414.65971
1569254414.90972
1569254415.15973
1569254415.40974
1569254415.65975
1569254415.90976
1569254416.15978
1569254416.40979
1569254416.6598
1569254416.90981
1569254417.15982
1569254417.40983
1569254417.65985
1569254417.90986
1569254418.15987
1569254418.40988
1569254418.65989
1569254418.9099
1569254419.15991
1569254419.40993
1569254419.65994
1569254419.90995
1569254420.15996
1569254420.40997
1569254420.65998
1569254420.91
1569254421.16001
1569254421.41002
1569254421.66003
1569254421.91004
1569254422.16005
1569254422.41007
1569254422.66008
1569254422.91009
1569254423.1601
1569254423.41011
1569254423.66012
1569254423.91014
1569254424.16015
1569254424.41016
1569254424.66017
1569254424.91018
1569254425.16019
1569254425.4102
1569254425.66022
1569254425.91023
1569254426.16024
1569254426.41025
1569254426.66026
1569254426.91027
1569254427.16029
1569254427.4103
1569254427.66031
1569254427.91032
1569254428.16033
1569254428.41034
1569254428.66035
1569254428.91037
1569254429.16038
1569254429.41039
1569254429.6604
1569254429.91041
1569254430.16042
1569254430.41044
1569254430.66045
1569254430.91046
1569254431.16047
1569254431.41048
1569254431.66049
1569254431.91051
1569254432.16052
1569254432.41053
1569254432.66054
1569254432.91055
1569254433.16056
1569254433.41057
1569254433.66059
1569254433.9106
1569254434.16061
1569254434.41062
1569254434.66063
1569254434.91064
1569254435.16066
1569254435.41067
1569254435.66068
1569254435.91069
1569254436.1607
1569254436.41071
1569254436.66073
1569254436.91074
1569254437.16075
1569254437.41076
1569254437.66077
1569254437.91078
1569254438.16079
1569254438.41081
1569254438.66082
1569254438.91083
1569254439.16084
1569254439.41085
1569254439.66086
1569254439.91088
1569254440.16089
1569254440.4109
1569254440.66091
1569254440.91092
1569254441.16093
1569254441.41095
1569254441.66096
1569254441.91097
1569254442.16098
1569254442.41099
1569254442.661
1569254442.91101
1569254443.16103
1569254443.41104
1569254443.66105
1569254443.91106
1569254444.16107
1569254444.41108
1569254444.6611
1569254444.91111
1569254445.16112
1569254445.41113
1569254445.66114
1569254445.91115
1569254446.16117
1569254446.41118
1569254446.66119
1569254446.9112
1569254447.16121
1569254447.41122
1569254447.66123
1569254447.91125
1569254448.16126
1569254448.41127
1569254448.66128
1569254448.91129
1569254449.1613
1569254449.41132
1569254449.66133
1569254449.91134
1569254450.16135
1569254450.41136
1569254450.66137
1569254450.91139
1569254451.1614
1569254451.41141
1569254451.66142
1569254451.91143
1569254452.16144
1569254452.41145
1569254452.66147
1569254452.91148
1569254453.16149
1569254453.4115
1569254453.66151
1569254453.91152
1569254454.16154
1569254454.41155
1569254454.66156
1569254454.91157
1569254455.16158
1569254455.41159
1569254455.6616
1569254455.91162
1569254456.16163
1569254456.41164
1569254456.66165
1569254456.91166
1569254457.16167
1569254457.41169
1569254457.6617
1569254457.91171
1569254458.16172
1569254458.41173
1569254458.66174
1569254458.91176
1569254459.16177
1569254459.41178
1569254459.66179
1569254459.9118
1569254460.16181
1569254460.41182
1569254460.66184
1569254460.91185
1569254461.16186
1569254461.41187
1569254461.66188
1569254461.91189
1569254462.16191
1569254462.41192
1569254462.66193
1569254462.91194
1569254463.16195
1569254463.41196
1569254463.66198
1569254463.91199
1569254464.162
1569254464.41201
1569254464.66202
1569254464.91203
1569254465.16204
1569254465.41206
1569254465.66207
1569254465.91208
1569254466.16209
1569254466.4121
1569254466.66211
1569254466.91213
1569254467.16214
1569254467.41215
1569254467.66216
1569254467.91217
1569254468.16218
1569254468.4122
1569254468.66221
1569254468.91222
1569254469.16223
1569254469.41224
1569254469.66225
1569254469.91226
1569254470.16228
1569254470.41229
1569254470.6623
1569254470.91231
1569254471.16232
1569254471.41233
1569254471.66235
1569254471.91236
1569254472.16237
1569254472.41238
1569254472.66239
1569254472.9124
1569254473.16242
1569254473.41243
1569254473.66244
1569254473.91245
1569254474.16246
1569254474.41247
1569254474.66248
1569254474.9125
1569254475.16251
1569254475.41252
1569254475.66253
1569254475.91254
1569254476.16255
1569254476.41257
1569254476.66258
1569254476.91259
1569254477.1626
1569254477.41261
1569254477.66262
1569254477.91264
1569254478.16265
1569254478.41266
1569254478.66267
1569254478.91268
1569254479.16269
1569254479.4127
1569254479.66272
1569254479.91273
1569254480.16274
1569254480.41275
1569254480.66276
1569254480.91277
1569254481.16279
1569254481.4128
1569254481.66281
1569254481.91282
1569254482.16283
1569254482.41284
1569254482.66286
1569254482.91287
1569254483.16288
1569254483.41289
1569254483.6629
1569254483.91291
1569254484.16292
1569254484.41294
1569254484.66295
1569254484.91296
1569254485.16297
1569254485.41298
1569254485.66299
1569254485.91301
1569254486.16302
1569254486.41303
1569254486.66304
1569254486.91305
1569254487.16306
1569254487.41307
1569254487.66309
1569254487.9131
1569254488.16311
1569254488.41312
1569254488.66313
1569254488.91314
1569254489.16316
1569254489.41317
1569254489.66318
1569254489.91319
1569254490.1632
1569254490.41321
1569254490.66323
1569254490.91324
1569254491.16325
1569254491.41326
1569254491.66327
1569254491.91328
1569254492.16329
1569254492.41331
1569254492.66332
1569254492.91333
1569254493.16334
1569254493.41335
1569254493.66336
1569254493.91338
1569254494.16339
1569254494.4134
1569254494.66341
1569254494.91342
1569254495.16343
1569254495.41345
1569254495.66346
1569254495.91347
1569254496.16348
1569254496.41349
1569254496.6635
1569254496.91351
1569254497.16353
1569254497.41354
1569254497.66355
1569254497.91356
1569254498.16357
1569254498.41358
1569254498.6636
1569254498.91361
1569254499.16362
1569254499.41363
1569254499.66364
1569254499.91365
1569254500.16367
1569254500.41368
1569254500.66369
1569254500.9137
1569254501.16371
1569254501.41372
1569254501.66373
1569254501.91375
1569254502.16376
1569254502.41377
1569254502.66378
1569254502.91379
1569254503.1638
1569254503.41382
1569254503.66383
1569254503.91384
1569254504.16385
1569254504.41386
1569254504.66387
1569254504.91389
1569254505.1639
1569254505.41391
1569254505.66392
1569254505.91393
1569254506.16394
1569254506.41395
1569254506.66397
1569254506.91398
1569254507.16399
1569254507.414
1569254507.66401
1569254507.91402
1569254508.16404
1569254508.41405
1569254508.66406
1569254508.91407
1569254509.16408
1569254509.41409
1569254509.66411
1569254509.91412
1569254510.16413
1569254510.41414
1569254510.66415
1569254510.91416
1569254511.16417
1569254511.41419
1569254511.6642
1569254511.91421
1569254512.16422
1569254512.41423
1569254512.66424
1569254512.91426
1569254513.16427
1569254513.41428
1569254513.66429
1569254513.9143
1569254514.16431
1569254514.41433
1569254514.66434
1569254514.91435
1569254515.16436
1569254515.41437
1569254515.66438
1569254515.91439
1569254516.16441
1569254516.41442
1569254516.66443
1569254516.91444
1569254517.16445
1569254517.41446
1569254517.66448
1569254517.91449
1569254518.1645
1569254518.41451
1569254518.66452
1569254518.91453
1569254519.16455
1569254519.41456
1569254519.66457
1569254519.91458
1569254520.16459
1569254520.4146
1569254520.66461
1569254520.91463
1569254521.16464
1569254521.41465
1569254521.66466
1569254521.91467
1569254522.16468
1569254522.4147
1569254522.66471
1569254522.91472
1569254523.16473
1569254523.41474
1569254523.66475
1569254523.91476
1569254524.16478
1569254524.41479
1569254524.6648
1569254524.91481
1569254525.16482
1569254525.41483
1569254525.66485
1569254525.91486
1569254526.16487
1569254526.41488
1569254526.66489
1569254526.9149
1569254527.16492
1569254527.41493
1569254527.66494
1569254527.91495
1569254528.16496
1569254528.41497
1569254528.66498
1569254528.915
1569254529.16501
1569254529.41502
1569254529.66503
1569254529.91504
1569254530.16505
1569254530.41507
1569254530.66508
1569254530.91509
1569254531.1651
1569254531.41511
1569254531.66512
1569254531.91514
1569254532.16515
1569254532.41516
1569254532.66517
1569254532.91518
1569254533.16519
1569254533.4152
1569254533.66522
1569254533.91523
1569254534.16524
1569254534.41525
1569254534.66526
1569254534.91527
1569254535.16529
1569254535.4153
1569254535.66531
1569254535.91532
1569254536.16533
1569254536.41534
1569254536.66536
1569254536.91537
1569254537.16538
1569254537.41539
1569254537.6654
1569254537.91541
1569254538.16542
1569254538.41544
1569254538.66545
1569254538.91546
1569254539.16547
1569254539.41548
1569254539.66549
1569254539.91551
1569254540.16552
1569254540.41553
1569254540.66554
1569254540.91555
1569254541.16556
1569254541.41558
1569254541.66559
1569254541.9156
1569254542.16561
1569254542.41562
1569254542.66563
1569254542.91564
1569254543.16566
1569254543.41567
1569254543.66568
1569254543.91569
1569254544.1657
1569254544.41571
1569254544.66573
1569254544.91574
1569254545.16575
1569254545.41576
1569254545.66577
1569254545.91578
1569254546.1658
1569254546.41581
1569254546.66582
1569254546.91583
1569254547.16584
1569254547.41585
1569254547.66586
1569254547.91588
1569254548.16589
1569254548.4159
1569254548.66591
1569254548.91592
1569254549.16593
1569254549.41595
1569254549.66596
1569254549.91597
1569254550.16598
1569254550.41599
1569254550.666
1569254550.91601
1569254551.16603
1569254551.41604
1569254551.66605
1569254551.91606
1569254552.16607
1569254552.41608
1569254552.6661
1569254552.91611
1569254553.16612
1569254553.41613
1569254553.66614
1569254553.91615
1569254554.16617
1569254554.41618
1569254554.66619
1569254554.9162
1569254555.16621
1569254555.41622
1569254555.66623
1569254555.91625
1569254556.16626
1569254556.41627
1569254556.66628
1569254556.91629
1569254557.1663
1569254557.41632
1569254557.66633
1569254557.91634
1569254558.16635
1569254558.41636
1569254558.66637
1569254558.91639
1569254559.1664
1569254559.41641
1569254559.66642
1569254559.91643
1569254560.16644
1569254560.41645
1569254560.66647
1569254560.91648
1569254561.16649
1569254561.4165
1569254561.66651
1569254561.91652
1569254562.16654
1569254562.41655
1569254562.66656
1569254562.91657
1569254563.16658
1569254563.41659
1569254563.66661
1569254563.91662
1569254564.16663
1569254564.41664
1569254564.66665
1569254564.91666
1569254565.16667
1569254565.41669
1569254565.6667
1569254565.91671
1569254566.16672
1569254566.41673
1569254566.66674
1569254566.91676
1569254567.16677
1569254567.41678
1569254567.66679
1569254567.9168
1569254568.16681
1569254568.41683
1569254568.66684
1569254568.91685
1569254569.16686
1569254569.41687
1569254569.66688
1569254569.91689
1569254570.16691
1569254570.41692
1569254570.66693
1569254570.91694
1569254571.16695
1569254571.41696
1569254571.66698
1569254571.91699
1569254572.167
1569254572.41701
1569254572.66702
1569254572.91703
1569254573.16705
1569254573.41706
1569254573.66707
1569254573.91708
1569254574.16709
1569254574.4171
1569254574.66711
1569254574.91713
1569254575.16714
1569254575.41715
1569254575.66716
1569254575.91717
1569254576.16718
1569254576.4172
1569254576.66721
1569254576.91722
1569254577.16723
1569254577.41724
1569254577.66725
1569254577.91726
1569254578.16728
1569254578.41729
1569254578.6673
1569254578.91731
1569254579.16732
1569254579.41733
1569254579.66735
1569254579.91736
1569254580.16737
1569254580.41738
1569254580.66739
1569254580.9174
1569254581.16742
1569254581.41743
1569254581.66744
1569254581.91745
1569254582.16746
1569254582.41747
1569254582.66749
1569254582.9175
1569254583.16751
1569254583.41752
1569254583.66753
1569254583.91754
1569254584.16755
1569254584.41757
1569254584.66758
1569254584.91759
1569254585.1676
1569254585.41761
1569254585.66762
1569254585.91764
1569254586.16765
1569254586.41766
1569254586.66767
1569254586.91768
1569254587.16769
1569254587.4177
1569254587.66772
1569254587.91773
1569254588.16774
1569254588.41775
1569254588.66776
1569254588.91777
1569254589.16779
1569254589.4178
1569254589.66781
1569254589.91782
1569254590.16783
1569254590.41784
1569254590.66786
1569254590.91787
1569254591.16788
1569254591.41789
1569254591.6679
1569254591.91791
1569254592.16792
1569254592.41794
1569254592.66795
1569254592.91796
1569254593.16797
1569254593.41798
1569254593.66799
1569254593.91801
1569254594.16802
1569254594.41803
1569254594.66804
1569254594.91805
1569254595.16806
1569254595.41808
1569254595.66809
1569254595.9181
1569254596.16811
1569254596.41812
1569254596.66813
1569254596.91814
1569254597.16816
1569254597.41817
1569254597.66818
1569254597.91819
1569254598.1682
1569254598.41821
1569254598.66823
1569254598.91824
1569254599.16825
1569254599.41826
1569254599.66827
1569254599.91828
1569254600.1683
1569254600.41831
1569254600.66832
1569254600.91833
1569254601.16834
1569254601.41835
1569254601.66836
1569254601.91838
1569254602.16839
1569254602.4184
1569254602.66841
1569254602.91842
1569254603.16843
1569254603.41845
1569254603.66846
1569254603.91847
1569254604.16848
1569254604.41849
1569254604.6685
1569254604.91852
1569254605.16853
1569254605.41854
1569254605.66855
1569254605.91856
1569254606.16857
1569254606.41858
1569254606.6686
1569254606.91861
1569254607.16862
1569254607.41863
1569254607.66864
1569254607.91865
1569254608.16867
1569254608.41868
1569254608.66869
1569254608.9187
1569254609.16871
1569254609.41872
1569254609.66874
1569254609.91875
1569254610.16876
1569254610.41877
1569254610.66878
1569254610.91879
1569254611.1688
1569254611.41882
1569254611.66883
1569254611.91884
1569254612.16885
1569254612.41886
1569254612.66887
1569254612.91889
1569254613.1689
1569254613.41891
1569254613.66892
1569254613.91893
1569254614.16894
1569254614.41895
1569254614.66897
1569254614.91898
1569254615.16899
1569254615.419
1569254615.66901
1569254615.91902
1569254616.16904
1569254616.41905
1569254616.66906
1569254616.91907
1569254617.16908
1569254617.41909
1569254617.66911
1569254617.91912
1569254618.16913
1569254618.41914
1569254618.66915
1569254618.91916
1569254619.16917
1569254619.41919
1569254619.6692
1569254619.91921
1569254620.16922
1569254620.41923
1569254620.66924
1569254620.91926
1569254621.16927
1569254621.41928
1569254621.66929
1569254621.9193
1569254622.16931
1569254622.41933
1569254622.66934
1569254622.91935
1569254623.16936
1569254623.41937
1569254623.66938
1569254623.91939
1569254624.16941
1569254624.41942
1569254624.66943
1569254624.91944
1569254625.16945
1569254625.41946
1569254625.66948
1569254625.91949
1569254626.1695
1569254626.41951
1569254626.66952
1569254626.91953
1569254627.16955
1569254627.41956
1569254627.66957
1569254627.91958
1569254628.16959
1569254628.4196
1569254628.66961
1569254628.91963
1569254629.16964
1569254629.41965
1569254629.66966
1569254629.91967
1569254630.16968
1569254630.4197
1569254630.66971
1569254630.91972
1569254631.16973
1569254631.41974
1569254631.66975
1569254631.91977
1569254632.16978
1569254632.41979
1569254632.6698
1569254632.91981
1569254633.16982
1569254633.41983
1569254633.66985
1569254633.91986
1569254634.16987
1569254634.41988
1569254634.66989
1569254634.9199
1569254635.16992
1569254635.41993
1569254635.66994
1569254635.91995
1569254636.16996
1569254636.41997
1569254636.66999
1569254636.92
1569254637.17001
1569254637.42002
1569254637.67003
1569254637.92004
1569254638.17005
1569254638.42007
1569254638.67008
1569254638.92009
1569254639.1701
1569254639.42011
1569254639.67012
1569254639.92014
1569254640.17015
1569254640.42016
1569254640.67017
1569254640.92018
1569254641.17019
1569254641.42021
1569254641.67022
1569254641.92023
1569254642.17024
1569254642.42025
1569254642.67026
1569254642.92027
1569254643.17029
1569254643.4203
1569254643.67031
1569254643.92032
1569254644.17033
1569254644.42034
1569254644.67036
1569254644.92037
1569254645.17038
1569254645.42039
1569254645.6704
1569254645.92041
1569254646.17042
1569254646.42044
1569254646.67045
