1569413774.503
1569413774.753
1569413775.003
1569413775.253
1569413775.503
1569413775.753
1569413776.003
1569413776.253
1569413776.503
1569413776.753
1569413777.003
1569413777.253
1569413777.503
1569413777.753
1569413778.003
1569413778.253
1569413778.503
1569413778.753
1569413779.003
1569413779.253
1569413779.503
1569413779.753
1569413780.003
1569413780.253
1569413780.503
1569413780.753
1569413781.003
1569413781.253
1569413781.503
1569413781.753
1569413782.003
1569413782.253
1569413782.503
1569413782.753
1569413783.003
1569413783.253
1569413783.503
1569413783.753
1569413784.003
1569413784.253
1569413784.503
1569413784.753
1569413785.003
1569413785.253
1569413785.503
1569413785.753
1569413786.003
1569413786.253
1569413786.503
1569413786.753
1569413787.003
1569413787.253
1569413787.503
1569413787.753
1569413788.003
1569413788.253
1569413788.503
1569413788.753
1569413789.003
1569413789.253
1569413789.503
1569413789.753
1569413790.003
1569413790.253
1569413790.503
1569413790.753
1569413791.003
1569413791.253
1569413791.503
1569413791.753
1569413792.003
1569413792.253
1569413792.503
1569413792.753
1569413793.003
1569413793.253
1569413793.503
1569413793.753
1569413794.003
1569413794.253
1569413794.503
1569413794.753
1569413795.003
1569413795.253
1569413795.503
1569413795.753
1569413796.003
1569413796.253
1569413796.503
1569413796.753
1569413797.003
1569413797.253
1569413797.503
1569413797.753
1569413798.003
1569413798.253
1569413798.503
1569413798.753
1569413799.003
1569413799.253
1569413799.503
1569413799.753
1569413800.003
1569413800.253
1569413800.503
1569413800.753
1569413801.003
1569413801.253
1569413801.503
1569413801.753
1569413802.003
1569413802.253
1569413802.503
1569413802.753
1569413803.003
1569413803.253
1569413803.503
1569413803.753
1569413804.003
1569413804.253
1569413804.503
1569413804.753
1569413805.003
1569413805.253
1569413805.503
1569413805.753
1569413806.003
1569413806.253
1569413806.503
1569413806.753
1569413807.003
1569413807.253
1569413807.503
1569413807.753
1569413808.003
1569413808.253
1569413808.503
1569413808.753
1569413809.003
1569413809.253
1569413809.503
1569413809.753
1569413810.003
1569413810.253
1569413810.503
1569413810.753
1569413811.003
1569413811.253
1569413811.503
1569413811.753
1569413812.003
1569413812.253
1569413812.503
1569413812.753
1569413813.003
1569413813.253
1569413813.503
1569413813.753
1569413814.003
1569413814.253
1569413814.503
1569413814.753
1569413815.003
1569413815.253
1569413815.503
1569413815.753
1569413816.003
1569413816.253
1569413816.503
1569413816.753
1569413817.003
1569413817.253
1569413817.503
1569413817.753
1569413818.003
1569413818.253
1569413818.503
1569413818.753
1569413819.003
1569413819.253
1569413819.503
1569413819.753
1569413820.003
1569413820.253
1569413820.503
1569413820.753
1569413821.003
1569413821.253
1569413821.503
1569413821.753
1569413822.003
1569413822.253
1569413822.503
1569413822.753
1569413823.003
1569413823.253
1569413823.503
1569413823.753
1569413824.003
1569413824.253
1569413824.503
1569413824.753
1569413825.003
1569413825.253
1569413825.503
1569413825.753
1569413826.003
1569413826.253
1569413826.503
1569413826.753
1569413827.003
1569413827.253
1569413827.503
1569413827.753
1569413828.003
1569413828.253
1569413828.503
1569413828.753
1569413829.003
1569413829.253
1569413829.503
1569413829.753
1569413830.003
1569413830.253
1569413830.503
1569413830.753
1569413831.003
1569413831.253
1569413831.503
1569413831.753
1569413832.003
1569413832.253
1569413832.503
1569413832.753
1569413833.003
1569413833.253
1569413833.503
1569413833.753
1569413834.003
1569413834.253
1569413834.503
1569413834.753
1569413835.003
1569413835.253
1569413835.503
1569413835.753
1569413836.003
1569413836.253
1569413836.503
1569413836.753
1569413837.003
1569413837.253
1569413837.503
1569413837.753
1569413838.003
1569413838.253
1569413838.503
1569413838.753
1569413839.003
1569413839.253
1569413839.503
1569413839.753
1569413840.003
1569413840.253
1569413840.503
1569413840.753
1569413841.003
1569413841.253
1569413841.503
1569413841.753
1569413842.003
1569413842.253
1569413842.503
1569413842.753
1569413843.003
1569413843.253
1569413843.503
1569413843.753
1569413844.003
1569413844.253
1569413844.503
1569413844.753
1569413845.003
1569413845.253
1569413845.503
1569413845.753
1569413846.003
1569413846.253
1569413846.503
1569413846.753
1569413847.003
1569413847.253
1569413847.503
1569413847.753
1569413848.003
1569413848.253
1569413848.503
1569413848.753
1569413849.003
1569413849.253
1569413849.503
1569413849.753
1569413850.003
1569413850.253
1569413850.503
1569413850.753
1569413851.003
1569413851.253
1569413851.503
1569413851.753
1569413852.003
1569413852.253
1569413852.503
1569413852.753
1569413853.003
1569413853.253
1569413853.503
1569413853.753
1569413854.003
1569413854.253
1569413854.503
1569413854.753
1569413855.003
1569413855.253
1569413855.503
1569413855.753
1569413856.003
1569413856.253
1569413856.503
1569413856.753
1569413857.003
1569413857.253
1569413857.503
1569413857.753
1569413858.003
1569413858.253
1569413858.503
1569413858.753
1569413859.003
1569413859.253
1569413859.503
1569413859.753
1569413860.003
1569413860.253
1569413860.503
1569413860.753
1569413861.003
1569413861.253
1569413861.503
1569413861.753
1569413862.003
1569413862.253
1569413862.503
1569413862.753
1569413863.003
1569413863.253
1569413863.503
1569413863.753
1569413864.003
1569413864.253
1569413864.503
1569413864.753
1569413865.003
1569413865.253
1569413865.503
1569413865.753
1569413866.003
1569413866.253
1569413866.503
1569413866.753
1569413867.003
1569413867.253
1569413867.503
1569413867.753
1569413868.003
1569413868.253
1569413868.503
1569413868.753
1569413869.003
1569413869.253
1569413869.503
1569413869.753
1569413870.003
1569413870.253
1569413870.503
1569413870.753
1569413871.003
1569413871.253
1569413871.503
1569413871.753
1569413872.003
1569413872.253
1569413872.503
1569413872.753
1569413873.003
1569413873.253
1569413873.503
1569413873.753
1569413874.003
1569413874.253
1569413874.503
1569413874.753
1569413875.003
1569413875.253
1569413875.503
1569413875.753
1569413876.003
1569413876.253
1569413876.503
1569413876.753
1569413877.003
1569413877.253
1569413877.503
1569413877.753
1569413878.003
1569413878.253
1569413878.503
1569413878.753
1569413879.003
1569413879.253
1569413879.503
1569413879.753
1569413880.003
1569413880.253
1569413880.503
1569413880.753
1569413881.003
1569413881.253
1569413881.503
1569413881.753
1569413882.003
1569413882.253
1569413882.503
1569413882.753
1569413883.003
1569413883.253
1569413883.503
1569413883.753
1569413884.003
1569413884.253
1569413884.503
1569413884.753
1569413885.003
1569413885.253
1569413885.503
1569413885.753
1569413886.003
1569413886.253
1569413886.503
1569413886.753
1569413887.003
1569413887.253
1569413887.503
1569413887.753
1569413888.003
1569413888.253
1569413888.503
1569413888.753
1569413889.003
1569413889.253
1569413889.503
1569413889.753
1569413890.003
1569413890.253
1569413890.503
1569413890.753
1569413891.003
1569413891.253
1569413891.503
1569413891.753
1569413892.003
1569413892.253
1569413892.503
1569413892.753
1569413893.003
1569413893.253
1569413893.503
1569413893.753
1569413894.003
1569413894.253
1569413894.503
1569413894.753
1569413895.003
1569413895.253
1569413895.503
1569413895.753
1569413896.003
1569413896.253
1569413896.503
1569413896.753
1569413897.003
1569413897.253
1569413897.503
1569413897.753
1569413898.003
1569413898.253
1569413898.503
1569413898.753
1569413899.003
1569413899.253
1569413899.503
1569413899.753
1569413900.003
1569413900.253
1569413900.503
1569413900.753
1569413901.003
1569413901.253
1569413901.503
1569413901.753
1569413902.003
1569413902.253
1569413902.503
1569413902.753
1569413903.003
1569413903.253
1569413903.503
1569413903.753
1569413904.003
1569413904.253
1569413904.503
1569413904.753
1569413905.003
1569413905.253
1569413905.503
1569413905.753
1569413906.003
1569413906.253
1569413906.503
1569413906.753
1569413907.003
1569413907.253
1569413907.503
1569413907.753
1569413908.003
1569413908.253
1569413908.503
1569413908.753
1569413909.003
1569413909.253
1569413909.503
1569413909.753
1569413910.003
1569413910.253
1569413910.503
1569413910.753
1569413911.003
1569413911.253
1569413911.503
1569413911.753
1569413912.003
1569413912.253
1569413912.503
1569413912.753
1569413913.003
1569413913.253
1569413913.503
1569413913.753
1569413914.003
1569413914.253
1569413914.503
1569413914.753
1569413915.003
1569413915.253
1569413915.503
1569413915.753
1569413916.003
1569413916.253
1569413916.503
1569413916.753
1569413917.003
1569413917.253
1569413917.503
1569413917.753
1569413918.003
1569413918.253
1569413918.503
1569413918.753
1569413919.003
1569413919.253
1569413919.503
1569413919.753
1569413920.003
1569413920.253
1569413920.503
1569413920.753
1569413921.003
1569413921.253
1569413921.503
1569413921.753
1569413922.003
1569413922.253
1569413922.503
1569413922.753
1569413923.003
1569413923.253
1569413923.503
1569413923.753
1569413924.003
1569413924.253
1569413924.503
1569413924.753
1569413925.003
1569413925.253
1569413925.503
1569413925.753
1569413926.003
1569413926.253
1569413926.503
1569413926.753
1569413927.003
1569413927.253
1569413927.503
1569413927.753
1569413928.003
1569413928.253
1569413928.503
1569413928.753
1569413929.003
1569413929.253
1569413929.503
1569413929.753
1569413930.003
1569413930.253
1569413930.503
1569413930.753
1569413931.003
1569413931.253
1569413931.503
1569413931.753
1569413932.003
1569413932.253
1569413932.503
1569413932.753
1569413933.003
1569413933.253
1569413933.503
1569413933.753
1569413934.003
1569413934.253
1569413934.503
1569413934.753
1569413935.003
1569413935.253
1569413935.503
1569413935.753
1569413936.003
1569413936.253
1569413936.503
1569413936.753
1569413937.003
1569413937.253
1569413937.503
1569413937.753
1569413938.003
1569413938.253
1569413938.503
1569413938.753
1569413939.003
1569413939.253
1569413939.503
1569413939.753
1569413940.003
1569413940.253
1569413940.503
1569413940.753
1569413941.003
1569413941.253
1569413941.503
1569413941.753
1569413942.003
1569413942.253
1569413942.503
1569413942.753
1569413943.003
1569413943.253
1569413943.503
1569413943.753
1569413944.003
1569413944.253
1569413944.503
1569413944.753
1569413945.003
1569413945.253
1569413945.503
1569413945.753
1569413946.003
1569413946.253
1569413946.503
1569413946.753
1569413947.003
1569413947.253
1569413947.503
1569413947.753
1569413948.003
1569413948.253
1569413948.503
1569413948.753
1569413949.003
1569413949.253
1569413949.503
1569413949.753
1569413950.003
1569413950.253
1569413950.503
1569413950.753
1569413951.003
1569413951.253
1569413951.503
1569413951.753
1569413952.003
1569413952.253
1569413952.503
1569413952.753
1569413953.003
1569413953.253
1569413953.503
1569413953.753
1569413954.003
1569413954.253
1569413954.503
1569413954.753
1569413955.003
1569413955.253
1569413955.503
1569413955.753
1569413956.003
1569413956.253
1569413956.503
1569413956.753
1569413957.003
1569413957.253
1569413957.503
1569413957.753
1569413958.003
1569413958.253
1569413958.503
1569413958.753
1569413959.003
1569413959.253
1569413959.503
1569413959.753
1569413960.003
1569413960.253
1569413960.503
1569413960.753
1569413961.003
1569413961.253
1569413961.503
1569413961.753
1569413962.003
1569413962.253
1569413962.503
1569413962.753
1569413963.003
1569413963.253
1569413963.503
1569413963.753
1569413964.003
1569413964.253
1569413964.503
1569413964.753
1569413965.003
1569413965.253
1569413965.503
1569413965.753
1569413966.003
1569413966.253
1569413966.503
1569413966.753
1569413967.003
1569413967.253
1569413967.503
1569413967.753
1569413968.003
1569413968.253
1569413968.503
1569413968.753
1569413969.003
1569413969.253
1569413969.503
1569413969.753
1569413970.003
1569413970.253
1569413970.503
1569413970.753
1569413971.003
1569413971.253
1569413971.503
1569413971.753
1569413972.003
1569413972.253
1569413972.503
1569413972.753
1569413973.003
1569413973.253
1569413973.503
1569413973.753
1569413974.003
1569413974.253
1569413974.503
1569413974.753
1569413975.003
1569413975.253
1569413975.503
1569413975.753
1569413976.003
1569413976.253
1569413976.503
1569413976.753
1569413977.003
1569413977.253
1569413977.503
1569413977.753
1569413978.003
1569413978.253
1569413978.503
1569413978.753
1569413979.003
1569413979.253
1569413979.503
1569413979.753
1569413980.003
1569413980.253
1569413980.503
1569413980.753
1569413981.003
1569413981.253
1569413981.503
1569413981.753
1569413982.003
1569413982.253
1569413982.503
1569413982.753
1569413983.003
1569413983.253
1569413983.503
1569413983.753
1569413984.003
1569413984.253
1569413984.503
1569413984.753
1569413985.003
1569413985.253
1569413985.503
1569413985.753
1569413986.003
1569413986.253
1569413986.503
1569413986.753
1569413987.003
1569413987.253
1569413987.503
1569413987.753
1569413988.003
1569413988.253
1569413988.503
1569413988.753
1569413989.003
1569413989.253
1569413989.503
1569413989.753
1569413990.003
1569413990.253
1569413990.503
1569413990.753
1569413991.003
1569413991.253
1569413991.503
1569413991.753
1569413992.003
1569413992.253
1569413992.503
1569413992.753
1569413993.003
1569413993.253
1569413993.503
1569413993.753
1569413994.003
1569413994.253
1569413994.503
1569413994.753
1569413995.003
1569413995.253
1569413995.503
1569413995.753
1569413996.003
1569413996.253
1569413996.503
1569413996.753
1569413997.003
1569413997.253
1569413997.503
1569413997.753
1569413998.003
1569413998.253
1569413998.503
1569413998.753
1569413999.003
1569413999.253
1569413999.503
1569413999.753
1569414000.003
1569414000.253
1569414000.503
1569414000.753
1569414001.003
1569414001.253
1569414001.503
1569414001.753
1569414002.003
1569414002.253
1569414002.503
1569414002.753
1569414003.003
1569414003.253
1569414003.503
1569414003.753
1569414004.003
1569414004.253
1569414004.503
1569414004.753
1569414005.003
1569414005.253
1569414005.503
1569414005.753
1569414006.003
1569414006.253
1569414006.503
1569414006.753
1569414007.003
1569414007.253
1569414007.503
1569414007.753
1569414008.003
1569414008.253
1569414008.503
1569414008.753
1569414009.003
1569414009.253
1569414009.503
1569414009.753
1569414010.003
1569414010.253
1569414010.503
1569414010.753
1569414011.003
1569414011.253
1569414011.503
1569414011.753
1569414012.003
1569414012.253
1569414012.503
1569414012.753
1569414013.003
1569414013.253
1569414013.503
1569414013.753
1569414014.003
1569414014.253
1569414014.503
1569414014.753
1569414015.003
1569414015.253
1569414015.503
1569414015.753
1569414016.003
1569414016.253
1569414016.503
1569414016.753
1569414017.003
1569414017.253
1569414017.503
1569414017.753
1569414018.003
1569414018.253
1569414018.503
1569414018.753
1569414019.003
1569414019.253
1569414019.503
1569414019.753
1569414020.003
1569414020.253
1569414020.503
1569414020.753
1569414021.003
1569414021.253
1569414021.503
1569414021.753
1569414022.003
1569414022.253
1569414022.503
1569414022.753
1569414023.003
1569414023.253
1569414023.503
1569414023.753
1569414024.003
1569414024.253
1569414024.503
1569414024.753
1569414025.003
1569414025.253
1569414025.503
1569414025.753
1569414026.003
1569414026.253
1569414026.503
1569414026.753
1569414027.003
1569414027.253
1569414027.503
1569414027.753
1569414028.003
1569414028.253
1569414028.503
1569414028.753
1569414029.003
1569414029.253
1569414029.503
1569414029.753
1569414030.003
1569414030.253
1569414030.503
1569414030.753
1569414031.003
1569414031.253
1569414031.503
1569414031.753
1569414032.003
1569414032.253
1569414032.503
1569414032.753
1569414033.003
1569414033.253
1569414033.503
1569414033.753
1569414034.003
1569414034.253
1569414034.503
1569414034.753
1569414035.003
1569414035.253
1569414035.503
1569414035.753
1569414036.003
1569414036.253
1569414036.503
1569414036.753
1569414037.003
1569414037.253
1569414037.503
1569414037.753
1569414038.003
1569414038.253
1569414038.503
1569414038.753
1569414039.003
1569414039.253
1569414039.503
1569414039.753
1569414040.003
1569414040.253
1569414040.503
1569414040.753
1569414041.003
1569414041.253
1569414041.503
1569414041.753
1569414042.003
1569414042.253
1569414042.503
1569414042.753
1569414043.003
1569414043.253
1569414043.503
1569414043.753
1569414044.003
1569414044.253
1569414044.503
1569414044.753
1569414045.003
1569414045.253
1569414045.503
1569414045.753
1569414046.003
1569414046.253
1569414046.503
1569414046.753
1569414047.003
1569414047.253
1569414047.503
1569414047.753
1569414048.003
1569414048.253
1569414048.503
1569414048.753
1569414049.003
1569414049.253
1569414049.503
1569414049.753
1569414050.003
1569414050.253
1569414050.503
1569414050.753
1569414051.003
1569414051.253
1569414051.503
1569414051.753
1569414052.003
1569414052.253
1569414052.503
1569414052.753
1569414053.003
1569414053.253
1569414053.503
1569414053.753
1569414054.003
1569414054.253
1569414054.503
1569414054.753
1569414055.003
1569414055.253
1569414055.503
1569414055.753
1569414056.003
1569414056.253
1569414056.503
1569414056.753
1569414057.003
1569414057.253
1569414057.503
1569414057.753
1569414058.003
1569414058.253
1569414058.503
1569414058.753
1569414059.003
1569414059.253
1569414059.503
1569414059.753
1569414060.003
1569414060.253
1569414060.503
1569414060.753
1569414061.003
1569414061.253
1569414061.503
1569414061.753
1569414062.003
1569414062.253
1569414062.503
1569414062.753
1569414063.003
1569414063.253
1569414063.503
1569414063.753
1569414064.003
1569414064.253
1569414064.503
1569414064.753
1569414065.003
1569414065.253
1569414065.503
1569414065.753
1569414066.003
1569414066.253
1569414066.503
1569414066.753
1569414067.003
1569414067.253
1569414067.503
1569414067.753
1569414068.003
1569414068.253
1569414068.503
1569414068.753
1569414069.003
1569414069.253
1569414069.503
1569414069.753
1569414070.003
1569414070.253
1569414070.503
1569414070.753
1569414071.003
1569414071.253
1569414071.503
1569414071.753
1569414072.003
1569414072.253
1569414072.503
1569414072.753
1569414073.003
1569414073.253
1569414073.503
1569414073.753
1569414074.003
1569414074.253
