1569411511.503
1569411511.753
1569411512.003
1569411512.253
1569411512.503
1569411512.753
1569411513.003
1569411513.253
1569411513.503
1569411513.753
1569411514.003
1569411514.253
1569411514.503
1569411514.753
1569411515.003
1569411515.253
1569411515.503
1569411515.753
1569411516.003
1569411516.253
1569411516.503
1569411516.753
1569411517.003
1569411517.253
1569411517.503
1569411517.753
1569411518.003
1569411518.253
1569411518.503
1569411518.753
1569411519.003
1569411519.253
1569411519.503
1569411519.753
1569411520.003
1569411520.253
1569411520.503
1569411520.753
1569411521.003
1569411521.253
1569411521.503
1569411521.753
1569411522.003
1569411522.253
1569411522.503
1569411522.753
1569411523.003
1569411523.253
1569411523.503
1569411523.753
1569411524.003
1569411524.253
1569411524.503
1569411524.753
1569411525.003
1569411525.253
1569411525.503
1569411525.753
1569411526.003
1569411526.253
1569411526.503
1569411526.753
1569411527.003
1569411527.253
1569411527.503
1569411527.753
1569411528.003
1569411528.253
1569411528.503
1569411528.753
1569411529.003
1569411529.253
1569411529.503
1569411529.753
1569411530.003
1569411530.253
1569411530.503
1569411530.753
1569411531.003
1569411531.253
1569411531.503
1569411531.753
1569411532.003
1569411532.253
1569411532.503
1569411532.753
1569411533.003
1569411533.253
1569411533.503
1569411533.753
1569411534.003
1569411534.253
1569411534.503
1569411534.753
1569411535.003
1569411535.253
1569411535.503
1569411535.753
1569411536.003
1569411536.253
1569411536.503
1569411536.753
1569411537.003
1569411537.253
1569411537.503
1569411537.753
1569411538.003
1569411538.253
1569411538.503
1569411538.753
1569411539.003
1569411539.253
1569411539.503
1569411539.753
1569411540.003
1569411540.253
1569411540.503
1569411540.753
1569411541.003
1569411541.253
1569411541.503
1569411541.753
1569411542.003
1569411542.253
1569411542.503
1569411542.753
1569411543.003
1569411543.253
1569411543.503
1569411543.753
1569411544.003
1569411544.253
1569411544.503
1569411544.753
1569411545.003
1569411545.253
1569411545.503
1569411545.753
1569411546.003
1569411546.253
1569411546.503
1569411546.753
1569411547.003
1569411547.253
1569411547.503
1569411547.753
1569411548.003
1569411548.253
1569411548.503
1569411548.753
1569411549.003
1569411549.253
1569411549.503
1569411549.753
1569411550.003
1569411550.253
1569411550.503
1569411550.753
1569411551.003
1569411551.253
1569411551.503
1569411551.753
1569411552.003
1569411552.253
1569411552.503
1569411552.753
1569411553.003
1569411553.253
1569411553.503
1569411553.753
1569411554.003
1569411554.253
1569411554.503
1569411554.753
1569411555.003
1569411555.253
1569411555.503
1569411555.753
1569411556.003
1569411556.253
1569411556.503
1569411556.753
1569411557.003
1569411557.253
1569411557.503
1569411557.753
1569411558.003
1569411558.253
1569411558.503
1569411558.753
1569411559.003
1569411559.253
1569411559.503
1569411559.753
1569411560.003
1569411560.253
1569411560.503
1569411560.753
1569411561.003
1569411561.253
1569411561.503
1569411561.753
1569411562.003
1569411562.253
1569411562.503
1569411562.753
1569411563.003
1569411563.253
1569411563.503
1569411563.753
1569411564.003
1569411564.253
1569411564.503
1569411564.753
1569411565.003
1569411565.253
1569411565.503
1569411565.753
1569411566.003
1569411566.253
1569411566.503
1569411566.753
1569411567.003
1569411567.253
1569411567.503
1569411567.753
1569411568.003
1569411568.253
1569411568.503
1569411568.753
1569411569.003
1569411569.253
1569411569.503
1569411569.753
1569411570.003
1569411570.253
1569411570.503
1569411570.753
1569411571.003
1569411571.253
1569411571.503
1569411571.753
1569411572.003
1569411572.253
1569411572.503
1569411572.753
1569411573.003
1569411573.253
1569411573.503
1569411573.753
1569411574.003
1569411574.253
1569411574.503
1569411574.753
1569411575.003
1569411575.253
1569411575.503
1569411575.753
1569411576.003
1569411576.253
1569411576.503
1569411576.753
1569411577.003
1569411577.253
1569411577.503
1569411577.753
1569411578.003
1569411578.253
1569411578.503
1569411578.753
1569411579.003
1569411579.253
1569411579.503
1569411579.753
1569411580.003
1569411580.253
1569411580.503
1569411580.753
1569411581.003
1569411581.253
1569411581.503
1569411581.753
1569411582.003
1569411582.253
1569411582.503
1569411582.753
1569411583.003
1569411583.253
1569411583.503
1569411583.753
1569411584.003
1569411584.253
1569411584.503
1569411584.753
1569411585.003
1569411585.253
1569411585.503
1569411585.753
1569411586.003
1569411586.253
1569411586.503
1569411586.753
1569411587.003
1569411587.253
1569411587.503
1569411587.753
1569411588.003
1569411588.253
1569411588.503
1569411588.753
1569411589.003
1569411589.253
1569411589.503
1569411589.753
1569411590.003
1569411590.253
1569411590.503
1569411590.753
1569411591.003
1569411591.253
1569411591.503
1569411591.753
1569411592.003
1569411592.253
1569411592.503
1569411592.753
1569411593.003
1569411593.253
1569411593.503
1569411593.753
1569411594.003
1569411594.253
1569411594.503
1569411594.753
1569411595.003
1569411595.253
1569411595.503
1569411595.753
1569411596.003
1569411596.253
1569411596.503
1569411596.753
1569411597.003
1569411597.253
1569411597.503
1569411597.753
1569411598.003
1569411598.253
1569411598.503
1569411598.753
1569411599.003
1569411599.253
1569411599.503
1569411599.753
1569411600.003
1569411600.253
1569411600.503
1569411600.753
1569411601.003
1569411601.253
1569411601.503
1569411601.753
1569411602.003
1569411602.253
1569411602.503
1569411602.753
1569411603.003
1569411603.253
1569411603.503
1569411603.753
1569411604.003
1569411604.253
1569411604.503
1569411604.753
1569411605.003
1569411605.253
1569411605.503
1569411605.753
1569411606.003
1569411606.253
1569411606.503
1569411606.753
1569411607.003
1569411607.253
1569411607.503
1569411607.753
1569411608.003
1569411608.253
1569411608.503
1569411608.753
1569411609.003
1569411609.253
1569411609.503
1569411609.753
1569411610.003
1569411610.253
1569411610.503
1569411610.753
1569411611.003
1569411611.253
1569411611.503
1569411611.753
1569411612.003
1569411612.253
1569411612.503
1569411612.753
1569411613.003
1569411613.253
1569411613.503
1569411613.753
1569411614.003
1569411614.253
1569411614.503
1569411614.753
1569411615.003
1569411615.253
1569411615.503
1569411615.753
1569411616.003
1569411616.253
1569411616.503
1569411616.753
1569411617.003
1569411617.253
1569411617.503
1569411617.753
1569411618.003
1569411618.253
1569411618.503
1569411618.753
1569411619.003
1569411619.253
1569411619.503
1569411619.753
1569411620.003
1569411620.253
1569411620.503
1569411620.753
1569411621.003
1569411621.253
1569411621.503
1569411621.753
1569411622.003
1569411622.253
1569411622.503
1569411622.753
1569411623.003
1569411623.253
1569411623.503
1569411623.753
1569411624.003
1569411624.253
1569411624.503
1569411624.753
1569411625.003
1569411625.253
1569411625.503
1569411625.753
1569411626.003
1569411626.253
1569411626.503
1569411626.753
1569411627.003
1569411627.253
1569411627.503
1569411627.753
1569411628.003
1569411628.253
1569411628.503
1569411628.753
1569411629.003
1569411629.253
1569411629.503
1569411629.753
1569411630.003
1569411630.253
1569411630.503
1569411630.753
1569411631.003
1569411631.253
1569411631.503
1569411631.753
1569411632.003
1569411632.253
1569411632.503
1569411632.753
1569411633.003
1569411633.253
1569411633.503
1569411633.753
1569411634.003
1569411634.253
1569411634.503
1569411634.753
1569411635.003
1569411635.253
1569411635.503
1569411635.753
1569411636.003
1569411636.253
1569411636.503
1569411636.753
1569411637.003
1569411637.253
1569411637.503
1569411637.753
1569411638.003
1569411638.253
1569411638.503
1569411638.753
1569411639.003
1569411639.253
1569411639.503
1569411639.753
1569411640.003
1569411640.253
1569411640.503
1569411640.753
1569411641.003
1569411641.253
1569411641.503
1569411641.753
1569411642.003
1569411642.253
1569411642.503
1569411642.753
1569411643.003
1569411643.253
1569411643.503
1569411643.753
1569411644.003
1569411644.253
1569411644.503
1569411644.753
1569411645.003
1569411645.253
1569411645.503
1569411645.753
1569411646.003
1569411646.253
1569411646.503
1569411646.753
1569411647.003
1569411647.253
1569411647.503
1569411647.753
1569411648.003
1569411648.253
1569411648.503
1569411648.753
1569411649.003
1569411649.253
1569411649.503
1569411649.753
1569411650.003
1569411650.253
1569411650.503
1569411650.753
1569411651.003
1569411651.253
1569411651.503
1569411651.753
1569411652.003
1569411652.253
1569411652.503
1569411652.753
1569411653.003
1569411653.253
1569411653.503
1569411653.753
1569411654.003
1569411654.253
1569411654.503
1569411654.753
1569411655.003
1569411655.253
1569411655.503
1569411655.753
1569411656.003
1569411656.253
1569411656.503
1569411656.753
1569411657.003
1569411657.253
1569411657.503
1569411657.753
1569411658.003
1569411658.253
1569411658.503
1569411658.753
1569411659.003
1569411659.253
1569411659.503
1569411659.753
1569411660.003
1569411660.253
1569411660.503
1569411660.753
1569411661.003
1569411661.253
1569411661.503
1569411661.753
1569411662.003
1569411662.253
1569411662.503
1569411662.753
1569411663.003
1569411663.253
1569411663.503
1569411663.753
1569411664.003
1569411664.253
1569411664.503
1569411664.753
1569411665.003
1569411665.253
1569411665.503
1569411665.753
1569411666.003
1569411666.253
1569411666.503
1569411666.753
1569411667.003
1569411667.253
1569411667.503
1569411667.753
1569411668.003
1569411668.253
1569411668.503
1569411668.753
1569411669.003
1569411669.253
1569411669.503
1569411669.753
1569411670.003
1569411670.253
1569411670.503
1569411670.753
1569411671.003
1569411671.253
1569411671.503
1569411671.753
1569411672.003
1569411672.253
1569411672.503
1569411672.753
1569411673.003
1569411673.253
1569411673.503
1569411673.753
1569411674.003
1569411674.253
1569411674.503
1569411674.753
1569411675.003
1569411675.253
1569411675.503
1569411675.753
1569411676.003
1569411676.253
1569411676.503
1569411676.753
1569411677.003
1569411677.253
1569411677.503
1569411677.753
1569411678.003
1569411678.253
1569411678.503
1569411678.753
1569411679.003
1569411679.253
1569411679.503
1569411679.753
1569411680.003
1569411680.253
1569411680.503
1569411680.753
1569411681.003
1569411681.253
1569411681.503
1569411681.753
1569411682.003
1569411682.253
1569411682.503
1569411682.753
1569411683.003
1569411683.253
1569411683.503
1569411683.753
1569411684.003
1569411684.253
1569411684.503
1569411684.753
1569411685.003
1569411685.253
1569411685.503
1569411685.753
1569411686.003
1569411686.253
1569411686.503
1569411686.753
1569411687.003
1569411687.253
1569411687.503
1569411687.753
1569411688.003
1569411688.253
1569411688.503
1569411688.753
1569411689.003
1569411689.253
1569411689.503
1569411689.753
1569411690.003
1569411690.253
1569411690.503
1569411690.753
1569411691.003
1569411691.253
1569411691.503
1569411691.753
1569411692.003
1569411692.253
1569411692.503
1569411692.753
1569411693.003
1569411693.253
1569411693.503
1569411693.753
1569411694.003
1569411694.253
1569411694.503
1569411694.753
1569411695.003
1569411695.253
1569411695.503
1569411695.753
1569411696.003
1569411696.253
1569411696.503
1569411696.753
1569411697.003
1569411697.253
1569411697.503
1569411697.753
1569411698.003
1569411698.253
1569411698.503
1569411698.753
1569411699.003
1569411699.253
1569411699.503
1569411699.753
1569411700.003
1569411700.253
1569411700.503
1569411700.753
1569411701.003
1569411701.253
1569411701.503
1569411701.753
1569411702.003
1569411702.253
1569411702.503
1569411702.753
1569411703.003
1569411703.253
1569411703.503
1569411703.753
1569411704.003
1569411704.253
1569411704.503
1569411704.753
1569411705.003
1569411705.253
1569411705.503
1569411705.753
1569411706.003
1569411706.253
1569411706.503
1569411706.753
1569411707.003
1569411707.253
1569411707.503
1569411707.753
1569411708.003
1569411708.253
1569411708.503
1569411708.753
1569411709.003
1569411709.253
1569411709.503
1569411709.753
1569411710.003
1569411710.253
1569411710.503
1569411710.753
1569411711.003
1569411711.253
1569411711.503
1569411711.753
1569411712.003
1569411712.253
1569411712.503
1569411712.753
1569411713.003
1569411713.253
1569411713.503
1569411713.753
1569411714.003
1569411714.253
1569411714.503
1569411714.753
1569411715.003
1569411715.253
1569411715.503
1569411715.753
1569411716.003
1569411716.253
1569411716.503
1569411716.753
1569411717.003
1569411717.253
1569411717.503
1569411717.753
1569411718.003
1569411718.253
1569411718.503
1569411718.753
1569411719.003
1569411719.253
1569411719.503
1569411719.753
1569411720.003
1569411720.253
1569411720.503
1569411720.753
1569411721.003
1569411721.253
1569411721.503
1569411721.753
1569411722.003
1569411722.253
1569411722.503
1569411722.753
1569411723.003
1569411723.253
1569411723.503
1569411723.753
1569411724.003
1569411724.253
1569411724.503
1569411724.753
1569411725.003
1569411725.253
1569411725.503
1569411725.753
1569411726.003
1569411726.253
1569411726.503
1569411726.753
1569411727.003
1569411727.253
1569411727.503
1569411727.753
1569411728.003
1569411728.253
1569411728.503
1569411728.753
1569411729.003
1569411729.253
1569411729.503
1569411729.753
1569411730.003
1569411730.253
1569411730.503
1569411730.753
1569411731.003
1569411731.253
1569411731.503
1569411731.753
1569411732.003
1569411732.253
1569411732.503
1569411732.753
1569411733.003
1569411733.253
1569411733.503
1569411733.753
1569411734.003
1569411734.253
1569411734.503
1569411734.753
1569411735.003
1569411735.253
1569411735.503
1569411735.753
1569411736.003
1569411736.253
1569411736.503
1569411736.753
1569411737.003
1569411737.253
1569411737.503
1569411737.753
1569411738.003
1569411738.253
1569411738.503
1569411738.753
1569411739.003
1569411739.253
1569411739.503
1569411739.753
1569411740.003
1569411740.253
1569411740.503
1569411740.753
1569411741.003
1569411741.253
1569411741.503
1569411741.753
1569411742.003
1569411742.253
1569411742.503
1569411742.753
1569411743.003
1569411743.253
1569411743.503
1569411743.753
1569411744.003
1569411744.253
1569411744.503
1569411744.753
1569411745.003
1569411745.253
1569411745.503
1569411745.753
1569411746.003
1569411746.253
1569411746.503
1569411746.753
1569411747.003
1569411747.253
1569411747.503
1569411747.753
1569411748.003
1569411748.253
1569411748.503
1569411748.753
1569411749.003
1569411749.253
1569411749.503
1569411749.753
1569411750.003
1569411750.253
1569411750.503
1569411750.753
1569411751.003
1569411751.253
1569411751.503
1569411751.753
1569411752.003
1569411752.253
1569411752.503
1569411752.753
1569411753.003
1569411753.253
1569411753.503
1569411753.753
1569411754.003
1569411754.253
1569411754.503
1569411754.753
1569411755.003
1569411755.253
1569411755.503
1569411755.753
1569411756.003
1569411756.253
1569411756.503
1569411756.753
1569411757.003
1569411757.253
1569411757.503
1569411757.753
1569411758.003
1569411758.253
1569411758.503
1569411758.753
1569411759.003
1569411759.253
1569411759.503
1569411759.753
1569411760.003
1569411760.253
1569411760.503
1569411760.753
1569411761.003
1569411761.253
1569411761.503
1569411761.753
1569411762.003
1569411762.253
1569411762.503
1569411762.753
1569411763.003
1569411763.253
1569411763.503
1569411763.753
1569411764.003
1569411764.253
1569411764.503
1569411764.753
1569411765.003
1569411765.253
1569411765.503
1569411765.753
1569411766.003
1569411766.253
1569411766.503
1569411766.753
1569411767.003
1569411767.253
1569411767.503
1569411767.753
1569411768.003
1569411768.253
1569411768.503
1569411768.753
1569411769.003
1569411769.253
1569411769.503
1569411769.753
1569411770.003
1569411770.253
1569411770.503
1569411770.753
1569411771.003
1569411771.253
1569411771.503
1569411771.753
1569411772.003
1569411772.253
1569411772.503
1569411772.753
1569411773.003
1569411773.253
1569411773.503
1569411773.753
1569411774.003
1569411774.253
1569411774.503
1569411774.753
1569411775.003
1569411775.253
1569411775.503
1569411775.753
1569411776.003
1569411776.253
1569411776.503
1569411776.753
1569411777.003
1569411777.253
1569411777.503
1569411777.753
1569411778.003
1569411778.253
1569411778.503
1569411778.753
1569411779.003
1569411779.253
1569411779.503
1569411779.753
1569411780.003
1569411780.253
1569411780.503
1569411780.753
1569411781.003
1569411781.253
1569411781.503
1569411781.753
1569411782.003
1569411782.253
1569411782.503
1569411782.753
1569411783.003
1569411783.253
1569411783.503
1569411783.753
1569411784.003
1569411784.253
1569411784.503
1569411784.753
1569411785.003
1569411785.253
1569411785.503
1569411785.753
1569411786.003
1569411786.253
1569411786.503
1569411786.753
1569411787.003
1569411787.253
1569411787.503
1569411787.753
1569411788.003
1569411788.253
1569411788.503
1569411788.753
1569411789.003
1569411789.253
1569411789.503
1569411789.753
1569411790.003
1569411790.253
1569411790.503
1569411790.753
1569411791.003
1569411791.253
1569411791.503
1569411791.753
1569411792.003
1569411792.253
1569411792.503
1569411792.753
1569411793.003
1569411793.253
1569411793.503
1569411793.753
1569411794.003
1569411794.253
1569411794.503
1569411794.753
1569411795.003
1569411795.253
1569411795.503
1569411795.753
1569411796.003
1569411796.253
1569411796.503
1569411796.753
1569411797.003
1569411797.253
1569411797.503
1569411797.753
1569411798.003
1569411798.253
1569411798.503
1569411798.753
1569411799.003
1569411799.253
1569411799.503
1569411799.753
1569411800.003
1569411800.253
1569411800.503
1569411800.753
1569411801.003
1569411801.253
1569411801.503
1569411801.753
1569411802.003
1569411802.253
1569411802.503
1569411802.753
1569411803.003
1569411803.253
1569411803.503
1569411803.753
1569411804.003
1569411804.253
1569411804.503
1569411804.753
1569411805.003
1569411805.253
1569411805.503
1569411805.753
1569411806.003
1569411806.253
1569411806.503
1569411806.753
1569411807.003
1569411807.253
1569411807.503
1569411807.753
1569411808.003
1569411808.253
1569411808.503
1569411808.753
1569411809.003
1569411809.253
1569411809.503
1569411809.753
1569411810.003
1569411810.253
1569411810.503
1569411810.753
1569411811.003
1569411811.253
