0.1025065
0.1012251
0.1012251
0.1012251
0.1012251
0.1025065
0.09481847
0.09866247
0.09994379
0.09994379
0.09994379
0.1012251
0.09994379
0.1012251
0.1012251
0.1012251
0.1012251
0.09994379
0.09866247
0.09866247
0.09866247
0.09866247
0.09866247
0.09994379
0.09994379
0.1114758
0.09994379
0.09994379
0.09738114
0.09994379
0.09738114
0.09738114
0.09866247
0.09738114
0.09866247
0.09994379
0.09866247
0.09994379
0.09994379
0.0960998
0.09866247
0.09994379
0.09994379
0.09738114
0.09738114
0.09738114
0.09738114
0.09738114
0.09994379
0.09866247
0.09738114
0.09866247
0.09866247
0.09994379
0.09738114
0.0960998
0.0960998
0.0960998
0.0960998
0.0960998
0.09738114
0.0960998
0.09738114
0.09866247
0.09866247
0.09866247
0.09866247
0.0960998
0.09738114
0.09738114
0.09866247
0.09994379
0.09738114
0.1025065
0.1037878
0.1025065
0.1037878
0.1025065
0.1063505
0.1050691
0.1037878
0.1037878
0.1037878
0.1025065
0.1037878
0.1025065
0.1037878
0.1025065
0.1025065
0.1037878
0.1025065
0.1140384
0.09866247
0.09866247
0.09738114
0.09866247
0.09866247
0.09994379
0.09994379
0.09866247
0.09866247
0.1012251
0.09994379
0.09994379
0.09994379
0.0960998
0.09738114
0.09738114
0.09738114
0.09866247
0.09866247
0.09738114
0.09738114
0.09738114
0.09866247
0.09866247
0.09738114
0.0960998
0.0960998
0.0960998
0.0960998
0.0960998
0.0960998
0.09866247
0.09994379
0.1012251
0.09994379
0.09866247
0.1012251
0.09994379
0.1012251
0.1012251
0.09738114
0.09738114
0.09738114
0.09738114
0.0960998
0.09738114
0.09481847
0.09738114
0.09866247
0.09866247
0.09866247
0.09866247
0.09866247
0.09866247
0.0960998
0.09481847
0.09481847
0.09353714
0.0960998
0.0960998
0.09738114
0.0960998
0.0960998
0.09738114
0.0960998
0.09738114
0.09738114
0.09481847
0.09353714
0.09481847
0.09481847
0.09481847
0.09481847
0.0960998
0.09481847
0.0960998
0.09481847
0.0960998
0.09738114
0.09353714
0.0960998
0.09738114
0.0960998
0.09353714
0.09353714
0.09353714
0.09353714
0.09353714
0.09481847
0.0960998
0.09225581
0.09481847
0.09481847
0.09481847
0.0960998
0.09353714
0.09481847
0.09481847
0.09225581
0.09225581
0.09225581
0.09097448
0.09225581
0.09225581
0.09225581
0.09225581
0.09353714
0.09353714
0.09225581
0.09353714
0.09353714
0.09481847
0.09225581
0.09097448
0.09097448
0.09097448
0.09097448
0.09097448
0.09097448
0.09097448
0.09225581
0.09225581
0.09353714
0.08969315
0.09225581
0.09353714
0.09097448
0.09353714
0.09225581
0.09097448
0.09097448
0.09097448
0.09097448
0.09225581
0.08969315
0.09097448
0.09225581
0.09225581
0.09225581
0.09097448
0.09225581
0.09353714
0.09225581
0.09225581
0.09353714
0.09225581
0.08969315
0.08969315
0.09097448
0.08969315
0.09097448
0.09097448
0.08969315
0.09225581
0.09225581
0.09097448
0.08969315
0.09225581
0.09353714
0.09097448
0.09225581
0.09225581
0.09097448
0.08841182
0.08969315
0.08969315
0.08841182
0.08841182
0.08841182
0.08969315
0.09097448
0.08969315
0.09097448
0.08969315
0.09097448
0.09097448
0.09097448
0.09097448
0.08969315
0.09097448
0.09097448
0.08841182
0.08841182
0.08841182
0.08841182
0.08841182
0.08969315
0.08969315
0.09097448
0.08713049
0.08969315
0.09097448
0.09097448
0.09097448
0.09097448
0.09097448
0.08841182
0.08841182
0.08841182
0.08841182
0.08584916
0.08841182
0.08969315
0.08841182
0.08841182
0.08969315
0.09097448
0.08969315
0.08841182
0.08969315
0.09097448
0.08456782
0.08713049
0.08713049
0.08713049
0.08713049
0.08713049
0.08841182
0.08969315
0.08713049
0.08969315
0.08713049
0.08713049
0.08713049
0.08969315
0.08841182
0.08841182
0.08456782
0.08584916
0.08584916
0.08584916
0.08584916
0.08584916
0.08072383
0.08584916
0.08584916
0.08713049
0.08584916
0.08713049
0.08713049
0.08584916
0.08713049
0.08713049
0.08713049
0.08584916
0.08328649
0.08200517
0.08456782
0.08456782
0.08456782
0.08456782
0.08456782
0.08456782
0.08584916
0.08584916
0.08584916
0.08841182
0.08841182
0.08713049
0.08713049
0.08713049
0.08713049
0.08328649
0.08456782
0.08328649
0.08456782
0.08328649
0.08456782
0.08584916
0.08456782
0.08456782
0.08456782
0.08713049
0.08584916
0.08841182
0.08584916
0.08713049
0.08072383
0.08456782
0.08200517
0.08456782
0.08456782
0.08584916
0.08584916
0.08456782
0.08584916
0.08713049
0.08713049
0.08584916
0.08713049
0.08713049
0.08713049
0.08328649
0.08456782
0.08456782
0.08456782
0.08456782
0.08456782
0.08584916
0.08328649
0.08584916
0.08713049
0.08584916
0.08584916
0.08713049
0.08713049
0.08713049
0.08584916
0.08713049
0.08328649
0.08200517
0.08328649
0.08456782
0.08328649
0.08328649
0.08328649
0.08456782
0.08584916
0.08584916
0.08584916
0.08456782
0.08456782
0.08584916
0.08584916
0.08456782
0.08328649
0.08328649
0.08328649
0.08328649
0.08328649
0.08328649
0.08456782
0.08200517
0.08456782
0.08584916
0.08328649
0.08328649
0.08456782
0.08456782
0.08456782
0.08584916
0.08200517
0.08200517
0.08072383
0.08200517
0.08328649
0.08200517
0.08456782
0.08328649
0.08456782
0.08456782
0.08456782
0.08456782
0.08328649
0.08328649
0.08456782
0.08584916
0.08200517
0.08200517
0.08200517
0.08200517
0.08200517
0.08200517
0.08328649
0.08328649
0.08200517
0.08328649
0.08456782
0.08456782
0.08456782
0.08456782
0.08456782
0.08072383
0.08200517
0.08200517
0.08200517
0.0794425
0.08072383
0.08456782
0.08328649
0.08200517
0.08328649
0.08328649
0.08328649
0.08200517
0.08328649
0.08200517
0.0794425
0.08200517
0.08072383
0.08072383
0.08072383
0.08072383
0.08072383
0.08072383
0.08072383
0.08200517
0.08200517
0.08072383
0.08200517
0.08328649
0.08328649
0.08200517
0.08200517
0.08328649
0.08200517
0.08328649
0.08328649
0.0794425
0.07816117
0.08072383
0.08072383
0.08072383
0.08072383
0.08072383
0.0794425
0.08072383
0.08200517
0.08200517
0.08200517
0.08072383
0.08200517
0.08200517
0.08200517
0.08200517
0.08200517
0.08200517
0.0794425
0.0794425
0.0794425
0.0794425
0.07687984
0.0794425
0.0794425
0.08072383
0.08072383
0.08072383
0.08200517
0.08072383
0.08072383
0.08072383
0.08072383
0.07687984
0.07816117
0.07816117
0.07816117
0.07816117
0.07816117
0.07816117
0.07816117
0.08072383
0.0794425
0.08072383
0.0794425
0.08072383
0.08072383
0.08072383
0.08072383
0.08072383
0.08072383
0.07816117
0.07816117
0.07816117
0.08072383
0.07687984
0.07816117
0.07687984
0.0794425
0.0794425
0.0794425
0.0794425
0.07816117
0.0794425
0.0794425
0.0794425
0.07816117
0.0794425
0.0794425
0.0794425
0.07687984
0.07687984
0.07687984
0.07687984
0.08969315
0.07687984
0.07687984
0.07687984
0.07816117
0.0794425
0.07816117
0.0794425
0.07816117
0.0794425
0.0794425
0.0794425
0.0794425
0.0794425
0.07303584
0.07559851
0.07559851
0.07816117
0.07687984
0.07687984
0.07687984
0.07687984
0.07687984
0.07816117
0.07816117
0.07687984
0.07816117
0.0794425
0.07816117
0.07816117
0.07816117
0.07816117
0.07816117
0.07816117
0.07816117
0.07816117
0.07687984
0.07559851
0.07559851
0.07559851
0.07559851
0.07559851
0.07559851
0.07559851
0.07559851
0.07687984
0.07687984
0.07559851
0.07816117
0.07816117
0.07816117
0.07687984
0.07816117
0.07816117
0.07687984
0.0794425
0.07816117
0.07816117
0.07687984
0.07816117
0.07559851
0.07559851
0.07559851
0.07559851
0.07559851
0.07687984
0.07559851
0.07687984
0.07559851
0.07687984
0.07816117
0.07816117
0.07687984
0.07816117
0.07816117
0.07687984
0.07687984
0.0794425
0.0794425
0.07816117
0.07687984
0.0794425
0.07559851
0.07559851
0.07559851
0.07559851
0.07559851
0.07559851
0.07559851
0.07559851
0.07687984
0.07559851
0.07687984
0.07816117
0.07687984
0.07687984
0.07687984
0.07687984
0.07687984
0.07816117
0.07816117
0.07687984
0.07687984
0.07431718
0.07559851
0.07559851
0.07559851
0.07559851
0.07559851
0.07559851
0.07431718
0.07687984
0.07559851
0.07431718
0.07687984
0.07816117
0.07687984
0.07687984
0.07687984
0.07559851
0.07559851
0.07687984
0.07687984
0.07687984
0.07303584
0.07431718
0.07431718
0.07431718
0.07687984
0.07431718
0.07431718
0.07559851
0.07559851
0.07687984
0.07687984
0.07431718
0.07559851
0.07559851
0.07687984
0.07816117
0.07687984
0.07687984
0.07816117
0.07816117
0.07816117
0.07816117
0.07431718
0.07816117
0.07816117
0.07431718
0.07431718
0.07431718
0.07431718
0.07431718
0.07431718
0.07431718
0.07431718
0.07175452
0.07687984
0.07303584
0.07559851
0.07687984
0.07559851
0.07687984
0.07559851
0.07559851
0.07559851
0.07687984
0.07303584
0.07559851
0.07559851
0.07687984
0.07687984
0.07687984
0.07303584
0.07303584
0.07431718
0.07431718
0.07559851
0.07047318
0.07431718
0.07431718
0.07431718
0.07559851
0.07559851
0.07431718
0.07559851
0.07431718
0.07559851
0.07431718
0.07303584
0.07559851
0.07559851
0.07559851
0.07559851
0.07559851
0.07687984
0.07559851
0.07303584
0.07303584
0.07303584
0.07175452
0.07431718
0.07303584
0.07431718
0.07431718
0.07431718
0.07559851
0.07431718
0.07687984
0.07687984
0.07687984
0.07175452
0.07687984
0.07816117
0.07687984
0.07559851
0.07687984
0.07687984
0.07816117
0.07816117
0.07431718
0.07431718
0.07303584
0.07687984
0.07431718
0.07559851
0.07559851
0.07687984
0.07559851
0.07559851
0.07687984
0.07559851
0.07816117
0.07559851
0.07687984
0.07687984
0.07687984
0.07816117
0.07816117
0.07687984
0.07687984
0.07431718
0.07559851
0.07431718
0.07047318
0.07559851
0.07559851
0.07559851
0.07559851
0.07687984
0.07687984
0.07687984
0.07687984
0.07687984
0.07687984
0.07559851
0.07687984
0.07816117
0.07816117
0.07816117
0.07816117
0.07816117
0.07816117
0.07431718
0.07559851
0.07559851
0.07303584
0.07559851
0.07559851
0.07559851
0.07559851
0.07559851
0.07687984
0.07687984
0.07559851
0.07687984
0.07687984
0.07431718
0.07687984
0.07816117
0.07687984
0.07687984
0.07687984
0.07559851
0.07816117
0.07431718
0.07431718
0.07431718
0.07303584
0.07431718
0.07303584
0.07431718
0.07559851
0.07687984
0.07687984
0.07687984
0.07559851
0.07687984
0.07687984
0.07559851
0.07687984
0.07816117
0.07816117
0.07816117
0.07816117
0.07816117
0.07431718
0.07431718
0.07559851
0.07431718
0.07175452
0.07431718
0.07559851
0.07431718
0.07431718
0.07431718
0.07559851
0.07687984
0.07687984
0.07687984
0.07687984
0.07431718
0.07816117
0.07816117
0.07687984
0.07687984
0.07687984
0.07687984
0.07816117
0.07816117
0.07687984
0.07431718
0.07303584
0.07431718
0.07559851
0.07559851
0.07431718
0.07431718
0.07559851
0.07559851
0.07559851
0.07687984
0.07687984
0.07431718
0.07687984
0.07687984
0.07816117
0.07687984
0.07687984
0.07687984
0.07816117
0.07816117
0.07816117
0.07816117
0.07559851
0.07816117
0.07559851
0.07559851
0.07559851
0.07559851
0.07559851
0.07559851
0.07559851
0.07559851
0.07559851
0.07431718
0.07559851
0.07431718
0.07687984
0.07687984
0.07687984
0.07687984
0.07687984
0.07687984
0.07687984
0.07687984
0.07687984
0.07816117
0.07559851
0.07687984
0.07687984
0.07816117
0.07687984
0.07687984
0.07431718
0.07431718
0.07559851
0.07175452
0.07559851
0.07559851
0.07559851
0.07559851
0.07559851
0.07559851
0.07687984
0.07559851
0.07559851
0.07687984
0.07559851
0.07687984
0.07816117
0.07816117
0.07687984
0.07687984
0.07687984
0.07816117
0.07687984
0.07816117
0.07687984
0.07431718
0.07816117
0.07816117
0.07687984
0.07687984
0.07431718
0.07431718
0.07431718
0.07559851
0.07431718
0.07559851
0.07303584
0.07431718
0.07303584
0.07431718
0.07431718
0.07431718
0.07559851
0.07687984
0.07687984
0.07687984
0.07559851
0.07303584
0.07559851
0.07687984
0.07687984
0.07559851
0.07687984
0.07687984
0.07687984
0.07816117
0.07816117
0.07816117
0.07047318
0.07431718
0.07431718
0.07431718
0.07431718
0.07687984
0.07431718
0.07559851
0.07559851
0.07559851
0.07559851
0.07431718
0.07687984
0.07559851
0.07559851
0.07559851
0.07559851
0.07559851
0.07687984
0.07687984
0.07559851
0.07559851
0.07559851
0.07559851
0.07687984
0.07687984
0.07687984
0.07559851
0.07559851
0.07559851
0.07559851
0.07559851
0.07559851
0.07431718
0.07559851
0.07687984
0.07303584
0.07303584
0.07303584
0.07303584
0.07303584
0.07303584
0.07303584
0.07303584
0.07047318
0.07303584
0.07431718
0.07559851
0.07559851
0.07559851
0.07559851
0.07559851
0.07431718
0.07431718
0.07431718
0.07431718
0.07559851
0.07559851
0.07175452
0.07559851
0.07559851
0.07559851
0.07687984
0.07303584
0.07303584
0.07303584
0.07047318
0.07303584
0.07303584
0.07303584
0.07303584
0.07303584
0.07303584
0.07303584
0.07303584
0.07431718
0.07559851
0.07431718
0.07559851
0.07175452
0.07303584
0.07431718
0.07303584
0.07431718
0.07559851
0.07303584
0.07431718
0.07431718
0.07431718
0.07431718
0.07559851
0.07559851
0.07175452
0.07175452
0.07175452
0.07175452
0.07175452
0.07303584
0.07175452
0.06919185
0.07175452
0.07175452
0.07431718
0.07303584
0.07303584
0.07303584
0.07431718
0.07303584
0.07431718
0.07431718
0.07047318
0.07431718
0.07431718
0.07431718
0.07175452
0.07175452
0.07175452
0.07175452
0.07175452
0.07175452
0.07175452
0.07047318
0.07175452
0.07559851
0.07431718
0.07431718
0.07303584
0.07431718
0.07431718
0.07303584
0.07559851
0.07559851
0.07303584
0.07303584
0.07559851
0.07175452
0.07303584
0.07175452
0.07175452
0.07175452
0.07175452
0.07175452
0.07303584
0.07175452
0.07303584
0.07431718
0.07431718
0.07303584
0.07303584
0.07431718
0.07431718
0.07303584
0.07431718
0.07303584
0.07303584
0.07047318
0.07175452
0.07175452
0.07175452
0.07175452
0.07175452
0.07175452
0.07175452
0.07303584
0.07303584
0.07303584
0.07303584
0.07303584
0.07175452
0.07303584
0.07175452
0.07303584
0.07431718
0.08713049
0.07303584
0.07431718
0.07303584
0.07431718
0.07431718
0.07431718
0.07431718
0.07047318
