0.143776
0.143776
0.1412133
0.143776
0.143776
0.143776
0.1412133
0.143776
0.143776
0.1424946
0.1424946
0.1424946
0.1424946
0.139932
0.1424946
0.1424946
0.1412133
0.1412133
0.143776
0.143776
0.1424946
0.143776
0.1424946
0.1412133
0.1386506
0.1412133
0.1424946
0.1412133
0.1424946
0.143776
0.1424946
0.1424946
0.1424946
0.1412133
0.139932
0.1386506
0.1424946
0.1412133
0.139932
0.1463386
0.1450573
0.143776
0.1412133
0.143776
0.1412133
0.139932
0.136088
0.1424946
0.1450573
0.1424946
0.1412133
0.143776
0.1412133
0.139932
0.1412133
0.1412133
0.1424946
0.1373693
0.1412133
0.1386506
0.1412133
0.139932
0.1424946
0.1412133
0.139932
0.1412133
0.139932
0.1412133
0.1373693
0.139932
0.1412133
0.139932
0.1424946
0.1412133
0.139932
0.1373693
0.139932
0.139932
0.1386506
0.136088
0.139932
0.1386506
0.1373693
0.1386506
0.1386506
0.1386506
0.1386506
0.1476199
0.139932
0.1373693
0.1348066
0.1373693
0.1386506
0.1373693
0.1373693
0.1386506
0.136088
0.136088
0.1348066
0.136088
0.136088
0.1348066
0.1335253
0.1348066
0.1386506
0.1373693
0.136088
0.1348066
0.1348066
0.1348066
0.132244
0.1335253
0.1284
0.1296813
0.1348066
0.1335253
0.132244
0.1309626
0.1335253
0.1348066
0.1335253
0.132244
0.1335253
0.1296813
0.1335253
0.1348066
0.1335253
0.132244
0.132244
0.132244
0.1309626
0.132244
0.1335253
0.1296813
0.1284
0.1309626
0.1309626
0.1296813
0.1271186
0.1296813
0.1309626
0.1296813
0.1284
0.1271186
0.1284
0.1219933
0.1258373
0.1258373
0.1232747
0.1232747
0.124556
0.1232747
0.124556
0.1232747
0.1232747
0.1232747
0.120712
0.120712
0.1232747
0.1219933
0.120712
0.1219933
0.120712
0.120712
0.120712
0.120712
0.120712
0.1194307
0.120712
0.120712
0.120712
0.1194307
0.1194307
0.1194307
0.1194307
0.120712
0.1194307
0.1194307
0.113024
0.1181493
0.1143053
0.116868
0.1181493
0.120712
0.1232747
0.1181493
0.1194307
0.1194307
0.120712
0.1155867
0.120712
0.120712
0.1194307
0.1219933
0.1194307
0.120712
0.1194307
0.116868
0.116868
0.1181493
0.1155867
0.1194307
0.1155867
0.1181493
0.1181493
0.116868
0.1181493
0.1155867
0.116868
0.116868
0.1155867
0.1143053
0.116868
0.1155867
0.1143053
0.1155867
0.1155867
0.1155867
0.1143053
0.113024
0.1143053
0.113024
0.1104613
0.1117427
0.1117427
0.1143053
0.113024
0.113024
0.1143053
0.1143053
0.113024
0.113024
0.1143053
0.1078987
0.1155867
0.1143053
0.1117427
0.1143053
0.1143053
0.1143053
0.113024
0.113024
0.113024
0.113024
0.10918
0.113024
0.1155867
0.113024
0.1155867
0.1143053
0.113024
0.113024
0.113024
0.1104613
0.1117427
0.1066173
0.113024
0.1104613
0.1104613
0.1078987
0.1104613
0.1104613
0.10918
0.10918
0.10918
0.1104613
0.1066173
0.1078987
0.10918
0.10918
0.1066173
0.1066173
0.1078987
0.1078987
0.10918
0.105336
0.1078987
0.1027734
0.1078987
0.10918
0.105336
0.10918
0.1078987
0.1066173
0.1078987
0.105336
0.105336
0.1040547
0.1066173
0.105336
0.105336
0.1040547
0.1040547
0.1066173
0.1040547
0.105336
0.1040547
0.1027734
0.105336
0.101492
0.105336
0.1066173
0.1040547
0.1040547
0.101492
0.105336
0.1040547
0.1027734
0.1027734
0.1002107
0.1002107
0.1027734
0.105336
0.1002107
0.09892936
0.1002107
0.09892936
0.101492
0.101492
0.1002107
0.1002107
0.09508537
0.101492
0.1002107
0.09892936
0.09764803
0.09764803
0.09764803
0.1002107
0.09764803
0.09892936
0.09892936
0.0963667
0.09764803
0.09764803
0.0963667
0.09764803
0.09892936
0.09764803
0.0963667
0.09892936
0.1002107
0.101492
0.09252271
0.09764803
0.0963667
0.09508537
0.09764803
0.09764803
0.09508537
0.09508537
0.0963667
0.09252271
0.09252271
0.09124137
0.09252271
0.09252271
0.09124137
0.09124137
0.09380404
0.09252271
0.09380404
0.09124137
0.08996005
0.08996005
0.08739738
0.08996005
0.08996005
0.09124137
0.09124137
0.08996005
0.08996005
0.08996005
0.08867872
0.09252271
0.08996005
0.08355339
0.09252271
0.09124137
0.08996005
0.08739738
0.08739738
0.08996005
0.08996005
0.08867872
0.08867872
0.08739738
0.08355339
0.08739738
0.08483472
0.08739738
0.08739738
0.08996005
0.08739738
0.08867872
0.08739738
0.08611605
0.08739738
0.08611605
0.08867872
0.08867872
0.08739738
0.08611605
0.08483472
0.08483472
0.08739738
0.08739738
0.08611605
0.08867872
0.08227206
0.08355339
0.08355339
0.08483472
0.08099072
0.08355339
0.08355339
0.08355339
0.08227206
0.08355339
0.0797094
0.07842807
0.08355339
0.08227206
0.08739738
0.08611605
0.08867872
0.08739738
0.08739738
0.08611605
0.08867872
0.08483472
0.08355339
0.08611605
0.08739738
0.08355339
0.08483472
0.08483472
0.08483472
0.08227206
0.08611605
0.08611605
0.08739738
0.08355339
0.08355339
0.08739738
0.08867872
0.08355339
0.08355339
0.08355339
0.08483472
0.08355339
0.08611605
0.08483472
0.0797094
0.08227206
0.08355339
0.08227206
0.08227206
0.08099072
0.08099072
0.08227206
0.08099072
0.08099072
0.08227206
0.07842807
0.07842807
0.08611605
0.08227206
0.08227206
0.08227206
0.08227206
0.08227206
0.08355339
0.0797094
0.08099072
0.0758654
0.08099072
0.08099072
0.08227206
0.08099072
0.08099072
0.07714673
0.07714673
0.07714673
0.0758654
0.07714673
0.07074008
0.0758654
0.0797094
0.07842807
0.0758654
0.07842807
0.0758654
0.07714673
0.0797094
0.07714673
0.07714673
0.0758654
0.07458407
0.07714673
0.07714673
0.07458407
0.0758654
0.0758654
0.07714673
0.0758654
0.07330274
0.07330274
0.07330274
0.0758654
0.07458407
0.07458407
0.07458407
0.07330274
0.07202141
0.07330274
0.07458407
0.07330274
0.07202141
0.06945875
0.07458407
0.07330274
0.07202141
0.07074008
0.07330274
0.07202141
0.07458407
0.07330274
0.07330274
0.07074008
0.07202141
0.07330274
0.0758654
0.07458407
0.07458407
0.06945875
0.07202141
0.07330274
0.06817742
0.07202141
0.07074008
0.06817742
0.07202141
0.07074008
0.07330274
0.07074008
0.07330274
0.07074008
0.06817742
0.06817742
0.06945875
0.07330274
0.06817742
0.06945875
0.06945875
0.06945875
0.06945875
0.07202141
0.06945875
0.07074008
0.06817742
0.06945875
0.06945875
0.06689609
0.06945875
0.06945875
0.06561475
0.06817742
0.06689609
0.06817742
0.06817742
0.06817742
0.06945875
0.06817742
0.06433342
0.06689609
0.06945875
0.06689609
0.06689609
0.06817742
0.06561475
0.06689609
0.06561475
0.06561475
0.06561475
0.06561475
0.06817742
0.06689609
0.06561475
0.06433342
0.06433342
0.06433342
0.06433342
0.06561475
0.06561475
0.0630521
0.0630521
0.06433342
0.06561475
0.06433342
0.0630521
0.0630521
0.06561475
0.06177076
0.06433342
0.06433342
0.06433342
0.05792677
0.0630521
0.06561475
0.0630521
0.06433342
0.0630521
0.0630521
0.06561475
0.06177076
0.06177076
0.06048943
0.05664544
0.06048943
0.06177076
0.06177076
0.06177076
0.06177076
0.0592081
0.0630521
0.06048943
0.06048943
0.0592081
0.05792677
0.06048943
0.0592081
0.05792677
0.06048943
0.0592081
0.06048943
0.06048943
0.0592081
0.06048943
0.0592081
0.05664544
0.05792677
0.05664544
0.05664544
0.05664544
0.05664544
0.05664544
0.05664544
0.05664544
0.05664544
0.05664544
0.05664544
0.05664544
0.05664544
0.05664544
0.05664544
0.0592081
0.0592081
0.05664544
0.05792677
0.05664544
0.05664544
0.05408278
0.0592081
0.05792677
0.05664544
0.05792677
0.05408278
0.05664544
0.05536411
0.05536411
0.05792677
0.05664544
0.05408278
0.05408278
0.05664544
0.05664544
0.05664544
0.05664544
0.05664544
0.05792677
0.05664544
0.05792677
0.05664544
0.05023878
0.05664544
0.05792677
0.05536411
0.05536411
0.05408278
0.05664544
0.05280145
0.05664544
0.05152011
0.05280145
0.04895745
0.05408278
0.05536411
0.05408278
0.05280145
0.05280145
0.05536411
0.05280145
0.06689609
0.05408278
0.05280145
0.04639479
0.05280145
0.05408278
0.05152011
0.05280145
0.05152011
0.05408278
0.05408278
0.05152011
0.05408278
0.05408278
0.04767612
0.05152011
0.05152011
0.05152011
0.05152011
0.05152011
0.04895745
0.05023878
0.05023878
0.05152011
0.04895745
0.04639479
0.04895745
0.05152011
0.05152011
0.05152011
0.05023878
0.05023878
0.05152011
0.04895745
0.05023878
0.04895745
0.04126947
0.04895745
0.05023878
0.05023878
0.04895745
0.04895745
0.04895745
0.04767612
0.05023878
0.05152011
0.05152011
0.04639479
0.04767612
0.05023878
0.04895745
0.04895745
0.04767612
0.04767612
0.04767612
0.04511346
0.04895745
0.04511346
0.03998813
0.04639479
0.04767612
0.04895745
0.04895745
0.04767612
0.04639479
0.05023878
0.04255079
0.04255079
0.03998813
0.03742547
0.04126947
0.04126947
0.04126947
0.04126947
0.03998813
0.04255079
0.03998813
0.03998813
0.04255079
0.04126947
0.03742547
0.04126947
0.03742547
0.04383213
0.04895745
0.04126947
0.04126947
0.04126947
0.0387068
0.04126947
0.04126947
0.03742547
0.04255079
0.03998813
0.03998813
0.0387068
0.0387068
0.04126947
0.03998813
0.04126947
0.03998813
0.04126947
0.03358148
0.03742547
0.04126947
0.0387068
0.0387068
0.03742547
0.03998813
0.0387068
0.05023878
0.04126947
0.03998813
0.03486281
0.0387068
0.0387068
0.0387068
0.0387068
0.03742547
0.03742547
0.03998813
0.0387068
0.0387068
0.0387068
0.03742547
0.03998813
0.03998813
0.03998813
0.03998813
0.03742547
0.0387068
0.03742547
0.0387068
0.03998813
0.03998813
0.03742547
0.03742547
0.04126947
0.0387068
0.0387068
0.03614414
0.03998813
0.0387068
0.03742547
0.03742547
0.0387068
0.03614414
0.03998813
0.03486281
0.03998813
0.03614414
0.03614414
0.03614414
0.0387068
0.03742547
0.03614414
0.03614414
0.03358148
0.03486281
0.03998813
0.03742547
0.03742547
0.03998813
0.03998813
0.03614414
0.0387068
0.0387068
0.03742547
0.03358148
0.03742547
0.03998813
0.03614414
0.03742547
0.03742547
0.03614414
0.03742547
0.03230015
0.03486281
0.03486281
0.02845616
0.1204451
0.1563224
0.170417
0.178105
0.181949
0.1832303
0.1870743
0.1870743
0.1870743
0.189637
0.1883556
0.1883556
0.1909183
0.1909183
0.1909183
0.1909183
0.1909183
0.1909183
0.1909183
0.1909183
0.1909183
0.189637
0.1921996
0.1921996
0.1909183
0.1909183
0.1921996
0.1909183
0.1909183
0.1909183
0.1909183
0.1909183
0.1870743
0.1909183
0.1909183
0.1909183
0.189637
0.1909183
0.1921996
0.1909183
0.1909183
0.1883556
0.1883556
0.1870743
0.1870743
0.1870743
0.1870743
0.1870743
0.1870743
0.185793
0.1870743
0.1870743
0.1883556
0.185793
0.1845116
0.1870743
0.185793
0.1870743
0.185793
0.185793
0.1870743
0.1870743
0.1870743
0.1870743
0.1870743
0.185793
0.1870743
0.1870743
0.1870743
0.1870743
0.1870743
0.1870743
0.1870743
0.1883556
0.1883556
0.1870743
0.185793
0.1870743
0.1883556
0.1870743
0.1883556
0.1883556
0.1883556
0.1883556
0.1883556
0.1870743
0.1870743
0.185793
0.1870743
0.1870743
0.1870743
0.1870743
0.1870743
0.1883556
0.1883556
0.1883556
0.1870743
0.185793
0.185793
0.1870743
0.1870743
0.185793
0.1832303
0.1870743
0.185793
0.185793
0.185793
0.185793
0.185793
0.1832303
0.185793
0.1870743
0.185793
0.1845116
0.1832303
0.1832303
0.1832303
0.1832303
0.1832303
0.1832303
0.1832303
0.1832303
0.1832303
0.1832303
0.1832303
0.1832303
0.1832303
0.1832303
0.1845116
0.1845116
0.1832303
0.1832303
0.1832303
0.181949
0.1845116
0.1832303
0.181949
0.181949
0.181949
0.1832303
0.181949
0.181949
0.1793863
0.181949
0.1832303
0.181949
0.181949
0.181949
0.181949
0.181949
0.1806677
0.1832303
0.181949
0.1806677
0.181949
0.181949
0.1806677
0.181949
0.181949
0.1806677
0.1806677
0.1806677
0.181949
0.181949
0.178105
0.1806677
0.181949
0.1806677
0.1806677
0.1806677
0.1806677
0.1806677
0.1806677
0.1793863
0.1806677
0.1806677
0.1806677
0.181949
0.181949
0.1806677
0.1806677
0.1806677
0.1806677
0.1806677
0.1806677
0.1806677
0.178105
0.1806677
0.1793863
0.1793863
0.1806677
0.1793863
0.1793863
0.1806677
0.1806677
0.1806677
0.1806677
0.1806677
0.1793863
0.1806677
0.1793863
0.1793863
0.1806677
0.1793863
0.1793863
0.1793863
0.1793863
0.1806677
0.1793863
0.1793863
0.1806677
0.1793863
0.1793863
0.1806677
0.1793863
0.1793863
0.1793863
0.1793863
0.1793863
0.1768237
0.1793863
0.1755423
0.1755423
0.174261
0.1768237
0.178105
0.178105
0.178105
0.1768237
0.1768237
0.174261
0.1768237
0.1768237
0.1768237
0.1768237
0.1768237
0.1768237
0.1768237
0.1768237
0.1768237
0.1768237
0.1729797
0.1768237
0.1768237
0.1755423
0.1768237
0.1755423
0.1755423
0.1755423
0.1755423
0.1755423
0.1768237
0.1729797
0.1768237
0.1755423
0.1755423
0.174261
0.1755423
0.1755423
0.1755423
0.174261
0.1755423
0.174261
0.1729797
0.1755423
0.1755423
0.174261
0.174261
0.174261
0.174261
0.1716983
0.1716983
0.1716983
0.1716983
0.170417
0.1716983
0.1716983
0.1716983
0.1716983
0.1716983
0.1716983
0.1716983
0.1716983
0.1716983
0.1716983
0.170417
0.1716983
0.1716983
0.1716983
0.1716983
0.170417
0.1716983
0.1716983
0.170417
0.170417
0.170417
0.1691357
0.170417
0.1691357
0.170417
0.170417
0.1716983
0.1716983
0.170417
0.170417
0.170417
0.170417
0.1691357
0.170417
0.1691357
0.170417
0.1691357
0.170417
0.170417
0.170417
0.170417
0.170417
