1569411906.503
1569411906.753
1569411907.003
1569411907.253
1569411907.503
1569411907.753
1569411908.003
1569411908.253
1569411908.503
1569411908.753
1569411909.003
1569411909.253
1569411909.503
1569411909.753
1569411910.003
1569411910.253
1569411910.503
1569411910.753
1569411911.003
1569411911.253
1569411911.503
1569411911.753
1569411912.003
1569411912.253
1569411912.503
1569411912.753
1569411913.003
1569411913.253
1569411913.503
1569411913.753
1569411914.003
1569411914.253
1569411914.503
1569411914.753
1569411915.003
1569411915.253
1569411915.503
1569411915.753
1569411916.003
1569411916.253
1569411916.503
1569411916.753
1569411917.003
1569411917.253
1569411917.503
1569411917.753
1569411918.003
1569411918.253
1569411918.503
1569411918.753
1569411919.003
1569411919.253
1569411919.503
1569411919.753
1569411920.003
1569411920.253
1569411920.503
1569411920.753
1569411921.003
1569411921.253
1569411921.503
1569411921.753
1569411922.003
1569411922.253
1569411922.503
1569411922.753
1569411923.003
1569411923.253
1569411923.503
1569411923.753
1569411924.003
1569411924.253
1569411924.503
1569411924.753
1569411925.003
1569411925.253
1569411925.503
1569411925.753
1569411926.003
1569411926.253
1569411926.503
1569411926.753
1569411927.003
1569411927.253
1569411927.503
1569411927.753
1569411928.003
1569411928.253
1569411928.503
1569411928.753
1569411929.003
1569411929.253
1569411929.503
1569411929.753
1569411930.003
1569411930.253
1569411930.503
1569411930.753
1569411931.003
1569411931.253
1569411931.503
1569411931.753
1569411932.003
1569411932.253
1569411932.503
1569411932.753
1569411933.003
1569411933.253
1569411933.503
1569411933.753
1569411934.003
1569411934.253
1569411934.503
1569411934.753
1569411935.003
1569411935.253
1569411935.503
1569411935.753
1569411936.003
1569411936.253
1569411936.503
1569411936.753
1569411937.003
1569411937.253
1569411937.503
1569411937.753
1569411938.003
1569411938.253
1569411938.503
1569411938.753
1569411939.003
1569411939.253
1569411939.503
1569411939.753
1569411940.003
1569411940.253
1569411940.503
1569411940.753
1569411941.003
1569411941.253
1569411941.503
1569411941.753
1569411942.003
1569411942.253
1569411942.503
1569411942.753
1569411943.003
1569411943.253
1569411943.503
1569411943.753
1569411944.003
1569411944.253
1569411944.503
1569411944.753
1569411945.003
1569411945.253
1569411945.503
1569411945.753
1569411946.003
1569411946.253
1569411946.503
1569411946.753
1569411947.003
1569411947.253
1569411947.503
1569411947.753
1569411948.003
1569411948.253
1569411948.503
1569411948.753
1569411949.003
1569411949.253
1569411949.503
1569411949.753
1569411950.003
1569411950.253
1569411950.503
1569411950.753
1569411951.003
1569411951.253
1569411951.503
1569411951.753
1569411952.003
1569411952.253
1569411952.503
1569411952.753
1569411953.003
1569411953.253
1569411953.503
1569411953.753
1569411954.003
1569411954.253
1569411954.503
1569411954.753
1569411955.003
1569411955.253
1569411955.503
1569411955.753
1569411956.003
1569411956.253
1569411956.503
1569411956.753
1569411957.003
1569411957.253
1569411957.503
1569411957.753
1569411958.003
1569411958.253
1569411958.503
1569411958.753
1569411959.003
1569411959.253
1569411959.503
1569411959.753
1569411960.003
1569411960.253
1569411960.503
1569411960.753
1569411961.003
1569411961.253
1569411961.503
1569411961.753
1569411962.003
1569411962.253
1569411962.503
1569411962.753
1569411963.003
1569411963.253
1569411963.503
1569411963.753
1569411964.003
1569411964.253
1569411964.503
1569411964.753
1569411965.003
1569411965.253
1569411965.503
1569411965.753
1569411966.003
1569411966.253
1569411966.503
1569411966.753
1569411967.003
1569411967.253
1569411967.503
1569411967.753
1569411968.003
1569411968.253
1569411968.503
1569411968.753
1569411969.003
1569411969.253
1569411969.503
1569411969.753
1569411970.003
1569411970.253
1569411970.503
1569411970.753
1569411971.003
1569411971.253
1569411971.503
1569411971.753
1569411972.003
1569411972.253
1569411972.503
1569411972.753
1569411973.003
1569411973.253
1569411973.503
1569411973.753
1569411974.003
1569411974.253
1569411974.503
1569411974.753
1569411975.003
1569411975.253
1569411975.503
1569411975.753
1569411976.003
1569411976.253
1569411976.503
1569411976.753
1569411977.003
1569411977.253
1569411977.503
1569411977.753
1569411978.003
1569411978.253
1569411978.503
1569411978.753
1569411979.003
1569411979.253
1569411979.503
1569411979.753
1569411980.003
1569411980.253
1569411980.503
1569411980.753
1569411981.003
1569411981.253
1569411981.503
1569411981.753
1569411982.003
1569411982.253
1569411982.503
1569411982.753
1569411983.003
1569411983.253
1569411983.503
1569411983.753
1569411984.003
1569411984.253
1569411984.503
1569411984.753
1569411985.003
1569411985.253
1569411985.503
1569411985.753
1569411986.003
1569411986.253
1569411986.503
1569411986.753
1569411987.003
1569411987.253
1569411987.503
1569411987.753
1569411988.003
1569411988.253
1569411988.503
1569411988.753
1569411989.003
1569411989.253
1569411989.503
1569411989.753
1569411990.003
1569411990.253
1569411990.503
1569411990.753
1569411991.003
1569411991.253
1569411991.503
1569411991.753
1569411992.003
1569411992.253
1569411992.503
1569411992.753
1569411993.003
1569411993.253
1569411993.503
1569411993.753
1569411994.003
1569411994.253
1569411994.503
1569411994.753
1569411995.003
1569411995.253
1569411995.503
1569411995.753
1569411996.003
1569411996.253
1569411996.503
1569411996.753
1569411997.003
1569411997.253
1569411997.503
1569411997.753
1569411998.003
1569411998.253
1569411998.503
1569411998.753
1569411999.003
1569411999.253
1569411999.503
1569411999.753
1569412000.003
1569412000.253
1569412000.503
1569412000.753
1569412001.003
1569412001.253
1569412001.503
1569412001.753
1569412002.003
1569412002.253
1569412002.503
1569412002.753
1569412003.003
1569412003.253
1569412003.503
1569412003.753
1569412004.003
1569412004.253
1569412004.503
1569412004.753
1569412005.003
1569412005.253
1569412005.503
1569412005.753
1569412006.003
1569412006.253
1569412006.503
1569412006.753
1569412007.003
1569412007.253
1569412007.503
1569412007.753
1569412008.003
1569412008.253
1569412008.503
1569412008.753
1569412009.003
1569412009.253
1569412009.503
1569412009.753
1569412010.003
1569412010.253
1569412010.503
1569412010.753
1569412011.003
1569412011.253
1569412011.503
1569412011.753
1569412012.003
1569412012.253
1569412012.503
1569412012.753
1569412013.003
1569412013.253
1569412013.503
1569412013.753
1569412014.003
1569412014.253
1569412014.503
1569412014.753
1569412015.003
1569412015.253
1569412015.503
1569412015.753
1569412016.003
1569412016.253
1569412016.503
1569412016.753
1569412017.003
1569412017.253
1569412017.503
1569412017.753
1569412018.003
1569412018.253
1569412018.503
1569412018.753
1569412019.003
1569412019.253
1569412019.503
1569412019.753
1569412020.003
1569412020.253
1569412020.503
1569412020.753
1569412021.003
1569412021.253
1569412021.503
1569412021.753
1569412022.003
1569412022.253
1569412022.503
1569412022.753
1569412023.003
1569412023.253
1569412023.503
1569412023.753
1569412024.003
1569412024.253
1569412024.503
1569412024.753
1569412025.003
1569412025.253
1569412025.503
1569412025.753
1569412026.003
1569412026.253
1569412026.503
1569412026.753
1569412027.003
1569412027.253
1569412027.503
1569412027.753
1569412028.003
1569412028.253
1569412028.503
1569412028.753
1569412029.003
1569412029.253
1569412029.503
1569412029.753
1569412030.003
1569412030.253
1569412030.503
1569412030.753
1569412031.003
1569412031.253
1569412031.503
1569412031.753
1569412032.003
1569412032.253
1569412032.503
1569412032.753
1569412033.003
1569412033.253
1569412033.503
1569412033.753
1569412034.003
1569412034.253
1569412034.503
1569412034.753
1569412035.003
1569412035.253
1569412035.503
1569412035.753
1569412036.003
1569412036.253
1569412036.503
1569412036.753
1569412037.003
1569412037.253
1569412037.503
1569412037.753
1569412038.003
1569412038.253
1569412038.503
1569412038.753
1569412039.003
1569412039.253
1569412039.503
1569412039.753
1569412040.003
1569412040.253
1569412040.503
1569412040.753
1569412041.003
1569412041.253
1569412041.503
1569412041.753
1569412042.003
1569412042.253
1569412042.503
1569412042.753
1569412043.003
1569412043.253
1569412043.503
1569412043.753
1569412044.003
1569412044.253
1569412044.503
1569412044.753
1569412045.003
1569412045.253
1569412045.503
1569412045.753
1569412046.003
1569412046.253
1569412046.503
1569412046.753
1569412047.003
1569412047.253
1569412047.503
1569412047.753
1569412048.003
1569412048.253
1569412048.503
1569412048.753
1569412049.003
1569412049.253
1569412049.503
1569412049.753
1569412050.003
1569412050.253
1569412050.503
1569412050.753
1569412051.003
1569412051.253
1569412051.503
1569412051.753
1569412052.003
1569412052.253
1569412052.503
1569412052.753
1569412053.003
1569412053.253
1569412053.503
1569412053.753
1569412054.003
1569412054.253
1569412054.503
1569412054.753
1569412055.003
1569412055.253
1569412055.503
1569412055.753
1569412056.003
1569412056.253
1569412056.503
1569412056.753
1569412057.003
1569412057.253
1569412057.503
1569412057.753
1569412058.003
1569412058.253
1569412058.503
1569412058.753
1569412059.003
1569412059.253
1569412059.503
1569412059.753
1569412060.003
1569412060.253
1569412060.503
1569412060.753
1569412061.003
1569412061.253
1569412061.503
1569412061.753
1569412062.003
1569412062.253
1569412062.503
1569412062.753
1569412063.003
1569412063.253
1569412063.503
1569412063.753
1569412064.003
1569412064.253
1569412064.503
1569412064.753
1569412065.003
1569412065.253
1569412065.503
1569412065.753
1569412066.003
1569412066.253
1569412066.503
1569412066.753
1569412067.003
1569412067.253
1569412067.503
1569412067.753
1569412068.003
1569412068.253
1569412068.503
1569412068.753
1569412069.003
1569412069.253
1569412069.503
1569412069.753
1569412070.003
1569412070.253
1569412070.503
1569412070.753
1569412071.003
1569412071.253
1569412071.503
1569412071.753
1569412072.003
1569412072.253
1569412072.503
1569412072.753
1569412073.003
1569412073.253
1569412073.503
1569412073.753
1569412074.003
1569412074.253
1569412074.503
1569412074.753
1569412075.003
1569412075.253
1569412075.503
1569412075.753
1569412076.003
1569412076.253
1569412076.503
1569412076.753
1569412077.003
1569412077.253
1569412077.503
1569412077.753
1569412078.003
1569412078.253
1569412078.503
1569412078.753
1569412079.003
1569412079.253
1569412079.503
1569412079.753
1569412080.003
1569412080.253
1569412080.503
1569412080.753
1569412081.003
1569412081.253
1569412081.503
1569412081.753
1569412082.003
1569412082.253
1569412082.503
1569412082.753
1569412083.003
1569412083.253
1569412083.503
1569412083.753
1569412084.003
1569412084.253
1569412084.503
1569412084.753
1569412085.003
1569412085.253
1569412085.503
1569412085.753
1569412086.003
1569412086.253
1569412086.503
1569412086.753
1569412087.003
1569412087.253
1569412087.503
1569412087.753
1569412088.003
1569412088.253
1569412088.503
1569412088.753
1569412089.003
1569412089.253
1569412089.503
1569412089.753
1569412090.003
1569412090.253
1569412090.503
1569412090.753
1569412091.003
1569412091.253
1569412091.503
1569412091.753
1569412092.003
1569412092.253
1569412092.503
1569412092.753
1569412093.003
1569412093.253
1569412093.503
1569412093.753
1569412094.003
1569412094.253
1569412094.503
1569412094.753
1569412095.003
1569412095.253
1569412095.503
1569412095.753
1569412096.003
1569412096.253
1569412096.503
1569412096.753
1569412097.003
1569412097.253
1569412097.503
1569412097.753
1569412098.003
1569412098.253
1569412098.503
1569412098.753
1569412099.003
1569412099.253
1569412099.503
1569412099.753
1569412100.003
1569412100.253
1569412100.503
1569412100.753
1569412101.003
1569412101.253
1569412101.503
1569412101.753
1569412102.003
1569412102.253
1569412102.503
1569412102.753
1569412103.003
1569412103.253
1569412103.503
1569412103.753
1569412104.003
1569412104.253
1569412104.503
1569412104.753
1569412105.003
1569412105.253
1569412105.503
1569412105.753
1569412106.003
1569412106.253
1569412106.503
1569412106.753
1569412107.003
1569412107.253
1569412107.503
1569412107.753
1569412108.003
1569412108.253
1569412108.503
1569412108.753
1569412109.003
1569412109.253
1569412109.503
1569412109.753
1569412110.003
1569412110.253
1569412110.503
1569412110.753
1569412111.003
1569412111.253
1569412111.503
1569412111.753
1569412112.003
1569412112.253
1569412112.503
1569412112.753
1569412113.003
1569412113.253
1569412113.503
1569412113.753
1569412114.003
1569412114.253
1569412114.503
1569412114.753
1569412115.003
1569412115.253
1569412115.503
1569412115.753
1569412116.003
1569412116.253
1569412116.503
1569412116.753
1569412117.003
1569412117.253
1569412117.503
1569412117.753
1569412118.003
1569412118.253
1569412118.503
1569412118.753
1569412119.003
1569412119.253
1569412119.503
1569412119.753
1569412120.003
1569412120.253
1569412120.503
1569412120.753
1569412121.003
1569412121.253
1569412121.503
1569412121.753
1569412122.003
1569412122.253
1569412122.503
1569412122.753
1569412123.003
1569412123.253
1569412123.503
1569412123.753
1569412124.003
1569412124.253
1569412124.503
1569412124.753
1569412125.003
1569412125.253
1569412125.503
1569412125.753
1569412126.003
1569412126.253
1569412126.503
1569412126.753
1569412127.003
1569412127.253
1569412127.503
1569412127.753
1569412128.003
1569412128.253
1569412128.503
1569412128.753
1569412129.003
1569412129.253
1569412129.503
1569412129.753
1569412130.003
1569412130.253
1569412130.503
1569412130.753
1569412131.003
1569412131.253
1569412131.503
1569412131.753
1569412132.003
1569412132.253
1569412132.503
1569412132.753
1569412133.003
1569412133.253
1569412133.503
1569412133.753
1569412134.003
1569412134.253
1569412134.503
1569412134.753
1569412135.003
1569412135.253
1569412135.503
1569412135.753
1569412136.003
1569412136.253
1569412136.503
1569412136.753
1569412137.003
1569412137.253
1569412137.503
1569412137.753
1569412138.003
1569412138.253
1569412138.503
1569412138.753
1569412139.003
1569412139.253
1569412139.503
1569412139.753
1569412140.003
1569412140.253
1569412140.503
1569412140.753
1569412141.003
1569412141.253
1569412141.503
1569412141.753
1569412142.003
1569412142.253
1569412142.503
1569412142.753
1569412143.003
1569412143.253
1569412143.503
1569412143.753
1569412144.003
1569412144.253
1569412144.503
1569412144.753
1569412145.003
1569412145.253
1569412145.503
1569412145.753
1569412146.003
1569412146.253
1569412146.503
1569412146.753
1569412147.003
1569412147.253
1569412147.503
1569412147.753
1569412148.003
1569412148.253
1569412148.503
1569412148.753
1569412149.003
1569412149.253
1569412149.503
1569412149.753
1569412150.003
1569412150.253
1569412150.503
1569412150.753
1569412151.003
1569412151.253
1569412151.503
1569412151.753
1569412152.003
1569412152.253
1569412152.503
1569412152.753
1569412153.003
1569412153.253
1569412153.503
1569412153.753
1569412154.003
1569412154.253
1569412154.503
1569412154.753
1569412155.003
1569412155.253
1569412155.503
1569412155.753
1569412156.003
1569412156.253
1569412156.503
1569412156.753
1569412157.003
1569412157.253
1569412157.503
1569412157.753
1569412158.003
1569412158.253
1569412158.503
1569412158.753
1569412159.003
1569412159.253
1569412159.503
1569412159.753
1569412160.003
1569412160.253
1569412160.503
1569412160.753
1569412161.003
1569412161.253
1569412161.503
1569412161.753
1569412162.003
1569412162.253
1569412162.503
1569412162.753
1569412163.003
1569412163.253
1569412163.503
1569412163.753
1569412164.003
1569412164.253
1569412164.503
1569412164.753
1569412165.003
1569412165.253
1569412165.503
1569412165.753
1569412166.003
1569412166.253
1569412166.503
1569412166.753
1569412167.003
1569412167.253
1569412167.503
1569412167.753
1569412168.003
1569412168.253
1569412168.503
1569412168.753
1569412169.003
1569412169.253
1569412169.503
1569412169.753
1569412170.003
1569412170.253
1569412170.503
1569412170.753
1569412171.003
1569412171.253
1569412171.503
1569412171.753
1569412172.003
1569412172.253
1569412172.503
1569412172.753
1569412173.003
1569412173.253
1569412173.503
1569412173.753
1569412174.003
1569412174.253
1569412174.503
1569412174.753
1569412175.003
1569412175.253
1569412175.503
1569412175.753
1569412176.003
1569412176.253
1569412176.503
1569412176.753
1569412177.003
1569412177.253
1569412177.503
1569412177.753
1569412178.003
1569412178.253
1569412178.503
1569412178.753
1569412179.003
1569412179.253
1569412179.503
1569412179.753
1569412180.003
1569412180.253
1569412180.503
1569412180.753
1569412181.003
1569412181.253
1569412181.503
1569412181.753
1569412182.003
1569412182.253
1569412182.503
1569412182.753
1569412183.003
1569412183.253
1569412183.503
1569412183.753
1569412184.003
1569412184.253
1569412184.503
1569412184.753
1569412185.003
1569412185.253
1569412185.503
1569412185.753
1569412186.003
1569412186.253
1569412186.503
1569412186.753
1569412187.003
1569412187.253
1569412187.503
1569412187.753
1569412188.003
1569412188.253
1569412188.503
1569412188.753
1569412189.003
1569412189.253
1569412189.503
1569412189.753
1569412190.003
1569412190.253
1569412190.503
1569412190.753
1569412191.003
1569412191.253
1569412191.503
1569412191.753
1569412192.003
1569412192.253
1569412192.503
1569412192.753
1569412193.003
1569412193.253
1569412193.503
1569412193.753
1569412194.003
1569412194.253
1569412194.503
1569412194.753
1569412195.003
1569412195.253
1569412195.503
1569412195.753
1569412196.003
1569412196.253
1569412196.503
1569412196.753
1569412197.003
1569412197.253
1569412197.503
1569412197.753
1569412198.003
1569412198.253
1569412198.503
1569412198.753
1569412199.003
1569412199.253
1569412199.503
1569412199.753
1569412200.003
1569412200.253
1569412200.503
1569412200.753
1569412201.003
1569412201.253
1569412201.503
1569412201.753
1569412202.003
1569412202.253
1569412202.503
1569412202.753
1569412203.003
1569412203.253
1569412203.503
1569412203.753
1569412204.003
1569412204.253
1569412204.503
1569412204.753
1569412205.003
1569412205.253
1569412205.503
1569412205.753
1569412206.003
1569412206.253
1569412206.503
1569412206.753
1569412207.003
1569412207.253
1569412207.503
1569412207.753
1569412208.003
1569412208.253
1569412208.503
1569412208.753
1569412209.003
1569412209.253
1569412209.503
1569412209.753
1569412210.003
1569412210.253
1569412210.503
1569412210.753
1569412211.003
1569412211.253
1569412211.503
1569412211.753
1569412212.003
1569412212.253
1569412212.503
1569412212.753
1569412213.003
1569412213.253
1569412213.503
1569412213.753
1569412214.003
1569412214.253
1569412214.503
1569412214.753
1569412215.003
1569412215.253
1569412215.503
1569412215.753
1569412216.003
1569412216.253
1569412216.503
1569412216.753
1569412217.003
1569412217.253
1569412217.503
1569412217.753
1569412218.003
1569412218.253
1569412218.503
1569412218.753
1569412219.003
1569412219.253
1569412219.503
1569412219.753
1569412220.003
1569412220.253
1569412220.503
1569412220.753
1569412221.003
1569412221.253
1569412221.503
1569412221.753
1569412222.003
1569412222.253
1569412222.503
1569412222.753
1569412223.003
1569412223.253
1569412223.503
1569412223.753
1569412224.003
1569412224.253
1569412224.503
1569412224.753
1569412225.003
1569412225.253
1569412225.503
1569412225.753
1569412226.003
1569412226.253
1569412226.503
1569412226.753
1569412227.003
1569412227.253
