0.1755423
0.1755423
0.174261
0.1716983
0.174261
0.1755423
0.174261
0.174261
0.1729797
0.1729797
0.174261
0.1716983
0.1716983
0.1716983
0.170417
0.1716983
0.1691357
0.170417
0.170417
0.170417
0.1691357
0.1729797
0.1729797
0.1716983
0.1716983
0.1716983
0.1716983
0.1716983
0.1716983
0.170417
0.1716983
0.170417
0.170417
0.170417
0.170417
0.170417
0.1652917
0.1691357
0.1691357
0.166573
0.1691357
0.170417
0.1716983
0.1691357
0.1691357
0.170417
0.170417
0.1678543
0.1691357
0.1691357
0.1678543
0.166573
0.166573
0.1678543
0.1678543
0.1678543
0.1678543
0.1678543
0.1652917
0.1652917
0.166573
0.1652917
0.1652917
0.1652917
0.1640103
0.1652917
0.166573
0.1640103
0.1640103
0.1640103
0.1652917
0.1652917
0.1652917
0.1640103
0.1640103
0.162729
0.1640103
0.1640103
0.1640103
0.1640103
0.162729
0.1640103
0.1640103
0.1640103
0.1640103
0.162729
0.1640103
0.1640103
0.1640103
0.1640103
0.162729
0.162729
0.162729
0.1652917
0.1640103
0.1640103
0.1640103
0.162729
0.162729
0.1768237
0.1640103
0.162729
0.1601664
0.1614477
0.162729
0.162729
0.158885
0.1614477
0.1614477
0.162729
0.1614477
0.1614477
0.1614477
0.1601664
0.1614477
0.1614477
0.1614477
0.1601664
0.1614477
0.1614477
0.1601664
0.1614477
0.158885
0.158885
0.1563224
0.1614477
0.1614477
0.158885
0.1601664
0.158885
0.1601664
0.158885
0.158885
0.1601664
0.158885
0.1563224
0.158885
0.1601664
0.158885
0.1576037
0.1576037
0.1576037
0.158885
0.1563224
0.1576037
0.1576037
0.1563224
0.1576037
0.1576037
0.1576037
0.1576037
0.1576037
0.1563224
0.1563224
0.1563224
0.1563224
0.1563224
0.1537597
0.1576037
0.1563224
0.1576037
0.1563224
0.1563224
0.155041
0.1563224
0.155041
0.155041
0.155041
0.1537597
0.155041
0.1563224
0.1537597
0.155041
0.1563224
0.155041
0.155041
0.1563224
0.155041
0.155041
0.1537597
0.155041
0.155041
0.1537597
0.155041
0.155041
0.1537597
0.1537597
0.1537597
0.155041
0.1537597
0.1524784
0.1537597
0.155041
0.1537597
0.1537597
0.1524784
0.1537597
0.1537597
0.1537597
0.1537597
0.1537597
0.1499157
0.1537597
0.1537597
0.151197
0.1537597
0.1537597
0.1537597
0.1537597
0.1537597
0.1524784
0.1537597
0.1524784
0.1524784
0.1537597
0.151197
0.1524784
0.151197
0.1537597
0.151197
0.1499157
0.1499157
0.1499157
0.1473531
0.1499157
0.1499157
0.1499157
0.1499157
0.1499157
0.1499157
0.1499157
0.1499157
0.1499157
0.1499157
0.1473531
0.1499157
0.1499157
0.1486344
0.1486344
0.1486344
0.1486344
0.1499157
0.1499157
0.1499157
0.1499157
0.1486344
0.1486344
0.1473531
0.1486344
0.1486344
0.1486344
0.1486344
0.1486344
0.1486344
0.1486344
0.1486344
0.1460717
0.1486344
0.151197
0.1499157
0.1499157
0.1499157
0.1486344
0.1486344
0.1499157
0.1499157
0.1499157
0.1486344
0.1499157
0.151197
0.1486344
0.1486344
0.1486344
0.1486344
0.1486344
0.1473531
0.1499157
0.1486344
0.1447904
0.1473531
0.1486344
0.1486344
0.1486344
0.1486344
0.1486344
0.1486344
0.1486344
0.1486344
0.1473531
0.1460717
0.1486344
0.1486344
0.1486344
0.1486344
0.1486344
0.1486344
0.1473531
0.1499157
0.1486344
0.1486344
0.1473531
0.1486344
0.1486344
0.1486344
0.1486344
0.1486344
0.1486344
0.1486344
0.1499157
0.1473531
0.1486344
0.1460717
0.1486344
0.1486344
0.1486344
0.1486344
0.1486344
0.1460717
0.1473531
0.1486344
0.1486344
0.1486344
0.1460717
0.1486344
0.1486344
0.1486344
0.1473531
0.1473531
0.1460717
0.1473531
0.1447904
0.1447904
0.1447904
0.1435091
0.1447904
0.1447904
0.1447904
0.1447904
0.1447904
0.1447904
0.1447904
0.1447904
0.1447904
0.1447904
0.1447904
0.1447904
0.1447904
0.1447904
0.1447904
0.1447904
0.1447904
0.1447904
0.1447904
0.1447904
0.1447904
0.1435091
0.1435091
0.1447904
0.1447904
0.1447904
0.1447904
0.1447904
0.1447904
0.1576037
0.1447904
0.1447904
0.1409464
0.1447904
0.1447904
0.1447904
0.1447904
0.1447904
0.1447904
0.1435091
0.1435091
0.1435091
0.1435091
0.1409464
0.1435091
0.1435091
0.1435091
0.1435091
0.1435091
0.1435091
0.1435091
0.1435091
0.1460717
0.1435091
0.1396651
0.1435091
0.1422277
0.1435091
0.1435091
0.1435091
0.1435091
0.1435091
0.1435091
0.1435091
0.1422277
0.1409464
0.1435091
0.1435091
0.1435091
0.1447904
0.1435091
0.1447904
0.1435091
0.1447904
0.1435091
0.1447904
0.1435091
0.1435091
0.1460717
0.1447904
0.1447904
0.1435091
0.1447904
0.1460717
0.1447904
0.1435091
0.1447904
0.1435091
0.1447904
0.1447904
0.1447904
0.1435091
0.1447904
0.1435091
0.1447904
0.1447904
0.1435091
0.1447904
0.1435091
0.1447904
0.1460717
0.1447904
0.1447904
0.1447904
0.1447904
0.1447904
0.1435091
0.1447904
0.1435091
0.1409464
0.1447904
0.1435091
0.1447904
0.1435091
0.1435091
0.1435091
0.1435091
0.1435091
0.1435091
0.1435091
0.1396651
0.1422277
0.1422277
0.1447904
0.1435091
0.1422277
0.1435091
0.1435091
0.1435091
0.1435091
0.1435091
0.1383837
0.1422277
0.1422277
0.1435091
0.1422277
0.1422277
0.1435091
0.1435091
0.1422277
0.1435091
0.1422277
0.1383837
0.1422277
0.1435091
0.1422277
0.1409464
0.1422277
0.1422277
0.1422277
0.1422277
0.1422277
0.1422277
0.1409464
0.1422277
0.1435091
0.1422277
0.1422277
0.1422277
0.1435091
0.1422277
0.1422277
0.1422277
0.1422277
0.1409464
0.1422277
0.1422277
0.1422277
0.1422277
0.1422277
0.1409464
0.1422277
0.1422277
0.1422277
0.1435091
0.1409464
0.1435091
0.1447904
0.1435091
0.1435091
0.1435091
0.1422277
0.1422277
0.1422277
0.1422277
0.1422277
0.1409464
0.1422277
0.1422277
0.1422277
0.1422277
0.1422277
0.1422277
0.1422277
0.1422277
0.1422277
0.1396651
0.1396651
0.1409464
0.1409464
0.1409464
0.1409464
0.1396651
0.1409464
0.1409464
0.1409464
0.1422277
0.1409464
0.1371024
0.1409464
0.1422277
0.1409464
0.1409464
0.1409464
0.1409464
0.1409464
0.1409464
0.1409464
0.1409464
0.1358211
0.1409464
0.1396651
0.1396651
0.1409464
0.1409464
0.1396651
0.1396651
0.1409464
0.1409464
0.1396651
0.1383837
0.1396651
0.1396651
0.1383837
0.1383837
0.1383837
0.1396651
0.1396651
0.1396651
0.1396651
0.1396651
0.1371024
0.1396651
0.1396651
0.1396651
0.1409464
0.1409464
0.1409464
0.1396651
0.1396651
0.1396651
0.1396651
0.1383837
0.1396651
0.1409464
0.1383837
0.1396651
0.1396651
0.1396651
0.1396651
0.1409464
0.1396651
0.1396651
0.1396651
0.1396651
0.1396651
0.1396651
0.1396651
0.1396651
0.1396651
0.1409464
0.1409464
0.1409464
0.1409464
0.1383837
0.1409464
0.1409464
0.1409464
0.1396651
0.1409464
0.1409464
0.1409464
0.1409464
0.1409464
0.1422277
0.1383837
0.1422277
0.1422277
0.1409464
0.1409464
0.1409464
0.1409464
0.1396651
0.1396651
0.1409464
0.1396651
0.1383837
0.1409464
0.1409464
0.1396651
0.1396651
0.1396651
0.1396651
0.1396651
0.1396651
0.1396651
0.1383837
0.1371024
0.1396651
0.1409464
0.1396651
0.1396651
0.1396651
0.1396651
0.1383837
0.1396651
0.1396651
0.1383837
0.1383837
0.1396651
0.1409464
0.1396651
0.1396651
0.1396651
0.1396651
0.1396651
0.1396651
0.1383837
0.1409464
0.1371024
0.1396651
0.1396651
0.1396651
0.1396651
0.1383837
0.1396651
0.1396651
0.1383837
0.1383837
0.1383837
0.1358211
0.1383837
0.1358211
0.1383837
0.1383837
0.1383837
0.1383837
0.1383837
0.1383837
0.1371024
0.1383837
0.1358211
0.1383837
0.1383837
0.1371024
0.1371024
0.1371024
0.1371024
0.1371024
0.1371024
0.1371024
0.1371024
0.1345397
0.1371024
0.1371024
0.1358211
0.1371024
0.1371024
0.1358211
0.1358211
0.1358211
0.1358211
0.1358211
0.1345397
0.1358211
0.1358211
0.1358211
0.1358211
0.1358211
0.1358211
0.1358211
0.1358211
0.1358211
0.1358211
0.1332584
0.1358211
0.1332584
0.1358211
0.1345397
0.1358211
0.1358211
0.1358211
0.1358211
0.1358211
0.1358211
0.1319771
0.1358211
0.1358211
0.1358211
0.1358211
0.1383837
0.1371024
0.1383837
0.1383837
0.1396651
0.1396651
0.1371024
0.1409464
0.1422277
0.1409464
0.1396651
0.1396651
0.1396651
0.1396651
0.1396651
0.1383837
0.1396651
0.1358211
0.1383837
0.1396651
0.1396651
0.1358211
0.1358211
0.1396651
0.1383837
0.1383837
0.1409464
0.1396651
0.1358211
0.1383837
0.1383837
0.1383837
0.1396651
0.1383837
0.1383837
0.1383837
0.1383837
0.1383837
0.1383837
0.1358211
0.1371024
0.1396651
0.1383837
0.1396651
0.1383837
0.1383837
0.1371024
0.1396651
0.1383837
0.1371024
0.1358211
0.1371024
0.1383837
0.1371024
0.1371024
0.1371024
0.1358211
0.1358211
0.1358211
0.1358211
0.1345397
0.1319771
0.1332584
0.1345397
0.1345397
0.1332584
0.1345397
0.1345397
0.1345397
0.1473531
0.1332584
0.1332584
0.1306957
0.1332584
0.1332584
0.1332584
0.1332584
0.1332584
0.1332584
0.1332584
0.1332584
0.1332584
0.1332584
0.1306957
0.1332584
0.1345397
0.1332584
0.1332584
0.1332584
0.1332584
0.1332584
0.1332584
0.1332584
0.1332584
0.1281331
0.1319771
0.1332584
0.1319771
0.1319771
0.1319771
0.1319771
0.1319771
0.1319771
0.1319771
0.1319771
0.1306957
0.1345397
0.1358211
0.1332584
0.1345397
0.1345397
0.1345397
0.1345397
0.1473531
0.1345397
0.1345397
0.1332584
0.1319771
0.1332584
0.1332584
0.1332584
0.1332584
0.1332584
0.1332584
0.1332584
0.1319771
0.1319771
0.1319771
0.1332584
0.1319771
0.1306957
0.1306957
0.1332584
0.1319771
0.1319771
0.1319771
0.1319771
0.1319771
0.1306957
0.1319771
0.1319771
0.1319771
0.1319771
0.1319771
0.1319771
0.1319771
0.1306957
0.1306957
0.1319771
0.1294144
0.1306957
0.1319771
0.1306957
0.1306957
0.1306957
0.1319771
0.1306957
0.1447904
0.1306957
0.1306957
0.1268518
0.1294144
0.1306957
0.1306957
0.1294144
0.1294144
0.1294144
0.1281331
0.1294144
0.1281331
0.1294144
0.1281331
0.1294144
0.1294144
0.1281331
0.1281331
0.1268518
0.1281331
0.1281331
0.1294144
0.1281331
0.1281331
0.1268518
0.1281331
0.1268518
0.1268518
0.1281331
0.1281331
0.1281331
0.1268518
0.1281331
0.1281331
0.1255704
0.1242891
0.1268518
0.1281331
0.1268518
0.1255704
0.1281331
0.1281331
0.1281331
0.1281331
0.1268518
0.1281331
0.1242891
0.1268518
0.1281331
0.1268518
0.1255704
0.1255704
0.1255704
0.1255704
0.1255704
0.1255704
0.1242891
0.1230078
0.1242891
0.1230078
0.1242891
0.1242891
0.1255704
0.1255704
0.1242891
0.1242891
0.1255704
0.1242891
0.1242891
0.1255704
0.1242891
0.1255704
0.1242891
0.1242891
0.1255704
0.1255704
0.1255704
0.1242891
0.1255704
0.1255704
0.1242891
0.1255704
0.1242891
0.1242891
0.1242891
0.1242891
0.1242891
0.1242891
0.1242891
0.1242891
0.1217264
0.1242891
0.1242891
0.1242891
0.1242891
0.1242891
0.1230078
0.1217264
0.1204451
0.1242891
0.1242891
0.1217264
0.1230078
0.1242891
0.1242891
0.1230078
0.1230078
0.1230078
0.1242891
0.1242891
0.1242891
0.1242891
0.1191638
0.1230078
0.1242891
0.1230078
0.1230078
0.1230078
0.1230078
0.1230078
0.1230078
0.1230078
0.1217264
0.1217264
0.1230078
0.1230078
0.1242891
0.1217264
0.1230078
0.1217264
0.1230078
0.1230078
0.1230078
0.1230078
0.1204451
0.1230078
0.1230078
0.1230078
0.1230078
0.1230078
0.1230078
0.1230078
0.1230078
0.1230078
0.1230078
0.1217264
0.1230078
0.1230078
0.1230078
0.1230078
0.1230078
0.1230078
0.1230078
0.1230078
0.1230078
0.1230078
0.1204451
0.1242891
0.1230078
0.1230078
0.1217264
0.1230078
0.1230078
0.1242891
0.1242891
0.1230078
0.1230078
0.1204451
0.1230078
0.1242891
0.1230078
0.1230078
0.1230078
0.1230078
0.1242891
0.1230078
0.1217264
0.1230078
0.1166011
0.1204451
0.1178824
0.1204451
0.1204451
0.1204451
0.1204451
0.1204451
0.1204451
0.1191638
0.1191638
0.1178824
0.1191638
0.1204451
0.1191638
0.1191638
0.1191638
0.1191638
0.1191638
0.1191638
0.1191638
0.1191638
0.1153198
0.1191638
0.1191638
0.1191638
0.1191638
0.1191638
0.1191638
0.1191638
0.1191638
0.1191638
0.1191638
0.1178824
0.1191638
0.1191638
0.1191638
0.1191638
0.1191638
0.1191638
0.1178824
0.1332584
0.1191638
0.1191638
0.1178824
0.1191638
0.1191638
0.1191638
0.1191638
0.1204451
0.1204451
0.1204451
0.1191638
0.1204451
0.1191638
0.1178824
0.1191638
0.1204451
0.1191638
0.1191638
0.1204451
0.1191638
0.1191638
0.1191638
0.1191638
0.1191638
0.1178824
0.1191638
0.1191638
0.1191638
0.1191638
0.1191638
0.1191638
0.1191638
0.1191638
0.1191638
0.1191638
0.1178824
0.1191638
0.1191638
0.1191638
0.1191638
0.1191638
0.1191638
0.1178824
0.1178824
0.1191638
0.1178824
0.1166011
0.1191638
0.1191638
0.1191638
0.1217264
0.1191638
0.1178824
0.1178824
0.1178824
0.1178824
0.1178824
0.1166011
0.1191638
0.1178824
0.1178824
0.1178824
0.1178824
0.1191638
0.1178824
0.1178824
0.1178824
0.1178824
0.1153198
0.1178824
0.1178824
0.1178824
0.1178824
0.1178824
0.1178824
0.1178824
0.1178824
0.1178824
0.1191638
0.1153198
0.1178824
0.1204451
0.1191638
0.1191638
0.1204451
0.1178824
0.1191638
0.1178824
