0.155041
0.1563224
0.155041
0.1537597
0.155041
0.1537597
0.1537597
0.1537597
0.155041
0.155041
0.1537597
0.1537597
0.1537597
0.1537597
0.1537597
0.155041
0.1537597
0.1524784
0.1537597
0.155041
0.1537597
0.1537597
0.155041
0.155041
0.1537597
0.1563224
0.155041
0.155041
0.151197
0.1537597
0.155041
0.1537597
0.1537597
0.155041
0.155041
0.1524784
0.155041
0.1537597
0.1537597
0.1524784
0.1537597
0.1537597
0.1537597
0.1524784
0.1537597
0.1537597
0.1537597
0.1537597
0.1524784
0.151197
0.1499157
0.151197
0.151197
0.151197
0.151197
0.151197
0.151197
0.151197
0.151197
0.151197
0.151197
0.1486344
0.151197
0.151197
0.1499157
0.1499157
0.1499157
0.1499157
0.1499157
0.1499157
0.1499157
0.151197
0.1460717
0.1499157
0.1499157
0.1499157
0.1499157
0.1499157
0.1499157
0.1499157
0.1499157
0.1499157
0.1499157
0.1473531
0.1499157
0.1486344
0.1499157
0.1486344
0.1486344
0.1486344
0.1499157
0.162729
0.1486344
0.1499157
0.1499157
0.151197
0.151197
0.1524784
0.151197
0.151197
0.151197
0.151197
0.151197
0.151197
0.151197
0.1499157
0.151197
0.151197
0.151197
0.151197
0.151197
0.151197
0.151197
0.151197
0.151197
0.1499157
0.1473531
0.151197
0.151197
0.151197
0.151197
0.1499157
0.151197
0.1499157
0.1499157
0.1486344
0.1499157
0.1473531
0.1499157
0.151197
0.1486344
0.1499157
0.1499157
0.1499157
0.1499157
0.1486344
0.1486344
0.1486344
0.1460717
0.1486344
0.1499157
0.1499157
0.1499157
0.1499157
0.1486344
0.1486344
0.1486344
0.1499157
0.1499157
0.1473531
0.1486344
0.1486344
0.1486344
0.1486344
0.1486344
0.1486344
0.1486344
0.1486344
0.1499157
0.1486344
0.1447904
0.1499157
0.1499157
0.1486344
0.1486344
0.1473531
0.1486344
0.1486344
0.1486344
0.1486344
0.1473531
0.1460717
0.1473531
0.1473531
0.1460717
0.1473531
0.1473531
0.1460717
0.1473531
0.1460717
0.1460717
0.1460717
0.1447904
0.1447904
0.1460717
0.1447904
0.1447904
0.1460717
0.1460717
0.1447904
0.1460717
0.1447904
0.1447904
0.1435091
0.1460717
0.1460717
0.1460717
0.1460717
0.1447904
0.1460717
0.1447904
0.1447904
0.1460717
0.1460717
0.1435091
0.1447904
0.1460717
0.1447904
0.1447904
0.1447904
0.1447904
0.1447904
0.1447904
0.1447904
0.1435091
0.1409464
0.1447904
0.1447904
0.1435091
0.1447904
0.1435091
0.1435091
0.1435091
0.1435091
0.1435091
0.1435091
0.1422277
0.1435091
0.1447904
0.1447904
0.1435091
0.1422277
0.1435091
0.1435091
0.1422277
0.1422277
0.1422277
0.1422277
0.1435091
0.1435091
0.1435091
0.1435091
0.1422277
0.1422277
0.1435091
0.1422277
0.1422277
0.1422277
0.1396651
0.1422277
0.1435091
0.1422277
0.1422277
0.1435091
0.1435091
0.1435091
0.1422277
0.1435091
0.1422277
0.1409464
0.1422277
0.1435091
0.1422277
0.1422277
0.1422277
0.1422277
0.1422277
0.1422277
0.1422277
0.1422277
0.1396651
0.1422277
0.1435091
0.1435091
0.1435091
0.1435091
0.1435091
0.1435091
0.1435091
0.1435091
0.1435091
0.1396651
0.1435091
0.1435091
0.1422277
0.1422277
0.1422277
0.1422277
0.1422277
0.1422277
0.1422277
0.1422277
0.1396651
0.1422277
0.1422277
0.1409464
0.1409464
0.1422277
0.1422277
0.1422277
0.1422277
0.1422277
0.1409464
0.1396651
0.1422277
0.1422277
0.1422277
0.1409464
0.1422277
0.1422277
0.1422277
0.1409464
0.1422277
0.1422277
0.1396651
0.1409464
0.1422277
0.1409464
0.1409464
0.1409464
0.1409464
0.1396651
0.1422277
0.1383837
0.1422277
0.1383837
0.1409464
0.1422277
0.1409464
0.1409464
0.1409464
0.1409464
0.1409464
0.1409464
0.1409464
0.1396651
0.1396651
0.1409464
0.1409464
0.1396651
0.1409464
0.1409464
0.1396651
0.1409464
0.1409464
0.1409464
0.1396651
0.1396651
0.1409464
0.1409464
0.1396651
0.1371024
0.1371024
0.1371024
0.1371024
0.1371024
0.1371024
0.1371024
0.1345397
0.1371024
0.1371024
0.1371024
0.1371024
0.1371024
0.1371024
0.1371024
0.1371024
0.1396651
0.1396651
0.1371024
0.1396651
0.1383837
0.1409464
0.1396651
0.1396651
0.1396651
0.1383837
0.1383837
0.1409464
0.1383837
0.1371024
0.1383837
0.1396651
0.1383837
0.1383837
0.1383837
0.1383837
0.1383837
0.1383837
0.1383837
0.1383837
0.1396651
0.1358211
0.1358211
0.1358211
0.1358211
0.1358211
0.1358211
0.1358211
0.1358211
0.1358211
0.1358211
0.1332584
0.1358211
0.1358211
0.1358211
0.1358211
0.1358211
0.1371024
0.1358211
0.1358211
0.1358211
0.1358211
0.1345397
0.1358211
0.1358211
0.1358211
0.1358211
0.1358211
0.1358211
0.1358211
0.1358211
0.1358211
0.1358211
0.1319771
0.1371024
0.1345397
0.1358211
0.1358211
0.1358211
0.1358211
0.1358211
0.1358211
0.1358211
0.1358211
0.1332584
0.1358211
0.1358211
0.1358211
0.1345397
0.1345397
0.1345397
0.1345397
0.1345397
0.1358211
0.1358211
0.1332584
0.1358211
0.1358211
0.1358211
0.1345397
0.1345397
0.1358211
0.1358211
0.1345397
0.1345397
0.1345397
0.1319771
0.1345397
0.1358211
0.1345397
0.1345397
0.1345397
0.1371024
0.1345397
0.1345397
0.1345397
0.1345397
0.1332584
0.1345397
0.1332584
0.1345397
0.1345397
0.1345397
0.1345397
0.1383837
0.1383837
0.1383837
0.1371024
0.1345397
0.1371024
0.1383837
0.1371024
0.1383837
0.1371024
0.1383837
0.1383837
0.1383837
0.1371024
0.1383837
0.1345397
0.1371024
0.1383837
0.1371024
0.1371024
0.1371024
0.1371024
0.1358211
0.1358211
0.1358211
0.1371024
0.1332584
0.1358211
0.1371024
0.1358211
0.1358211
0.1358211
0.1358211
0.1345397
0.1358211
0.1358211
0.1358211
0.1332584
0.1358211
0.1358211
0.1358211
0.1345397
0.1345397
0.1345397
0.1345397
0.1345397
0.1345397
0.1345397
0.1306957
0.1345397
0.1345397
0.1345397
0.1332584
0.1332584
0.1332584
0.1332584
0.1345397
0.1345397
0.1345397
0.1319771
0.1332584
0.1345397
0.1332584
0.1332584
0.1332584
0.1345397
0.1319771
0.1332584
0.1345397
0.1332584
0.1319771
0.1332584
0.1345397
0.1319771
0.1332584
0.1345397
0.1319771
0.1345397
0.1332584
0.1332584
0.1319771
0.1306957
0.1319771
0.1345397
0.1332584
0.1319771
0.1332584
0.1345397
0.1319771
0.1319771
0.1345397
0.1332584
0.1306957
0.1319771
0.1319771
0.1319771
0.1319771
0.1306957
0.1306957
0.1306957
0.1306957
0.1319771
0.1306957
0.1294144
0.1306957
0.1319771
0.1306957
0.1306957
0.1306957
0.1306957
0.1306957
0.1306957
0.1306957
0.1306957
0.1281331
0.1319771
0.1332584
0.1319771
0.1319771
0.1332584
0.1319771
0.1332584
0.1332584
0.1332584
0.1332584
0.1306957
0.1319771
0.1319771
0.1319771
0.1319771
0.1306957
0.1319771
0.1306957
0.1306957
0.1319771
0.1319771
0.1306957
0.1319771
0.1281331
0.1306957
0.1306957
0.1294144
0.1306957
0.1306957
0.1306957
0.1306957
0.1306957
0.1281331
0.1294144
0.1294144
0.1294144
0.1294144
0.1294144
0.1294144
0.1294144
0.1294144
0.1306957
0.1306957
0.1268518
0.1306957
0.1306957
0.1319771
0.1332584
0.1319771
0.1306957
0.1294144
0.1294144
0.1294144
0.1294144
0.1268518
0.1294144
0.1294144
0.1294144
0.1294144
0.1294144
0.1281331
0.1281331
0.1294144
0.1294144
0.1294144
0.1242891
0.1294144
0.1294144
0.1281331
0.1294144
0.1294144
0.1281331
0.1281331
0.1294144
0.1294144
0.1281331
0.1255704
0.1294144
0.1294144
0.1294144
0.1281331
0.1281331
0.1281331
0.1281331
0.1281331
0.1281331
0.1281331
0.1268518
0.1281331
0.1294144
0.1281331
0.1281331
0.1281331
0.1281331
0.1281331
0.1281331
0.1281331
0.1294144
0.1268518
0.1294144
0.1294144
0.1294144
0.1294144
0.1281331
0.1281331
0.1281331
0.1281331
0.1281331
0.1281331
0.1268518
0.1281331
0.1294144
0.1294144
0.1281331
0.1294144
0.1294144
0.1294144
0.1281331
0.1294144
0.1294144
0.1268518
0.1294144
0.1294144
0.1294144
0.1281331
0.1281331
0.1281331
0.1281331
0.1281331
0.1281331
0.1281331
0.1255704
0.1281331
0.1281331
0.1281331
0.1268518
0.1281331
0.1268518
0.1268518
0.1281331
0.1281331
0.1268518
0.1281331
0.1319771
0.1319771
0.1306957
0.1306957
0.1306957
0.1306957
0.1306957
0.1306957
0.1294144
0.1294144
0.1281331
0.1294144
0.1306957
0.1306957
0.1294144
0.1294144
0.1306957
0.1319771
0.1306957
0.1306957
0.1306957
0.1294144
0.1294144
0.1306957
0.1306957
0.1306957
0.1294144
0.1319771
0.1306957
0.1319771
0.1306957
0.1306957
0.1294144
0.1306957
0.1319771
0.1306957
0.1306957
0.1294144
0.1306957
0.1306957
0.1306957
0.1306957
0.1306957
0.1268518
0.1306957
0.1306957
0.1306957
0.1306957
0.1306957
0.1306957
0.1294144
0.1306957
0.1306957
0.1306957
0.1268518
0.1306957
0.1294144
0.1306957
0.1294144
0.1306957
0.1294144
0.1306957
0.1306957
0.1306957
0.1306957
0.1281331
0.1306957
0.1306957
0.1306957
0.1294144
0.1294144
0.1306957
0.1306957
0.1306957
0.1306957
0.1306957
0.1281331
0.1306957
0.1294144
0.1294144
0.1306957
0.1306957
0.1306957
0.1306957
0.1306957
0.1306957
0.1294144
0.1281331
0.1306957
0.1306957
0.1306957
0.1306957
0.1306957
0.1294144
0.1294144
0.1306957
0.1306957
0.1294144
0.1281331
0.1306957
0.1294144
0.1306957
0.1294144
0.1306957
0.1306957
0.1306957
0.1306957
0.1306957
0.1306957
0.1306957
0.1306957
0.1306957
0.1306957
0.1306957
0.1306957
0.1306957
0.1306957
0.1294144
0.1294144
0.1281331
0.1255704
0.1281331
0.1294144
0.1281331
0.1281331
0.1281331
0.1268518
0.1281331
0.1281331
0.1281331
0.1268518
0.1268518
0.1281331
0.1294144
0.1268518
0.1268518
0.1268518
0.1281331
0.1281331
0.1281331
0.1281331
0.1268518
0.1242891
0.1268518
0.1281331
0.1255704
0.1268518
0.1255704
0.1281331
0.1268518
0.1268518
0.1268518
0.1281331
0.1242891
0.1268518
0.1268518
0.1268518
0.1268518
0.1255704
0.1255704
0.1268518
0.1255704
0.1268518
0.1268518
0.1255704
0.1268518
0.1255704
0.1268518
0.1268518
0.1255704
0.1255704
0.1268518
0.1242891
0.1255704
0.1255704
0.1230078
0.1255704
0.1255704
0.1255704
0.1255704
0.1255704
0.1255704
0.1255704
0.1255704
0.1255704
0.1255704
0.1242891
0.1255704
0.1242891
0.1255704
0.1255704
0.1242891
0.1268518
0.1255704
0.1230078
0.1242891
0.1242891
0.1204451
0.1242891
0.1242891
0.1242891
0.1242891
0.1242891
0.1242891
0.1242891
0.1242891
0.1242891
0.1242891
0.1230078
0.1242891
0.1255704
0.1242891
0.1242891
0.1242891
0.1242891
0.1242891
0.1242891
0.1242891
0.1242891
0.1230078
0.1268518
0.1242891
0.1242891
0.1242891
0.1242891
0.1242891
0.1242891
0.1242891
0.1242891
0.1242891
0.1217264
0.1255704
0.1255704
0.1255704
0.1268518
0.1268518
0.1268518
0.1268518
0.1268518
0.1268518
0.1268518
0.1204451
0.1268518
0.1268518
0.1268518
0.1268518
0.1255704
0.1268518
0.1255704
0.1268518
0.1268518
0.1268518
0.1242891
0.1255704
0.1268518
0.1255704
0.1255704
0.1255704
0.1242891
0.1268518
0.1268518
0.1255704
0.1255704
0.1242891
0.1255704
0.1242891
0.1242891
0.1255704
0.1255704
0.1255704
0.1255704
0.1242891
0.1255704
0.1242891
0.1230078
0.1255704
0.1255704
0.1255704
0.1242891
0.1255704
0.1230078
0.1242891
0.1242891
0.1242891
0.1242891
0.1217264
0.1242891
0.1255704
0.1230078
0.1242891
0.1242891
0.1242891
0.1255704
0.1242891
0.1230078
0.1242891
0.1217264
0.1255704
0.1230078
0.1242891
0.1217264
0.1230078
0.1242891
0.1230078
0.1230078
0.1230078
0.1230078
0.1217264
0.1230078
0.1230078
0.1230078
0.1230078
0.1230078
0.1230078
0.1230078
0.1230078
0.1230078
0.1230078
0.1217264
0.1230078
0.1230078
0.1230078
0.1230078
0.1230078
0.1230078
0.1230078
0.1217264
0.1230078
0.1217264
0.1204451
0.1217264
0.1191638
0.1230078
0.1217264
0.1217264
0.1217264
0.1217264
0.1230078
0.1230078
0.1217264
0.1204451
0.1217264
0.1230078
0.1217264
0.1217264
0.1217264
0.1217264
0.1217264
0.1217264
0.1217264
0.1217264
0.1204451
0.1217264
0.1217264
0.1230078
0.1230078
0.1217264
0.1242891
0.1230078
0.1230078
0.1217264
0.1217264
0.1204451
0.1230078
0.1230078
0.1230078
0.1217264
0.1217264
0.1230078
0.1230078
0.1230078
0.1230078
0.1230078
0.1204451
0.1230078
0.1230078
0.1230078
0.1230078
0.1230078
0.1230078
0.1230078
0.1230078
0.1230078
0.1230078
0.1204451
0.1230078
0.1204451
0.1230078
0.1230078
0.1230078
0.1217264
0.1230078
0.1230078
0.1230078
0.1230078
0.1204451
0.1217264
0.1242891
0.1242891
0.1230078
0.1230078
0.1230078
0.1217264
0.1242891
0.1230078
0.1242891
0.1217264
0.1230078
0.1242891
0.1217264
0.1217264
0.1230078
0.1230078
0.1230078
0.1230078
0.1217264
0.1217264
0.1217264
0.1230078
0.1217264
0.1217264
0.1230078
0.1217264
0.1217264
0.1230078
0.1230078
0.1230078
0.1230078
0.1191638
0.1217264
0.1217264
0.1204451
0.1204451
0.1204451
0.1204451
0.1204451
0.1204451
0.1217264
0.1204451
0.1178824
0.1204451
0.1217264
0.1204451
0.1204451
0.1204451
0.1204451
0.1204451
0.1204451
0.1204451
0.1204451
0.1178824
0.1204451
0.1204451
0.1204451
0.1204451
0.1204451
0.1204451
0.1204451
0.1204451
0.1204451
0.1204451
0.1178824
0.1204451
0.1204451
0.1204451
0.1204451
0.1204451
0.1204451
0.1217264
0.1204451
0.1204451
0.1204451
0.1178824
0.1204451
0.1204451
0.1204451
0.1204451
0.1204451
0.1204451
0.1204451
0.1204451
0.1204451
0.1204451
0.1166011
0.1204451
0.1204451
0.1204451
0.1204451
0.1204451
0.1204451
0.1204451
0.1204451
0.1204451
0.1204451
0.1191638
0.1204451
0.1204451
0.1204451
0.1204451
0.1204451
0.1204451
0.1204451
0.1230078
0.1230078
0.1230078
0.1204451
0.1217264
0.1217264
0.1217264
0.1217264
0.1217264
0.1217264
0.1217264
0.1217264
0.1204451
0.1204451
0.1191638
0.1204451
0.1217264
0.1204451
0.1204451
0.1204451
0.1204451
0.1204451
0.1204451
0.1204451
0.1204451
0.1191638
0.1204451
0.1191638
0.1204451
0.1204451
0.1204451
0.1191638
0.1204451
0.1204451
0.1204451
0.1204451
0.1178824
0.1204451
0.1204451
0.1204451
0.1204451
0.1191638
0.1204451
0.1204451
0.1204451
0.1204451
0.1204451
0.1178824
0.1191638
