1569411088.503
1569411088.753
1569411089.003
1569411089.253
1569411089.503
1569411089.753
1569411090.003
1569411090.253
1569411090.503
1569411090.753
1569411091.003
1569411091.253
1569411091.503
1569411091.753
1569411092.003
1569411092.253
1569411092.503
1569411092.753
1569411093.003
1569411093.253
1569411093.503
1569411093.753
1569411094.003
1569411094.253
1569411094.503
1569411094.753
1569411095.003
1569411095.253
1569411095.503
1569411095.753
1569411096.003
1569411096.253
1569411096.503
1569411096.753
1569411097.003
1569411097.253
1569411097.503
1569411097.753
1569411098.003
1569411098.253
1569411098.503
1569411098.753
1569411099.003
1569411099.253
1569411099.503
1569411099.753
1569411100.003
1569411100.253
1569411100.503
1569411100.753
1569411101.003
1569411101.253
1569411101.503
1569411101.753
1569411102.003
1569411102.253
1569411102.503
1569411102.753
1569411103.003
1569411103.253
1569411103.503
1569411103.753
1569411104.003
1569411104.253
1569411104.503
1569411104.753
1569411105.003
1569411105.253
1569411105.503
1569411105.753
1569411106.003
1569411106.253
1569411106.503
1569411106.753
1569411107.003
1569411107.253
1569411107.503
1569411107.753
1569411108.003
1569411108.253
1569411108.503
1569411108.753
1569411109.003
1569411109.253
1569411109.503
1569411109.753
1569411110.003
1569411110.253
1569411110.503
1569411110.753
1569411111.003
1569411111.253
1569411111.503
1569411111.753
1569411112.003
1569411112.253
1569411112.503
1569411112.753
1569411113.003
1569411113.253
1569411113.503
1569411113.753
1569411114.003
1569411114.253
1569411114.503
1569411114.753
1569411115.003
1569411115.253
1569411115.503
1569411115.753
1569411116.003
1569411116.253
1569411116.503
1569411116.753
1569411117.003
1569411117.253
1569411117.503
1569411117.753
1569411118.003
1569411118.253
1569411118.503
1569411118.753
1569411119.003
1569411119.253
1569411119.503
1569411119.753
1569411120.003
1569411120.253
1569411120.503
1569411120.753
1569411121.003
1569411121.253
1569411121.503
1569411121.753
1569411122.003
1569411122.253
1569411122.503
1569411122.753
1569411123.003
1569411123.253
1569411123.503
1569411123.753
1569411124.003
1569411124.253
1569411124.503
1569411124.753
1569411125.003
1569411125.253
1569411125.503
1569411125.753
1569411126.003
1569411126.253
1569411126.503
1569411126.753
1569411127.003
1569411127.253
1569411127.503
1569411127.753
1569411128.003
1569411128.253
1569411128.503
1569411128.753
1569411129.003
1569411129.253
1569411129.503
1569411129.753
1569411130.003
1569411130.253
1569411130.503
1569411130.753
1569411131.003
1569411131.253
1569411131.503
1569411131.753
1569411132.003
1569411132.253
1569411132.503
1569411132.753
1569411133.003
1569411133.253
1569411133.503
1569411133.753
1569411134.003
1569411134.253
1569411134.503
1569411134.753
1569411135.003
1569411135.253
1569411135.503
1569411135.753
1569411136.003
1569411136.253
1569411136.503
1569411136.753
1569411137.003
1569411137.253
1569411137.503
1569411137.753
1569411138.003
1569411138.253
1569411138.503
1569411138.753
1569411139.003
1569411139.253
1569411139.503
1569411139.753
1569411140.003
1569411140.253
1569411140.503
1569411140.753
1569411141.003
1569411141.253
1569411141.503
1569411141.753
1569411142.003
1569411142.253
1569411142.503
1569411142.753
1569411143.003
1569411143.253
1569411143.503
1569411143.753
1569411144.003
1569411144.253
1569411144.503
1569411144.753
1569411145.003
1569411145.253
1569411145.503
1569411145.753
1569411146.003
1569411146.253
1569411146.503
1569411146.753
1569411147.003
1569411147.253
1569411147.503
1569411147.753
1569411148.003
1569411148.253
1569411148.503
1569411148.753
1569411149.003
1569411149.253
1569411149.503
1569411149.753
1569411150.003
1569411150.253
1569411150.503
1569411150.753
1569411151.003
1569411151.253
1569411151.503
1569411151.753
1569411152.003
1569411152.253
1569411152.503
1569411152.753
1569411153.003
1569411153.253
1569411153.503
1569411153.753
1569411154.003
1569411154.253
1569411154.503
1569411154.753
1569411155.003
1569411155.253
1569411155.503
1569411155.753
1569411156.003
1569411156.253
1569411156.503
1569411156.753
1569411157.003
1569411157.253
1569411157.503
1569411157.753
1569411158.003
1569411158.253
1569411158.503
1569411158.753
1569411159.003
1569411159.253
1569411159.503
1569411159.753
1569411160.003
1569411160.253
1569411160.503
1569411160.753
1569411161.003
1569411161.253
1569411161.503
1569411161.753
1569411162.003
1569411162.253
1569411162.503
1569411162.753
1569411163.003
1569411163.253
1569411163.503
1569411163.753
1569411164.003
1569411164.253
1569411164.503
1569411164.753
1569411165.003
1569411165.253
1569411165.503
1569411165.753
1569411166.003
1569411166.253
1569411166.503
1569411166.753
1569411167.003
1569411167.253
1569411167.503
1569411167.753
1569411168.003
1569411168.253
1569411168.503
1569411168.753
1569411169.003
1569411169.253
1569411169.503
1569411169.753
1569411170.003
1569411170.253
1569411170.503
1569411170.753
1569411171.003
1569411171.253
1569411171.503
1569411171.753
1569411172.003
1569411172.253
1569411172.503
1569411172.753
1569411173.003
1569411173.253
1569411173.503
1569411173.753
1569411174.003
1569411174.253
1569411174.503
1569411174.753
1569411175.003
1569411175.253
1569411175.503
1569411175.753
1569411176.003
1569411176.253
1569411176.503
1569411176.753
1569411177.003
1569411177.253
1569411177.503
1569411177.753
1569411178.003
1569411178.253
1569411178.503
1569411178.753
1569411179.003
1569411179.253
1569411179.503
1569411179.753
1569411180.003
1569411180.253
1569411180.503
1569411180.753
1569411181.003
1569411181.253
1569411181.503
1569411181.753
1569411182.003
1569411182.253
1569411182.503
1569411182.753
1569411183.003
1569411183.253
1569411183.503
1569411183.753
1569411184.003
1569411184.253
1569411184.503
1569411184.753
1569411185.003
1569411185.253
1569411185.503
1569411185.753
1569411186.003
1569411186.253
1569411186.503
1569411186.753
1569411187.003
1569411187.253
1569411187.503
1569411187.753
1569411188.003
1569411188.253
1569411188.503
1569411188.753
1569411189.003
1569411189.253
1569411189.503
1569411189.753
1569411190.003
1569411190.253
1569411190.503
1569411190.753
1569411191.003
1569411191.253
1569411191.503
1569411191.753
1569411192.003
1569411192.253
1569411192.503
1569411192.753
1569411193.003
1569411193.253
1569411193.503
1569411193.753
1569411194.003
1569411194.253
1569411194.503
1569411194.753
1569411195.003
1569411195.253
1569411195.503
1569411195.753
1569411196.003
1569411196.253
1569411196.503
1569411196.753
1569411197.003
1569411197.253
1569411197.503
1569411197.753
1569411198.003
1569411198.253
1569411198.503
1569411198.753
1569411199.003
1569411199.253
1569411199.503
1569411199.753
1569411200.003
1569411200.253
1569411200.503
1569411200.753
1569411201.003
1569411201.253
1569411201.503
1569411201.753
1569411202.003
1569411202.253
1569411202.503
1569411202.753
1569411203.003
1569411203.253
1569411203.503
1569411203.753
1569411204.003
1569411204.253
1569411204.503
1569411204.753
1569411205.003
1569411205.253
1569411205.503
1569411205.753
1569411206.003
1569411206.253
1569411206.503
1569411206.753
1569411207.003
1569411207.253
1569411207.503
1569411207.753
1569411208.003
1569411208.253
1569411208.503
1569411208.753
1569411209.003
1569411209.253
1569411209.503
1569411209.753
1569411210.003
1569411210.253
1569411210.503
1569411210.753
1569411211.003
1569411211.253
1569411211.503
1569411211.753
1569411212.003
1569411212.253
1569411212.503
1569411212.753
1569411213.003
1569411213.253
1569411213.503
1569411213.753
1569411214.003
1569411214.253
1569411214.503
1569411214.753
1569411215.003
1569411215.253
1569411215.503
1569411215.753
1569411216.003
1569411216.253
1569411216.503
1569411216.753
1569411217.003
1569411217.253
1569411217.503
1569411217.753
1569411218.003
1569411218.253
1569411218.503
1569411218.753
1569411219.003
1569411219.253
1569411219.503
1569411219.753
1569411220.003
1569411220.253
1569411220.503
1569411220.753
1569411221.003
1569411221.253
1569411221.503
1569411221.753
1569411222.003
1569411222.253
1569411222.503
1569411222.753
1569411223.003
1569411223.253
1569411223.503
1569411223.753
1569411224.003
1569411224.253
1569411224.503
1569411224.753
1569411225.003
1569411225.253
1569411225.503
1569411225.753
1569411226.003
1569411226.253
1569411226.503
1569411226.753
1569411227.003
1569411227.253
1569411227.503
1569411227.753
1569411228.003
1569411228.253
1569411228.503
1569411228.753
1569411229.003
1569411229.253
1569411229.503
1569411229.753
1569411230.003
1569411230.253
1569411230.503
1569411230.753
1569411231.003
1569411231.253
1569411231.503
1569411231.753
1569411232.003
1569411232.253
1569411232.503
1569411232.753
1569411233.003
1569411233.253
1569411233.503
1569411233.753
1569411234.003
1569411234.253
1569411234.503
1569411234.753
1569411235.003
1569411235.253
1569411235.503
1569411235.753
1569411236.003
1569411236.253
1569411236.503
1569411236.753
1569411237.003
1569411237.253
1569411237.503
1569411237.753
1569411238.003
1569411238.253
1569411238.503
1569411238.753
1569411239.003
1569411239.253
1569411239.503
1569411239.753
1569411240.003
1569411240.253
1569411240.503
1569411240.753
1569411241.003
1569411241.253
1569411241.503
1569411241.753
1569411242.003
1569411242.253
1569411242.503
1569411242.753
1569411243.003
1569411243.253
1569411243.503
1569411243.753
1569411244.003
1569411244.253
1569411244.503
1569411244.753
1569411245.003
1569411245.253
1569411245.503
1569411245.753
1569411246.003
1569411246.253
1569411246.503
1569411246.753
1569411247.003
1569411247.253
1569411247.503
1569411247.753
1569411248.003
1569411248.253
1569411248.503
1569411248.753
1569411249.003
1569411249.253
1569411249.503
1569411249.753
1569411250.003
1569411250.253
1569411250.503
1569411250.753
1569411251.003
1569411251.253
1569411251.503
1569411251.753
1569411252.003
1569411252.253
1569411252.503
1569411252.753
1569411253.003
1569411253.253
1569411253.503
1569411253.753
1569411254.003
1569411254.253
1569411254.503
1569411254.753
1569411255.003
1569411255.253
1569411255.503
1569411255.753
1569411256.003
1569411256.253
1569411256.503
1569411256.753
1569411257.003
1569411257.253
1569411257.503
1569411257.753
1569411258.003
1569411258.253
1569411258.503
1569411258.753
1569411259.003
1569411259.253
1569411259.503
1569411259.753
1569411260.003
1569411260.253
1569411260.503
1569411260.753
1569411261.003
1569411261.253
1569411261.503
1569411261.753
1569411262.003
1569411262.253
1569411262.503
1569411262.753
1569411263.003
1569411263.253
1569411263.503
1569411263.753
1569411264.003
1569411264.253
1569411264.503
1569411264.753
1569411265.003
1569411265.253
1569411265.503
1569411265.753
1569411266.003
1569411266.253
1569411266.503
1569411266.753
1569411267.003
1569411267.253
1569411267.503
1569411267.753
1569411268.003
1569411268.253
1569411268.503
1569411268.753
1569411269.003
1569411269.253
1569411269.503
1569411269.753
1569411270.003
1569411270.253
1569411270.503
1569411270.753
1569411271.003
1569411271.253
1569411271.503
1569411271.753
1569411272.003
1569411272.253
1569411272.503
1569411272.753
1569411273.003
1569411273.253
1569411273.503
1569411273.753
1569411274.003
1569411274.253
1569411274.503
1569411274.753
1569411275.003
1569411275.253
1569411275.503
1569411275.753
1569411276.003
1569411276.253
1569411276.503
1569411276.753
1569411277.003
1569411277.253
1569411277.503
1569411277.753
1569411278.003
1569411278.253
1569411278.503
1569411278.753
1569411279.003
1569411279.253
1569411279.503
1569411279.753
1569411280.003
1569411280.253
1569411280.503
1569411280.753
1569411281.003
1569411281.253
1569411281.503
1569411281.753
1569411282.003
1569411282.253
1569411282.503
1569411282.753
1569411283.003
1569411283.253
1569411283.503
1569411283.753
1569411284.003
1569411284.253
1569411284.503
1569411284.753
1569411285.003
1569411285.253
1569411285.503
1569411285.753
1569411286.003
1569411286.253
1569411286.503
1569411286.753
1569411287.003
1569411287.253
1569411287.503
1569411287.753
1569411288.003
1569411288.253
1569411288.503
1569411288.753
1569411289.003
1569411289.253
1569411289.503
1569411289.753
1569411290.003
1569411290.253
1569411290.503
1569411290.753
1569411291.003
1569411291.253
1569411291.503
1569411291.753
1569411292.003
1569411292.253
1569411292.503
1569411292.753
1569411293.003
1569411293.253
1569411293.503
1569411293.753
1569411294.003
1569411294.253
1569411294.503
1569411294.753
1569411295.003
1569411295.253
1569411295.503
1569411295.753
1569411296.003
1569411296.253
1569411296.503
1569411296.753
1569411297.003
1569411297.253
1569411297.503
1569411297.753
1569411298.003
1569411298.253
1569411298.503
1569411298.753
1569411299.003
1569411299.253
1569411299.503
1569411299.753
1569411300.003
1569411300.253
1569411300.503
1569411300.753
1569411301.003
1569411301.253
1569411301.503
1569411301.753
1569411302.003
1569411302.253
1569411302.503
1569411302.753
1569411303.003
1569411303.253
1569411303.503
1569411303.753
1569411304.003
1569411304.253
1569411304.503
1569411304.753
1569411305.003
1569411305.253
1569411305.503
1569411305.753
1569411306.003
1569411306.253
1569411306.503
1569411306.753
1569411307.003
1569411307.253
1569411307.503
1569411307.753
1569411308.003
1569411308.253
1569411308.503
1569411308.753
1569411309.003
1569411309.253
1569411309.503
1569411309.753
1569411310.003
1569411310.253
1569411310.503
1569411310.753
1569411311.003
1569411311.253
1569411311.503
1569411311.753
1569411312.003
1569411312.253
1569411312.503
1569411312.753
1569411313.003
1569411313.253
1569411313.503
1569411313.753
1569411314.003
1569411314.253
1569411314.503
1569411314.753
1569411315.003
1569411315.253
1569411315.503
1569411315.753
1569411316.003
1569411316.253
1569411316.503
1569411316.753
1569411317.003
1569411317.253
1569411317.503
1569411317.753
1569411318.003
1569411318.253
1569411318.503
1569411318.753
1569411319.003
1569411319.253
1569411319.503
1569411319.753
1569411320.003
1569411320.253
1569411320.503
1569411320.753
1569411321.003
1569411321.253
1569411321.503
1569411321.753
1569411322.003
1569411322.253
1569411322.503
1569411322.753
1569411323.003
1569411323.253
1569411323.503
1569411323.753
1569411324.003
1569411324.253
1569411324.503
1569411324.753
1569411325.003
1569411325.253
1569411325.503
1569411325.753
1569411326.003
1569411326.253
1569411326.503
1569411326.753
1569411327.003
1569411327.253
1569411327.503
1569411327.753
1569411328.003
1569411328.253
1569411328.503
1569411328.753
1569411329.003
1569411329.253
1569411329.503
1569411329.753
1569411330.003
1569411330.253
1569411330.503
1569411330.753
1569411331.003
1569411331.253
1569411331.503
1569411331.753
1569411332.003
1569411332.253
1569411332.503
1569411332.753
1569411333.003
1569411333.253
1569411333.503
1569411333.753
1569411334.003
1569411334.253
1569411334.503
1569411334.753
1569411335.003
1569411335.253
1569411335.503
1569411335.753
1569411336.003
1569411336.253
1569411336.503
1569411336.753
1569411337.003
1569411337.253
1569411337.503
1569411337.753
1569411338.003
1569411338.253
1569411338.503
1569411338.753
1569411339.003
1569411339.253
1569411339.503
1569411339.753
1569411340.003
1569411340.253
1569411340.503
1569411340.753
1569411341.003
1569411341.253
1569411341.503
1569411341.753
1569411342.003
1569411342.253
1569411342.503
1569411342.753
1569411343.003
1569411343.253
1569411343.503
1569411343.753
1569411344.003
1569411344.253
1569411344.503
1569411344.753
1569411345.003
1569411345.253
1569411345.503
1569411345.753
1569411346.003
1569411346.253
1569411346.503
1569411346.753
1569411347.003
1569411347.253
1569411347.503
1569411347.753
1569411348.003
1569411348.253
1569411348.503
1569411348.753
1569411349.003
1569411349.253
1569411349.503
1569411349.753
1569411350.003
1569411350.253
1569411350.503
1569411350.753
1569411351.003
1569411351.253
1569411351.503
1569411351.753
1569411352.003
1569411352.253
1569411352.503
1569411352.753
1569411353.003
1569411353.253
1569411353.503
1569411353.753
1569411354.003
1569411354.253
1569411354.503
1569411354.753
1569411355.003
1569411355.253
1569411355.503
1569411355.753
1569411356.003
1569411356.253
1569411356.503
1569411356.753
1569411357.003
1569411357.253
1569411357.503
1569411357.753
1569411358.003
1569411358.253
1569411358.503
1569411358.753
1569411359.003
1569411359.253
1569411359.503
1569411359.753
1569411360.003
1569411360.253
1569411360.503
1569411360.753
1569411361.003
1569411361.253
1569411361.503
1569411361.753
1569411362.003
1569411362.253
1569411362.503
1569411362.753
1569411363.003
1569411363.253
1569411363.503
1569411363.753
1569411364.003
1569411364.253
1569411364.503
1569411364.753
1569411365.003
1569411365.253
1569411365.503
1569411365.753
1569411366.003
1569411366.253
1569411366.503
1569411366.753
1569411367.003
1569411367.253
1569411367.503
1569411367.753
1569411368.003
1569411368.253
1569411368.503
1569411368.753
1569411369.003
1569411369.253
1569411369.503
1569411369.753
1569411370.003
1569411370.253
1569411370.503
1569411370.753
1569411371.003
1569411371.253
1569411371.503
1569411371.753
1569411372.003
1569411372.253
1569411372.503
1569411372.753
1569411373.003
1569411373.253
1569411373.503
1569411373.753
1569411374.003
1569411374.253
1569411374.503
1569411374.753
1569411375.003
1569411375.253
1569411375.503
1569411375.753
1569411376.003
1569411376.253
1569411376.503
1569411376.753
1569411377.003
1569411377.253
1569411377.503
1569411377.753
1569411378.003
1569411378.253
1569411378.503
1569411378.753
1569411379.003
1569411379.253
1569411379.503
1569411379.753
1569411380.003
1569411380.253
1569411380.503
1569411380.753
1569411381.003
1569411381.253
1569411381.503
1569411381.753
1569411382.003
1569411382.253
1569411382.503
1569411382.753
1569411383.003
1569411383.253
1569411383.503
1569411383.753
1569411384.003
1569411384.253
1569411384.503
1569411384.753
1569411385.003
1569411385.253
1569411385.503
1569411385.753
1569411386.003
1569411386.253
1569411386.503
1569411386.753
1569411387.003
1569411387.253
1569411387.503
1569411387.753
1569411388.003
1569411388.253
1569411388.503
1569411388.753
1569411389.003
1569411389.253
1569411389.503
1569411389.753
1569411390.003
1569411390.253
1569411390.503
1569411390.753
1569411391.003
1569411391.253
1569411391.503
1569411391.753
1569411392.003
1569411392.253
1569411392.503
1569411392.753
1569411393.003
1569411393.253
1569411393.503
1569411393.753
1569411394.003
1569411394.253
1569411394.503
1569411394.753
1569411395.003
1569411395.253
1569411395.503
1569411395.753
1569411396.003
1569411396.253
1569411396.503
1569411396.753
1569411397.003
1569411397.253
1569411397.503
1569411397.753
1569411398.003
1569411398.253
1569411398.503
1569411398.753
1569411399.003
1569411399.253
1569411399.503
1569411399.753
1569411400.003
1569411400.253
1569411400.503
1569411400.753
1569411401.003
1569411401.253
1569411401.503
1569411401.753
1569411402.003
1569411402.253
1569411402.503
1569411402.753
1569411403.003
1569411403.253
1569411403.503
1569411403.753
1569411404.003
1569411404.253
1569411404.503
1569411404.753
1569411405.003
1569411405.253
1569411405.503
1569411405.753
1569411406.003
1569411406.253
1569411406.503
1569411406.753
1569411407.003
1569411407.253
1569411407.503
1569411407.753
1569411408.003
1569411408.253
1569411408.503
1569411408.753
1569411409.003
1569411409.253
1569411409.503
1569411409.753
1569411410.003
1569411410.253
1569411410.503
1569411410.753
1569411411.003
1569411411.253
1569411411.503
1569411411.753
1569411412.003
1569411412.253
1569411412.503
1569411412.753
1569411413.003
1569411413.253
1569411413.503
1569411413.753
1569411414.003
1569411414.253
1569411414.503
1569411414.753
1569411415.003
1569411415.253
1569411415.503
1569411415.753
1569411416.003
1569411416.253
1569411416.503
1569411416.753
1569411417.003
1569411417.253
1569411417.503
1569411417.753
1569411418.003
1569411418.253
1569411418.503
1569411418.753
1569411419.003
1569411419.253
1569411419.503
1569411419.753
1569411420.003
1569411420.253
1569411420.503
1569411420.753
1569411421.003
1569411421.253
1569411421.503
1569411421.753
1569411422.003
1569411422.253
1569411422.503
1569411422.753
1569411423.003
1569411423.253
1569411423.503
1569411423.753
1569411424.003
1569411424.253
1569411424.503
1569411424.753
1569411425.003
1569411425.253
1569411425.503
1569411425.753
1569411426.003
1569411426.253
1569411426.503
1569411426.753
1569411427.003
1569411427.253
1569411427.503
1569411427.753
1569411428.003
1569411428.253
1569411428.503
1569411428.753
1569411429.003
1569411429.253
1569411429.503
1569411429.753
1569411430.003
1569411430.253
1569411430.503
1569411430.753
1569411431.003
1569411431.253
1569411431.503
1569411431.753
1569411432.003
1569411432.253
1569411432.503
1569411432.753
1569411433.003
1569411433.253
1569411433.503
1569411433.753
1569411434.003
1569411434.253
1569411434.503
1569411434.753
1569411435.003
1569411435.253
1569411435.503
1569411435.753
1569411436.003
1569411436.253
1569411436.503
1569411436.753
1569411437.003
1569411437.253
1569411437.503
1569411437.753
1569411438.003
1569411438.253
1569411438.503
1569411438.753
1569411439.003
1569411439.253
1569411439.503
1569411439.753
1569411440.003
1569411440.253
1569411440.503
1569411440.753
1569411441.003
1569411441.253
1569411441.503
1569411441.753
1569411442.003
1569411442.253
1569411442.503
1569411442.753
1569411443.003
1569411443.253
1569411443.503
1569411443.753
1569411444.003
1569411444.253
1569411444.503
1569411444.753
1569411445.003
1569411445.253
1569411445.503
1569411445.753
1569411446.003
1569411446.253
1569411446.503
1569411446.753
1569411447.003
1569411447.253
1569411447.503
1569411447.753
1569411448.003
1569411448.253
1569411448.503
1569411448.753
1569411449.003
1569411449.253
1569411449.503
1569411449.753
1569411450.003
1569411450.253
1569411450.503
1569411450.753
1569411451.003
1569411451.253
1569411451.503
1569411451.753
1569411452.003
1569411452.253
1569411452.503
1569411452.753
1569411453.003
1569411453.253
1569411453.503
1569411453.753
1569411454.003
1569411454.253
1569411454.503
1569411454.753
1569411455.003
1569411455.253
1569411455.503
1569411455.753
1569411456.003
1569411456.253
1569411456.503
1569411456.753
1569411457.003
1569411457.253
1569411457.503
1569411457.753
1569411458.003
1569411458.253
1569411458.503
1569411458.753
1569411459.003
1569411459.253
1569411459.503
1569411459.753
1569411460.003
1569411460.253
1569411460.503
1569411460.753
1569411461.003
1569411461.253
1569411461.503
1569411461.753
1569411462.003
1569411462.253
1569411462.503
1569411462.753
1569411463.003
1569411463.253
1569411463.503
1569411463.753
1569411464.003
1569411464.253
