1569410113.503
1569410113.753
1569410114.003
1569410114.253
1569410114.503
1569410114.753
1569410115.003
1569410115.253
1569410115.503
1569410115.753
1569410116.003
1569410116.253
1569410116.503
1569410116.753
1569410117.003
1569410117.253
1569410117.503
1569410117.753
1569410118.003
1569410118.253
1569410118.503
1569410118.753
1569410119.003
1569410119.253
1569410119.503
1569410119.753
1569410120.003
1569410120.253
1569410120.503
1569410120.753
1569410121.003
1569410121.253
1569410121.503
1569410121.753
1569410122.003
1569410122.253
1569410122.503
1569410122.753
1569410123.003
1569410123.253
1569410123.503
1569410123.753
1569410124.003
1569410124.253
1569410124.503
1569410124.753
1569410125.003
1569410125.253
1569410125.503
1569410125.753
1569410126.003
1569410126.253
1569410126.503
1569410126.753
1569410127.003
1569410127.253
1569410127.503
1569410127.753
1569410128.003
1569410128.253
1569410128.503
1569410128.753
1569410129.003
1569410129.253
1569410129.503
1569410129.753
1569410130.003
1569410130.253
1569410130.503
1569410130.753
1569410131.003
1569410131.253
1569410131.503
1569410131.753
1569410132.003
1569410132.253
1569410132.503
1569410132.753
1569410133.003
1569410133.253
1569410133.503
1569410133.753
1569410134.003
1569410134.253
1569410134.503
1569410134.753
1569410135.003
1569410135.253
1569410135.503
1569410135.753
1569410136.003
1569410136.253
1569410136.503
1569410136.753
1569410137.003
1569410137.253
1569410137.503
1569410137.753
1569410138.003
1569410138.253
1569410138.503
1569410138.753
1569410139.003
1569410139.253
1569410139.503
1569410139.753
1569410140.003
1569410140.253
1569410140.503
1569410140.753
1569410141.003
1569410141.253
1569410141.503
1569410141.753
1569410142.003
1569410142.253
1569410142.503
1569410142.753
1569410143.003
1569410143.253
1569410143.503
1569410143.753
1569410144.003
1569410144.253
1569410144.503
1569410144.753
1569410145.003
1569410145.253
1569410145.503
1569410145.753
1569410146.003
1569410146.253
1569410146.503
1569410146.753
1569410147.003
1569410147.253
1569410147.503
1569410147.753
1569410148.003
1569410148.253
1569410148.503
1569410148.753
1569410149.003
1569410149.253
1569410149.503
1569410149.753
1569410150.003
1569410150.253
1569410150.503
1569410150.753
1569410151.003
1569410151.253
1569410151.503
1569410151.753
1569410152.003
1569410152.253
1569410152.503
1569410152.753
1569410153.003
1569410153.253
1569410153.503
1569410153.753
1569410154.003
1569410154.253
1569410154.503
1569410154.753
1569410155.003
1569410155.253
1569410155.503
1569410155.753
1569410156.003
1569410156.253
1569410156.503
1569410156.753
1569410157.003
1569410157.253
1569410157.503
1569410157.753
1569410158.003
1569410158.253
1569410158.503
1569410158.753
1569410159.003
1569410159.253
1569410159.503
1569410159.753
1569410160.003
1569410160.253
1569410160.503
1569410160.753
1569410161.003
1569410161.253
1569410161.503
1569410161.753
1569410162.003
1569410162.253
1569410162.503
1569410162.753
1569410163.003
1569410163.253
1569410163.503
1569410163.753
1569410164.003
1569410164.253
1569410164.503
1569410164.753
1569410165.003
1569410165.253
1569410165.503
1569410165.753
1569410166.003
1569410166.253
1569410166.503
1569410166.753
1569410167.003
1569410167.253
1569410167.503
1569410167.753
1569410168.003
1569410168.253
1569410168.503
1569410168.753
1569410169.003
1569410169.253
1569410169.503
1569410169.753
1569410170.003
1569410170.253
1569410170.503
1569410170.753
1569410171.003
1569410171.253
1569410171.503
1569410171.753
1569410172.003
1569410172.253
1569410172.503
1569410172.753
1569410173.003
1569410173.253
1569410173.503
1569410173.753
1569410174.003
1569410174.253
1569410174.503
1569410174.753
1569410175.003
1569410175.253
1569410175.503
1569410175.753
1569410176.003
1569410176.253
1569410176.503
1569410176.753
1569410177.003
1569410177.253
1569410177.503
1569410177.753
1569410178.003
1569410178.253
1569410178.503
1569410178.753
1569410179.003
1569410179.253
1569410179.503
1569410179.753
1569410180.003
1569410180.253
1569410180.503
1569410180.753
1569410181.003
1569410181.253
1569410181.503
1569410181.753
1569410182.003
1569410182.253
1569410182.503
1569410182.753
1569410183.003
1569410183.253
1569410183.503
1569410183.753
1569410184.003
1569410184.253
1569410184.503
1569410184.753
1569410185.003
1569410185.253
1569410185.503
1569410185.753
1569410186.003
1569410186.253
1569410186.503
1569410186.753
1569410187.003
1569410187.253
1569410187.503
1569410187.753
1569410188.003
1569410188.253
1569410188.503
1569410188.753
1569410189.003
1569410189.253
1569410189.503
1569410189.753
1569410190.003
1569410190.253
1569410190.503
1569410190.753
1569410191.003
1569410191.253
1569410191.503
1569410191.753
1569410192.003
1569410192.253
1569410192.503
1569410192.753
1569410193.003
1569410193.253
1569410193.503
1569410193.753
1569410194.003
1569410194.253
1569410194.503
1569410194.753
1569410195.003
1569410195.253
1569410195.503
1569410195.753
1569410196.003
1569410196.253
1569410196.503
1569410196.753
1569410197.003
1569410197.253
1569410197.503
1569410197.753
1569410198.003
1569410198.253
1569410198.503
1569410198.753
1569410199.003
1569410199.253
1569410199.503
1569410199.753
1569410200.003
1569410200.253
1569410200.503
1569410200.753
1569410201.003
1569410201.253
1569410201.503
1569410201.753
1569410202.003
1569410202.253
1569410202.503
1569410202.753
1569410203.003
1569410203.253
1569410203.503
1569410203.753
1569410204.003
1569410204.253
1569410204.503
1569410204.753
1569410205.003
1569410205.253
1569410205.503
1569410205.753
1569410206.003
1569410206.253
1569410206.503
1569410206.753
1569410207.003
1569410207.253
1569410207.503
1569410207.753
1569410208.003
1569410208.253
1569410208.503
1569410208.753
1569410209.003
1569410209.253
1569410209.503
1569410209.753
1569410210.003
1569410210.253
1569410210.503
1569410210.753
1569410211.003
1569410211.253
1569410211.503
1569410211.753
1569410212.003
1569410212.253
1569410212.503
1569410212.753
1569410213.003
1569410213.253
1569410213.503
1569410213.753
1569410214.003
1569410214.253
1569410214.503
1569410214.753
1569410215.003
1569410215.253
1569410215.503
1569410215.753
1569410216.003
1569410216.253
1569410216.503
1569410216.753
1569410217.003
1569410217.253
1569410217.503
1569410217.753
1569410218.003
1569410218.253
1569410218.503
1569410218.753
1569410219.003
1569410219.253
1569410219.503
1569410219.753
1569410220.003
1569410220.253
1569410220.503
1569410220.753
1569410221.003
1569410221.253
1569410221.503
1569410221.753
1569410222.003
1569410222.253
1569410222.503
1569410222.753
1569410223.003
1569410223.253
1569410223.503
1569410223.753
1569410224.003
1569410224.253
1569410224.503
1569410224.753
1569410225.003
1569410225.253
1569410225.503
1569410225.753
1569410226.003
1569410226.253
1569410226.503
1569410226.753
1569410227.003
1569410227.253
1569410227.503
1569410227.753
1569410228.003
1569410228.253
1569410228.503
1569410228.753
1569410229.003
1569410229.253
1569410229.503
1569410229.753
1569410230.003
1569410230.253
1569410230.503
1569410230.753
1569410231.003
1569410231.253
1569410231.503
1569410231.753
1569410232.003
1569410232.253
1569410232.503
1569410232.753
1569410233.003
1569410233.253
1569410233.503
1569410233.753
1569410234.003
1569410234.253
1569410234.503
1569410234.753
1569410235.003
1569410235.253
1569410235.503
1569410235.753
1569410236.003
1569410236.253
1569410236.503
1569410236.753
1569410237.003
1569410237.253
1569410237.503
1569410237.753
1569410238.003
1569410238.253
1569410238.503
1569410238.753
1569410239.003
1569410239.253
1569410239.503
1569410239.753
1569410240.003
1569410240.253
1569410240.503
1569410240.753
1569410241.003
1569410241.253
1569410241.503
1569410241.753
1569410242.003
1569410242.253
1569410242.503
1569410242.753
1569410243.003
1569410243.253
1569410243.503
1569410243.753
1569410244.003
1569410244.253
1569410244.503
1569410244.753
1569410245.003
1569410245.253
1569410245.503
1569410245.753
1569410246.003
1569410246.253
1569410246.503
1569410246.753
1569410247.003
1569410247.253
1569410247.503
1569410247.753
1569410248.003
1569410248.253
1569410248.503
1569410248.753
1569410249.003
1569410249.253
1569410249.503
1569410249.753
1569410250.003
1569410250.253
1569410250.503
1569410250.753
1569410251.003
1569410251.253
1569410251.503
1569410251.753
1569410252.003
1569410252.253
1569410252.503
1569410252.753
1569410253.003
1569410253.253
1569410253.503
1569410253.753
1569410254.003
1569410254.253
1569410254.503
1569410254.753
1569410255.003
1569410255.253
1569410255.503
1569410255.753
1569410256.003
1569410256.253
1569410256.503
1569410256.753
1569410257.003
1569410257.253
1569410257.503
1569410257.753
1569410258.003
1569410258.253
1569410258.503
1569410258.753
1569410259.003
1569410259.253
1569410259.503
1569410259.753
1569410260.003
1569410260.253
1569410260.503
1569410260.753
1569410261.003
1569410261.253
1569410261.503
1569410261.753
1569410262.003
1569410262.253
1569410262.503
1569410262.753
1569410263.003
1569410263.253
1569410263.503
1569410263.753
1569410264.003
1569410264.253
1569410264.503
1569410264.753
1569410265.003
1569410265.253
1569410265.503
1569410265.753
1569410266.003
1569410266.253
1569410266.503
1569410266.753
1569410267.003
1569410267.253
1569410267.503
1569410267.753
1569410268.003
1569410268.253
1569410268.503
1569410268.753
1569410269.003
1569410269.253
1569410269.503
1569410269.753
1569410270.003
1569410270.253
1569410270.503
1569410270.753
1569410271.003
1569410271.253
1569410271.503
1569410271.753
1569410272.003
1569410272.253
1569410272.503
1569410272.753
1569410273.003
1569410273.253
1569410273.503
1569410273.753
1569410274.003
1569410274.253
1569410274.503
1569410274.753
1569410275.003
1569410275.253
1569410275.503
1569410275.753
1569410276.003
1569410276.253
1569410276.503
1569410276.753
1569410277.003
1569410277.253
1569410277.503
1569410277.753
1569410278.003
1569410278.253
1569410278.503
1569410278.753
1569410279.003
1569410279.253
1569410279.503
1569410279.753
1569410280.003
1569410280.253
1569410280.503
1569410280.753
1569410281.003
1569410281.253
1569410281.503
1569410281.753
1569410282.003
1569410282.253
1569410282.503
1569410282.753
1569410283.003
1569410283.253
1569410283.503
1569410283.753
1569410284.003
1569410284.253
1569410284.503
1569410284.753
1569410285.003
1569410285.253
1569410285.503
1569410285.753
1569410286.003
1569410286.253
1569410286.503
1569410286.753
1569410287.003
1569410287.253
1569410287.503
1569410287.753
1569410288.003
1569410288.253
1569410288.503
1569410288.753
1569410289.003
1569410289.253
1569410289.503
1569410289.753
1569410290.003
1569410290.253
1569410290.503
1569410290.753
1569410291.003
1569410291.253
1569410291.503
1569410291.753
1569410292.003
1569410292.253
1569410292.503
1569410292.753
1569410293.003
1569410293.253
1569410293.503
1569410293.753
1569410294.003
1569410294.253
1569410294.503
1569410294.753
1569410295.003
1569410295.253
1569410295.503
1569410295.753
1569410296.003
1569410296.253
1569410296.503
1569410296.753
1569410297.003
1569410297.253
1569410297.503
1569410297.753
1569410298.003
1569410298.253
1569410298.503
1569410298.753
1569410299.003
1569410299.253
1569410299.503
1569410299.753
1569410300.003
1569410300.253
1569410300.503
1569410300.753
1569410301.003
1569410301.253
1569410301.503
1569410301.753
1569410302.003
1569410302.253
1569410302.503
1569410302.753
1569410303.003
1569410303.253
1569410303.503
1569410303.753
1569410304.003
1569410304.253
1569410304.503
1569410304.753
1569410305.003
1569410305.253
1569410305.503
1569410305.753
1569410306.003
1569410306.253
1569410306.503
1569410306.753
1569410307.003
1569410307.253
1569410307.503
1569410307.753
1569410308.003
1569410308.253
1569410308.503
1569410308.753
1569410309.003
1569410309.253
1569410309.503
1569410309.753
1569410310.003
1569410310.253
1569410310.503
1569410310.753
1569410311.003
1569410311.253
1569410311.503
1569410311.753
1569410312.003
1569410312.253
1569410312.503
1569410312.753
1569410313.003
1569410313.253
1569410313.503
1569410313.753
1569410314.003
1569410314.253
1569410314.503
1569410314.753
1569410315.003
1569410315.253
1569410315.503
1569410315.753
1569410316.003
1569410316.253
1569410316.503
1569410316.753
1569410317.003
1569410317.253
1569410317.503
1569410317.753
1569410318.003
1569410318.253
1569410318.503
1569410318.753
1569410319.003
1569410319.253
1569410319.503
1569410319.753
1569410320.003
1569410320.253
1569410320.503
1569410320.753
1569410321.003
1569410321.253
1569410321.503
1569410321.753
1569410322.003
1569410322.253
1569410322.503
1569410322.753
1569410323.003
1569410323.253
1569410323.503
1569410323.753
1569410324.003
1569410324.253
1569410324.503
1569410324.753
1569410325.003
1569410325.253
1569410325.503
1569410325.753
1569410326.003
1569410326.253
1569410326.503
1569410326.753
1569410327.003
1569410327.253
1569410327.503
1569410327.753
1569410328.003
1569410328.253
1569410328.503
1569410328.753
1569410329.003
1569410329.253
1569410329.503
1569410329.753
1569410330.003
1569410330.253
1569410330.503
1569410330.753
1569410331.003
1569410331.253
1569410331.503
1569410331.753
1569410332.003
1569410332.253
1569410332.503
1569410332.753
1569410333.003
1569410333.253
1569410333.503
1569410333.753
1569410334.003
1569410334.253
1569410334.503
1569410334.753
1569410335.003
1569410335.253
1569410335.503
1569410335.753
1569410336.003
1569410336.253
1569410336.503
1569410336.753
1569410337.003
1569410337.253
1569410337.503
1569410337.753
1569410338.003
1569410338.253
1569410338.503
1569410338.753
1569410339.003
1569410339.253
1569410339.503
1569410339.753
1569410340.003
1569410340.253
1569410340.503
1569410340.753
1569410341.003
1569410341.253
1569410341.503
1569410341.753
1569410342.003
1569410342.253
1569410342.503
1569410342.753
1569410343.003
1569410343.253
1569410343.503
1569410343.753
1569410344.003
1569410344.253
1569410344.503
1569410344.753
1569410345.003
1569410345.253
1569410345.503
1569410345.753
1569410346.003
1569410346.253
1569410346.503
1569410346.753
1569410347.003
1569410347.253
1569410347.503
1569410347.753
1569410348.003
1569410348.253
1569410348.503
1569410348.753
1569410349.003
1569410349.253
1569410349.503
1569410349.753
1569410350.003
1569410350.253
1569410350.503
1569410350.753
1569410351.003
1569410351.253
1569410351.503
1569410351.753
1569410352.003
1569410352.253
1569410352.503
1569410352.753
1569410353.003
1569410353.253
1569410353.503
1569410353.753
1569410354.003
1569410354.253
1569410354.503
1569410354.753
1569410355.003
1569410355.253
1569410355.503
1569410355.753
1569410356.003
1569410356.253
1569410356.503
1569410356.753
1569410357.003
1569410357.253
1569410357.503
1569410357.753
1569410358.003
1569410358.253
1569410358.503
1569410358.753
1569410359.003
1569410359.253
1569410359.503
1569410359.753
1569410360.003
1569410360.253
1569410360.503
1569410360.753
1569410361.003
1569410361.253
1569410361.503
1569410361.753
1569410362.003
1569410362.253
1569410362.503
1569410362.753
1569410363.003
1569410363.253
1569410363.503
1569410363.753
1569410364.003
1569410364.253
1569410364.503
1569410364.753
1569410365.003
1569410365.253
1569410365.503
1569410365.753
1569410366.003
1569410366.253
1569410366.503
1569410366.753
1569410367.003
1569410367.253
1569410367.503
1569410367.753
1569410368.003
1569410368.253
1569410368.503
1569410368.753
1569410369.003
1569410369.253
1569410369.503
1569410369.753
1569410370.003
1569410370.253
1569410370.503
1569410370.753
1569410371.003
1569410371.253
1569410371.503
1569410371.753
1569410372.003
1569410372.253
1569410372.503
1569410372.753
1569410373.003
1569410373.253
1569410373.503
1569410373.753
1569410374.003
1569410374.253
1569410374.503
1569410374.753
1569410375.003
1569410375.253
1569410375.503
1569410375.753
1569410376.003
1569410376.253
1569410376.503
1569410376.753
1569410377.003
1569410377.253
1569410377.503
1569410377.753
1569410378.003
1569410378.253
1569410378.503
1569410378.753
1569410379.003
1569410379.253
1569410379.503
1569410379.753
1569410380.003
1569410380.253
1569410380.503
1569410380.753
1569410381.003
1569410381.253
1569410381.503
1569410381.753
1569410382.003
1569410382.253
1569410382.503
1569410382.753
1569410383.003
1569410383.253
1569410383.503
1569410383.753
1569410384.003
1569410384.253
1569410384.503
1569410384.753
1569410385.003
1569410385.253
1569410385.503
1569410385.753
1569410386.003
1569410386.253
1569410386.503
1569410386.753
1569410387.003
1569410387.253
1569410387.503
1569410387.753
1569410388.003
1569410388.253
1569410388.503
1569410388.753
1569410389.003
1569410389.253
1569410389.503
1569410389.753
1569410390.003
1569410390.253
1569410390.503
1569410390.753
1569410391.003
1569410391.253
1569410391.503
1569410391.753
1569410392.003
1569410392.253
1569410392.503
1569410392.753
1569410393.003
1569410393.253
1569410393.503
1569410393.753
1569410394.003
1569410394.253
1569410394.503
1569410394.753
1569410395.003
1569410395.253
1569410395.503
1569410395.753
1569410396.003
1569410396.253
1569410396.503
1569410396.753
1569410397.003
1569410397.253
1569410397.503
1569410397.753
1569410398.003
1569410398.253
1569410398.503
1569410398.753
1569410399.003
1569410399.253
1569410399.503
1569410399.753
1569410400.003
1569410400.253
1569410400.503
1569410400.753
1569410401.003
1569410401.253
1569410401.503
1569410401.753
1569410402.003
1569410402.253
1569410402.503
1569410402.753
1569410403.003
1569410403.253
1569410403.503
1569410403.753
1569410404.003
1569410404.253
1569410404.503
1569410404.753
1569410405.003
1569410405.253
1569410405.503
1569410405.753
1569410406.003
1569410406.253
1569410406.503
1569410406.753
1569410407.003
1569410407.253
1569410407.503
1569410407.753
1569410408.003
1569410408.253
1569410408.503
1569410408.753
1569410409.003
1569410409.253
1569410409.503
1569410409.753
1569410410.003
1569410410.253
1569410410.503
1569410410.753
1569410411.003
1569410411.253
1569410411.503
1569410411.753
1569410412.003
1569410412.253
1569410412.503
1569410412.753
1569410413.003
1569410413.253
