0.1947623
0.1947623
0.1947623
0.1947623
0.1947623
0.1947623
0.1960436
0.1960436
0.193481
0.1960436
0.1947623
0.1947623
0.1960436
0.1947623
0.1947623
0.1947623
0.1947623
0.1947623
0.1947623
0.1947623
0.1947623
0.1921996
0.193481
0.1921996
0.193481
0.193481
0.193481
0.193481
0.193481
0.193481
0.193481
0.193481
0.1921996
0.193481
0.193481
0.193481
0.1960436
0.1947623
0.193481
0.193481
0.1921996
0.1921996
0.1921996
0.1909183
0.1921996
0.1921996
0.1921996
0.1921996
0.1921996
0.1921996
0.1921996
0.1909183
0.1921996
0.1909183
0.189637
0.1909183
0.1909183
0.1909183
0.1909183
0.1909183
0.1909183
0.1909183
0.189637
0.1909183
0.1909183
0.1883556
0.1909183
0.1909183
0.1909183
0.189637
0.1909183
0.1921996
0.193481
0.193481
0.193481
0.1909183
0.1921996
0.1921996
0.1921996
0.1921996
0.1921996
0.1921996
0.1909183
0.1909183
0.1921996
0.1921996
0.1921996
0.189637
0.1921996
0.193481
0.193481
0.193481
0.193481
0.193481
0.193481
0.1921996
0.1921996
0.1921996
0.1883556
0.1921996
0.1921996
0.1921996
0.1921996
0.1921996
0.1921996
0.1921996
0.1921996
0.1909183
0.1909183
0.1909183
0.1921996
0.1921996
0.1921996
0.1921996
0.1909183
0.189637
0.1909183
0.1909183
0.1921996
0.1921996
0.1909183
0.1921996
0.1921996
0.1921996
0.1921996
0.1921996
0.1921996
0.1921996
0.1921996
0.1921996
0.1921996
0.1909183
0.1909183
0.1909183
0.1909183
0.189637
0.189637
0.189637
0.189637
0.2024503
0.1921996
0.1921996
0.1909183
0.193481
0.193481
0.193481
0.193481
0.1947623
0.1947623
0.1960436
0.197325
0.197325
0.197325
0.1960436
0.197325
0.1986063
0.197325
0.197325
0.1998876
0.1998876
0.2024503
0.2024503
0.201169
0.2037316
0.2024503
0.2024503
0.2024503
0.201169
0.201169
0.201169
0.1998876
0.1998876
0.197325
0.197325
0.1960436
0.1921996
0.1960436
0.197325
0.1998876
0.201169
0.201169
0.2024503
0.201169
0.2127009
0.1998876
0.1986063
0.1947623
0.1960436
0.1960436
0.1947623
0.1947623
0.1947623
0.193481
0.193481
0.193481
0.193481
0.1921996
0.1909183
0.1921996
0.193481
0.1921996
0.1921996
0.1921996
0.1921996
0.1921996
0.1921996
0.1921996
0.1921996
0.189637
0.1921996
0.1921996
0.1921996
0.1921996
0.1947623
0.193481
0.1921996
0.1921996
0.1921996
0.1921996
0.1909183
0.1909183
0.1921996
0.1909183
0.1909183
0.1909183
0.189637
0.189637
0.189637
0.189637
0.189637
0.1883556
0.189637
0.189637
0.189637
0.189637
0.189637
0.189637
0.189637
0.189637
0.189637
0.1883556
0.1870743
0.1883556
0.1870743
0.189637
0.1883556
0.189637
0.189637
0.189637
0.1883556
0.1909183
0.189637
0.1870743
0.1883556
0.1883556
0.1883556
0.1883556
0.1883556
0.1883556
0.1883556
0.1883556
0.1883556
0.1883556
0.185793
0.1883556
0.1870743
0.189637
0.1883556
0.1883556
0.1883556
0.189637
0.1883556
0.189637
0.189637
0.1870743
0.1870743
0.1883556
0.1883556
0.1883556
0.1883556
0.189637
0.1883556
0.1883556
0.1883556
0.1883556
0.185793
0.1883556
0.189637
0.1870743
0.189637
0.1870743
0.1883556
0.189637
0.1870743
0.189637
0.1883556
0.1845116
0.1883556
0.1883556
0.1870743
0.1883556
0.1870743
0.1870743
0.185793
0.185793
0.185793
0.1870743
0.1845116
0.1870743
0.185793
0.1870743
0.185793
0.185793
0.1870743
0.185793
0.185793
0.185793
0.1870743
0.1845116
0.1845116
0.185793
0.185793
0.185793
0.185793
0.185793
0.185793
0.1870743
0.185793
0.181949
0.185793
0.181949
0.181949
0.181949
0.181949
0.1845116
0.181949
0.1845116
0.1845116
0.1832303
0.1845116
0.181949
0.1832303
0.1845116
0.1832303
0.1832303
0.1845116
0.1832303
0.1832303
0.181949
0.181949
0.1832303
0.181949
0.1845116
0.1832303
0.1832303
0.1832303
0.1832303
0.1832303
0.1832303
0.1832303
0.1832303
0.181949
0.1806677
0.181949
0.1832303
0.1832303
0.181949
0.181949
0.1832303
0.181949
0.181949
0.181949
0.1806677
0.1806677
0.1806677
0.181949
0.1806677
0.1806677
0.1806677
0.1806677
0.1806677
0.1806677
0.181949
0.1806677
0.1793863
0.1806677
0.181949
0.1806677
0.1806677
0.1806677
0.1806677
0.1806677
0.1806677
0.1806677
0.1806677
0.1768237
0.1806677
0.1806677
0.1806677
0.1806677
0.1806677
0.1793863
0.1806677
0.1793863
0.1793863
0.1793863
0.1793863
0.1793863
0.1806677
0.1793863
0.1793863
0.178105
0.1806677
0.178105
0.1806677
0.1793863
0.1806677
0.178105
0.1793863
0.1793863
0.1793863
0.1793863
0.1793863
0.1793863
0.1793863
0.1793863
0.1793863
0.178105
0.178105
0.1793863
0.1793863
0.1768237
0.178105
0.178105
0.178105
0.178105
0.178105
0.1768237
0.178105
0.1755423
0.1768237
0.178105
0.178105
0.1768237
0.178105
0.178105
0.178105
0.178105
0.178105
0.178105
0.174261
0.178105
0.178105
0.178105
0.178105
0.178105
0.178105
0.178105
0.1768237
0.1768237
0.1768237
0.174261
0.1768237
0.178105
0.1768237
0.1768237
0.1768237
0.1768237
0.1768237
0.1768237
0.1755423
0.1768237
0.1755423
0.1755423
0.1768237
0.1755423
0.1768237
0.1768237
0.1768237
0.1755423
0.1755423
0.1768237
0.1755423
0.1729797
0.1755423
0.1768237
0.1768237
0.1755423
0.1755423
0.1755423
0.174261
0.1755423
0.1755423
0.1755423
0.1729797
0.1755423
0.1755423
0.1755423
0.174261
0.1755423
0.1755423
0.174261
0.174261
0.174261
0.1755423
0.1729797
0.174261
0.174261
0.174261
0.174261
0.1729797
0.174261
0.174261
0.174261
0.174261
0.174261
0.1716983
0.174261
0.174261
0.174261
0.174261
0.174261
0.174261
0.174261
0.174261
0.1755423
0.1755423
0.1716983
0.174261
0.1716983
0.174261
0.174261
0.174261
0.1755423
0.174261
0.185793
0.174261
0.174261
0.1729797
0.174261
0.174261
0.1729797
0.170417
0.170417
0.170417
0.170417
0.170417
0.170417
0.170417
0.1691357
0.170417
0.170417
0.1691357
0.1716983
0.170417
0.170417
0.170417
0.170417
0.170417
0.170417
0.1691357
0.170417
0.1716983
0.170417
0.1716983
0.170417
0.1716983
0.170417
0.170417
0.1691357
0.170417
0.170417
0.1716983
0.170417
0.170417
0.1691357
0.170417
0.1716983
0.170417
0.1716983
0.170417
0.1716983
0.1716983
0.170417
0.1729797
0.170417
0.1716983
0.1716983
0.1716983
0.1716983
0.170417
0.1716983
0.1716983
0.1691357
0.170417
0.1716983
0.1716983
0.1716983
0.1716983
0.1716983
0.170417
0.1716983
0.170417
0.170417
0.170417
0.170417
0.1691357
0.1691357
0.170417
0.1691357
0.1716983
0.1678543
0.1678543
0.1678543
0.1678543
0.166573
0.1678543
0.1678543
0.1678543
0.1678543
0.1678543
0.1678543
0.1678543
0.1678543
0.1678543
0.1678543
0.1652917
0.166573
0.1652917
0.166573
0.166573
0.1678543
0.166573
0.166573
0.166573
0.166573
0.166573
0.1652917
0.166573
0.166573
0.166573
0.166573
0.166573
0.166573
0.1691357
0.1678543
0.166573
0.166573
0.1652917
0.166573
0.1652917
0.166573
0.166573
0.166573
0.166573
0.166573
0.166573
0.166573
0.166573
0.1652917
0.1678543
0.1678543
0.166573
0.1678543
0.166573
0.166573
0.1678543
0.1678543
0.1678543
0.166573
0.1652917
0.1652917
0.166573
0.1678543
0.166573
0.166573
0.1652917
0.1678543
0.166573
0.1652917
0.1678543
0.1640103
0.166573
0.1678543
0.166573
0.166573
0.166573
0.166573
0.1678543
0.166573
0.166573
0.1652917
0.1652917
0.166573
0.166573
0.166573
0.1652917
0.166573
0.166573
0.1652917
0.166573
0.166573
0.1652917
0.1640103
0.166573
0.1652917
0.1652917
0.166573
0.1640103
0.166573
0.166573
0.1793863
0.1678543
0.1652917
0.1652917
0.166573
0.1678543
0.1678543
0.166573
0.1678543
0.1678543
0.1691357
0.1691357
0.1691357
0.1691357
0.1678543
0.1691357
0.1691357
0.1691357
0.1691357
0.1678543
0.1678543
0.1678543
0.1678543
0.166573
0.166573
0.1652917
0.166573
0.166573
0.166573
0.166573
0.166573
0.166573
0.166573
0.166573
0.166573
0.166573
0.1652917
0.166573
0.166573
0.166573
0.166573
0.166573
0.1640103
0.1652917
0.1640103
0.1652917
0.1652917
0.162729
0.1640103
0.1652917
0.1652917
0.1652917
0.1652917
0.1652917
0.1652917
0.1640103
0.1640103
0.1640103
0.162729
0.1640103
0.1640103
0.1640103
0.1640103
0.162729
0.162729
0.1640103
0.162729
0.1640103
0.1640103
0.1601664
0.1640103
0.1640103
0.1640103
0.1640103
0.162729
0.1614477
0.1614477
0.1614477
0.1614477
0.1614477
0.1601664
0.1614477
0.1614477
0.1614477
0.1614477
0.1614477
0.1614477
0.1614477
0.1614477
0.1614477
0.1614477
0.1601664
0.1614477
0.1614477
0.1614477
0.1614477
0.1614477
0.1614477
0.1614477
0.1614477
0.1614477
0.1614477
0.158885
0.1614477
0.1601664
0.1614477
0.1614477
0.1614477
0.1614477
0.1614477
0.1614477
0.1614477
0.162729
0.1576037
0.1614477
0.1640103
0.1614477
0.1614477
0.1614477
0.1614477
0.1614477
0.1614477
0.1614477
0.1601664
0.1601664
0.1614477
0.1614477
0.1614477
0.1614477
0.1614477
0.1601664
0.1614477
0.1614477
0.162729
0.1614477
0.1601664
0.1614477
0.1614477
0.1614477
0.1614477
0.1614477
0.162729
0.1614477
0.1614477
0.1614477
0.1614477
0.1614477
0.1614477
0.1614477
0.1601664
0.1601664
0.1614477
0.1614477
0.1614477
0.1614477
0.1614477
0.1614477
0.158885
0.1614477
0.1614477
0.1614477
0.1576037
0.1614477
0.1614477
0.1601664
0.1601664
0.1601664
0.1601664
0.1576037
0.1601664
0.1601664
0.1601664
0.1601664
0.1601664
0.1601664
0.1601664
0.158885
0.1601664
0.1601664
0.1576037
0.1614477
0.1614477
0.1601664
0.158885
0.1601664
0.1601664
0.158885
0.1601664
0.1601664
0.158885
0.1576037
0.158885
0.158885
0.158885
0.1601664
0.158885
0.1576037
0.158885
0.1601664
0.1563224
0.1563224
0.155041
0.1563224
0.1537597
0.155041
0.155041
0.155041
0.155041
0.155041
0.155041
0.1563224
0.155041
0.1524784
0.1563224
0.155041
0.1563224
0.1563224
0.1563224
0.1563224
0.1563224
0.1563224
0.1576037
0.155041
0.1537597
0.1563224
0.1563224
0.1563224
0.1563224
0.1563224
0.155041
0.1563224
0.1563224
0.1563224
0.1563224
0.1537597
0.1563224
0.1563224
0.1563224
0.1563224
0.1563224
0.1563224
0.1563224
0.1563224
0.1563224
0.1563224
0.1537597
0.1563224
0.155041
0.1563224
0.1563224
0.1563224
0.1563224
0.1563224
0.1563224
0.1563224
0.1563224
0.1524784
0.1563224
0.1563224
0.1563224
0.155041
0.155041
0.155041
0.155041
0.155041
0.155041
0.155041
0.1537597
0.155041
0.155041
0.155041
0.155041
0.155041
0.155041
0.155041
0.155041
0.155041
0.155041
0.151197
0.155041
0.155041
0.155041
0.155041
0.155041
0.155041
0.155041
0.155041
0.155041
0.155041
0.1524784
0.155041
0.155041
0.1537597
0.155041
0.155041
0.155041
0.155041
0.155041
0.155041
0.155041
0.1524784
0.155041
0.155041
0.1537597
0.155041
0.155041
0.155041
0.1537597
0.155041
0.155041
0.155041
0.151197
0.155041
0.155041
0.1537597
0.1537597
0.155041
0.155041
0.155041
0.155041
0.155041
0.155041
0.1537597
0.155041
0.155041
0.155041
0.155041
0.1537597
0.1563224
0.1576037
0.1563224
0.1576037
0.1563224
0.1537597
0.1563224
0.1576037
0.1563224
0.1563224
0.1563224
0.1563224
0.1563224
0.1563224
0.1563224
0.1563224
0.1524784
0.1563224
0.1563224
0.1563224
0.1563224
0.1563224
0.1563224
0.1563224
0.1563224
0.1563224
0.1563224
0.155041
0.1563224
0.1563224
0.1563224
0.1537597
0.1537597
0.155041
0.155041
0.155041
0.155041
0.155041
0.1537597
0.155041
0.1563224
0.155041
0.155041
0.155041
0.1537597
0.155041
0.155041
0.155041
0.155041
0.1524784
0.1537597
0.155041
0.1524784
0.1537597
0.155041
0.1537597
0.1537597
0.1537597
0.1524784
0.1537597
0.1524784
0.1537597
0.1537597
0.1537597
0.1524784
0.1537597
0.1537597
0.1537597
0.166573
0.1537597
0.1537597
0.1499157
0.1524784
0.1537597
0.1537597
0.1537597
0.1537597
0.1537597
0.1537597
0.1537597
0.1537597
0.1524784
0.151197
0.1537597
0.1524784
0.1537597
0.1537597
0.1537597
0.1537597
0.1524784
0.1537597
0.1537597
0.1537597
0.1524784
0.1537597
0.1537597
0.1537597
0.1537597
0.1524784
0.1537597
0.1537597
0.1537597
0.1537597
0.1537597
0.1499157
0.1524784
0.1537597
0.1524784
0.1524784
0.1537597
0.1537597
0.1524784
0.151197
0.1537597
0.1524784
0.1499157
0.1499157
0.1499157
0.151197
0.151197
0.151197
0.151197
0.151197
0.151197
0.151197
0.151197
0.1499157
0.151197
0.151197
0.1499157
0.1499157
0.1499157
0.1499157
0.1499157
0.1499157
0.151197
0.1499157
0.1486344
0.1499157
0.1499157
0.1499157
0.1499157
0.1499157
0.1499157
0.1499157
0.1499157
0.1499157
0.1499157
0.1486344
0.1499157
0.1499157
0.1499157
0.1499157
0.1499157
0.1499157
0.1486344
0.1614477
0.1499157
0.1486344
0.1473531
0.1499157
