1569413078.27958
1569413078.52959
1569413078.7796
1569413079.02961
1569413079.27962
1569413079.52963
1569413079.77965
1569413080.02966
1569413080.27967
1569413080.52968
1569413080.77969
1569413081.0297
1569413081.27971
1569413081.52973
1569413081.77974
1569413082.02975
1569413082.27976
1569413082.52977
1569413082.77978
1569413083.0298
1569413083.27981
1569413083.52982
1569413083.77983
1569413084.02984
1569413084.27985
1569413084.52987
1569413084.77988
1569413085.02989
1569413085.2799
1569413085.52991
1569413085.77992
1569413086.02993
1569413086.27995
1569413086.52996
1569413086.77997
1569413087.02998
1569413087.27999
1569413087.53
1569413087.78002
1569413088.03003
1569413088.28004
1569413088.53005
1569413088.78006
1569413089.03007
1569413089.28009
1569413089.5301
1569413089.78011
1569413090.03012
1569413090.28013
1569413090.53014
1569413090.78015
1569413091.03017
1569413091.28018
1569413091.53019
1569413091.7802
1569413092.03021
1569413092.28022
1569413092.53024
1569413092.78025
1569413093.03026
1569413093.28027
1569413093.53028
1569413093.78029
1569413094.03031
1569413094.28032
1569413094.53033
1569413094.78034
1569413095.03035
1569413095.28036
1569413095.53037
1569413095.78039
1569413096.0304
1569413096.28041
1569413096.53042
1569413096.78043
1569413097.03044
1569413097.28046
1569413097.53047
1569413097.78048
1569413098.03049
1569413098.2805
1569413098.53051
1569413098.78052
1569413099.03054
1569413099.28055
1569413099.53056
1569413099.78057
1569413100.03058
1569413100.28059
1569413100.53061
1569413100.78062
1569413101.03063
1569413101.28064
1569413101.53065
1569413101.78066
1569413102.03068
1569413102.28069
1569413102.5307
1569413102.78071
1569413103.03072
1569413103.28073
1569413103.53074
1569413103.78076
1569413104.03077
1569413104.28078
1569413104.53079
1569413104.7808
1569413105.03081
1569413105.28083
1569413105.53084
1569413105.78085
1569413106.03086
1569413106.28087
1569413106.53088
1569413106.7809
1569413107.03091
1569413107.28092
1569413107.53093
1569413107.78094
1569413108.03095
1569413108.28096
1569413108.53098
1569413108.78099
1569413109.031
1569413109.28101
1569413109.53102
1569413109.78103
1569413110.03105
1569413110.28106
1569413110.53107
1569413110.78108
1569413111.03109
1569413111.2811
1569413111.53112
1569413111.78113
1569413112.03114
1569413112.28115
1569413112.53116
1569413112.78117
1569413113.03118
1569413113.2812
1569413113.53121
1569413113.78122
1569413114.03123
1569413114.28124
1569413114.53125
1569413114.78127
1569413115.03128
1569413115.28129
1569413115.5313
1569413115.78131
1569413116.03132
1569413116.28134
1569413116.53135
1569413116.78136
1569413117.03137
1569413117.28138
1569413117.53139
1569413117.7814
1569413118.03142
1569413118.28143
1569413118.53144
1569413118.78145
1569413119.03146
1569413119.28147
1569413119.53149
1569413119.7815
1569413120.03151
1569413120.28152
1569413120.53153
1569413120.78154
1569413121.03156
1569413121.28157
1569413121.53158
1569413121.78159
1569413122.0316
1569413122.28161
1569413122.53162
1569413122.78164
1569413123.03165
1569413123.28166
1569413123.53167
1569413123.78168
1569413124.03169
1569413124.28171
1569413124.53172
1569413124.78173
1569413125.03174
1569413125.28175
1569413125.53176
1569413125.78178
1569413126.03179
1569413126.2818
1569413126.53181
1569413126.78182
1569413127.03183
1569413127.28184
1569413127.53186
1569413127.78187
1569413128.03188
1569413128.28189
1569413128.5319
1569413128.78191
1569413129.03193
1569413129.28194
1569413129.53195
1569413129.78196
1569413130.03197
1569413130.28198
1569413130.532
1569413130.78201
1569413131.03202
1569413131.28203
1569413131.53204
1569413131.78205
1569413132.03206
1569413132.28208
1569413132.53209
1569413132.7821
1569413133.03211
1569413133.28212
1569413133.53213
1569413133.78215
1569413134.03216
1569413134.28217
1569413134.53218
1569413134.78219
1569413135.0322
1569413135.28221
1569413135.53223
1569413135.78224
1569413136.03225
1569413136.28226
1569413136.53227
1569413136.78228
1569413137.0323
1569413137.28231
1569413137.53232
1569413137.78233
1569413138.03234
1569413138.28235
1569413138.53237
1569413138.78238
1569413139.03239
1569413139.2824
1569413139.53241
1569413139.78242
1569413140.03243
1569413140.28245
1569413140.53246
1569413140.78247
1569413141.03248
1569413141.28249
1569413141.5325
1569413141.78252
1569413142.03253
1569413142.28254
1569413142.53255
1569413142.78256
1569413143.03257
1569413143.28259
1569413143.5326
1569413143.78261
1569413144.03262
1569413144.28263
1569413144.53264
1569413144.78265
1569413145.03267
1569413145.28268
1569413145.53269
1569413145.7827
1569413146.03271
1569413146.28272
1569413146.53274
1569413146.78275
1569413147.03276
1569413147.28277
1569413147.53278
1569413147.78279
1569413148.03281
1569413148.28282
1569413148.53283
1569413148.78284
1569413149.03285
1569413149.28286
1569413149.53287
1569413149.78289
1569413150.0329
1569413150.28291
1569413150.53292
1569413150.78293
1569413151.03294
1569413151.28296
1569413151.53297
1569413151.78298
1569413152.03299
1569413152.283
1569413152.53301
1569413152.78303
1569413153.03304
1569413153.28305
1569413153.53306
1569413153.78307
1569413154.03308
1569413154.28309
1569413154.53311
1569413154.78312
1569413155.03313
1569413155.28314
1569413155.53315
1569413155.78316
1569413156.03318
1569413156.28319
1569413156.5332
1569413156.78321
1569413157.03322
1569413157.28323
1569413157.53325
1569413157.78326
1569413158.03327
1569413158.28328
1569413158.53329
1569413158.7833
1569413159.03331
1569413159.28333
1569413159.53334
1569413159.78335
1569413160.03336
1569413160.28337
1569413160.53338
1569413160.7834
1569413161.03341
1569413161.28342
1569413161.53343
1569413161.78344
1569413162.03345
1569413162.28346
1569413162.53348
1569413162.78349
1569413163.0335
1569413163.28351
1569413163.53352
1569413163.78353
1569413164.03355
1569413164.28356
1569413164.53357
1569413164.78358
1569413165.03359
1569413165.2836
1569413165.53362
1569413165.78363
1569413166.03364
1569413166.28365
1569413166.53366
1569413166.78367
1569413167.03368
1569413167.2837
1569413167.53371
1569413167.78372
1569413168.03373
1569413168.28374
1569413168.53375
1569413168.78377
1569413169.03378
1569413169.28379
1569413169.5338
1569413169.78381
1569413170.03382
1569413170.28384
1569413170.53385
1569413170.78386
1569413171.03387
1569413171.28388
1569413171.53389
1569413171.7839
1569413172.03392
1569413172.28393
1569413172.53394
1569413172.78395
1569413173.03396
1569413173.28397
1569413173.53399
1569413173.784
1569413174.03401
1569413174.28402
1569413174.53403
1569413174.78404
1569413175.03406
1569413175.28407
1569413175.53408
1569413175.78409
1569413176.0341
1569413176.28411
1569413176.53412
1569413176.78414
1569413177.03415
1569413177.28416
1569413177.53417
1569413177.78418
1569413178.03419
1569413178.28421
1569413178.53422
1569413178.78423
1569413179.03424
1569413179.28425
1569413179.53426
1569413179.78428
1569413180.03429
1569413180.2843
1569413180.53431
1569413180.78432
1569413181.03433
1569413181.28434
1569413181.53436
1569413181.78437
1569413182.03438
1569413182.28439
1569413182.5344
1569413182.78441
1569413183.03443
1569413183.28444
1569413183.53445
1569413183.78446
1569413184.03447
1569413184.28448
1569413184.5345
1569413184.78451
1569413185.03452
1569413185.28453
1569413185.53454
1569413185.78455
1569413186.03456
1569413186.28458
1569413186.53459
1569413186.7846
1569413187.03461
1569413187.28462
1569413187.53463
1569413187.78465
1569413188.03466
1569413188.28467
1569413188.53468
1569413188.78469
1569413189.0347
1569413189.28471
1569413189.53473
1569413189.78474
1569413190.03475
1569413190.28476
1569413190.53477
1569413190.78478
1569413191.0348
1569413191.28481
1569413191.53482
1569413191.78483
1569413192.03484
1569413192.28485
1569413192.53487
1569413192.78488
1569413193.03489
1569413193.2849
1569413193.53491
1569413193.78492
1569413194.03494
1569413194.28495
1569413194.53496
1569413194.78497
1569413195.03498
1569413195.28499
1569413195.535
1569413195.78502
1569413196.03503
1569413196.28504
1569413196.53505
1569413196.78506
1569413197.03507
1569413197.28509
1569413197.5351
1569413197.78511
1569413198.03512
1569413198.28513
1569413198.53514
1569413198.78515
1569413199.03517
1569413199.28518
1569413199.53519
1569413199.7852
1569413200.03521
1569413200.28522
1569413200.53524
1569413200.78525
1569413201.03526
1569413201.28527
1569413201.53528
1569413201.78529
1569413202.03531
1569413202.28532
1569413202.53533
1569413202.78534
1569413203.03535
1569413203.28536
1569413203.53537
1569413203.78539
1569413204.0354
1569413204.28541
1569413204.53542
1569413204.78543
1569413205.03544
1569413205.28546
1569413205.53547
1569413205.78548
1569413206.03549
1569413206.2855
1569413206.53551
1569413206.78553
1569413207.03554
1569413207.28555
1569413207.53556
1569413207.78557
1569413208.03558
1569413208.28559
1569413208.53561
1569413208.78562
1569413209.03563
1569413209.28564
1569413209.53565
1569413209.78566
1569413210.03568
1569413210.28569
1569413210.5357
1569413210.78571
1569413211.03572
1569413211.28573
1569413211.53575
1569413211.78576
1569413212.03577
1569413212.28578
1569413212.53579
1569413212.7858
1569413213.03581
1569413213.28583
1569413213.53584
1569413213.78585
1569413214.03586
1569413214.28587
1569413214.53588
1569413214.7859
1569413215.03591
1569413215.28592
1569413215.53593
1569413215.78594
1569413216.03595
1569413216.28597
1569413216.53598
1569413216.78599
1569413217.036
1569413217.28601
1569413217.53602
1569413217.78603
1569413218.03605
1569413218.28606
1569413218.53607
1569413218.78608
1569413219.03609
1569413219.2861
1569413219.53612
1569413219.78613
1569413220.03614
1569413220.28615
1569413220.53616
1569413220.78617
1569413221.03619
1569413221.2862
1569413221.53621
1569413221.78622
1569413222.03623
1569413222.28624
1569413222.53625
1569413222.78627
1569413223.03628
1569413223.28629
1569413223.5363
1569413223.78631
1569413224.03632
1569413224.28634
1569413224.53635
1569413224.78636
1569413225.03637
1569413225.28638
1569413225.53639
1569413225.7864
1569413226.03642
1569413226.28643
1569413226.53644
1569413226.78645
1569413227.03646
1569413227.28647
1569413227.53649
1569413227.7865
1569413228.03651
1569413228.28652
1569413228.53653
1569413228.78654
1569413229.03656
1569413229.28657
1569413229.53658
1569413229.78659
1569413230.0366
1569413230.28661
1569413230.53662
1569413230.78664
1569413231.03665
1569413231.28666
1569413231.53667
1569413231.78668
1569413232.03669
1569413232.28671
1569413232.53672
1569413232.78673
1569413233.03674
1569413233.28675
1569413233.53676
1569413233.78678
1569413234.03679
1569413234.2868
1569413234.53681
1569413234.78682
1569413235.03683
1569413235.28684
1569413235.53686
1569413235.78687
1569413236.03688
1569413236.28689
1569413236.5369
1569413236.78691
1569413237.03693
1569413237.28694
1569413237.53695
1569413237.78696
1569413238.03697
1569413238.28698
1569413238.537
1569413238.78701
1569413239.03702
1569413239.28703
1569413239.53704
1569413239.78705
1569413240.03706
1569413240.28708
1569413240.53709
1569413240.7871
1569413241.03711
1569413241.28712
1569413241.53713
1569413241.78715
1569413242.03716
1569413242.28717
1569413242.53718
1569413242.78719
1569413243.0372
1569413243.28722
1569413243.53723
1569413243.78724
1569413244.03725
1569413244.28726
1569413244.53727
1569413244.78728
1569413245.0373
1569413245.28731
1569413245.53732
1569413245.78733
1569413246.03734
1569413246.28735
1569413246.53737
1569413246.78738
1569413247.03739
1569413247.2874
1569413247.53741
1569413247.78742
1569413248.03744
1569413248.28745
1569413248.53746
1569413248.78747
1569413249.03748
1569413249.28749
1569413249.5375
1569413249.78752
1569413250.03753
1569413250.28754
1569413250.53755
1569413250.78756
1569413251.03757
1569413251.28759
1569413251.5376
1569413251.78761
1569413252.03762
1569413252.28763
1569413252.53764
1569413252.78766
1569413253.03767
1569413253.28768
1569413253.53769
1569413253.7877
1569413254.03771
1569413254.28772
1569413254.53774
1569413254.78775
1569413255.03776
1569413255.28777
1569413255.53778
1569413255.78779
1569413256.03781
1569413256.28782
1569413256.53783
1569413256.78784
1569413257.03785
1569413257.28786
1569413257.53787
1569413257.78789
1569413258.0379
1569413258.28791
1569413258.53792
1569413258.78793
1569413259.03794
1569413259.28796
1569413259.53797
1569413259.78798
1569413260.03799
1569413260.288
1569413260.53801
1569413260.78803
1569413261.03804
1569413261.28805
1569413261.53806
1569413261.78807
1569413262.03808
1569413262.28809
1569413262.53811
1569413262.78812
1569413263.03813
1569413263.28814
1569413263.53815
1569413263.78816
1569413264.03818
1569413264.28819
1569413264.5382
1569413264.78821
1569413265.03822
1569413265.28823
1569413265.53825
1569413265.78826
1569413266.03827
1569413266.28828
1569413266.53829
1569413266.7883
1569413267.03831
1569413267.28833
1569413267.53834
1569413267.78835
1569413268.03836
1569413268.28837
1569413268.53838
1569413268.7884
1569413269.03841
1569413269.28842
1569413269.53843
1569413269.78844
1569413270.03845
1569413270.28847
1569413270.53848
1569413270.78849
1569413271.0385
1569413271.28851
1569413271.53852
1569413271.78853
1569413272.03855
1569413272.28856
1569413272.53857
1569413272.78858
1569413273.03859
1569413273.2886
1569413273.53862
1569413273.78863
1569413274.03864
1569413274.28865
1569413274.53866
1569413274.78867
1569413275.03869
1569413275.2887
1569413275.53871
1569413275.78872
1569413276.03873
1569413276.28874
1569413276.53875
1569413276.78877
1569413277.03878
1569413277.28879
1569413277.5388
1569413277.78881
1569413278.03882
1569413278.28884
1569413278.53885
1569413278.78886
1569413279.03887
1569413279.28888
1569413279.53889
1569413279.78891
1569413280.03892
1569413280.28893
1569413280.53894
1569413280.78895
1569413281.03896
1569413281.28897
1569413281.53899
1569413281.789
1569413282.03901
1569413282.28902
1569413282.53903
1569413282.78904
1569413283.03906
1569413283.28907
1569413283.53908
1569413283.78909
1569413284.0391
1569413284.28911
1569413284.53912
1569413284.78914
1569413285.03915
1569413285.28916
1569413285.53917
1569413285.78918
1569413286.03919
1569413286.28921
1569413286.53922
1569413286.78923
1569413287.03924
1569413287.28925
1569413287.53926
1569413287.78928
1569413288.03929
1569413288.2893
1569413288.53931
1569413288.78932
1569413289.03933
1569413289.28935
1569413289.53936
1569413289.78937
1569413290.03938
1569413290.28939
1569413290.5394
1569413290.78941
1569413291.03943
1569413291.28944
1569413291.53945
1569413291.78946
1569413292.03947
1569413292.28948
1569413292.5395
1569413292.78951
1569413293.03952
1569413293.28953
1569413293.53954
1569413293.78955
1569413294.03956
1569413294.28958
1569413294.53959
1569413294.7896
1569413295.03961
1569413295.28962
1569413295.53963
1569413295.78965
1569413296.03966
1569413296.28967
1569413296.53968
1569413296.78969
1569413297.0397
1569413297.28972
1569413297.53973
1569413297.78974
1569413298.03975
1569413298.28976
1569413298.53977
1569413298.78978
1569413299.0398
1569413299.28981
1569413299.53982
1569413299.78983
1569413300.03984
1569413300.28985
1569413300.53987
1569413300.78988
1569413301.03989
1569413301.2899
1569413301.53991
1569413301.78992
1569413302.03994
1569413302.28995
1569413302.53996
1569413302.78997
1569413303.03998
1569413303.28999
1569413303.54
1569413303.79002
1569413304.04003
1569413304.29004
1569413304.54005
1569413304.79006
1569413305.04007
1569413305.29009
1569413305.5401
1569413305.79011
1569413306.04012
1569413306.29013
1569413306.54014
1569413306.79016
1569413307.04017
1569413307.29018
1569413307.54019
1569413307.7902
1569413308.04021
1569413308.29022
1569413308.54024
1569413308.79025
1569413309.04026
1569413309.29027
1569413309.54028
1569413309.79029
1569413310.04031
1569413310.29032
1569413310.54033
1569413310.79034
1569413311.04035
1569413311.29036
1569413311.54037
1569413311.79039
1569413312.0404
1569413312.29041
1569413312.54042
1569413312.79043
1569413313.04044
1569413313.29046
1569413313.54047
1569413313.79048
1569413314.04049
1569413314.2905
1569413314.54051
1569413314.79053
1569413315.04054
1569413315.29055
1569413315.54056
1569413315.79057
1569413316.04058
1569413316.2906
1569413316.54061
1569413316.79062
1569413317.04063
1569413317.29064
1569413317.54065
1569413317.79066
1569413318.04068
1569413318.29069
1569413318.5407
1569413318.79071
1569413319.04072
1569413319.29073
1569413319.54075
1569413319.79076
1569413320.04077
1569413320.29078
1569413320.54079
1569413320.7908
1569413321.04081
1569413321.29083
1569413321.54084
1569413321.79085
1569413322.04086
1569413322.29087
1569413322.54088
1569413322.7909
1569413323.04091
1569413323.29092
1569413323.54093
1569413323.79094
1569413324.04095
1569413324.29097
1569413324.54098
1569413324.79099
1569413325.041
1569413325.29101
1569413325.54102
1569413325.79103
1569413326.04105
1569413326.29106
1569413326.54107
1569413326.79108
1569413327.04109
1569413327.2911
1569413327.54112
1569413327.79113
1569413328.04114
1569413328.29115
1569413328.54116
1569413328.79117
1569413329.04119
1569413329.2912
1569413329.54121
1569413329.79122
1569413330.04123
1569413330.29124
1569413330.54125
1569413330.79127
1569413331.04128
1569413331.29129
1569413331.5413
1569413331.79131
1569413332.04132
1569413332.29134
1569413332.54135
1569413332.79136
1569413333.04137
1569413333.29138
1569413333.54139
1569413333.79141
1569413334.04142
1569413334.29143
1569413334.54144
1569413334.79145
1569413335.04146
1569413335.29147
1569413335.54149
1569413335.7915
1569413336.04151
1569413336.29152
1569413336.54153
1569413336.79154
1569413337.04156
1569413337.29157
1569413337.54158
1569413337.79159
1569413338.0416
1569413338.29161
1569413338.54163
1569413338.79164
1569413339.04165
1569413339.29166
1569413339.54167
1569413339.79168
1569413340.04169
1569413340.29171
1569413340.54172
1569413340.79173
1569413341.04174
1569413341.29175
1569413341.54176
1569413341.79178
1569413342.04179
1569413342.2918
1569413342.54181
1569413342.79182
1569413343.04183
1569413343.29185
1569413343.54186
1569413343.79187
1569413344.04188
1569413344.29189
1569413344.5419
1569413344.79191
1569413345.04193
1569413345.29194
1569413345.54195
1569413345.79196
1569413346.04197
1569413346.29198
1569413346.542
1569413346.79201
1569413347.04202
1569413347.29203
1569413347.54204
1569413347.79205
1569413348.04206
1569413348.29208
1569413348.54209
1569413348.7921
1569413349.04211
1569413349.29212
1569413349.54213
1569413349.79215
1569413350.04216
1569413350.29217
1569413350.54218
1569413350.79219
1569413351.0422
1569413351.29222
1569413351.54223
1569413351.79224
1569413352.04225
1569413352.29226
1569413352.54227
1569413352.79228
1569413353.0423
1569413353.29231
1569413353.54232
1569413353.79233
1569413354.04234
1569413354.29235
1569413354.54237
1569413354.79238
1569413355.04239
1569413355.2924
1569413355.54241
1569413355.79242
1569413356.04244
1569413356.29245
1569413356.54246
1569413356.79247
1569413357.04248
1569413357.29249
1569413357.5425
1569413357.79252
1569413358.04253
1569413358.29254
1569413358.54255
1569413358.79256
1569413359.04257
1569413359.29259
1569413359.5426
1569413359.79261
1569413360.04262
1569413360.29263
1569413360.54264
1569413360.79266
1569413361.04267
1569413361.29268
1569413361.54269
1569413361.7927
1569413362.04271
1569413362.29272
1569413362.54274
1569413362.79275
1569413363.04276
1569413363.29277
1569413363.54278
1569413363.79279
1569413364.04281
1569413364.29282
1569413364.54283
1569413364.79284
1569413365.04285
1569413365.29286
1569413365.54288
1569413365.79289
1569413366.0429
1569413366.29291
1569413366.54292
1569413366.79293
1569413367.04294
1569413367.29296
1569413367.54297
1569413367.79298
1569413368.04299
1569413368.293
1569413368.54301
1569413368.79303
1569413369.04304
1569413369.29305
1569413369.54306
1569413369.79307
1569413370.04308
1569413370.2931
1569413370.54311
1569413370.79312
1569413371.04313
1569413371.29314
1569413371.54315
1569413371.79316
1569413372.04318
1569413372.29319
1569413372.5432
1569413372.79321
1569413373.04322
1569413373.29323
1569413373.54325
1569413373.79326
1569413374.04327
1569413374.29328
1569413374.54329
1569413374.7933
1569413375.04332
1569413375.29333
1569413375.54334
1569413375.79335
1569413376.04336
1569413376.29337
1569413376.54338
1569413376.7934
1569413377.04341
1569413377.29342
1569413377.54343
1569413377.79344
1569413378.04345
1569413378.29347
1569413378.54348
1569413378.79349
1569413379.0435
