1569411088.18744
1569411088.43745
1569411088.68746
1569411088.93748
1569411089.18749
1569411089.4375
1569411089.68751
1569411089.93752
1569411090.18753
1569411090.43755
1569411090.68756
1569411090.93757
1569411091.18758
1569411091.43759
1569411091.6876
1569411091.93761
1569411092.18763
1569411092.43764
1569411092.68765
1569411092.93766
1569411093.18767
1569411093.43768
1569411093.6877
1569411093.93771
1569411094.18772
1569411094.43773
1569411094.68774
1569411094.93775
1569411095.18776
1569411095.43778
1569411095.68779
1569411095.9378
1569411096.18781
1569411096.43782
1569411096.68783
1569411096.93785
1569411097.18786
1569411097.43787
1569411097.68788
1569411097.93789
1569411098.1879
1569411098.43792
1569411098.68793
1569411098.93794
1569411099.18795
1569411099.43796
1569411099.68797
1569411099.93798
1569411100.188
1569411100.43801
1569411100.68802
1569411100.93803
1569411101.18804
1569411101.43805
1569411101.68807
1569411101.93808
1569411102.18809
1569411102.4381
1569411102.68811
1569411102.93812
1569411103.18814
1569411103.43815
1569411103.68816
1569411103.93817
1569411104.18818
1569411104.43819
1569411104.6882
1569411104.93822
1569411105.18823
1569411105.43824
1569411105.68825
1569411105.93826
1569411106.18827
1569411106.43829
1569411106.6883
1569411106.93831
1569411107.18832
1569411107.43833
1569411107.68834
1569411107.93836
1569411108.18837
1569411108.43838
1569411108.68839
1569411108.9384
1569411109.18841
1569411109.43842
1569411109.68844
1569411109.93845
1569411110.18846
1569411110.43847
1569411110.68848
1569411110.93849
1569411111.18851
1569411111.43852
1569411111.68853
1569411111.93854
1569411112.18855
1569411112.43856
1569411112.68858
1569411112.93859
1569411113.1886
1569411113.43861
1569411113.68862
1569411113.93863
1569411114.18864
1569411114.43866
1569411114.68867
1569411114.93868
1569411115.18869
1569411115.4387
1569411115.68871
1569411115.93873
1569411116.18874
1569411116.43875
1569411116.68876
1569411116.93877
1569411117.18878
1569411117.4388
1569411117.68881
1569411117.93882
1569411118.18883
1569411118.43884
1569411118.68885
1569411118.93886
1569411119.18888
1569411119.43889
1569411119.6889
1569411119.93891
1569411120.18892
1569411120.43893
1569411120.68895
1569411120.93896
1569411121.18897
1569411121.43898
1569411121.68899
1569411121.939
1569411122.18901
1569411122.43903
1569411122.68904
1569411122.93905
1569411123.18906
1569411123.43907
1569411123.68908
1569411123.9391
1569411124.18911
1569411124.43912
1569411124.68913
1569411124.93914
1569411125.18915
1569411125.43917
1569411125.68918
1569411125.93919
1569411126.1892
1569411126.43921
1569411126.68922
1569411126.93923
1569411127.18925
1569411127.43926
1569411127.68927
1569411127.93928
1569411128.18929
1569411128.4393
1569411128.68932
1569411128.93933
1569411129.18934
1569411129.43935
1569411129.68936
1569411129.93937
1569411130.18939
1569411130.4394
1569411130.68941
1569411130.93942
1569411131.18943
1569411131.43944
1569411131.68945
1569411131.93947
1569411132.18948
1569411132.43949
1569411132.6895
1569411132.93951
1569411133.18952
1569411133.43954
1569411133.68955
1569411133.93956
1569411134.18957
1569411134.43958
1569411134.68959
1569411134.93961
1569411135.18962
1569411135.43963
1569411135.68964
1569411135.93965
1569411136.18966
1569411136.43967
1569411136.68969
1569411136.9397
1569411137.18971
1569411137.43972
1569411137.68973
1569411137.93974
1569411138.18976
1569411138.43977
1569411138.68978
1569411138.93979
1569411139.1898
1569411139.43981
1569411139.68983
1569411139.93984
1569411140.18985
1569411140.43986
1569411140.68987
1569411140.93988
1569411141.18989
1569411141.43991
1569411141.68992
1569411141.93993
1569411142.18994
1569411142.43995
1569411142.68996
1569411142.93998
1569411143.18999
1569411143.44
1569411143.69001
1569411143.94002
1569411144.19003
1569411144.44005
1569411144.69006
1569411144.94007
1569411145.19008
1569411145.44009
1569411145.6901
1569411145.94011
1569411146.19013
1569411146.44014
1569411146.69015
1569411146.94016
1569411147.19017
1569411147.44018
1569411147.6902
1569411147.94021
1569411148.19022
1569411148.44023
1569411148.69024
1569411148.94025
1569411149.19026
1569411149.44028
1569411149.69029
1569411149.9403
1569411150.19031
1569411150.44032
1569411150.69033
1569411150.94035
1569411151.19036
1569411151.44037
1569411151.69038
1569411151.94039
1569411152.1904
1569411152.44042
1569411152.69043
1569411152.94044
1569411153.19045
1569411153.44046
1569411153.69047
1569411153.94049
1569411154.1905
1569411154.44051
1569411154.69052
1569411154.94053
1569411155.19054
1569411155.44055
1569411155.69057
1569411155.94058
1569411156.19059
1569411156.4406
1569411156.69061
1569411156.94062
1569411157.19064
1569411157.44065
1569411157.69066
1569411157.94067
1569411158.19068
1569411158.44069
1569411158.6907
1569411158.94072
1569411159.19073
1569411159.44074
1569411159.69075
1569411159.94076
1569411160.19077
1569411160.44079
1569411160.6908
1569411160.94081
1569411161.19082
1569411161.44083
1569411161.69084
1569411161.94086
1569411162.19087
1569411162.44088
1569411162.69089
1569411162.9409
1569411163.19091
1569411163.44092
1569411163.69094
1569411163.94095
1569411164.19096
1569411164.44097
1569411164.69098
1569411164.94099
1569411165.19101
1569411165.44102
1569411165.69103
1569411165.94104
1569411166.19105
1569411166.44106
1569411166.69108
1569411166.94109
1569411167.1911
1569411167.44111
1569411167.69112
1569411167.94113
1569411168.19114
1569411168.44116
1569411168.69117
1569411168.94118
1569411169.19119
1569411169.4412
1569411169.69121
1569411169.94123
1569411170.19124
1569411170.44125
1569411170.69126
1569411170.94127
1569411171.19128
1569411171.4413
1569411171.69131
1569411171.94132
1569411172.19133
1569411172.44134
1569411172.69135
1569411172.94136
1569411173.19138
1569411173.44139
1569411173.6914
1569411173.94141
1569411174.19142
1569411174.44143
1569411174.69145
1569411174.94146
1569411175.19147
1569411175.44148
1569411175.69149
1569411175.9415
1569411176.19152
1569411176.44153
1569411176.69154
1569411176.94155
1569411177.19156
1569411177.44157
1569411177.69158
1569411177.9416
1569411178.19161
1569411178.44162
1569411178.69163
1569411178.94164
1569411179.19165
1569411179.44167
1569411179.69168
1569411179.94169
1569411180.1917
1569411180.44171
1569411180.69172
1569411180.94174
1569411181.19175
1569411181.44176
1569411181.69177
1569411181.94178
1569411182.19179
1569411182.4418
1569411182.69182
1569411182.94183
1569411183.19184
1569411183.44185
1569411183.69186
1569411183.94187
1569411184.19189
1569411184.4419
1569411184.69191
1569411184.94192
1569411185.19193
1569411185.44194
1569411185.69195
1569411185.94197
1569411186.19198
1569411186.44199
1569411186.692
1569411186.94201
1569411187.19202
1569411187.44204
1569411187.69205
1569411187.94206
1569411188.19207
1569411188.44208
1569411188.69209
1569411188.94211
1569411189.19212
1569411189.44213
1569411189.69214
1569411189.94215
1569411190.19216
1569411190.44217
1569411190.69219
1569411190.9422
1569411191.19221
1569411191.44222
1569411191.69223
1569411191.94224
1569411192.19226
1569411192.44227
1569411192.69228
1569411192.94229
1569411193.1923
1569411193.44231
1569411193.69233
1569411193.94234
1569411194.19235
1569411194.44236
1569411194.69237
1569411194.94238
1569411195.19239
1569411195.44241
1569411195.69242
1569411195.94243
1569411196.19244
1569411196.44245
1569411196.69246
1569411196.94248
1569411197.19249
1569411197.4425
1569411197.69251
1569411197.94252
1569411198.19253
1569411198.44255
1569411198.69256
1569411198.94257
1569411199.19258
1569411199.44259
1569411199.6926
1569411199.94261
1569411200.19263
1569411200.44264
1569411200.69265
1569411200.94266
1569411201.19267
1569411201.44268
1569411201.6927
1569411201.94271
1569411202.19272
1569411202.44273
1569411202.69274
1569411202.94275
1569411203.19277
1569411203.44278
1569411203.69279
1569411203.9428
1569411204.19281
1569411204.44282
1569411204.69283
1569411204.94285
1569411205.19286
1569411205.44287
1569411205.69288
1569411205.94289
1569411206.1929
1569411206.44292
1569411206.69293
1569411206.94294
1569411207.19295
1569411207.44296
1569411207.69297
1569411207.94299
1569411208.193
1569411208.44301
1569411208.69302
1569411208.94303
1569411209.19304
1569411209.44305
1569411209.69307
1569411209.94308
1569411210.19309
1569411210.4431
1569411210.69311
1569411210.94312
1569411211.19314
1569411211.44315
1569411211.69316
1569411211.94317
1569411212.19318
1569411212.44319
1569411212.69321
1569411212.94322
1569411213.19323
1569411213.44324
1569411213.69325
1569411213.94326
1569411214.19327
1569411214.44329
1569411214.6933
1569411214.94331
1569411215.19332
1569411215.44333
1569411215.69334
1569411215.94336
1569411216.19337
1569411216.44338
1569411216.69339
1569411216.9434
1569411217.19341
1569411217.44342
1569411217.69344
1569411217.94345
1569411218.19346
1569411218.44347
1569411218.69348
1569411218.94349
1569411219.19351
1569411219.44352
1569411219.69353
1569411219.94354
1569411220.19355
1569411220.44356
1569411220.69358
1569411220.94359
1569411221.1936
1569411221.44361
1569411221.69362
1569411221.94363
1569411222.19364
1569411222.44366
1569411222.69367
1569411222.94368
1569411223.19369
1569411223.4437
1569411223.69371
1569411223.94373
1569411224.19374
1569411224.44375
1569411224.69376
1569411224.94377
1569411225.19378
1569411225.4438
1569411225.69381
1569411225.94382
1569411226.19383
1569411226.44384
1569411226.69385
1569411226.94386
1569411227.19388
1569411227.44389
1569411227.6939
1569411227.94391
1569411228.19392
1569411228.44393
1569411228.69395
1569411228.94396
1569411229.19397
1569411229.44398
1569411229.69399
1569411229.944
1569411230.19402
1569411230.44403
1569411230.69404
1569411230.94405
1569411231.19406
1569411231.44407
1569411231.69408
1569411231.9441
1569411232.19411
1569411232.44412
1569411232.69413
1569411232.94414
1569411233.19415
1569411233.44417
1569411233.69418
1569411233.94419
1569411234.1942
1569411234.44421
1569411234.69422
1569411234.94424
1569411235.19425
1569411235.44426
1569411235.69427
1569411235.94428
1569411236.19429
1569411236.4443
1569411236.69432
1569411236.94433
1569411237.19434
1569411237.44435
1569411237.69436
1569411237.94437
1569411238.19439
1569411238.4444
1569411238.69441
1569411238.94442
1569411239.19443
1569411239.44444
1569411239.69446
1569411239.94447
1569411240.19448
1569411240.44449
1569411240.6945
1569411240.94451
1569411241.19452
1569411241.44454
1569411241.69455
1569411241.94456
1569411242.19457
1569411242.44458
1569411242.69459
1569411242.94461
1569411243.19462
1569411243.44463
1569411243.69464
1569411243.94465
1569411244.19466
1569411244.44467
1569411244.69469
1569411244.9447
1569411245.19471
1569411245.44472
1569411245.69473
1569411245.94474
1569411246.19476
1569411246.44477
1569411246.69478
1569411246.94479
1569411247.1948
1569411247.44481
1569411247.69483
1569411247.94484
1569411248.19485
1569411248.44486
1569411248.69487
1569411248.94488
1569411249.1949
1569411249.44491
1569411249.69492
1569411249.94493
1569411250.19494
1569411250.44495
1569411250.69496
1569411250.94498
1569411251.19499
1569411251.445
1569411251.69501
1569411251.94502
1569411252.19503
1569411252.44505
1569411252.69506
1569411252.94507
1569411253.19508
1569411253.44509
1569411253.6951
1569411253.94511
1569411254.19513
1569411254.44514
1569411254.69515
1569411254.94516
1569411255.19517
1569411255.44518
1569411255.6952
1569411255.94521
1569411256.19522
1569411256.44523
1569411256.69524
1569411256.94525
1569411257.19527
1569411257.44528
1569411257.69529
1569411257.9453
1569411258.19531
1569411258.44532
1569411258.69533
1569411258.94535
1569411259.19536
1569411259.44537
1569411259.69538
1569411259.94539
1569411260.1954
1569411260.44542
1569411260.69543
1569411260.94544
1569411261.19545
1569411261.44546
1569411261.69547
1569411261.94549
1569411262.1955
1569411262.44551
1569411262.69552
1569411262.94553
1569411263.19554
1569411263.44555
1569411263.69557
1569411263.94558
1569411264.19559
1569411264.4456
1569411264.69561
1569411264.94562
1569411265.19564
1569411265.44565
1569411265.69566
1569411265.94567
1569411266.19568
1569411266.44569
1569411266.69571
1569411266.94572
1569411267.19573
1569411267.44574
1569411267.69575
1569411267.94576
1569411268.19577
1569411268.44579
1569411268.6958
1569411268.94581
1569411269.19582
1569411269.44583
1569411269.69584
1569411269.94586
1569411270.19587
1569411270.44588
1569411270.69589
1569411270.9459
1569411271.19591
1569411271.44593
1569411271.69594
1569411271.94595
1569411272.19596
1569411272.44597
1569411272.69598
1569411272.94599
1569411273.19601
1569411273.44602
1569411273.69603
1569411273.94604
1569411274.19605
1569411274.44606
1569411274.69608
1569411274.94609
1569411275.1961
1569411275.44611
1569411275.69612
1569411275.94613
1569411276.19615
1569411276.44616
1569411276.69617
1569411276.94618
1569411277.19619
1569411277.4462
1569411277.69621
1569411277.94623
1569411278.19624
1569411278.44625
1569411278.69626
1569411278.94627
1569411279.19628
1569411279.4463
1569411279.69631
1569411279.94632
1569411280.19633
1569411280.44634
1569411280.69635
1569411280.94636
1569411281.19638
1569411281.44639
1569411281.6964
1569411281.94641
1569411282.19642
1569411282.44643
1569411282.69645
1569411282.94646
1569411283.19647
1569411283.44648
1569411283.69649
1569411283.9465
1569411284.19652
1569411284.44653
1569411284.69654
1569411284.94655
1569411285.19656
1569411285.44657
1569411285.69658
1569411285.9466
1569411286.19661
1569411286.44662
1569411286.69663
1569411286.94664
1569411287.19665
1569411287.44667
1569411287.69668
1569411287.94669
1569411288.1967
1569411288.44671
1569411288.69672
1569411288.94674
1569411289.19675
1569411289.44676
1569411289.69677
1569411289.94678
1569411290.19679
1569411290.4468
1569411290.69682
1569411290.94683
1569411291.19684
1569411291.44685
1569411291.69686
1569411291.94687
1569411292.19689
1569411292.4469
1569411292.69691
1569411292.94692
1569411293.19693
1569411293.44694
1569411293.69696
1569411293.94697
1569411294.19698
1569411294.44699
1569411294.697
1569411294.94701
1569411295.19702
1569411295.44704
1569411295.69705
1569411295.94706
1569411296.19707
1569411296.44708
1569411296.69709
1569411296.94711
1569411297.19712
1569411297.44713
1569411297.69714
1569411297.94715
1569411298.19716
1569411298.44718
1569411298.69719
1569411298.9472
1569411299.19721
1569411299.44722
1569411299.69723
1569411299.94724
1569411300.19726
1569411300.44727
1569411300.69728
1569411300.94729
1569411301.1973
1569411301.44731
1569411301.69733
1569411301.94734
1569411302.19735
1569411302.44736
1569411302.69737
1569411302.94738
1569411303.1974
1569411303.44741
1569411303.69742
1569411303.94743
1569411304.19744
1569411304.44745
1569411304.69746
1569411304.94748
1569411305.19749
1569411305.4475
1569411305.69751
1569411305.94752
1569411306.19753
1569411306.44755
1569411306.69756
1569411306.94757
1569411307.19758
1569411307.44759
1569411307.6976
1569411307.94761
1569411308.19763
1569411308.44764
1569411308.69765
1569411308.94766
1569411309.19767
1569411309.44768
1569411309.6977
1569411309.94771
1569411310.19772
1569411310.44773
1569411310.69774
1569411310.94775
1569411311.19777
1569411311.44778
1569411311.69779
1569411311.9478
1569411312.19781
1569411312.44782
1569411312.69783
1569411312.94785
1569411313.19786
1569411313.44787
1569411313.69788
1569411313.94789
1569411314.1979
1569411314.44792
1569411314.69793
1569411314.94794
1569411315.19795
1569411315.44796
1569411315.69797
1569411315.94799
1569411316.198
1569411316.44801
1569411316.69802
1569411316.94803
1569411317.19804
1569411317.44805
1569411317.69807
1569411317.94808
1569411318.19809
1569411318.4481
1569411318.69811
1569411318.94812
1569411319.19814
1569411319.44815
1569411319.69816
1569411319.94817
1569411320.19818
1569411320.44819
1569411320.69821
1569411320.94822
1569411321.19823
1569411321.44824
1569411321.69825
1569411321.94826
1569411322.19827
1569411322.44829
1569411322.6983
1569411322.94831
1569411323.19832
1569411323.44833
1569411323.69834
1569411323.94836
1569411324.19837
1569411324.44838
1569411324.69839
1569411324.9484
1569411325.19841
1569411325.44843
1569411325.69844
1569411325.94845
1569411326.19846
1569411326.44847
1569411326.69848
1569411326.94849
1569411327.19851
1569411327.44852
1569411327.69853
1569411327.94854
1569411328.19855
1569411328.44856
1569411328.69858
1569411328.94859
1569411329.1986
1569411329.44861
1569411329.69862
1569411329.94863
1569411330.19865
1569411330.44866
1569411330.69867
1569411330.94868
1569411331.19869
1569411331.4487
1569411331.69871
1569411331.94873
1569411332.19874
1569411332.44875
1569411332.69876
1569411332.94877
1569411333.19878
1569411333.4488
1569411333.69881
1569411333.94882
1569411334.19883
1569411334.44884
1569411334.69885
1569411334.94887
1569411335.19888
1569411335.44889
1569411335.6989
1569411335.94891
1569411336.19892
1569411336.44893
1569411336.69895
1569411336.94896
1569411337.19897
1569411337.44898
1569411337.69899
1569411337.949
1569411338.19902
1569411338.44903
1569411338.69904
1569411338.94905
1569411339.19906
1569411339.44907
1569411339.69909
1569411339.9491
1569411340.19911
1569411340.44912
1569411340.69913
1569411340.94914
1569411341.19915
1569411341.44917
1569411341.69918
1569411341.94919
1569411342.1992
1569411342.44921
1569411342.69922
1569411342.94924
1569411343.19925
1569411343.44926
1569411343.69927
1569411343.94928
1569411344.19929
1569411344.4493
1569411344.69932
1569411344.94933
1569411345.19934
1569411345.44935
1569411345.69936
1569411345.94937
1569411346.19939
1569411346.4494
1569411346.69941
1569411346.94942
1569411347.19943
1569411347.44944
1569411347.69946
1569411347.94947
1569411348.19948
1569411348.44949
1569411348.6995
1569411348.94951
1569411349.19952
1569411349.44954
1569411349.69955
1569411349.94956
1569411350.19957
1569411350.44958
1569411350.69959
1569411350.94961
1569411351.19962
1569411351.44963
1569411351.69964
1569411351.94965
1569411352.19966
1569411352.44968
1569411352.69969
1569411352.9497
1569411353.19971
1569411353.44972
1569411353.69973
1569411353.94974
1569411354.19976
1569411354.44977
1569411354.69978
1569411354.94979
1569411355.1998
1569411355.44981
1569411355.69983
1569411355.94984
1569411356.19985
1569411356.44986
1569411356.69987
1569411356.94988
1569411357.1999
1569411357.44991
1569411357.69992
1569411357.94993
1569411358.19994
1569411358.44995
1569411358.69996
1569411358.94998
1569411359.19999
1569411359.45
1569411359.70001
1569411359.95002
1569411360.20003
1569411360.45005
1569411360.70006
1569411360.95007
1569411361.20008
1569411361.45009
1569411361.7001
1569411361.95012
1569411362.20013
1569411362.45014
1569411362.70015
1569411362.95016
1569411363.20017
1569411363.45018
1569411363.7002
1569411363.95021
1569411364.20022
1569411364.45023
1569411364.70024
1569411364.95025
1569411365.20027
1569411365.45028
1569411365.70029
1569411365.9503
1569411366.20031
1569411366.45032
1569411366.70034
1569411366.95035
1569411367.20036
1569411367.45037
1569411367.70038
1569411367.95039
1569411368.2004
1569411368.45042
1569411368.70043
1569411368.95044
1569411369.20045
1569411369.45046
1569411369.70047
1569411369.95049
1569411370.2005
1569411370.45051
1569411370.70052
1569411370.95053
1569411371.20054
1569411371.45056
1569411371.70057
1569411371.95058
1569411372.20059
1569411372.4506
1569411372.70061
1569411372.95062
1569411373.20064
1569411373.45065
1569411373.70066
1569411373.95067
1569411374.20068
1569411374.45069
1569411374.70071
1569411374.95072
1569411375.20073
1569411375.45074
1569411375.70075
1569411375.95076
1569411376.20077
1569411376.45079
1569411376.7008
1569411376.95081
1569411377.20082
1569411377.45083
1569411377.70084
1569411377.95086
1569411378.20087
1569411378.45088
1569411378.70089
1569411378.9509
1569411379.20091
1569411379.45093
1569411379.70094
1569411379.95095
1569411380.20096
1569411380.45097
1569411380.70098
1569411380.95099
1569411381.20101
1569411381.45102
1569411381.70103
1569411381.95104
1569411382.20105
1569411382.45106
1569411382.70108
1569411382.95109
1569411383.2011
1569411383.45111
1569411383.70112
1569411383.95113
1569411384.20115
1569411384.45116
1569411384.70117
1569411384.95118
1569411385.20119
1569411385.4512
1569411385.70121
1569411385.95123
1569411386.20124
1569411386.45125
1569411386.70126
1569411386.95127
1569411387.20128
1569411387.4513
1569411387.70131
1569411387.95132
1569411388.20133
1569411388.45134
1569411388.70135
1569411388.95137
1569411389.20138
1569411389.45139
1569411389.7014
1569411389.95141
1569411390.20142
1569411390.45143
1569411390.70145
1569411390.95146
1569411391.20147
1569411391.45148
1569411391.70149
1569411391.9515
1569411392.20152
1569411392.45153
1569411392.70154
1569411392.95155
1569411393.20156
1569411393.45157
1569411393.70159
1569411393.9516
1569411394.20161
1569411394.45162
1569411394.70163
1569411394.95164
1569411395.20165
1569411395.45167
1569411395.70168
1569411395.95169
1569411396.2017
1569411396.45171
1569411396.70172
1569411396.95174
1569411397.20175
1569411397.45176
1569411397.70177
1569411397.95178
1569411398.20179
1569411398.45181
1569411398.70182
1569411398.95183
1569411399.20184
1569411399.45185
1569411399.70186
1569411399.95187
1569411400.20189
1569411400.4519
1569411400.70191
1569411400.95192
1569411401.20193
1569411401.45194
1569411401.70196
1569411401.95197
1569411402.20198
1569411402.45199
1569411402.702
1569411402.95201
1569411403.20202
1569411403.45204
1569411403.70205
1569411403.95206
1569411404.20207
1569411404.45208
1569411404.70209
1569411404.95211
1569411405.20212
1569411405.45213
1569411405.70214
1569411405.95215
1569411406.20216
1569411406.45218
1569411406.70219
1569411406.9522
1569411407.20221
1569411407.45222
1569411407.70223
1569411407.95225
1569411408.20226
1569411408.45227
1569411408.70228
1569411408.95229
1569411409.2023
1569411409.45231
1569411409.70233
1569411409.95234
1569411410.20235
1569411410.45236
1569411410.70237
1569411410.95238
1569411411.2024
1569411411.45241
1569411411.70242
1569411411.95243
1569411412.20244
1569411412.45245
1569411412.70246
1569411412.95248
1569411413.20249
1569411413.4525
1569411413.70251
1569411413.95252
1569411414.20253
1569411414.45255
1569411414.70256
1569411414.95257
1569411415.20258
1569411415.45259
1569411415.7026
1569411415.95262
1569411416.20263
1569411416.45264
1569411416.70265
1569411416.95266
1569411417.20267
1569411417.45268
1569411417.7027
1569411417.95271
1569411418.20272
1569411418.45273
1569411418.70274
1569411418.95275
1569411419.20277
1569411419.45278
1569411419.70279
1569411419.9528
1569411420.20281
1569411420.45282
1569411420.70284
1569411420.95285
1569411421.20286
1569411421.45287
1569411421.70288
1569411421.95289
1569411422.2029
1569411422.45292
1569411422.70293
1569411422.95294
1569411423.20295
1569411423.45296
1569411423.70297
1569411423.95299
1569411424.203
1569411424.45301
1569411424.70302
1569411424.95303
1569411425.20304
1569411425.45306
1569411425.70307
1569411425.95308
1569411426.20309
1569411426.4531
1569411426.70311
1569411426.95312
1569411427.20314
1569411427.45315
1569411427.70316
1569411427.95317
1569411428.20318
1569411428.45319
1569411428.70321
1569411428.95322
1569411429.20323
1569411429.45324
1569411429.70325
1569411429.95326
1569411430.20327
1569411430.45329
1569411430.7033
1569411430.95331
1569411431.20332
1569411431.45333
1569411431.70334
1569411431.95336
1569411432.20337
1569411432.45338
1569411432.70339
1569411432.9534
1569411433.20341
1569411433.45343
1569411433.70344
1569411433.95345
1569411434.20346
1569411434.45347
1569411434.70348
1569411434.9535
1569411435.20351
1569411435.45352
1569411435.70353
1569411435.95354
1569411436.20355
1569411436.45356
1569411436.70358
1569411436.95359
1569411437.2036
1569411437.45361
1569411437.70362
1569411437.95363
1569411438.20365
1569411438.45366
1569411438.70367
1569411438.95368
1569411439.20369
1569411439.4537
1569411439.70371
1569411439.95373
1569411440.20374
1569411440.45375
1569411440.70376
1569411440.95377
1569411441.20378
1569411441.4538
1569411441.70381
1569411441.95382
1569411442.20383
1569411442.45384
1569411442.70385
1569411442.95387
1569411443.20388
1569411443.45389
1569411443.7039
1569411443.95391
1569411444.20392
1569411444.45393
1569411444.70395
1569411444.95396
1569411445.20397
1569411445.45398
1569411445.70399
1569411445.954
1569411446.20402
1569411446.45403
1569411446.70404
1569411446.95405
1569411447.20406
1569411447.45407
1569411447.70409
1569411447.9541
1569411448.20411
1569411448.45412
1569411448.70413
1569411448.95414
1569411449.20415
1569411449.45417
1569411449.70418
1569411449.95419
1569411450.2042
1569411450.45421
1569411450.70422
1569411450.95424
1569411451.20425
1569411451.45426
1569411451.70427
1569411451.95428
1569411452.20429
1569411452.45431
1569411452.70432
1569411452.95433
1569411453.20434
1569411453.45435
1569411453.70436
1569411453.95437
1569411454.20439
1569411454.4544
1569411454.70441
1569411454.95442
1569411455.20443
1569411455.45444
1569411455.70446
1569411455.95447
1569411456.20448
1569411456.45449
1569411456.7045
1569411456.95451
1569411457.20453
1569411457.45454
1569411457.70455
1569411457.95456
1569411458.20457
1569411458.45458
1569411458.70459
1569411458.95461
1569411459.20462
1569411459.45463
1569411459.70464
1569411459.95465
1569411460.20466
1569411460.45468
1569411460.70469
1569411460.9547
1569411461.20471
1569411461.45472
1569411461.70473
1569411461.95475
1569411462.20476
1569411462.45477
1569411462.70478
1569411462.95479
1569411463.2048
1569411463.45481
1569411463.70483
1569411463.95484
