1569413774.3118
1569413774.56181
1569413774.81182
1569413775.06183
1569413775.31185
1569413775.56186
1569413775.81187
1569413776.06188
1569413776.31189
1569413776.5619
1569413776.81192
1569413777.06193
1569413777.31194
1569413777.56195
1569413777.81196
1569413778.06197
1569413778.31199
1569413778.562
1569413778.81201
1569413779.06202
1569413779.31203
1569413779.56204
1569413779.81205
1569413780.06207
1569413780.31208
1569413780.56209
1569413780.8121
1569413781.06211
1569413781.31212
1569413781.56214
1569413781.81215
1569413782.06216
1569413782.31217
1569413782.56218
1569413782.81219
1569413783.06221
1569413783.31222
1569413783.56223
1569413783.81224
1569413784.06225
1569413784.31226
1569413784.56227
1569413784.81229
1569413785.0623
1569413785.31231
1569413785.56232
1569413785.81233
1569413786.06234
1569413786.31236
1569413786.56237
1569413786.81238
1569413787.06239
1569413787.3124
1569413787.56241
1569413787.81242
1569413788.06244
1569413788.31245
1569413788.56246
1569413788.81247
1569413789.06248
1569413789.31249
1569413789.56251
1569413789.81252
1569413790.06253
1569413790.31254
1569413790.56255
1569413790.81256
1569413791.06258
1569413791.31259
1569413791.5626
1569413791.81261
1569413792.06262
1569413792.31263
1569413792.56264
1569413792.81266
1569413793.06267
1569413793.31268
1569413793.56269
1569413793.8127
1569413794.06271
1569413794.31273
1569413794.56274
1569413794.81275
1569413795.06276
1569413795.31277
1569413795.56278
1569413795.8128
1569413796.06281
1569413796.31282
1569413796.56283
1569413796.81284
1569413797.06285
1569413797.31286
1569413797.56288
1569413797.81289
1569413798.0629
1569413798.31291
1569413798.56292
1569413798.81293
1569413799.06295
1569413799.31296
1569413799.56297
1569413799.81298
1569413800.06299
1569413800.313
1569413800.56302
1569413800.81303
1569413801.06304
1569413801.31305
1569413801.56306
1569413801.81307
1569413802.06308
1569413802.3131
1569413802.56311
1569413802.81312
1569413803.06313
1569413803.31314
1569413803.56315
1569413803.81317
1569413804.06318
1569413804.31319
1569413804.5632
1569413804.81321
1569413805.06322
1569413805.31324
1569413805.56325
1569413805.81326
1569413806.06327
1569413806.31328
1569413806.56329
1569413806.8133
1569413807.06332
1569413807.31333
1569413807.56334
1569413807.81335
1569413808.06336
1569413808.31337
1569413808.56339
1569413808.8134
1569413809.06341
1569413809.31342
1569413809.56343
1569413809.81344
1569413810.06346
1569413810.31347
1569413810.56348
1569413810.81349
1569413811.0635
1569413811.31351
1569413811.56352
1569413811.81354
1569413812.06355
1569413812.31356
1569413812.56357
1569413812.81358
1569413813.06359
1569413813.31361
1569413813.56362
1569413813.81363
1569413814.06364
1569413814.31365
1569413814.56366
1569413814.81368
1569413815.06369
1569413815.3137
1569413815.56371
1569413815.81372
1569413816.06373
1569413816.31374
1569413816.56376
1569413816.81377
1569413817.06378
1569413817.31379
1569413817.5638
1569413817.81381
1569413818.06383
1569413818.31384
1569413818.56385
1569413818.81386
1569413819.06387
1569413819.31388
1569413819.56389
1569413819.81391
1569413820.06392
1569413820.31393
1569413820.56394
1569413820.81395
1569413821.06396
1569413821.31398
1569413821.56399
1569413821.814
1569413822.06401
1569413822.31402
1569413822.56403
1569413822.81405
1569413823.06406
1569413823.31407
1569413823.56408
1569413823.81409
1569413824.0641
1569413824.31411
1569413824.56413
1569413824.81414
1569413825.06415
1569413825.31416
1569413825.56417
1569413825.81418
1569413826.0642
1569413826.31421
1569413826.56422
1569413826.81423
1569413827.06424
1569413827.31425
1569413827.56427
1569413827.81428
1569413828.06429
1569413828.3143
1569413828.56431
1569413828.81432
1569413829.06433
1569413829.31435
1569413829.56436
1569413829.81437
1569413830.06438
1569413830.31439
1569413830.5644
1569413830.81442
1569413831.06443
1569413831.31444
1569413831.56445
1569413831.81446
1569413832.06447
1569413832.31449
1569413832.5645
1569413832.81451
1569413833.06452
1569413833.31453
1569413833.56454
1569413833.81455
1569413834.06457
1569413834.31458
1569413834.56459
1569413834.8146
1569413835.06461
1569413835.31462
1569413835.56464
1569413835.81465
1569413836.06466
1569413836.31467
1569413836.56468
1569413836.81469
1569413837.06471
1569413837.31472
1569413837.56473
1569413837.81474
1569413838.06475
1569413838.31476
1569413838.56477
1569413838.81479
1569413839.0648
1569413839.31481
1569413839.56482
1569413839.81483
1569413840.06484
1569413840.31486
1569413840.56487
1569413840.81488
1569413841.06489
1569413841.3149
1569413841.56491
1569413841.81493
1569413842.06494
1569413842.31495
1569413842.56496
1569413842.81497
1569413843.06498
1569413843.31499
1569413843.56501
1569413843.81502
1569413844.06503
1569413844.31504
1569413844.56505
1569413844.81506
1569413845.06508
1569413845.31509
1569413845.5651
1569413845.81511
1569413846.06512
1569413846.31513
1569413846.56515
1569413846.81516
1569413847.06517
1569413847.31518
1569413847.56519
1569413847.8152
1569413848.06521
1569413848.31523
1569413848.56524
1569413848.81525
1569413849.06526
1569413849.31527
1569413849.56528
1569413849.8153
1569413850.06531
1569413850.31532
1569413850.56533
1569413850.81534
1569413851.06535
1569413851.31537
1569413851.56538
1569413851.81539
1569413852.0654
1569413852.31541
1569413852.56542
1569413852.81543
1569413853.06545
1569413853.31546
1569413853.56547
1569413853.81548
1569413854.06549
1569413854.3155
1569413854.56552
1569413854.81553
1569413855.06554
1569413855.31555
1569413855.56556
1569413855.81557
1569413856.06558
1569413856.3156
1569413856.56561
1569413856.81562
1569413857.06563
1569413857.31564
1569413857.56565
1569413857.81567
1569413858.06568
1569413858.31569
1569413858.5657
1569413858.81571
1569413859.06572
1569413859.31574
1569413859.56575
1569413859.81576
1569413860.06577
1569413860.31578
1569413860.56579
1569413860.8158
1569413861.06582
1569413861.31583
1569413861.56584
1569413861.81585
1569413862.06586
1569413862.31587
1569413862.56589
1569413862.8159
1569413863.06591
1569413863.31592
1569413863.56593
1569413863.81594
1569413864.06596
1569413864.31597
1569413864.56598
1569413864.81599
1569413865.066
1569413865.31601
1569413865.56602
1569413865.81604
1569413866.06605
1569413866.31606
1569413866.56607
1569413866.81608
1569413867.06609
1569413867.31611
1569413867.56612
1569413867.81613
1569413868.06614
1569413868.31615
1569413868.56616
1569413868.81618
1569413869.06619
1569413869.3162
1569413869.56621
1569413869.81622
1569413870.06623
1569413870.31624
1569413870.56626
1569413870.81627
1569413871.06628
1569413871.31629
1569413871.5663
1569413871.81631
1569413872.06633
1569413872.31634
1569413872.56635
1569413872.81636
1569413873.06637
1569413873.31638
1569413873.5664
1569413873.81641
1569413874.06642
1569413874.31643
1569413874.56644
1569413874.81645
1569413875.06646
1569413875.31648
1569413875.56649
1569413875.8165
1569413876.06651
1569413876.31652
1569413876.56653
1569413876.81655
1569413877.06656
1569413877.31657
1569413877.56658
1569413877.81659
1569413878.0666
1569413878.31662
1569413878.56663
1569413878.81664
1569413879.06665
1569413879.31666
1569413879.56667
1569413879.81668
1569413880.0667
1569413880.31671
1569413880.56672
1569413880.81673
1569413881.06674
1569413881.31675
1569413881.56677
1569413881.81678
1569413882.06679
1569413882.3168
1569413882.56681
1569413882.81682
1569413883.06683
1569413883.31685
1569413883.56686
1569413883.81687
1569413884.06688
1569413884.31689
1569413884.5669
1569413884.81692
1569413885.06693
1569413885.31694
1569413885.56695
1569413885.81696
1569413886.06697
1569413886.31699
1569413886.567
1569413886.81701
1569413887.06702
1569413887.31703
1569413887.56704
1569413887.81705
1569413888.06707
1569413888.31708
1569413888.56709
1569413888.8171
1569413889.06711
1569413889.31712
1569413889.56714
1569413889.81715
1569413890.06716
1569413890.31717
1569413890.56718
1569413890.81719
1569413891.06721
1569413891.31722
1569413891.56723
1569413891.81724
1569413892.06725
1569413892.31726
1569413892.56727
1569413892.81729
1569413893.0673
1569413893.31731
1569413893.56732
1569413893.81733
1569413894.06734
1569413894.31736
1569413894.56737
1569413894.81738
1569413895.06739
1569413895.3174
1569413895.56741
1569413895.81743
1569413896.06744
1569413896.31745
1569413896.56746
1569413896.81747
1569413897.06748
1569413897.31749
1569413897.56751
1569413897.81752
1569413898.06753
1569413898.31754
1569413898.56755
1569413898.81756
1569413899.06758
1569413899.31759
1569413899.5676
1569413899.81761
1569413900.06762
1569413900.31763
1569413900.56765
1569413900.81766
1569413901.06767
1569413901.31768
1569413901.56769
1569413901.8177
1569413902.06771
1569413902.31773
1569413902.56774
1569413902.81775
1569413903.06776
1569413903.31777
1569413903.56778
1569413903.8178
1569413904.06781
1569413904.31782
1569413904.56783
1569413904.81784
1569413905.06785
1569413905.31787
1569413905.56788
1569413905.81789
1569413906.0679
1569413906.31791
1569413906.56792
1569413906.81793
1569413907.06795
1569413907.31796
1569413907.56797
1569413907.81798
1569413908.06799
1569413908.318
1569413908.56802
1569413908.81803
1569413909.06804
1569413909.31805
1569413909.56806
1569413909.81807
1569413910.06808
1569413910.3181
1569413910.56811
1569413910.81812
1569413911.06813
1569413911.31814
1569413911.56815
1569413911.81817
1569413912.06818
1569413912.31819
1569413912.5682
1569413912.81821
1569413913.06822
1569413913.31824
1569413913.56825
1569413913.81826
1569413914.06827
1569413914.31828
1569413914.56829
1569413914.81831
1569413915.06832
1569413915.31833
1569413915.56834
1569413915.81835
1569413916.06836
1569413916.31837
1569413916.56839
1569413916.8184
1569413917.06841
1569413917.31842
1569413917.56843
1569413917.81844
1569413918.06846
1569413918.31847
1569413918.56848
1569413918.81849
1569413919.0685
1569413919.31851
1569413919.56852
1569413919.81854
1569413920.06855
1569413920.31856
1569413920.56857
1569413920.81858
1569413921.06859
1569413921.31861
1569413921.56862
1569413921.81863
1569413922.06864
1569413922.31865
1569413922.56866
1569413922.81868
1569413923.06869
1569413923.3187
1569413923.56871
1569413923.81872
1569413924.06873
1569413924.31874
1569413924.56876
1569413924.81877
1569413925.06878
1569413925.31879
1569413925.5688
1569413925.81881
1569413926.06883
1569413926.31884
1569413926.56885
1569413926.81886
1569413927.06887
1569413927.31888
1569413927.5689
1569413927.81891
1569413928.06892
1569413928.31893
1569413928.56894
1569413928.81895
1569413929.06896
1569413929.31898
1569413929.56899
1569413929.819
1569413930.06901
1569413930.31902
1569413930.56903
1569413930.81905
1569413931.06906
1569413931.31907
1569413931.56908
1569413931.81909
1569413932.0691
1569413932.31912
1569413932.56913
1569413932.81914
1569413933.06915
1569413933.31916
1569413933.56917
1569413933.81918
1569413934.0692
1569413934.31921
1569413934.56922
1569413934.81923
1569413935.06924
1569413935.31925
1569413935.56927
1569413935.81928
1569413936.06929
1569413936.3193
1569413936.56931
1569413936.81932
1569413937.06934
1569413937.31935
1569413937.56936
1569413937.81937
1569413938.06938
1569413938.31939
1569413938.5694
1569413938.81942
1569413939.06943
1569413939.31944
1569413939.56945
1569413939.81946
1569413940.06947
1569413940.31949
1569413940.5695
1569413940.81951
1569413941.06952
1569413941.31953
1569413941.56954
1569413941.81956
1569413942.06957
1569413942.31958
1569413942.56959
1569413942.8196
1569413943.06961
1569413943.31962
1569413943.56964
1569413943.81965
1569413944.06966
1569413944.31967
1569413944.56968
1569413944.81969
1569413945.06971
1569413945.31972
1569413945.56973
1569413945.81974
1569413946.06975
1569413946.31976
1569413946.56977
1569413946.81979
1569413947.0698
1569413947.31981
1569413947.56982
1569413947.81983
1569413948.06984
1569413948.31986
1569413948.56987
1569413948.81988
1569413949.06989
1569413949.3199
1569413949.56991
1569413949.81993
1569413950.06994
1569413950.31995
1569413950.56996
1569413950.81997
1569413951.06998
1569413951.31999
1569413951.57001
1569413951.82002
1569413952.07003
1569413952.32004
1569413952.57005
1569413952.82006
1569413953.07008
1569413953.32009
1569413953.5701
1569413953.82011
1569413954.07012
1569413954.32013
1569413954.57015
1569413954.82016
1569413955.07017
1569413955.32018
1569413955.57019
1569413955.8202
1569413956.07021
1569413956.32023
1569413956.57024
1569413956.82025
1569413957.07026
1569413957.32027
1569413957.57028
1569413957.8203
1569413958.07031
1569413958.32032
1569413958.57033
1569413958.82034
1569413959.07035
1569413959.32037
1569413959.57038
1569413959.82039
1569413960.0704
1569413960.32041
1569413960.57042
1569413960.82043
1569413961.07045
1569413961.32046
1569413961.57047
1569413961.82048
1569413962.07049
1569413962.3205
1569413962.57052
1569413962.82053
1569413963.07054
1569413963.32055
1569413963.57056
1569413963.82057
1569413964.07059
1569413964.3206
1569413964.57061
1569413964.82062
1569413965.07063
1569413965.32064
1569413965.57065
1569413965.82067
1569413966.07068
1569413966.32069
1569413966.5707
1569413966.82071
1569413967.07072
1569413967.32074
1569413967.57075
1569413967.82076
1569413968.07077
1569413968.32078
1569413968.57079
1569413968.82081
1569413969.07082
1569413969.32083
1569413969.57084
1569413969.82085
1569413970.07086
1569413970.32087
1569413970.57089
1569413970.8209
1569413971.07091
1569413971.32092
1569413971.57093
1569413971.82094
1569413972.07096
1569413972.32097
1569413972.57098
1569413972.82099
1569413973.071
1569413973.32101
1569413973.57103
1569413973.82104
1569413974.07105
1569413974.32106
1569413974.57107
1569413974.82108
1569413975.07109
1569413975.32111
1569413975.57112
1569413975.82113
1569413976.07114
1569413976.32115
1569413976.57116
1569413976.82118
1569413977.07119
1569413977.3212
1569413977.57121
1569413977.82122
1569413978.07123
1569413978.32124
1569413978.57126
1569413978.82127
1569413979.07128
1569413979.32129
1569413979.5713
1569413979.82131
1569413980.07133
1569413980.32134
1569413980.57135
1569413980.82136
1569413981.07137
1569413981.32138
1569413981.5714
1569413981.82141
1569413982.07142
1569413982.32143
1569413982.57144
1569413982.82145
1569413983.07146
1569413983.32148
1569413983.57149
1569413983.8215
1569413984.07151
1569413984.32152
1569413984.57153
1569413984.82155
1569413985.07156
1569413985.32157
1569413985.57158
1569413985.82159
1569413986.0716
1569413986.32162
1569413986.57163
1569413986.82164
1569413987.07165
1569413987.32166
1569413987.57167
1569413987.82168
1569413988.0717
1569413988.32171
1569413988.57172
1569413988.82173
1569413989.07174
1569413989.32175
1569413989.57177
1569413989.82178
1569413990.07179
1569413990.3218
1569413990.57181
1569413990.82182
1569413991.07184
1569413991.32185
1569413991.57186
1569413991.82187
1569413992.07188
1569413992.32189
1569413992.5719
1569413992.82192
1569413993.07193
1569413993.32194
1569413993.57195
1569413993.82196
1569413994.07197
1569413994.32199
1569413994.572
1569413994.82201
1569413995.07202
1569413995.32203
1569413995.57204
1569413995.82206
1569413996.07207
1569413996.32208
1569413996.57209
1569413996.8221
1569413997.07211
1569413997.32212
1569413997.57214
1569413997.82215
1569413998.07216
1569413998.32217
1569413998.57218
1569413998.82219
1569413999.07221
1569413999.32222
1569413999.57223
1569413999.82224
1569414000.07225
1569414000.32226
1569414000.57228
1569414000.82229
1569414001.0723
1569414001.32231
1569414001.57232
1569414001.82233
1569414002.07234
1569414002.32236
1569414002.57237
1569414002.82238
1569414003.07239
1569414003.3224
1569414003.57241
1569414003.82243
1569414004.07244
1569414004.32245
1569414004.57246
1569414004.82247
1569414005.07248
1569414005.32249
1569414005.57251
1569414005.82252
1569414006.07253
1569414006.32254
1569414006.57255
1569414006.82256
1569414007.07258
1569414007.32259
1569414007.5726
1569414007.82261
1569414008.07262
1569414008.32263
1569414008.57265
1569414008.82266
1569414009.07267
1569414009.32268
1569414009.57269
1569414009.8227
1569414010.07272
1569414010.32273
1569414010.57274
1569414010.82275
1569414011.07276
1569414011.32277
1569414011.57278
1569414011.8228
1569414012.07281
1569414012.32282
1569414012.57283
1569414012.82284
1569414013.07285
1569414013.32287
1569414013.57288
1569414013.82289
1569414014.0729
1569414014.32291
1569414014.57292
1569414014.82293
1569414015.07295
1569414015.32296
1569414015.57297
1569414015.82298
1569414016.07299
1569414016.323
1569414016.57302
1569414016.82303
1569414017.07304
1569414017.32305
1569414017.57306
1569414017.82307
1569414018.07309
1569414018.3231
1569414018.57311
1569414018.82312
1569414019.07313
1569414019.32314
1569414019.57315
1569414019.82317
1569414020.07318
1569414020.32319
1569414020.5732
1569414020.82321
1569414021.07322
1569414021.32324
1569414021.57325
1569414021.82326
1569414022.07327
1569414022.32328
1569414022.57329
1569414022.82331
1569414023.07332
1569414023.32333
1569414023.57334
1569414023.82335
1569414024.07336
1569414024.32337
1569414024.57339
1569414024.8234
1569414025.07341
1569414025.32342
1569414025.57343
1569414025.82344
1569414026.07346
1569414026.32347
1569414026.57348
1569414026.82349
1569414027.0735
1569414027.32351
1569414027.57353
1569414027.82354
1569414028.07355
1569414028.32356
1569414028.57357
1569414028.82358
1569414029.07359
1569414029.32361
1569414029.57362
1569414029.82363
1569414030.07364
1569414030.32365
1569414030.57366
1569414030.82368
1569414031.07369
1569414031.3237
1569414031.57371
1569414031.82372
1569414032.07373
1569414032.32375
1569414032.57376
1569414032.82377
1569414033.07378
1569414033.32379
1569414033.5738
1569414033.82381
1569414034.07383
1569414034.32384
1569414034.57385
1569414034.82386
1569414035.07387
1569414035.32388
1569414035.5739
1569414035.82391
1569414036.07392
1569414036.32393
1569414036.57394
1569414036.82395
1569414037.07397
1569414037.32398
1569414037.57399
1569414037.824
1569414038.07401
1569414038.32402
1569414038.57403
1569414038.82405
1569414039.07406
1569414039.32407
1569414039.57408
1569414039.82409
1569414040.0741
1569414040.32412
1569414040.57413
1569414040.82414
1569414041.07415
1569414041.32416
1569414041.57417
1569414041.82418
1569414042.0742
1569414042.32421
1569414042.57422
1569414042.82423
1569414043.07424
1569414043.32425
1569414043.57427
1569414043.82428
1569414044.07429
1569414044.3243
1569414044.57431
1569414044.82432
1569414045.07434
1569414045.32435
1569414045.57436
1569414045.82437
1569414046.07438
1569414046.32439
1569414046.5744
1569414046.82442
1569414047.07443
1569414047.32444
1569414047.57445
1569414047.82446
1569414048.07447
1569414048.32449
1569414048.5745
1569414048.82451
1569414049.07452
1569414049.32453
1569414049.57454
1569414049.82456
1569414050.07457
1569414050.32458
1569414050.57459
1569414050.8246
1569414051.07461
1569414051.32462
1569414051.57464
1569414051.82465
1569414052.07466
1569414052.32467
1569414052.57468
1569414052.82469
1569414053.07471
1569414053.32472
1569414053.57473
1569414053.82474
1569414054.07475
1569414054.32476
1569414054.57478
1569414054.82479
1569414055.0748
1569414055.32481
1569414055.57482
1569414055.82483
1569414056.07484
1569414056.32486
1569414056.57487
1569414056.82488
1569414057.07489
1569414057.3249
1569414057.57491
1569414057.82493
1569414058.07494
1569414058.32495
1569414058.57496
1569414058.82497
1569414059.07498
1569414059.325
1569414059.57501
1569414059.82502
1569414060.07503
1569414060.32504
1569414060.57505
1569414060.82506
1569414061.07508
1569414061.32509
1569414061.5751
1569414061.82511
1569414062.07512
1569414062.32513
1569414062.57515
1569414062.82516
1569414063.07517
1569414063.32518
1569414063.57519
1569414063.8252
1569414064.07522
1569414064.32523
1569414064.57524
1569414064.82525
1569414065.07526
1569414065.32527
1569414065.57528
1569414065.8253
1569414066.07531
1569414066.32532
1569414066.57533
1569414066.82534
1569414067.07535
1569414067.32537
1569414067.57538
1569414067.82539
1569414068.0754
1569414068.32541
1569414068.57542
1569414068.82543
1569414069.07545
1569414069.32546
1569414069.57547
1569414069.82548
1569414070.07549
1569414070.3255
1569414070.57552
1569414070.82553
1569414071.07554
1569414071.32555
1569414071.57556
1569414071.82557
1569414072.07559
1569414072.3256
1569414072.57561
1569414072.82562
1569414073.07563
1569414073.32564
1569414073.57565
1569414073.82567
1569414074.07568
