1569410113.1423
1569410113.39231
1569410113.64232
1569410113.89233
1569410114.14235
1569410114.39236
1569410114.64237
1569410114.89238
1569410115.14239
1569410115.3924
1569410115.64242
1569410115.89243
1569410116.14244
1569410116.39245
1569410116.64246
1569410116.89247
1569410117.14248
1569410117.3925
1569410117.64251
1569410117.89252
1569410118.14253
1569410118.39254
1569410118.64255
1569410118.89257
1569410119.14258
1569410119.39259
1569410119.6426
1569410119.89261
1569410120.14262
1569410120.39263
1569410120.64265
1569410120.89266
1569410121.14267
1569410121.39268
1569410121.64269
1569410121.8927
1569410122.14272
1569410122.39273
1569410122.64274
1569410122.89275
1569410123.14276
1569410123.39277
1569410123.64279
1569410123.8928
1569410124.14281
1569410124.39282
1569410124.64283
1569410124.89284
1569410125.14285
1569410125.39287
1569410125.64288
1569410125.89289
1569410126.1429
1569410126.39291
1569410126.64292
1569410126.89294
1569410127.14295
1569410127.39296
1569410127.64297
1569410127.89298
1569410128.14299
1569410128.39301
1569410128.64302
1569410128.89303
1569410129.14304
1569410129.39305
1569410129.64306
1569410129.89307
1569410130.14309
1569410130.3931
1569410130.64311
1569410130.89312
1569410131.14313
1569410131.39314
1569410131.64316
1569410131.89317
1569410132.14318
1569410132.39319
1569410132.6432
1569410132.89321
1569410133.14323
1569410133.39324
1569410133.64325
1569410133.89326
1569410134.14327
1569410134.39328
1569410134.64329
1569410134.89331
1569410135.14332
1569410135.39333
1569410135.64334
1569410135.89335
1569410136.14336
1569410136.39338
1569410136.64339
1569410136.8934
1569410137.14341
1569410137.39342
1569410137.64343
1569410137.89345
1569410138.14346
1569410138.39347
1569410138.64348
1569410138.89349
1569410139.1435
1569410139.39351
1569410139.64353
1569410139.89354
1569410140.14355
1569410140.39356
1569410140.64357
1569410140.89358
1569410141.1436
1569410141.39361
1569410141.64362
1569410141.89363
1569410142.14364
1569410142.39365
1569410142.64367
1569410142.89368
1569410143.14369
1569410143.3937
1569410143.64371
1569410143.89372
1569410144.14373
1569410144.39375
1569410144.64376
1569410144.89377
1569410145.14378
1569410145.39379
1569410145.6438
1569410145.89382
1569410146.14383
1569410146.39384
1569410146.64385
1569410146.89386
1569410147.14387
1569410147.39388
1569410147.6439
1569410147.89391
1569410148.14392
1569410148.39393
1569410148.64394
1569410148.89395
1569410149.14397
1569410149.39398
1569410149.64399
1569410149.894
1569410150.14401
1569410150.39402
1569410150.64404
1569410150.89405
1569410151.14406
1569410151.39407
1569410151.64408
1569410151.89409
1569410152.1441
1569410152.39412
1569410152.64413
1569410152.89414
1569410153.14415
1569410153.39416
1569410153.64417
1569410153.89419
1569410154.1442
1569410154.39421
1569410154.64422
1569410154.89423
1569410155.14424
1569410155.39426
1569410155.64427
1569410155.89428
1569410156.14429
1569410156.3943
1569410156.64431
1569410156.89432
1569410157.14434
1569410157.39435
1569410157.64436
1569410157.89437
1569410158.14438
1569410158.39439
1569410158.64441
1569410158.89442
1569410159.14443
1569410159.39444
1569410159.64445
1569410159.89446
1569410160.14448
1569410160.39449
1569410160.6445
1569410160.89451
1569410161.14452
1569410161.39453
1569410161.64454
1569410161.89456
1569410162.14457
1569410162.39458
1569410162.64459
1569410162.8946
1569410163.14461
1569410163.39463
1569410163.64464
1569410163.89465
1569410164.14466
1569410164.39467
1569410164.64468
1569410164.8947
1569410165.14471
1569410165.39472
1569410165.64473
1569410165.89474
1569410166.14475
1569410166.39476
1569410166.64478
1569410166.89479
1569410167.1448
1569410167.39481
1569410167.64482
1569410167.89483
1569410168.14485
1569410168.39486
1569410168.64487
1569410168.89488
1569410169.14489
1569410169.3949
1569410169.64492
1569410169.89493
1569410170.14494
1569410170.39495
1569410170.64496
1569410170.89497
1569410171.14498
1569410171.395
1569410171.64501
1569410171.89502
1569410172.14503
1569410172.39504
1569410172.64505
1569410172.89507
1569410173.14508
1569410173.39509
1569410173.6451
1569410173.89511
1569410174.14512
1569410174.39514
1569410174.64515
1569410174.89516
1569410175.14517
1569410175.39518
1569410175.64519
1569410175.8952
1569410176.14522
1569410176.39523
1569410176.64524
1569410176.89525
1569410177.14526
1569410177.39527
1569410177.64529
1569410177.8953
1569410178.14531
1569410178.39532
1569410178.64533
1569410178.89534
1569410179.14535
1569410179.39537
1569410179.64538
1569410179.89539
1569410180.1454
1569410180.39541
1569410180.64542
1569410180.89544
1569410181.14545
1569410181.39546
1569410181.64547
1569410181.89548
1569410182.14549
1569410182.39551
1569410182.64552
1569410182.89553
1569410183.14554
1569410183.39555
1569410183.64556
1569410183.89557
1569410184.14559
1569410184.3956
1569410184.64561
1569410184.89562
1569410185.14563
1569410185.39564
1569410185.64566
1569410185.89567
1569410186.14568
1569410186.39569
1569410186.6457
1569410186.89571
1569410187.14573
1569410187.39574
1569410187.64575
1569410187.89576
1569410188.14577
1569410188.39578
1569410188.64579
1569410188.89581
1569410189.14582
1569410189.39583
1569410189.64584
1569410189.89585
1569410190.14586
1569410190.39588
1569410190.64589
1569410190.8959
1569410191.14591
1569410191.39592
1569410191.64593
1569410191.89595
1569410192.14596
1569410192.39597
1569410192.64598
1569410192.89599
1569410193.146
1569410193.39601
1569410193.64603
1569410193.89604
1569410194.14605
1569410194.39606
1569410194.64607
1569410194.89608
1569410195.1461
1569410195.39611
1569410195.64612
1569410195.89613
1569410196.14614
1569410196.39615
1569410196.64617
1569410196.89618
1569410197.14619
1569410197.3962
1569410197.64621
1569410197.89622
1569410198.14623
1569410198.39625
1569410198.64626
1569410198.89627
1569410199.14628
1569410199.39629
1569410199.6463
1569410199.89632
1569410200.14633
1569410200.39634
1569410200.64635
1569410200.89636
1569410201.14637
1569410201.39639
1569410201.6464
1569410201.89641
1569410202.14642
1569410202.39643
1569410202.64644
1569410202.89645
1569410203.14647
1569410203.39648
1569410203.64649
1569410203.8965
1569410204.14651
1569410204.39652
1569410204.64654
1569410204.89655
1569410205.14656
1569410205.39657
1569410205.64658
1569410205.89659
1569410206.14661
1569410206.39662
1569410206.64663
1569410206.89664
1569410207.14665
1569410207.39666
1569410207.64667
1569410207.89669
1569410208.1467
1569410208.39671
1569410208.64672
1569410208.89673
1569410209.14674
1569410209.39676
1569410209.64677
1569410209.89678
1569410210.14679
1569410210.3968
1569410210.64681
1569410210.89683
1569410211.14684
1569410211.39685
1569410211.64686
1569410211.89687
1569410212.14688
1569410212.39689
1569410212.64691
1569410212.89692
1569410213.14693
1569410213.39694
1569410213.64695
1569410213.89696
1569410214.14698
1569410214.39699
1569410214.647
1569410214.89701
1569410215.14702
1569410215.39703
1569410215.64704
1569410215.89706
1569410216.14707
1569410216.39708
1569410216.64709
1569410216.8971
1569410217.14711
1569410217.39713
1569410217.64714
1569410217.89715
1569410218.14716
1569410218.39717
1569410218.64718
1569410218.8972
1569410219.14721
1569410219.39722
1569410219.64723
1569410219.89724
1569410220.14725
1569410220.39726
1569410220.64728
1569410220.89729
1569410221.1473
1569410221.39731
1569410221.64732
1569410221.89733
1569410222.14735
1569410222.39736
1569410222.64737
1569410222.89738
1569410223.14739
1569410223.3974
1569410223.64742
1569410223.89743
1569410224.14744
1569410224.39745
1569410224.64746
1569410224.89747
1569410225.14748
1569410225.3975
1569410225.64751
1569410225.89752
1569410226.14753
1569410226.39754
1569410226.64755
1569410226.89757
1569410227.14758
1569410227.39759
1569410227.6476
1569410227.89761
1569410228.14762
1569410228.39764
1569410228.64765
1569410228.89766
1569410229.14767
1569410229.39768
1569410229.64769
1569410229.8977
1569410230.14772
1569410230.39773
1569410230.64774
1569410230.89775
1569410231.14776
1569410231.39777
1569410231.64779
1569410231.8978
1569410232.14781
1569410232.39782
1569410232.64783
1569410232.89784
1569410233.14786
1569410233.39787
1569410233.64788
1569410233.89789
1569410234.1479
1569410234.39791
1569410234.64792
1569410234.89794
1569410235.14795
1569410235.39796
1569410235.64797
1569410235.89798
1569410236.14799
1569410236.39801
1569410236.64802
1569410236.89803
1569410237.14804
1569410237.39805
1569410237.64806
1569410237.89808
1569410238.14809
1569410238.3981
1569410238.64811
1569410238.89812
1569410239.14813
1569410239.39814
1569410239.64816
1569410239.89817
1569410240.14818
1569410240.39819
1569410240.6482
1569410240.89821
1569410241.14823
1569410241.39824
1569410241.64825
1569410241.89826
1569410242.14827
1569410242.39828
1569410242.64829
1569410242.89831
1569410243.14832
1569410243.39833
1569410243.64834
1569410243.89835
1569410244.14836
1569410244.39838
1569410244.64839
1569410244.8984
1569410245.14841
1569410245.39842
1569410245.64843
1569410245.89845
1569410246.14846
1569410246.39847
1569410246.64848
1569410246.89849
1569410247.1485
1569410247.39851
1569410247.64853
1569410247.89854
1569410248.14855
1569410248.39856
1569410248.64857
1569410248.89858
1569410249.1486
1569410249.39861
1569410249.64862
1569410249.89863
1569410250.14864
1569410250.39865
1569410250.64867
1569410250.89868
1569410251.14869
1569410251.3987
1569410251.64871
1569410251.89872
1569410252.14873
1569410252.39875
1569410252.64876
1569410252.89877
1569410253.14878
1569410253.39879
1569410253.6488
1569410253.89882
1569410254.14883
1569410254.39884
1569410254.64885
1569410254.89886
1569410255.14887
1569410255.39889
1569410255.6489
1569410255.89891
1569410256.14892
1569410256.39893
1569410256.64894
1569410256.89895
1569410257.14897
1569410257.39898
1569410257.64899
1569410257.899
1569410258.14901
1569410258.39902
1569410258.64904
1569410258.89905
1569410259.14906
1569410259.39907
1569410259.64908
1569410259.89909
1569410260.14911
1569410260.39912
1569410260.64913
1569410260.89914
1569410261.14915
1569410261.39916
1569410261.64917
1569410261.89919
1569410262.1492
1569410262.39921
1569410262.64922
1569410262.89923
1569410263.14924
1569410263.39926
1569410263.64927
1569410263.89928
1569410264.14929
1569410264.3993
1569410264.64931
1569410264.89933
1569410265.14934
1569410265.39935
1569410265.64936
1569410265.89937
1569410266.14938
1569410266.39939
1569410266.64941
1569410266.89942
1569410267.14943
1569410267.39944
1569410267.64945
1569410267.89946
1569410268.14948
1569410268.39949
1569410268.6495
1569410268.89951
1569410269.14952
1569410269.39953
1569410269.64954
1569410269.89956
1569410270.14957
1569410270.39958
1569410270.64959
1569410270.8996
1569410271.14961
1569410271.39963
1569410271.64964
1569410271.89965
1569410272.14966
1569410272.39967
1569410272.64968
1569410272.8997
1569410273.14971
1569410273.39972
1569410273.64973
1569410273.89974
1569410274.14975
1569410274.39977
1569410274.64978
1569410274.89979
1569410275.1498
1569410275.39981
1569410275.64982
1569410275.89983
1569410276.14985
1569410276.39986
1569410276.64987
1569410276.89988
1569410277.14989
1569410277.3999
1569410277.64992
1569410277.89993
1569410278.14994
1569410278.39995
1569410278.64996
1569410278.89997
1569410279.14998
1569410279.4
1569410279.65001
1569410279.90002
1569410280.15003
1569410280.40004
1569410280.65005
1569410280.90007
1569410281.15008
1569410281.40009
1569410281.6501
1569410281.90011
1569410282.15012
1569410282.40014
1569410282.65015
1569410282.90016
1569410283.15017
1569410283.40018
1569410283.65019
1569410283.9002
1569410284.15022
1569410284.40023
1569410284.65024
1569410284.90025
1569410285.15026
1569410285.40027
1569410285.65029
1569410285.9003
1569410286.15031
1569410286.40032
1569410286.65033
1569410286.90034
1569410287.15036
1569410287.40037
1569410287.65038
1569410287.90039
1569410288.1504
1569410288.40041
1569410288.65042
1569410288.90044
1569410289.15045
1569410289.40046
1569410289.65047
1569410289.90048
1569410290.15049
1569410290.40051
1569410290.65052
1569410290.90053
1569410291.15054
1569410291.40055
1569410291.65056
1569410291.90058
1569410292.15059
1569410292.4006
1569410292.65061
1569410292.90062
1569410293.15063
1569410293.40064
1569410293.65066
1569410293.90067
1569410294.15068
1569410294.40069
1569410294.6507
1569410294.90071
1569410295.15073
1569410295.40074
1569410295.65075
1569410295.90076
1569410296.15077
1569410296.40078
1569410296.6508
1569410296.90081
1569410297.15082
1569410297.40083
1569410297.65084
1569410297.90085
1569410298.15086
1569410298.40088
1569410298.65089
1569410298.9009
1569410299.15091
1569410299.40092
1569410299.65093
1569410299.90095
1569410300.15096
1569410300.40097
1569410300.65098
1569410300.90099
1569410301.151
1569410301.40102
1569410301.65103
1569410301.90104
1569410302.15105
1569410302.40106
1569410302.65107
1569410302.90108
1569410303.1511
1569410303.40111
1569410303.65112
1569410303.90113
1569410304.15114
1569410304.40115
1569410304.65117
1569410304.90118
1569410305.15119
1569410305.4012
1569410305.65121
1569410305.90122
1569410306.15123
1569410306.40125
1569410306.65126
1569410306.90127
1569410307.15128
1569410307.40129
1569410307.6513
1569410307.90132
1569410308.15133
1569410308.40134
1569410308.65135
1569410308.90136
1569410309.15137
1569410309.40139
1569410309.6514
1569410309.90141
1569410310.15142
1569410310.40143
1569410310.65144
1569410310.90145
1569410311.15147
1569410311.40148
1569410311.65149
1569410311.9015
1569410312.15151
1569410312.40152
1569410312.65154
1569410312.90155
1569410313.15156
1569410313.40157
1569410313.65158
1569410313.90159
1569410314.15161
1569410314.40162
1569410314.65163
1569410314.90164
1569410315.15165
1569410315.40166
1569410315.65167
1569410315.90169
1569410316.1517
1569410316.40171
1569410316.65172
1569410316.90173
1569410317.15174
1569410317.40176
1569410317.65177
1569410317.90178
1569410318.15179
1569410318.4018
1569410318.65181
1569410318.90183
1569410319.15184
1569410319.40185
1569410319.65186
1569410319.90187
1569410320.15188
1569410320.40189
1569410320.65191
1569410320.90192
1569410321.15193
1569410321.40194
1569410321.65195
1569410321.90196
1569410322.15198
1569410322.40199
1569410322.652
1569410322.90201
1569410323.15202
1569410323.40203
1569410323.65205
1569410323.90206
1569410324.15207
1569410324.40208
1569410324.65209
1569410324.9021
1569410325.15211
1569410325.40213
1569410325.65214
1569410325.90215
1569410326.15216
1569410326.40217
1569410326.65218
1569410326.9022
1569410327.15221
1569410327.40222
1569410327.65223
1569410327.90224
1569410328.15225
1569410328.40227
1569410328.65228
1569410328.90229
1569410329.1523
1569410329.40231
1569410329.65232
1569410329.90233
1569410330.15235
1569410330.40236
1569410330.65237
1569410330.90238
1569410331.15239
1569410331.4024
1569410331.65242
1569410331.90243
1569410332.15244
1569410332.40245
1569410332.65246
1569410332.90247
1569410333.15249
1569410333.4025
1569410333.65251
1569410333.90252
1569410334.15253
1569410334.40254
1569410334.65255
1569410334.90257
1569410335.15258
1569410335.40259
1569410335.6526
1569410335.90261
1569410336.15262
1569410336.40264
1569410336.65265
1569410336.90266
1569410337.15267
1569410337.40268
1569410337.65269
1569410337.9027
1569410338.15272
1569410338.40273
1569410338.65274
1569410338.90275
1569410339.15276
1569410339.40277
1569410339.65279
1569410339.9028
1569410340.15281
1569410340.40282
1569410340.65283
1569410340.90284
1569410341.15286
1569410341.40287
1569410341.65288
1569410341.90289
1569410342.1529
1569410342.40291
1569410342.65292
1569410342.90294
1569410343.15295
1569410343.40296
1569410343.65297
1569410343.90298
1569410344.15299
1569410344.40301
1569410344.65302
1569410344.90303
1569410345.15304
1569410345.40305
1569410345.65306
1569410345.90308
1569410346.15309
1569410346.4031
1569410346.65311
1569410346.90312
1569410347.15313
1569410347.40314
1569410347.65316
1569410347.90317
1569410348.15318
1569410348.40319
1569410348.6532
1569410348.90321
1569410349.15323
1569410349.40324
1569410349.65325
1569410349.90326
1569410350.15327
1569410350.40328
1569410350.6533
1569410350.90331
1569410351.15332
1569410351.40333
1569410351.65334
1569410351.90335
1569410352.15336
1569410352.40338
1569410352.65339
1569410352.9034
1569410353.15341
1569410353.40342
1569410353.65343
1569410353.90345
1569410354.15346
1569410354.40347
1569410354.65348
1569410354.90349
1569410355.1535
1569410355.40352
1569410355.65353
1569410355.90354
1569410356.15355
1569410356.40356
1569410356.65357
1569410356.90358
1569410357.1536
1569410357.40361
1569410357.65362
1569410357.90363
1569410358.15364
1569410358.40365
1569410358.65367
1569410358.90368
1569410359.15369
1569410359.4037
1569410359.65371
1569410359.90372
1569410360.15374
1569410360.40375
1569410360.65376
1569410360.90377
1569410361.15378
1569410361.40379
1569410361.6538
1569410361.90382
1569410362.15383
1569410362.40384
1569410362.65385
1569410362.90386
1569410363.15387
1569410363.40389
1569410363.6539
1569410363.90391
1569410364.15392
1569410364.40393
1569410364.65394
1569410364.90395
1569410365.15397
1569410365.40398
1569410365.65399
1569410365.904
1569410366.15401
1569410366.40402
1569410366.65404
1569410366.90405
1569410367.15406
1569410367.40407
1569410367.65408
1569410367.90409
1569410368.15411
1569410368.40412
1569410368.65413
1569410368.90414
1569410369.15415
1569410369.40416
1569410369.65418
1569410369.90419
1569410370.1542
1569410370.40421
1569410370.65422
1569410370.90423
1569410371.15424
1569410371.40426
1569410371.65427
1569410371.90428
1569410372.15429
1569410372.4043
1569410372.65431
1569410372.90433
1569410373.15434
1569410373.40435
1569410373.65436
1569410373.90437
1569410374.15438
1569410374.40439
1569410374.65441
1569410374.90442
1569410375.15443
1569410375.40444
1569410375.65445
1569410375.90446
1569410376.15448
1569410376.40449
1569410376.6545
1569410376.90451
1569410377.15452
1569410377.40453
1569410377.65455
1569410377.90456
1569410378.15457
1569410378.40458
1569410378.65459
1569410378.9046
1569410379.15461
1569410379.40463
1569410379.65464
1569410379.90465
1569410380.15466
1569410380.40467
1569410380.65468
1569410380.9047
1569410381.15471
1569410381.40472
1569410381.65473
1569410381.90474
1569410382.15475
1569410382.40477
1569410382.65478
1569410382.90479
1569410383.1548
1569410383.40481
1569410383.65482
1569410383.90483
1569410384.15485
1569410384.40486
1569410384.65487
1569410384.90488
1569410385.15489
1569410385.4049
1569410385.65492
1569410385.90493
1569410386.15494
1569410386.40495
1569410386.65496
1569410386.90497
1569410387.15499
1569410387.405
1569410387.65501
1569410387.90502
1569410388.15503
1569410388.40504
1569410388.65505
1569410388.90507
1569410389.15508
1569410389.40509
1569410389.6551
1569410389.90511
1569410390.15512
1569410390.40514
1569410390.65515
1569410390.90516
1569410391.15517
1569410391.40518
1569410391.65519
1569410391.90521
1569410392.15522
1569410392.40523
1569410392.65524
1569410392.90525
1569410393.15526
1569410393.40527
1569410393.65529
1569410393.9053
1569410394.15531
1569410394.40532
1569410394.65533
1569410394.90534
1569410395.15536
1569410395.40537
1569410395.65538
1569410395.90539
1569410396.1554
1569410396.40541
1569410396.65543
1569410396.90544
1569410397.15545
1569410397.40546
1569410397.65547
1569410397.90548
1569410398.15549
1569410398.40551
1569410398.65552
1569410398.90553
1569410399.15554
1569410399.40555
1569410399.65556
1569410399.90558
1569410400.15559
1569410400.4056
1569410400.65561
1569410400.90562
1569410401.15563
1569410401.40564
1569410401.65566
1569410401.90567
1569410402.15568
1569410402.40569
1569410402.6557
1569410402.90571
1569410403.15573
1569410403.40574
1569410403.65575
1569410403.90576
1569410404.15577
1569410404.40578
1569410404.6558
1569410404.90581
1569410405.15582
1569410405.40583
1569410405.65584
1569410405.90585
1569410406.15586
1569410406.40588
1569410406.65589
1569410406.9059
1569410407.15591
1569410407.40592
1569410407.65593
1569410407.90595
1569410408.15596
1569410408.40597
1569410408.65598
1569410408.90599
1569410409.156
1569410409.40602
1569410409.65603
1569410409.90604
1569410410.15605
1569410410.40606
1569410410.65607
1569410410.90608
1569410411.1561
1569410411.40611
1569410411.65612
1569410411.90613
1569410412.15614
1569410412.40615
1569410412.65617
1569410412.90618
