1569412730.26346
1569412730.51348
1569412730.76349
1569412731.0135
1569412731.26351
1569412731.51352
1569412731.76353
1569412732.01354
1569412732.26356
1569412732.51357
1569412732.76358
1569412733.01359
1569412733.2636
1569412733.51361
1569412733.76363
1569412734.01364
1569412734.26365
1569412734.51366
1569412734.76367
1569412735.01368
1569412735.2637
1569412735.51371
1569412735.76372
1569412736.01373
1569412736.26374
1569412736.51375
1569412736.76376
1569412737.01378
1569412737.26379
1569412737.5138
1569412737.76381
1569412738.01382
1569412738.26383
1569412738.51385
1569412738.76386
1569412739.01387
1569412739.26388
1569412739.51389
1569412739.7639
1569412740.01392
1569412740.26393
1569412740.51394
1569412740.76395
1569412741.01396
1569412741.26397
1569412741.51398
1569412741.764
1569412742.01401
1569412742.26402
1569412742.51403
1569412742.76404
1569412743.01405
1569412743.26407
1569412743.51408
1569412743.76409
1569412744.0141
1569412744.26411
1569412744.51412
1569412744.76414
1569412745.01415
1569412745.26416
1569412745.51417
1569412745.76418
1569412746.01419
1569412746.2642
1569412746.51422
1569412746.76423
1569412747.01424
1569412747.26425
1569412747.51426
1569412747.76427
1569412748.01429
1569412748.2643
1569412748.51431
1569412748.76432
1569412749.01433
1569412749.26434
1569412749.51435
1569412749.76437
1569412750.01438
1569412750.26439
1569412750.5144
1569412750.76441
1569412751.01442
1569412751.26444
1569412751.51445
1569412751.76446
1569412752.01447
1569412752.26448
1569412752.51449
1569412752.76451
1569412753.01452
1569412753.26453
1569412753.51454
1569412753.76455
1569412754.01456
1569412754.26458
1569412754.51459
1569412754.7646
1569412755.01461
1569412755.26462
1569412755.51463
1569412755.76464
1569412756.01466
1569412756.26467
1569412756.51468
1569412756.76469
1569412757.0147
1569412757.26471
1569412757.51473
1569412757.76474
1569412758.01475
1569412758.26476
1569412758.51477
1569412758.76478
1569412759.01479
1569412759.26481
1569412759.51482
1569412759.76483
1569412760.01484
1569412760.26485
1569412760.51486
1569412760.76488
1569412761.01489
1569412761.2649
1569412761.51491
1569412761.76492
1569412762.01493
1569412762.26495
1569412762.51496
1569412762.76497
1569412763.01498
1569412763.26499
1569412763.515
1569412763.76501
1569412764.01503
1569412764.26504
1569412764.51505
1569412764.76506
1569412765.01507
1569412765.26508
1569412765.5151
1569412765.76511
1569412766.01512
1569412766.26513
1569412766.51514
1569412766.76515
1569412767.01517
1569412767.26518
1569412767.51519
1569412767.7652
1569412768.01521
1569412768.26522
1569412768.51523
1569412768.76525
1569412769.01526
1569412769.26527
1569412769.51528
1569412769.76529
1569412770.0153
1569412770.26532
1569412770.51533
1569412770.76534
1569412771.01535
1569412771.26536
1569412771.51537
1569412771.76539
1569412772.0154
1569412772.26541
1569412772.51542
1569412772.76543
1569412773.01544
1569412773.26545
1569412773.51547
1569412773.76548
1569412774.01549
1569412774.2655
1569412774.51551
1569412774.76552
1569412775.01554
1569412775.26555
1569412775.51556
1569412775.76557
1569412776.01558
1569412776.26559
1569412776.51561
1569412776.76562
1569412777.01563
1569412777.26564
1569412777.51565
1569412777.76566
1569412778.01567
1569412778.26569
1569412778.5157
1569412778.76571
1569412779.01572
1569412779.26573
1569412779.51574
1569412779.76576
1569412780.01577
1569412780.26578
1569412780.51579
1569412780.7658
1569412781.01581
1569412781.26583
1569412781.51584
1569412781.76585
1569412782.01586
1569412782.26587
1569412782.51588
1569412782.76589
1569412783.01591
1569412783.26592
1569412783.51593
1569412783.76594
1569412784.01595
1569412784.26596
1569412784.51598
1569412784.76599
1569412785.016
1569412785.26601
1569412785.51602
1569412785.76603
1569412786.01604
1569412786.26606
1569412786.51607
1569412786.76608
1569412787.01609
1569412787.2661
1569412787.51611
1569412787.76613
1569412788.01614
1569412788.26615
1569412788.51616
1569412788.76617
1569412789.01618
1569412789.2662
1569412789.51621
1569412789.76622
1569412790.01623
1569412790.26624
1569412790.51625
1569412790.76626
1569412791.01628
1569412791.26629
1569412791.5163
1569412791.76631
1569412792.01632
1569412792.26633
1569412792.51635
1569412792.76636
1569412793.01637
1569412793.26638
1569412793.51639
1569412793.7664
1569412794.01642
1569412794.26643
1569412794.51644
1569412794.76645
1569412795.01646
1569412795.26647
1569412795.51648
1569412795.7665
1569412796.01651
1569412796.26652
1569412796.51653
1569412796.76654
1569412797.01655
1569412797.26657
1569412797.51658
1569412797.76659
1569412798.0166
1569412798.26661
1569412798.51662
1569412798.76664
1569412799.01665
1569412799.26666
1569412799.51667
1569412799.76668
1569412800.01669
1569412800.2667
1569412800.51672
1569412800.76673
1569412801.01674
1569412801.26675
1569412801.51676
1569412801.76677
1569412802.01679
1569412802.2668
1569412802.51681
1569412802.76682
1569412803.01683
1569412803.26684
1569412803.51686
1569412803.76687
1569412804.01688
1569412804.26689
1569412804.5169
1569412804.76691
1569412805.01692
1569412805.26694
1569412805.51695
1569412805.76696
1569412806.01697
1569412806.26698
1569412806.51699
1569412806.76701
1569412807.01702
1569412807.26703
1569412807.51704
1569412807.76705
1569412808.01706
1569412808.26708
1569412808.51709
1569412808.7671
1569412809.01711
1569412809.26712
1569412809.51713
1569412809.76714
1569412810.01716
1569412810.26717
1569412810.51718
1569412810.76719
1569412811.0172
1569412811.26721
1569412811.51723
1569412811.76724
1569412812.01725
1569412812.26726
1569412812.51727
1569412812.76728
1569412813.0173
1569412813.26731
1569412813.51732
1569412813.76733
1569412814.01734
1569412814.26735
1569412814.51736
1569412814.76738
1569412815.01739
1569412815.2674
1569412815.51741
1569412815.76742
1569412816.01743
1569412816.26745
1569412816.51746
1569412816.76747
1569412817.01748
1569412817.26749
1569412817.5175
1569412817.76751
1569412818.01753
1569412818.26754
1569412818.51755
1569412818.76756
1569412819.01757
1569412819.26758
1569412819.5176
1569412819.76761
1569412820.01762
1569412820.26763
1569412820.51764
1569412820.76765
1569412821.01767
1569412821.26768
1569412821.51769
1569412821.7677
1569412822.01771
1569412822.26772
1569412822.51773
1569412822.76775
1569412823.01776
1569412823.26777
1569412823.51778
1569412823.76779
1569412824.0178
1569412824.26782
1569412824.51783
1569412824.76784
1569412825.01785
1569412825.26786
1569412825.51787
1569412825.76789
1569412826.0179
1569412826.26791
1569412826.51792
1569412826.76793
1569412827.01794
1569412827.26795
1569412827.51797
1569412827.76798
1569412828.01799
1569412828.268
1569412828.51801
1569412828.76802
1569412829.01804
1569412829.26805
1569412829.51806
1569412829.76807
1569412830.01808
1569412830.26809
1569412830.51811
1569412830.76812
1569412831.01813
1569412831.26814
1569412831.51815
1569412831.76816
1569412832.01817
1569412832.26819
1569412832.5182
1569412832.76821
1569412833.01822
1569412833.26823
1569412833.51824
1569412833.76826
1569412834.01827
1569412834.26828
1569412834.51829
1569412834.7683
1569412835.01831
1569412835.26833
1569412835.51834
1569412835.76835
1569412836.01836
1569412836.26837
1569412836.51838
1569412836.76839
1569412837.01841
1569412837.26842
1569412837.51843
1569412837.76844
1569412838.01845
1569412838.26846
1569412838.51848
1569412838.76849
1569412839.0185
1569412839.26851
1569412839.51852
1569412839.76853
1569412840.01855
1569412840.26856
1569412840.51857
1569412840.76858
1569412841.01859
1569412841.2686
1569412841.51861
1569412841.76863
1569412842.01864
1569412842.26865
1569412842.51866
1569412842.76867
1569412843.01868
1569412843.2687
1569412843.51871
1569412843.76872
1569412844.01873
1569412844.26874
1569412844.51875
1569412844.76876
1569412845.01878
1569412845.26879
1569412845.5188
1569412845.76881
1569412846.01882
1569412846.26883
1569412846.51885
1569412846.76886
1569412847.01887
1569412847.26888
1569412847.51889
1569412847.7689
1569412848.01892
1569412848.26893
1569412848.51894
1569412848.76895
1569412849.01896
1569412849.26897
1569412849.51899
1569412849.769
1569412850.01901
1569412850.26902
1569412850.51903
1569412850.76904
1569412851.01905
1569412851.26907
1569412851.51908
1569412851.76909
1569412852.0191
1569412852.26911
1569412852.51912
1569412852.76914
1569412853.01915
1569412853.26916
1569412853.51917
1569412853.76918
1569412854.01919
1569412854.2692
1569412854.51922
1569412854.76923
1569412855.01924
1569412855.26925
1569412855.51926
1569412855.76927
1569412856.01929
1569412856.2693
1569412856.51931
1569412856.76932
1569412857.01933
1569412857.26934
1569412857.51936
1569412857.76937
1569412858.01938
1569412858.26939
1569412858.5194
1569412858.76941
1569412859.01942
1569412859.26944
1569412859.51945
1569412859.76946
1569412860.01947
1569412860.26948
1569412860.51949
1569412860.76951
1569412861.01952
1569412861.26953
1569412861.51954
1569412861.76955
1569412862.01956
1569412862.26958
1569412862.51959
1569412862.7696
1569412863.01961
1569412863.26962
1569412863.51963
1569412863.76964
1569412864.01966
1569412864.26967
1569412864.51968
1569412864.76969
1569412865.0197
1569412865.26971
1569412865.51973
1569412865.76974
1569412866.01975
1569412866.26976
1569412866.51977
1569412866.76978
1569412867.0198
1569412867.26981
1569412867.51982
1569412867.76983
1569412868.01984
1569412868.26985
1569412868.51986
1569412868.76988
1569412869.01989
1569412869.2699
1569412869.51991
1569412869.76992
1569412870.01993
1569412870.26995
1569412870.51996
1569412870.76997
1569412871.01998
1569412871.26999
1569412871.52
1569412871.77002
1569412872.02003
1569412872.27004
1569412872.52005
1569412872.77006
1569412873.02007
1569412873.27008
1569412873.5201
1569412873.77011
1569412874.02012
1569412874.27013
1569412874.52014
1569412874.77015
1569412875.02017
1569412875.27018
1569412875.52019
1569412875.7702
1569412876.02021
1569412876.27022
1569412876.52024
1569412876.77025
1569412877.02026
1569412877.27027
1569412877.52028
1569412877.77029
1569412878.0203
1569412878.27032
1569412878.52033
1569412878.77034
1569412879.02035
1569412879.27036
1569412879.52037
1569412879.77039
1569412880.0204
1569412880.27041
1569412880.52042
1569412880.77043
1569412881.02044
1569412881.27045
1569412881.52047
1569412881.77048
1569412882.02049
1569412882.2705
1569412882.52051
1569412882.77052
1569412883.02054
1569412883.27055
1569412883.52056
1569412883.77057
1569412884.02058
1569412884.27059
1569412884.52061
1569412884.77062
1569412885.02063
1569412885.27064
1569412885.52065
1569412885.77066
1569412886.02067
1569412886.27069
1569412886.5207
1569412886.77071
1569412887.02072
1569412887.27073
1569412887.52074
1569412887.77076
1569412888.02077
1569412888.27078
1569412888.52079
1569412888.7708
1569412889.02081
1569412889.27083
1569412889.52084
1569412889.77085
1569412890.02086
1569412890.27087
1569412890.52088
1569412890.77089
1569412891.02091
1569412891.27092
1569412891.52093
1569412891.77094
1569412892.02095
1569412892.27096
1569412892.52098
1569412892.77099
1569412893.021
1569412893.27101
1569412893.52102
1569412893.77103
1569412894.02105
1569412894.27106
1569412894.52107
1569412894.77108
1569412895.02109
1569412895.2711
1569412895.52111
1569412895.77113
1569412896.02114
1569412896.27115
1569412896.52116
1569412896.77117
1569412897.02118
1569412897.2712
1569412897.52121
1569412897.77122
1569412898.02123
1569412898.27124
1569412898.52125
1569412898.77127
1569412899.02128
1569412899.27129
1569412899.5213
1569412899.77131
1569412900.02132
1569412900.27133
1569412900.52135
1569412900.77136
1569412901.02137
1569412901.27138
1569412901.52139
1569412901.7714
1569412902.02142
1569412902.27143
1569412902.52144
1569412902.77145
1569412903.02146
1569412903.27147
1569412903.52149
1569412903.7715
1569412904.02151
1569412904.27152
1569412904.52153
1569412904.77154
1569412905.02155
1569412905.27157
1569412905.52158
1569412905.77159
1569412906.0216
1569412906.27161
1569412906.52162
1569412906.77164
1569412907.02165
1569412907.27166
1569412907.52167
1569412907.77168
1569412908.02169
1569412908.2717
1569412908.52172
1569412908.77173
1569412909.02174
1569412909.27175
1569412909.52176
1569412909.77177
1569412910.02179
1569412910.2718
1569412910.52181
1569412910.77182
1569412911.02183
1569412911.27184
1569412911.52186
1569412911.77187
1569412912.02188
1569412912.27189
1569412912.5219
1569412912.77191
1569412913.02192
1569412913.27194
1569412913.52195
1569412913.77196
1569412914.02197
1569412914.27198
1569412914.52199
1569412914.77201
1569412915.02202
1569412915.27203
1569412915.52204
1569412915.77205
1569412916.02206
1569412916.27208
1569412916.52209
1569412916.7721
1569412917.02211
1569412917.27212
1569412917.52213
1569412917.77214
1569412918.02216
1569412918.27217
1569412918.52218
1569412918.77219
1569412919.0222
1569412919.27221
1569412919.52223
1569412919.77224
1569412920.02225
1569412920.27226
1569412920.52227
1569412920.77228
1569412921.0223
1569412921.27231
1569412921.52232
1569412921.77233
1569412922.02234
1569412922.27235
1569412922.52236
1569412922.77238
1569412923.02239
1569412923.2724
1569412923.52241
1569412923.77242
1569412924.02243
1569412924.27245
1569412924.52246
1569412924.77247
1569412925.02248
1569412925.27249
1569412925.5225
1569412925.77252
1569412926.02253
1569412926.27254
1569412926.52255
1569412926.77256
1569412927.02257
1569412927.27258
1569412927.5226
1569412927.77261
1569412928.02262
1569412928.27263
1569412928.52264
1569412928.77265
1569412929.02267
1569412929.27268
1569412929.52269
1569412929.7727
1569412930.02271
1569412930.27272
1569412930.52274
1569412930.77275
1569412931.02276
1569412931.27277
1569412931.52278
1569412931.77279
1569412932.0228
1569412932.27282
1569412932.52283
1569412932.77284
1569412933.02285
1569412933.27286
1569412933.52287
1569412933.77289
1569412934.0229
1569412934.27291
1569412934.52292
1569412934.77293
1569412935.02294
1569412935.27296
1569412935.52297
1569412935.77298
1569412936.02299
1569412936.273
1569412936.52301
1569412936.77302
1569412937.02304
1569412937.27305
1569412937.52306
1569412937.77307
1569412938.02308
1569412938.27309
1569412938.52311
1569412938.77312
1569412939.02313
1569412939.27314
1569412939.52315
1569412939.77316
1569412940.02318
1569412940.27319
1569412940.5232
1569412940.77321
1569412941.02322
1569412941.27323
1569412941.52324
1569412941.77326
1569412942.02327
1569412942.27328
1569412942.52329
1569412942.7733
1569412943.02331
1569412943.27333
1569412943.52334
1569412943.77335
1569412944.02336
1569412944.27337
1569412944.52338
1569412944.77339
1569412945.02341
1569412945.27342
1569412945.52343
1569412945.77344
1569412946.02345
1569412946.27346
1569412946.52348
1569412946.77349
1569412947.0235
1569412947.27351
1569412947.52352
1569412947.77353
1569412948.02355
1569412948.27356
1569412948.52357
1569412948.77358
1569412949.02359
1569412949.2736
1569412949.52361
1569412949.77363
1569412950.02364
1569412950.27365
1569412950.52366
1569412950.77367
1569412951.02368
1569412951.2737
1569412951.52371
1569412951.77372
1569412952.02373
1569412952.27374
1569412952.52375
1569412952.77377
1569412953.02378
1569412953.27379
1569412953.5238
1569412953.77381
1569412954.02382
1569412954.27383
1569412954.52385
1569412954.77386
1569412955.02387
1569412955.27388
1569412955.52389
1569412955.7739
1569412956.02392
1569412956.27393
1569412956.52394
1569412956.77395
1569412957.02396
1569412957.27397
1569412957.52399
1569412957.774
1569412958.02401
1569412958.27402
1569412958.52403
1569412958.77404
1569412959.02405
1569412959.27407
1569412959.52408
1569412959.77409
1569412960.0241
1569412960.27411
1569412960.52412
1569412960.77414
1569412961.02415
1569412961.27416
1569412961.52417
1569412961.77418
1569412962.02419
1569412962.27421
1569412962.52422
1569412962.77423
1569412963.02424
1569412963.27425
1569412963.52426
1569412963.77427
1569412964.02429
1569412964.2743
1569412964.52431
1569412964.77432
1569412965.02433
1569412965.27434
1569412965.52436
1569412965.77437
1569412966.02438
1569412966.27439
1569412966.5244
1569412966.77441
1569412967.02443
1569412967.27444
1569412967.52445
1569412967.77446
1569412968.02447
1569412968.27448
1569412968.52449
1569412968.77451
1569412969.02452
1569412969.27453
1569412969.52454
1569412969.77455
1569412970.02456
1569412970.27458
1569412970.52459
1569412970.7746
1569412971.02461
1569412971.27462
1569412971.52463
1569412971.77465
1569412972.02466
1569412972.27467
1569412972.52468
1569412972.77469
1569412973.0247
1569412973.27471
1569412973.52473
1569412973.77474
1569412974.02475
1569412974.27476
1569412974.52477
1569412974.77478
1569412975.0248
1569412975.27481
1569412975.52482
1569412975.77483
1569412976.02484
1569412976.27485
1569412976.52486
1569412976.77488
1569412977.02489
1569412977.2749
1569412977.52491
1569412977.77492
1569412978.02493
1569412978.27495
1569412978.52496
1569412978.77497
1569412979.02498
1569412979.27499
1569412979.525
1569412979.77502
1569412980.02503
1569412980.27504
1569412980.52505
1569412980.77506
1569412981.02507
1569412981.27508
1569412981.5251
1569412981.77511
1569412982.02512
1569412982.27513
1569412982.52514
1569412982.77515
1569412983.02517
1569412983.27518
1569412983.52519
1569412983.7752
1569412984.02521
1569412984.27522
1569412984.52524
1569412984.77525
1569412985.02526
1569412985.27527
1569412985.52528
1569412985.77529
1569412986.0253
1569412986.27532
1569412986.52533
1569412986.77534
1569412987.02535
1569412987.27536
1569412987.52537
1569412987.77539
1569412988.0254
1569412988.27541
1569412988.52542
1569412988.77543
1569412989.02544
1569412989.27546
1569412989.52547
1569412989.77548
1569412990.02549
1569412990.2755
1569412990.52551
1569412990.77552
1569412991.02554
1569412991.27555
1569412991.52556
1569412991.77557
1569412992.02558
1569412992.27559
1569412992.52561
1569412992.77562
1569412993.02563
1569412993.27564
1569412993.52565
1569412993.77566
1569412994.02568
1569412994.27569
1569412994.5257
1569412994.77571
1569412995.02572
1569412995.27573
1569412995.52574
1569412995.77576
1569412996.02577
1569412996.27578
1569412996.52579
1569412996.7758
1569412997.02581
1569412997.27583
1569412997.52584
1569412997.77585
1569412998.02586
1569412998.27587
1569412998.52588
1569412998.7759
1569412999.02591
1569412999.27592
1569412999.52593
1569412999.77594
1569413000.02595
1569413000.27596
1569413000.52598
1569413000.77599
1569413001.026
1569413001.27601
1569413001.52602
1569413001.77603
1569413002.02605
1569413002.27606
1569413002.52607
1569413002.77608
1569413003.02609
1569413003.2761
1569413003.52611
1569413003.77613
1569413004.02614
1569413004.27615
1569413004.52616
1569413004.77617
1569413005.02618
1569413005.2762
1569413005.52621
1569413005.77622
1569413006.02623
1569413006.27624
1569413006.52625
1569413006.77627
1569413007.02628
1569413007.27629
1569413007.5263
1569413007.77631
1569413008.02632
1569413008.27634
1569413008.52635
1569413008.77636
1569413009.02637
1569413009.27638
1569413009.52639
1569413009.7764
1569413010.02642
1569413010.27643
1569413010.52644
1569413010.77645
1569413011.02646
1569413011.27647
1569413011.52649
1569413011.7765
1569413012.02651
1569413012.27652
1569413012.52653
1569413012.77654
1569413013.02655
1569413013.27657
1569413013.52658
1569413013.77659
1569413014.0266
1569413014.27661
1569413014.52662
1569413014.77664
1569413015.02665
1569413015.27666
1569413015.52667
1569413015.77668
1569413016.02669
1569413016.27671
1569413016.52672
1569413016.77673
1569413017.02674
1569413017.27675
1569413017.52676
1569413017.77677
1569413018.02679
1569413018.2768
1569413018.52681
1569413018.77682
1569413019.02683
1569413019.27684
1569413019.52686
1569413019.77687
1569413020.02688
1569413020.27689
1569413020.5269
1569413020.77691
1569413021.02693
1569413021.27694
1569413021.52695
1569413021.77696
1569413022.02697
1569413022.27698
1569413022.52699
1569413022.77701
1569413023.02702
1569413023.27703
1569413023.52704
1569413023.77705
1569413024.02706
1569413024.27708
1569413024.52709
1569413024.7771
1569413025.02711
1569413025.27712
1569413025.52713
1569413025.77715
1569413026.02716
1569413026.27717
1569413026.52718
1569413026.77719
1569413027.0272
1569413027.27721
1569413027.52723
1569413027.77724
1569413028.02725
1569413028.27726
1569413028.52727
1569413028.77728
1569413029.0273
1569413029.27731
1569413029.52732
1569413029.77733
1569413030.02734
