E4_Bvp 1570283054,55844 12,96216
E4_Bvp 1570283054,57406 9,474388
E4_Bvp 1570283054,58969 5,658897
E4_Bvp 1570283054,60532 1,720459
E4_Bvp 1570283054,62094 -2,024162
E4_Bvp 1570283054,63657 -5,383705
E4_Bvp 1570283054,65219 -8,367256
E4_Bvp 1570283054,66782 -11,24993
E4_Bvp 1570283054,68344 -14,42422
E4_Bvp 1570283054,69907 -18,22813
E4_Bvp 1570283054,7147 -22,77063
E4_Bvp 1570283054,73032 -27,77553
E4_Bvp 1570283054,74595 -32,78551
E4_Bvp 1570283054,76157 -37,27663
E4_Bvp 1570283054,7772 -40,9335
E4_Bvp 1570283054,79282 -43,81393
E4_Bvp 1570283054,80845 -46,34714
E4_Bvp 1570283054,82408 -49,15715
E4_Bvp 1570283054,8397 -52,83052
E4_Bvp 1570283054,85533 -57,67471
E4_Bvp 1570283054,87095 -63,50573
E4_Bvp 1570283054,88658 -69,58782
E4_Bvp 1570283054,9022 -74,61953
E4_Bvp 1570283054,91783 -76,8901
E4_Bvp 1570283054,93346 -74,72068
E4_Bvp 1570283054,94908 -66,95696
E4_Bvp 1570283054,96471 -53,51333
E4_Bvp 1570283054,98033 -35,59028
E4_Bvp 1570283054,99596 -15,52223
E4_Bvp 1570283055,01158 3,935928
E4_Bvp 1570283055,02721 20,38093
E4_Bvp 1570283055,04284 32,45959
E4_Bvp 1570283055,05846 40,05181
E4_Bvp 1570283055,07409 43,97704
E4_Bvp 1570283055,08971 45,43053
E4_Bvp 1570283055,10534 45,42781
E4_Bvp 1570283055,12096 44,55302
E4_Bvp 1570283055,13659 43,00394
E4_Bvp 1570283055,15222 40,91023
E4_Bvp 1570283055,16784 38,51302
E4_Bvp 1570283055,18347 36,2596
E4_Bvp 1570283055,19909 34,62107
E4_Bvp 1570283055,21472 33,88588
E4_Bvp 1570283055,23034 34,04083
E4_Bvp 1570283055,24597 34,78111
E4_Bvp 1570283055,2616 35,66492
E4_Bvp 1570283055,27722 36,33821
E4_Bvp 1570283055,29285 36,70005
E4_Bvp 1570283055,30847 36,82318
E4_Bvp 1570283055,3241 36,85612
E4_Bvp 1570283055,33972 36,81021
E4_Bvp 1570283055,35535 36,53
E4_Bvp 1570283055,37098 35,75041
E4_Bvp 1570283055,3866 34,21742
E4_Bvp 1570283055,40223 31,80737
E4_Gsr 1570283055,194 0,1178754
E4_Gsr 1570283055,444 0,1178754
E4_Gsr 1570283055,694 0,1178754
E4_Gsr 1570283055,944 0,1178754
E4_Gsr 1570283056,194 0,1191566
E4_Gsr 1570283056,444 0,1191566
E4_Bvp 1570283055,41785 28,58618
E4_Bvp 1570283055,43348 24,84644
E4_Bvp 1570283055,4491 20,9409
E4_Bvp 1570283055,46473 17,21153
E4_Bvp 1570283055,48036 13,86768
E4_Bvp 1570283055,49598 10,94357
E4_Bvp 1570283055,51161 8,303604
E4_Bvp 1570283055,52723 5,766129
E4_Bvp 1570283055,54286 3,168213
E4_Bvp 1570283055,55848 0,4298553
E4_Bvp 1570283055,57411 -2,333527
E4_Bvp 1570283055,58974 -4,992432
E4_Bvp 1570283055,60536 -7,420883
E4_Bvp 1570283055,62099 -9,555161
E4_Bvp 1570283055,63661 -11,44127
E4_Bvp 1570283055,65224 -13,17914
E4_Bvp 1570283055,66786 -14,85727
E4_Bvp 1570283055,68349 -16,53001
E4_Bvp 1570283055,69912 -18,22539
E4_Bvp 1570283055,71474 -19,94324
E4_Bvp 1570283055,73037 -21,73195
E4_Bvp 1570283055,74599 -23,64526
E4_Bvp 1570283055,76162 -25,79736
E4_Bvp 1570283055,77724 -28,34903
E4_Bvp 1570283055,79287 -31,46034
E4_Bvp 1570283055,8085 -35,18913
E4_Bvp 1570283055,82412 -39,24744
E4_Bvp 1570283055,83975 -42,91835
E4_Bvp 1570283055,85537 -45,02776
E4_Bvp 1570283055,871 -44,25798
E4_Bvp 1570283055,88662 -39,54112
E4_Bvp 1570283055,90225 -30,56097
E4_Bvp 1570283055,91788 -17,93172
E4_Bvp 1570283055,9335 -3,099106
E4_Bvp 1570283055,94913 11,98949
E4_Bvp 1570283055,96475 25,54446
E4_Bvp 1570283055,98038 36,27579
E4_Bvp 1570283055,996 43,63127
E4_Bvp 1570283056,01163 47,6561
E4_Bvp 1570283056,02726 48,80812
E4_Bvp 1570283056,04288 47,65543
E4_Bvp 1570283056,05851 44,77928
E4_Bvp 1570283056,07413 40,77486
E4_Bvp 1570283056,08976 36,25256
E4_Bvp 1570283056,10539 31,88251
E4_Bvp 1570283056,12101 28,23019
E4_Bvp 1570283056,13664 25,64317
E4_Bvp 1570283056,15226 24,12241
E4_Bvp 1570283056,16789 23,362
E4_Bvp 1570283056,18351 22,91965
E4_Bvp 1570283056,19914 22,43597
E4_Bvp 1570283056,21477 21,75824
E4_Bvp 1570283056,23039 20,92773
E4_Bvp 1570283056,24602 20,06445
E4_Bvp 1570283056,26164 19,20859
E4_Bvp 1570283056,27727 18,28598
E4_Bvp 1570283056,29289 17,18115
E4_Bvp 1570283056,30852 15,80316
E4_Bvp 1570283056,32415 14,12485
E4_Bvp 1570283056,33977 12,18695
E4_Bvp 1570283056,3554 10,02109
E4_Bvp 1570283056,37102 7,579254
E4_Bvp 1570283056,38665 4,869049
E4_Bvp 1570283056,40227 1,965332
E4_Bvp 1570283056,4179 -0,9482422
E4_Bvp 1570283056,43353 -3,684021
E4_Bvp 1570283056,44915 -6,194183
E4_Bvp 1570283056,46478 -8,601776
E4_Bvp 1570283056,4804 -11,12009
E4_Bvp 1570283056,49603 -13,94321
E4_Bvp 1570283056,51165 -17,07935
E4_Bvp 1570283056,52728 -20,33084
E4_Bvp 1570283056,54291 -23,37717
E4_Bvp 1570283056,55853 -25,9425
E4_Bvp 1570283056,57416 -27,96042
E4_Bvp 1570283056,58978 -29,56335
E4_Bvp 1570283056,60541 -30,99597
E4_Temperature 1570283054,54291 28,73
E4_Temperature 1570283054,79292 28,73
E4_Temperature 1570283055,04294 28,73
E4_Temperature 1570283055,29295 28,73
E4_Temperature 1570283055,54296 28,73
E4_Temperature 1570283055,79297 28,73
E4_Temperature 1570283056,04298 28,73
E4_Temperature 1570283056,29299 28,73
E4_Bvp 1570283056,62103 -32,51245
E4_Bvp 1570283056,63666 -34,27567
E4_Bvp 1570283056,65229 -36,34149
E4_Bvp 1570283056,66791 -38,73325
E4_Bvp 1570283056,68354 -41,41946
E4_Bvp 1570283056,69916 -44,29544
E4_Bvp 1570283056,71479 -47,11124
E4_Bvp 1570283056,73041 -49,367
E4_Bvp 1570283056,74604 -50,40125
E4_Bvp 1570283056,76167 -49,53079
E4_Bvp 1570283056,77729 -46,31204
E4_Bvp 1570283056,79292 -40,74503
E4_Bvp 1570283056,80854 -33,3559
E4_Bvp 1570283056,82417 -25,06366
E4_Bvp 1570283056,83979 -16,92209
E4_Bvp 1570283056,85542 -9,7659
E4_Bvp 1570283056,87105 -4,069794
E4_Bvp 1570283056,88667 0,05487061
E4_Bvp 1570283056,9023 2,684082
E4_Bvp 1570283056,91792 3,93457
E4_Bvp 1570283056,93355 3,921661
E4_Bvp 1570283056,94917 2,782837
E4_Gsr 1570283056,694 0,1204379
E4_Gsr 1570283056,944 0,1191566
E4_Gsr 1570283057,194 0,1165941
E4_Gsr 1570283057,444 0,1191566
E4_Gsr 1570283057,694 0,1178754
E4_Gsr 1570283057,944 0,1204379
E4_Bvp 1570283056,9648 0,7864685
E4_Bvp 1570283056,98043 -1,619751
E4_Bvp 1570283056,99605 -3,911072
E4_Bvp 1570283057,01168 -5,594727
E4_Bvp 1570283057,0273 -6,448273
E4_Bvp 1570283057,04293 -6,499481
E4_Bvp 1570283057,05855 -5,993683
E4_Bvp 1570283057,07418 -5,256195
E4_Bvp 1570283057,08981 -4,575073
E4_Bvp 1570283057,10543 -4,096436
E4_Bvp 1570283057,12106 -3,88913
E4_Bvp 1570283057,13668 -3,97464
E4_Bvp 1570283057,15231 -4,289948
E4_Bvp 1570283057,16793 -4,807739
E4_Bvp 1570283057,18356 -5,478821
E4_Bvp 1570283057,19919 -6,28894
E4_Bvp 1570283057,21481 -7,280334
E4_Bvp 1570283057,23044 -8,529114
E4_Bvp 1570283057,24606 -10,09
E4_Bvp 1570283057,26169 -11,97726
E4_Bvp 1570283057,27731 -14,18091
E4_Bvp 1570283057,29294 -16,60013
E4_Bvp 1570283057,30857 -19,16656
E4_Bvp 1570283057,32419 -21,76291
E4_Bvp 1570283057,33982 -24,26645
E4_Bvp 1570283057,35544 -26,57327
E4_Bvp 1570283057,37107 -28,65323
E4_Bvp 1570283057,38669 -30,53973
E4_Bvp 1570283057,40232 -32,38904
E4_Bvp 1570283057,41795 -34,44647
E4_Bvp 1570283057,43357 -36,91699
E4_Bvp 1570283057,4492 -39,94247
E4_Bvp 1570283057,46482 -43,43506
E4_Bvp 1570283057,48045 -47,04446
E4_Bvp 1570283057,49607 -50,22278
E4_Bvp 1570283057,5117 -52,20959
E4_Bvp 1570283057,52733 -52,22632
E4_Bvp 1570283057,54295 -49,67477
E4_Bvp 1570283057,55858 -44,33774
E4_Bvp 1570283057,5742 -36,53476
E4_Bvp 1570283057,58983 -27,11636
E4_Bvp 1570283057,60545 -17,25076
E4_Bvp 1570283057,62108 -8,079773
E4_Bvp 1570283057,63671 -0,5478516
E4_Bvp 1570283057,65233 4,774261
E4_Bvp 1570283057,66796 7,624878
E4_Bvp 1570283057,68358 7,921234
E4_Bvp 1570283057,69921 5,775909
E4_Bvp 1570283057,71483 1,579041
E4_Bvp 1570283057,73046 -4,008087
E4_Bvp 1570283057,74609 -10,00922
E4_Bvp 1570283057,76171 -15,3093
E4_Bvp 1570283057,77734 -19,11435
E4_Bvp 1570283057,79296 -21,18198
E4_Bvp 1570283057,80859 -22,01358
E4_Bvp 1570283057,82421 -22,71957
E4_Bvp 1570283057,83984 -24,52551
E4_Bvp 1570283057,85547 -28,37555
E4_Bvp 1570283057,87109 -34,64099
E4_Bvp 1570283057,88672 -42,97693
E4_Bvp 1570283057,90234 -52,55704
E4_Bvp 1570283057,91797 -62,45502
E4_Bvp 1570283057,93359 -71,94321
E4_Bvp 1570283057,94922 -80,82602
E4_Bvp 1570283057,96485 -89,42752
E4_Bvp 1570283057,98047 -98,38596
E4_Bvp 1570283057,9961 -108,3227
E4_Bvp 1570283058,01172 -119,5663
E4_Bvp 1570283058,02735 -131,8478
E4_Bvp 1570283058,04297 -144,4301
E4_Bvp 1570283058,0586 -156,3118
E4_Bvp 1570283058,07423 -166,565
E4_Bvp 1570283058,08985 -174,7013
E4_Bvp 1570283058,10548 -180,8483
E4_Bvp 1570283058,1211 -185,6644
E4_Bvp 1570283058,13673 -190,1219
E4_Bvp 1570283058,15235 -195,0495
E4_Bvp 1570283058,16798 -200,6062
E4_Bvp 1570283058,18361 -205,966
E4_Bvp 1570283058,19923 -209,1746
E4_Bvp 1570283058,21486 -207,4513
E4_Bvp 1570283058,23048 -197,8559
E4_Bvp 1570283058,24611 -178,3467
E4_Bvp 1570283058,26173 -148,4343
E4_Bvp 1570283058,27736 -109,6138
E4_Bvp 1570283058,29299 -64,92411
E4_Bvp 1570283058,30861 -18,01989
E4_Bvp 1570283058,32424 27,75983
E4_Bvp 1570283058,33986 70,21596
E4_Bvp 1570283058,35549 108,3815
E4_Bvp 1570283058,37111 142,0894
E4_Bvp 1570283058,38674 171,3716
E4_Bvp 1570283058,40237 195,9529
E4_Bvp 1570283058,41799 215,1375
E4_Bvp 1570283058,43362 228,1393
E4_Bvp 1570283058,44924 234,5698
E4_Bvp 1570283058,46487 234,7236
E4_Bvp 1570283058,48049 229,7242
E4_Bvp 1570283058,49612 221,233
E4_Gsr 1570283058,194 0,1204379
E4_Gsr 1570283058,444 0,1204379
E4_Gsr 1570283058,694 0,1178754
E4_Gsr 1570283058,944 0,1204379
E4_Gsr 1570283059,194 0,1204379
E4_Gsr 1570283059,444 0,1204379
E4_Bvp 1570283058,51175 210,952
E4_Bvp 1570283058,52737 200,1687
E4_Bvp 1570283058,543 189,4654
E4_Bvp 1570283058,55862 178,6726
E4_Bvp 1570283058,57425 167,1943
E4_Bvp 1570283058,58987 154,3833
E4_Bvp 1570283058,6055 139,928
E4_Bvp 1570283058,62113 124,0209
E4_Bvp 1570283058,63675 107,2221
E4_Bvp 1570283058,65238 90,10187
E4_Bvp 1570283058,668 72,9621
E4_Temperature 1570283056,54301 28,73
E4_Temperature 1570283056,79302 28,73
E4_Temperature 1570283057,04303 28,73
E4_Temperature 1570283057,29304 28,73
E4_Temperature 1570283057,54305 28,73
E4_Temperature 1570283057,79306 28,73
E4_Temperature 1570283058,04308 28,73
E4_Temperature 1570283058,29309 28,73
E4_Bvp 1570283058,68363 55,69778
E4_Bvp 1570283058,69925 37,86484
E4_Bvp 1570283058,71488 19,04462
E4_Bvp 1570283058,73051 -0,8265686
E4_Bvp 1570283058,74613 -21,26514
E4_Bvp 1570283058,76176 -41,34406
E4_Bvp 1570283058,77738 -60,02768
E4_Bvp 1570283058,79301 -76,66812
E4_Bvp 1570283058,80864 -91,23425
E4_Bvp 1570283058,82426 -104,3907
E4_Bvp 1570283058,83989 -117,1949
E4_Bvp 1570283058,85551 -130,6452
E4_Bvp 1570283058,87114 -145,4633
E4_Bvp 1570283058,88676 -161,9679
E4_Bvp 1570283058,90239 -180,1169
E4_Bvp 1570283058,91802 -199,4977
E4_Bvp 1570283058,93364 -219,14
E4_Bvp 1570283058,94927 -237,3153
E4_Bvp 1570283058,96489 -251,7046
E4_Bvp 1570283058,98052 -259,8299
E4_Bvp 1570283058,99614 -259,9589
E4_Bvp 1570283059,01177 -251,9954
E4_Bvp 1570283059,0274 -237,6892
E4_Bvp 1570283059,04302 -220,1863
E4_Bvp 1570283059,05865 -202,9057
E4_Bvp 1570283059,07427 -188,3034
E4_Bvp 1570283059,0899 -177,2502
E4_Bvp 1570283059,10552 -169,1739
E4_Bvp 1570283059,12115 -162,7654
E4_Bvp 1570283059,13678 -156,7053
E4_Bvp 1570283059,1524 -149,9927
E4_Bvp 1570283059,16803 -141,7276
E4_Bvp 1570283059,18365 -130,7323
E4_Bvp 1570283059,19928 -115,4691
E4_Bvp 1570283059,2149 -94,37872
E4_Bvp 1570283059,23053 -66,68195
E4_Bvp 1570283059,24616 -32,96014
E4_Bvp 1570283059,26178 4,679565
E4_Bvp 1570283059,27741 43,15338
E4_Bvp 1570283059,29303 79,30255
E4_Bvp 1570283059,30866 110,8309
E4_Bvp 1570283059,32428 136,7874
E4_Bvp 1570283059,33991 157,4031
E4_Bvp 1570283059,35554 173,7202
E4_Bvp 1570283059,37116 186,8768
E4_Bvp 1570283059,38679 197,8702
E4_Bvp 1570283059,40241 207,6232
E4_Bvp 1570283059,41804 217,1711
E4_Bvp 1570283059,43366 227,8174
E4_Bvp 1570283059,44929 240,7968
E4_Bvp 1570283059,46492 256,5284
E4_Bvp 1570283059,48054 273,8936
E4_Bvp 1570283059,49617 290,1664
E4_Bvp 1570283059,51179 301,5259
E4_Bvp 1570283059,52742 304,4856
E4_Bvp 1570283059,54304 297,2688
E4_Bvp 1570283059,55867 280,5371
E4_Bvp 1570283059,5743 257,1064
E4_Bvp 1570283059,58992 230,743
E4_Bvp 1570283059,60555 204,7213
E4_Bvp 1570283059,62117 180,8623
E4_Bvp 1570283059,6368 159,5222
E4_Bvp 1570283059,65242 140,1333
E4_Bvp 1570283059,66805 122,0458
E4_Bvp 1570283059,68368 104,88
E4_Bvp 1570283059,6993 88,3916
E4_Bvp 1570283059,71493 72,07837
E4_Bvp 1570283059,73055 55,1189
E4_Bvp 1570283059,74618 36,76099
E4_Bvp 1570283059,7618 17,04187
E4_Bvp 1570283059,77743 -2,640137
E4_Bvp 1570283059,79306 -19,62183
E4_Bvp 1570283059,80868 -30,81311
E4_Bvp 1570283059,82431 -33,9303
E4_Bvp 1570283059,83993 -28,51123
E4_Bvp 1570283059,85556 -16,07776
E4_Bvp 1570283059,87118 0,5131836
E4_Gsr 1570283059,694 0,1204379
E4_Gsr 1570283059,944 0,1191566
E4_Gsr 1570283060,194 0,1178754
E4_Gsr 1570283060,444 0,1165941
E4_Gsr 1570283060,694 0,1178754
E4_Gsr 1570283060,944 0,1178754
E4_Bvp 1570283059,88681 18,16724
E4_Bvp 1570283059,90244 34,60449
E4_Bvp 1570283059,91806 48,78613
E4_Bvp 1570283059,93369 60,72607
E4_Bvp 1570283059,94931 70,86499
E4_Bvp 1570283059,96494 79,56201
E4_Bvp 1570283059,98056 86,84607
E4_Bvp 1570283059,99619 92,55603
E4_Bvp 1570283060,01182 96,62976
E4_Bvp 1570283060,02744 99,26782
E4_Bvp 1570283060,04307 100,9171
E4_Bvp 1570283060,05869 102,0482
E4_Bvp 1570283060,07432 102,9609
E4_Bvp 1570283060,08994 103,6174
E4_Bvp 1570283060,10557 103,772
E4_Bvp 1570283060,1212 103,2098
E4_Bvp 1570283060,13682 101,9442
E4_Bvp 1570283060,15245 100,3174
E4_Bvp 1570283060,16807 98,8186
E4_Bvp 1570283060,1837 97,67566
E4_Bvp 1570283060,19932 96,63342
E4_Bvp 1570283060,21495 94,94714
E4_Bvp 1570283060,23058 91,70996
E4_Bvp 1570283060,2462 86,4032
E4_Bvp 1570283060,26183 79,21228
E4_Bvp 1570283060,27745 70,9342
E4_Bvp 1570283060,29308 62,59888
E4_Bvp 1570283060,3087 54,87
E4_Bvp 1570283060,32433 47,6604
E4_Bvp 1570283060,33996 40,25098
E4_Bvp 1570283060,35558 31,69873
E4_Bvp 1570283060,37121 21,40833
E4_Bvp 1570283060,38683 9,460938
E4_Bvp 1570283060,40246 -3,386108
E4_Bvp 1570283060,41808 -16,09412
E4_Bvp 1570283060,43371 -27,71606
E4_Bvp 1570283060,44934 -37,71399
E4_Bvp 1570283060,46496 -46,06628
E4_Bvp 1570283060,48059 -53,1123
E4_Bvp 1570283060,49621 -59,4104
E4_Bvp 1570283060,51184 -65,63013
E4_Bvp 1570283060,52746 -72,46228
E4_Bvp 1570283060,54309 -80,47253
E4_Bvp 1570283060,55872 -89,84192
E4_Temperature 1570283058,5431 28,73
E4_Temperature 1570283058,79311 28,73
E4_Temperature 1570283059,04312 28,73
E4_Temperature 1570283059,29313 28,73
E4_Temperature 1570283059,54314 28,73
E4_Temperature 1570283059,79316 28,73
E4_Temperature 1570283060,04317 28,73
E4_Temperature 1570283060,29318 28,73
E4_Bvp 1570283060,57434 -99,99768
E4_Bvp 1570283060,58997 -109,4335
E4_Bvp 1570283060,60559 -115,8848
E4_Bvp 1570283060,62122 -116,8953
E4_Bvp 1570283060,63684 -110,7231
E4_Bvp 1570283060,65247 -97,13281
E4_Bvp 1570283060,6681 -77,65051
E4_Bvp 1570283060,68372 -55,16333
E4_Bvp 1570283060,69935 -33,01538
E4_Bvp 1570283060,71497 -13,96765
E4_Bvp 1570283060,7306 0,4147949
E4_Bvp 1570283060,74622 9,909668
E4_Bvp 1570283060,76185 15,24329
E4_Bvp 1570283060,77748 17,46716
E4_Bvp 1570283060,7931 17,5376
E4_Bvp 1570283060,80873 16,15283
E4_Bvp 1570283060,82435 13,8075
E4_Bvp 1570283060,83998 10,96704
E4_Bvp 1570283060,8556 8,178101
E4_Bvp 1570283060,87123 5,995239
E4_Bvp 1570283060,88686 4,89856
E4_Bvp 1570283060,90248 5,13208
E4_Bvp 1570283060,91811 6,632446
E4_Bvp 1570283060,93373 9,148193
E4_Bvp 1570283060,94936 12,31238
E4_Bvp 1570283060,96499 15,78491
E4_Bvp 1570283060,98061 19,31409
E4_Bvp 1570283060,99624 22,72937
E4_Bvp 1570283061,01186 25,87048
E4_Bvp 1570283061,02749 28,51794
E4_Bvp 1570283061,04311 30,42188
E4_Bvp 1570283061,05874 31,37341
E4_Bvp 1570283061,07437 31,42444
E4_Bvp 1570283061,08999 30,89014
E4_Bvp 1570283061,10562 30,39429
E4_Bvp 1570283061,12124 30,57788
E4_Bvp 1570283061,13687 31,87207
E4_Bvp 1570283061,15249 34,2218
E4_Bvp 1570283061,16812 37,0918
E4_Bvp 1570283061,18375 39,66235
E4_Bvp 1570283061,19937 41,20996
E4_Bvp 1570283061,215 41,4397
E4_Bvp 1570283061,23062 40,52344
E4_Bvp 1570283061,24625 38,98657
E4_Bvp 1570283061,26187 37,31299
E4_Bvp 1570283061,2775 35,6499
E4_Bvp 1570283061,29313 33,68518
E4_Bvp 1570283061,30875 30,73621
E4_Bvp 1570283061,32438 25,97815
E4_Bvp 1570283061,34 18,77771
E4_Bvp 1570283061,35563 9,090454
E4_Bvp 1570283061,37125 -2,327026
E4_Bvp 1570283061,38688 -13,71082
E4_Bvp 1570283061,40251 -22,49829
E4_Bvp 1570283061,41813 -25,98279
E4_Gsr 1570283061,194 0,1178754
E4_Gsr 1570283061,444 0,1178754
E4_Gsr 1570283061,694 0,1178754
E4_Gsr 1570283061,944 0,1178754
E4_Gsr 1570283062,194 0,1178754
E4_Gsr 1570283062,444 0,1178754
E4_Bvp 1570283061,43376 -22,12939
E4_Bvp 1570283061,44938 -10,46484
E4_Bvp 1570283061,46501 7,525146
E4_Bvp 1570283061,48063 28,62024
E4_Bvp 1570283061,49626 48,88647
E4_Bvp 1570283061,51189 64,86328
E4_Bvp 1570283061,52751 74,505
E4_Bvp 1570283061,54314 77,54102
E4_Bvp 1570283061,55876 75,02002
E4_Bvp 1570283061,57439 68,58838
E4_Bvp 1570283061,59001 59,75073
E4_Bvp 1570283061,60564 49,54553
E4_Bvp 1570283061,62127 38,64746
E4_Bvp 1570283061,63689 27,69373
E4_Bvp 1570283061,65252 17,54553
E4_Bvp 1570283061,66814 9,219482
E4_Bvp 1570283061,68377 3,610229
E4_Bvp 1570283061,69939 1,047974
E4_Bvp 1570283061,71502 1,176147
E4_Bvp 1570283061,73065 3,03418
E4_Bvp 1570283061,74627 5,52002
E4_Bvp 1570283061,7619 7,828125
E4_Bvp 1570283061,77752 9,635498
E4_Bvp 1570283061,79315 11,07947
E4_Bvp 1570283061,80877 12,38147
E4_Bvp 1570283061,8244 13,57092
E4_Bvp 1570283061,84003 14,2478
E4_Bvp 1570283061,85565 13,75012
E4_Bvp 1570283061,87128 11,45886
E4_Bvp 1570283061,8869 7,163818
E4_Bvp 1570283061,90253 1,223877
E4_Bvp 1570283061,91815 -5,553223
E4_Bvp 1570283061,93378 -12,20593
E4_Bvp 1570283061,94941 -18,03687
E4_Bvp 1570283061,96503 -22,7475
E4_Bvp 1570283061,98066 -26,63904
E4_Bvp 1570283061,99628 -30,4093
E4_Bvp 1570283062,01191 -34,83881
E4_Bvp 1570283062,02753 -40,54675
E4_Bvp 1570283062,04316 -47,71722
E4_Bvp 1570283062,05879 -56,09753
E4_Bvp 1570283062,07441 -65,14117
E4_Bvp 1570283062,09004 -74,27191
E4_Bvp 1570283062,10566 -83,08539
E4_Bvp 1570283062,12129 -91,5592
E4_Bvp 1570283062,13691 -100,0655
E4_Bvp 1570283062,15254 -109,2228
E4_Bvp 1570283062,16817 -119,7333
E4_Bvp 1570283062,18379 -132,0341
E4_Bvp 1570283062,19942 -145,9392
E4_Bvp 1570283062,21504 -160,3662
E4_Bvp 1570283062,23067 -173,3378
E4_Bvp 1570283062,24629 -182,3255
E4_Bvp 1570283062,26192 -184,9409
E4_Bvp 1570283062,27755 -179,7142
E4_Bvp 1570283062,29317 -166,6626
E4_Bvp 1570283062,3088 -147,3682
E4_Bvp 1570283062,32442 -124,4131
E4_Bvp 1570283062,34005 -100,5587
E4_Bvp 1570283062,35567 -77,96313
E4_Bvp 1570283062,3713 -57,77838
E4_Bvp 1570283062,38693 -40,15112
E4_Bvp 1570283062,40255 -24,6734
E4_Bvp 1570283062,41818 -10,78479
E4_Bvp 1570283062,4338 1,941162
E4_Bvp 1570283062,44943 13,64856
E4_Bvp 1570283062,46505 24,38629
E4_Bvp 1570283062,48068 34,22852
E4_Bvp 1570283062,49631 43,2926
E4_Bvp 1570283062,51193 51,66589
E4_Bvp 1570283062,52756 59,29199
E4_Bvp 1570283062,54318 65,78839
E4_Bvp 1570283062,55881 70,53607
E4_Bvp 1570283062,57443 72,87659
E4_Bvp 1570283062,59006 72,43103
E4_Bvp 1570283062,60569 69,37927
E4_Bvp 1570283062,62131 64,41669
E4_Temperature 1570283060,54319 28,73
E4_Temperature 1570283060,7932 28,73
E4_Temperature 1570283061,04321 28,73
E4_Temperature 1570283061,29323 28,73
E4_Temperature 1570283061,54324 28,73
E4_Temperature 1570283061,79325 28,73
E4_Temperature 1570283062,04326 28,73
E4_Temperature 1570283062,29327 28,73
E4_Bvp 1570283062,63694 58,38141
E4_Bvp 1570283062,65256 51,76056
E4_Bvp 1570283062,66819 44,41022
E4_Bvp 1570283062,68381 35,55261
E4_Bvp 1570283062,69944 24,33734
E4_Bvp 1570283062,71507 10,41644
E4_Bvp 1570283062,73069 -5,643799
E4_Bvp 1570283062,74632 -22,43781
E4_Bvp 1570283062,76194 -38,23761
E4_Bvp 1570283062,77757 -51,65338
E4_Bvp 1570283062,79319 -62,01752
E4_Bvp 1570283062,80882 -69,29675
E4_Bvp 1570283062,82445 -73,68024
E4_Bvp 1570283062,84007 -75,02386
E4_Bvp 1570283062,8557 -72,84326
E4_Bvp 1570283062,87132 -66,64923
E4_Bvp 1570283062,88695 -56,4823
E4_Bvp 1570283062,90257 -43,2735
E4_Bvp 1570283062,9182 -28,69531
E4_Bvp 1570283062,93383 -14,62006
E4_Bvp 1570283062,94945 -2,4375
E4_Bvp 1570283062,96508 7,318787
E4_Gsr 1570283062,694 0,1165941
E4_Gsr 1570283062,944 0,1204379
E4_Gsr 1570283063,194 0,1204379
E4_Gsr 1570283063,444 0,1217191
E4_Gsr 1570283063,694 0,1204379
E4_Gsr 1570283063,944 0,1204379
E4_Bvp 1570283062,9807 14,86243
E4_Bvp 1570283062,99633 20,73981
E4_Bvp 1570283063,01195 25,32538
E4_Bvp 1570283063,02758 28,63202
E4_Bvp 1570283063,04321 30,36945
E4_Bvp 1570283063,05883 30,25934
E4_Bvp 1570283063,07446 28,18286
E4_Bvp 1570283063,09008 24,26959
E4_Bvp 1570283063,10571 18,86072
E4_Bvp 1570283063,12133 12,63434
E4_Bvp 1570283063,13696 6,72113
E4_Bvp 1570283063,15259 2,820618
E4_Bvp 1570283063,16821 2,978882
E4_Bvp 1570283063,18384 8,975708
E4_Bvp 1570283063,19946 21,65643
E4_Bvp 1570283063,21509 40,37964
E4_Bvp 1570283063,23072 63,026
E4_Bvp 1570283063,24634 86,52673
E4_Bvp 1570283063,26197 107,7901
E4_Bvp 1570283063,27759 124,4672
E4_Bvp 1570283063,29322 135,3439
E4_Bvp 1570283063,30884 140,2774
E4_Bvp 1570283063,32447 139,7844
E4_Bvp 1570283063,3401 134,6406
E4_Bvp 1570283063,35572 125,6811
E4_Bvp 1570283063,37135 113,7656
E4_Bvp 1570283063,38697 99,80017
E4_Bvp 1570283063,4026 84,67963
E4_Bvp 1570283063,41822 69,24054
E4_Bvp 1570283063,43385 54,10931
E4_Bvp 1570283063,44948 39,62933
E4_Bvp 1570283063,4651 25,99823
E4_Bvp 1570283063,48073 13,36115
E4_Bvp 1570283063,49635 1,88623
E4_Bvp 1570283063,51198 -8,164856
E4_Bvp 1570283063,5276 -16,51874
E4_Bvp 1570283063,54323 -22,94562
E4_Bvp 1570283063,55886 -27,22272
E4_Bvp 1570283063,57448 -29,12463
E4_Bvp 1570283063,59011 -28,46613
E4_Bvp 1570283063,60573 -25,16449
E4_Bvp 1570283063,62136 -19,31006
E4_Bvp 1570283063,63698 -11,24963
E4_Bvp 1570283063,65261 -1,539734
E4_Bvp 1570283063,66824 9,195435
E4_Bvp 1570283063,68386 20,38287
E4_Bvp 1570283063,69949 31,64764
E4_Bvp 1570283063,71511 42,81586
E4_Bvp 1570283063,73074 53,84235
E4_Bvp 1570283063,74636 64,64154
E4_Bvp 1570283063,76199 75,00012
E4_Bvp 1570283063,77762 84,58453
E4_Bvp 1570283063,79324 92,99695
E4_Bvp 1570283063,80887 99,98315
E4_Bvp 1570283063,82449 105,4874
E4_Bvp 1570283063,84012 109,6921
E4_Bvp 1570283063,85574 112,8597
E4_Bvp 1570283063,87137 115,244
E4_Bvp 1570283063,887 116,98
E4_Bvp 1570283063,90262 117,9998
E4_Bvp 1570283063,91825 118,1265
E4_Bvp 1570283063,93387 117,0385
E4_Bvp 1570283063,9495 114,3174
E4_Bvp 1570283063,96512 109,4046
E4_Bvp 1570283063,98075 101,6647
E4_Bvp 1570283063,99638 90,48456
E4_Bvp 1570283064,012 75,45636
E4_Bvp 1570283064,02763 56,64532
E4_Bvp 1570283064,04325 34,69818
E4_Bvp 1570283064,05888 10,90686
E4_Bvp 1570283064,0745 -13,01093
E4_Bvp 1570283064,09013 -35,25568
E4_Bvp 1570283064,10576 -54,31561
E4_Bvp 1570283064,12138 -69,16956
E4_Bvp 1570283064,13701 -79,3429
E4_Bvp 1570283064,15263 -84,78925
E4_Bvp 1570283064,16826 -85,68152
E4_Bvp 1570283064,18388 -82,33746
E4_Bvp 1570283064,19951 -75,23438
E4_Bvp 1570283064,21514 -65,19452
E4_Bvp 1570283064,23076 -53,43079
E4_Bvp 1570283064,24639 -41,41309
E4_Bvp 1570283064,26201 -30,59027
E4_Bvp 1570283064,27764 -21,95526
E4_Bvp 1570283064,29326 -15,86572
E4_Bvp 1570283064,30889 -12,03659
E4_Bvp 1570283064,32452 -9,831787
E4_Bvp 1570283064,34014 -8,560364
E4_Bvp 1570283064,35577 -7,800018
E4_Bvp 1570283064,37139 -7,381561
E4_Bvp 1570283064,38702 -7,311554
E4_Bvp 1570283064,40264 -7,625366
E4_Bvp 1570283064,41827 -8,184235
E4_Bvp 1570283064,4339 -8,796295
E4_Bvp 1570283064,44952 -9,181274
E4_Bvp 1570283064,46515 -9,194092
E4_Bvp 1570283064,48077 -8,821228
E4_Bvp 1570283064,4964 -8,274597
E4_Bvp 1570283064,51202 -7,873688
E4_Gsr 1570283064,194 0,1204379
E4_Gsr 1570283064,444 0,1204379
E4_Gsr 1570283064,694 0,1217191
E4_Gsr 1570283064,944 0,1204379
E4_Gsr 1570283065,194 0,1178754
E4_Gsr 1570283065,444 0,1191566
E4_Temperature 1570283062,54328 28,75
E4_Temperature 1570283062,7933 28,75
E4_Temperature 1570283063,04331 28,75
E4_Temperature 1570283063,29332 28,75
E4_Temperature 1570283063,54333 28,71
E4_Temperature 1570283063,79334 28,71
E4_Temperature 1570283064,04335 28,71
E4_Temperature 1570283064,29336 28,71
E4_Bvp 1570283064,52765 -7,947479
E4_Bvp 1570283064,54328 -8,725922
E4_Bvp 1570283064,5589 -10,2468
E4_Bvp 1570283064,57453 -12,42523
E4_Bvp 1570283064,59015 -15,09381
E4_Bvp 1570283064,60578 -18,1308
E4_Bvp 1570283064,6214 -21,45496
E4_Bvp 1570283064,63703 -25,07553
E4_Bvp 1570283064,65266 -28,95305
E4_Bvp 1570283064,66828 -32,98193
E4_Bvp 1570283064,68391 -36,95013
E4_Bvp 1570283064,69953 -40,59294
E4_Bvp 1570283064,71516 -43,72324
E4_Bvp 1570283064,73078 -46,30457
E4_Bvp 1570283064,74641 -48,40559
E4_Bvp 1570283064,76204 -50,20132
E4_Bvp 1570283064,77766 -51,83649
E4_Bvp 1570283064,79329 -53,32634
E4_Bvp 1570283064,80891 -54,60637
E4_Bvp 1570283064,82454 -55,48599
E4_Bvp 1570283064,84016 -55,71658
E4_Bvp 1570283064,85579 -55,07396
E4_Bvp 1570283064,87142 -53,43048
E4_Bvp 1570283064,88704 -50,82181
E4_Bvp 1570283064,90267 -47,51014
E4_Bvp 1570283064,91829 -43,8686
E4_Bvp 1570283064,93392 -40,27991
E4_Bvp 1570283064,94954 -37,00199
E4_Bvp 1570283064,96517 -34,14403
E4_Bvp 1570283064,9808 -31,66166
E4_Bvp 1570283064,99642 -29,49033
E4_Bvp 1570283065,01205 -27,6385
E4_Bvp 1570283065,02767 -26,17898
E4_Bvp 1570283065,0433 -25,16009
E4_Bvp 1570283065,05892 -24,43123
E4_Bvp 1570283065,07455 -23,56666
E4_Bvp 1570283065,09018 -21,96426
E4_Bvp 1570283065,1058 -19,06242
E4_Bvp 1570283065,12143 -14,48796
E4_Bvp 1570283065,13705 -8,259561
E4_Bvp 1570283065,15268 -0,7185116
E4_Bvp 1570283065,1683 7,564854
E4_Bvp 1570283065,18393 15,946
E4_Bvp 1570283065,19956 23,80097
E4_Bvp 1570283065,21518 30,58911
E4_Bvp 1570283065,23081 35,85445
E4_Bvp 1570283065,24643 39,30566
E4_Bvp 1570283065,26206 40,84351
E4_Bvp 1570283065,27768 40,52547
E4_Bvp 1570283065,29331 38,5945
E4_Bvp 1570283065,30894 35,37444
E4_Bvp 1570283065,32456 31,28889
E4_Bvp 1570283065,34019 26,73654
E4_Bvp 1570283065,35581 22,12483
E4_Bvp 1570283065,37144 17,78615
E4_Bvp 1570283065,38706 13,96323
E4_Bvp 1570283065,40269 10,76998
E4_Bvp 1570283065,41832 8,125961
E4_Bvp 1570283065,43394 5,869064
E4_Bvp 1570283065,44957 3,781158
E4_Bvp 1570283065,46519 1,706955
E4_Bvp 1570283065,48082 -0,47435
E4_Bvp 1570283065,49644 -2,814911
E4_Bvp 1570283065,51207 -5,388092
E4_Bvp 1570283065,5277 -8,252396
E4_Bvp 1570283065,54332 -11,41882
E4_Bvp 1570283065,55895 -14,80481
E4_Bvp 1570283065,57457 -18,18796
E4_Bvp 1570283065,5902 -21,26741
E4_Bvp 1570283065,60582 -23,74832
E4_Bvp 1570283065,62145 -25,46375
E4_Bvp 1570283065,63708 -26,44753
E4_Bvp 1570283065,6527 -26,92499
E4_Bvp 1570283065,66833 -27,21144
E4_Bvp 1570283065,68395 -27,60358
E4_Bvp 1570283065,69958 -28,2392
E4_Bvp 1570283065,7152 -29,09097
E4_Bvp 1570283065,73083 -30,03952
E4_Bvp 1570283065,74646 -30,94833
E4_Bvp 1570283065,76208 -31,7511
E4_Bvp 1570283065,77771 -32,50558
E4_Bvp 1570283065,79333 -33,32434
E4_Bvp 1570283065,80896 -34,38092
E4_Bvp 1570283065,82459 -35,82443
E4_Bvp 1570283065,84021 -37,75494
E4_Bvp 1570283065,85584 -40,16629
E4_Bvp 1570283065,87146 -42,84396
E4_Bvp 1570283065,88709 -45,30945
E4_Gsr 1570283065,694 0,1204379
E4_Gsr 1570283065,944 0,1217191
E4_Gsr 1570283066,194 0,1242816
E4_Gsr 1570283066,444 0,1178754
E4_Gsr 1570283066,694 0,1178754
E4_Gsr 1570283066,944 0,1191566
E4_Bvp 1570283065,90271 -46,84668
E4_Bvp 1570283065,91834 -46,70288
E4_Bvp 1570283065,93397 -44,3334
E4_Bvp 1570283065,94959 -39,69141
E4_Bvp 1570283065,96522 -33,3194
E4_Bvp 1570283065,98084 -26,17593
E4_Bvp 1570283065,99647 -19,36591
E4_Bvp 1570283066,01209 -13,79306
E4_Bvp 1570283066,02772 -9,933319
E4_Bvp 1570283066,04335 -7,812897
E4_Bvp 1570283066,05897 -7,152252
E4_Bvp 1570283066,0746 -7,584106
E4_Bvp 1570283066,09022 -8,822418
E4_Bvp 1570283066,10585 -10,66867
E4_Bvp 1570283066,12147 -12,96747
E4_Bvp 1570283066,1371 -15,54739
E4_Bvp 1570283066,15273 -18,18234
E4_Bvp 1570283066,16835 -20,64627
E4_Bvp 1570283066,18398 -22,76413
E4_Bvp 1570283066,1996 -24,47778
E4_Bvp 1570283066,21523 -25,8374
E4_Bvp 1570283066,23085 -27,03006
E4_Bvp 1570283066,24648 -28,22519
E4_Bvp 1570283066,26211 -29,52435
E4_Bvp 1570283066,27773 -30,97192
E4_Bvp 1570283066,29336 -32,50879
E4_Bvp 1570283066,30898 -34,04752
E4_Bvp 1570283066,32461 -35,57443
E4_Bvp 1570283066,34023 -37,14917
E4_Bvp 1570283066,35586 -38,94394
E4_Bvp 1570283066,37149 -41,16077
E4_Bvp 1570283066,38711 -43,95178
E4_Bvp 1570283066,40274 -47,36151
E4_Bvp 1570283066,41836 -51,30527
E4_Bvp 1570283066,43399 -55,68921
E4_Bvp 1570283066,44961 -60,40515
E4_Bvp 1570283066,46524 -65,5058
E4_Bvp 1570283066,48087 -71,16586
E4_Bvp 1570283066,49649 -77,61194
E4_Bvp 1570283066,51212 -84,97418
E4_Bvp 1570283066,52774 -93,22012
E4_Bvp 1570283066,54337 -102,0884
E4_Bvp 1570283066,55899 -111,1873
E4_Bvp 1570283066,57462 -120,17
E4_Temperature 1570283064,54338 28,73
E4_Temperature 1570283064,79339 28,73
E4_Temperature 1570283065,0434 28,73
E4_Temperature 1570283065,29341 28,73
E4_Temperature 1570283065,54342 28,73
E4_Temperature 1570283065,79343 28,73
E4_Temperature 1570283066,04345 28,73
E4_Temperature 1570283066,29346 28,73
E4_Bvp 1570283066,59025 -128,9247
E4_Bvp 1570283066,60587 -137,6779
E4_Bvp 1570283066,6215 -146,9951
E4_Bvp 1570283066,63712 -157,5651
E4_Bvp 1570283066,65275 -169,793
E4_Bvp 1570283066,66837 -183,4734
E4_Bvp 1570283066,684 -197,5376
E4_Bvp 1570283066,69963 -210,198
E4_Bvp 1570283066,71525 -219,4474
E4_Bvp 1570283066,73088 -223,6878
E4_Bvp 1570283066,7465 -222,3145
E4_Bvp 1570283066,76213 -215,7961
E4_Bvp 1570283066,77775 -205,5078
E4_Bvp 1570283066,79338 -193,1124
E4_Bvp 1570283066,80901 -180,0302
E4_Bvp 1570283066,82463 -167,0443
E4_Bvp 1570283066,84026 -154,2076
E4_Bvp 1570283066,85588 -140,895
E4_Bvp 1570283066,87151 -125,8653
E4_Bvp 1570283066,88713 -107,4862
E4_Bvp 1570283066,90276 -84,00998
E4_Bvp 1570283066,91839 -54,25188
E4_Bvp 1570283066,93401 -18,25558
E4_Bvp 1570283066,94964 22,1767
E4_Bvp 1570283066,96526 63,7058
E4_Bvp 1570283066,98089 102,3059
E4_Bvp 1570283066,99651 134,5098
E4_Bvp 1570283067,01214 158,6144
E4_Bvp 1570283067,02777 175,0091
E4_Bvp 1570283067,04339 185,6848
E4_Bvp 1570283067,05902 193,1142
E4_Bvp 1570283067,07464 199,1664
E4_Bvp 1570283067,09027 204,471
E4_Bvp 1570283067,10589 208,5658
E4_Bvp 1570283067,12152 210,5585
E4_Bvp 1570283067,13715 209,7153
E4_Bvp 1570283067,15277 205,8727
E4_Bvp 1570283067,1684 199,3027
E4_Bvp 1570283067,18402 190,4024
E4_Bvp 1570283067,19965 179,4367
E4_Bvp 1570283067,21527 166,5059
E4_Bvp 1570283067,2309 151,7549
E4_Bvp 1570283067,24653 135,6456
E4_Bvp 1570283067,26215 119,0928
E4_Bvp 1570283067,27778 103,2868
E4_Bvp 1570283067,2934 89,31412
E4_Bvp 1570283067,30903 77,7233
E4_Bvp 1570283067,32465 68,36255
E4_Bvp 1570283067,34028 60,41597
E4_Bvp 1570283067,35591 52,79027
E4_Bvp 1570283067,37153 44,54251
E4_Bvp 1570283067,38716 35,17143
E4_Bvp 1570283067,40278 24,7067
E4_Bvp 1570283067,41841 13,55916
E4_Bvp 1570283067,43403 2,439606
E4_Gsr 1570283067,194 0,1178754
E4_Gsr 1570283067,444 0,1178754
E4_Gsr 1570283067,694 0,1191566
E4_Gsr 1570283067,944 0,1178754
E4_Gsr 1570283068,194 0,1153129
E4_Gsr 1570283068,444 0,1204379
E4_Bvp 1570283067,44966 -7,803055
E4_Bvp 1570283067,46529 -16,13187
E4_Bvp 1570283067,48091 -21,3904
E4_Bvp 1570283067,49654 -22,58453
E4_Bvp 1570283067,51216 -19,20477
E4_Bvp 1570283067,52779 -11,55379
E4_Bvp 1570283067,54341 -0,8262482
E4_Bvp 1570283067,55904 11,14117
E4_Bvp 1570283067,57467 22,48476
E4_Bvp 1570283067,59029 31,76544
E4_Bvp 1570283067,60592 38,3313
E4_Bvp 1570283067,62154 42,25986
E4_Bvp 1570283067,63717 44,02014
E4_Bvp 1570283067,65279 44,10941
E4_Bvp 1570283067,66842 42,82504
E4_Bvp 1570283067,68405 40,3306
E4_Bvp 1570283067,69967 36,80194
E4_Bvp 1570283067,7153 32,60971
E4_Bvp 1570283067,73092 28,30811
E4_Bvp 1570283067,74655 24,51968
E4_Bvp 1570283067,76217 21,72394
E4_Bvp 1570283067,7778 20,11185
E4_Bvp 1570283067,79343 19,5394
E4_Bvp 1570283067,80905 19,61264
E4_Bvp 1570283067,82468 19,87326
E4_Bvp 1570283067,8403 19,97351
E4_Bvp 1570283067,85593 19,78278
E4_Bvp 1570283067,87155 19,36658
E4_Bvp 1570283067,88718 18,89166
E4_Bvp 1570283067,90281 18,50873
E4_Bvp 1570283067,91843 18,22513
E4_Bvp 1570283067,93406 17,89185
E4_Bvp 1570283067,94968 17,24045
E4_Bvp 1570283067,96531 15,99649
E4_Bvp 1570283067,98093 14,04681
E4_Bvp 1570283067,99656 11,50668
E4_Bvp 1570283068,01219 8,723999
E4_Bvp 1570283068,02781 6,115356
E4_Bvp 1570283068,04344 3,971344
E4_Bvp 1570283068,05906 2,21936
E4_Bvp 1570283068,07469 0,4563293
E4_Bvp 1570283068,09032 -1,910553
E4_Bvp 1570283068,10594 -5,414063
E4_Bvp 1570283068,12157 -10,2236
E4_Bvp 1570283068,13719 -16,07199
E4_Bvp 1570283068,15282 -22,37082
E4_Bvp 1570283068,16844 -28,46942
E4_Bvp 1570283068,18407 -33,91599
E4_Bvp 1570283068,1997 -38,63693
E4_Bvp 1570283068,21532 -42,85312
E4_Bvp 1570283068,23095 -46,94894
E4_Bvp 1570283068,24657 -51,30753
E4_Bvp 1570283068,2622 -56,19223
E4_Bvp 1570283068,27782 -61,6879
E4_Bvp 1570283068,29345 -67,68381
E4_Bvp 1570283068,30908 -73,70938
E4_Bvp 1570283068,3247 -78,89194
E4_Bvp 1570283068,34033 -81,94131
E4_Bvp 1570283068,35595 -81,4783
E4_Bvp 1570283068,37158 -76,44275
E4_Bvp 1570283068,3872 -66,58588
E4_Bvp 1570283068,40283 -52,6557
E4_Bvp 1570283068,41846 -36,20203
E4_Bvp 1570283068,43408 -19,10547
E4_Bvp 1570283068,44971 -2,976654
E4_Bvp 1570283068,46533 11,26816
E4_Bvp 1570283068,48096 23,51599
E4_Bvp 1570283068,49658 34,19449
E4_Bvp 1570283068,51221 43,90033
E4_Bvp 1570283068,52784 52,98181
E4_Bvp 1570283068,54346 61,39551
E4_Bvp 1570283068,55909 68,71426
E4_Bvp 1570283068,57471 74,30975
E4_Bvp 1570283068,59034 77,67282
E4_Bvp 1570283068,60596 78,6261
E4_Bvp 1570283068,62159 77,42648
E4_Bvp 1570283068,63722 74,70096
E4_Temperature 1570283066,54347 28,73
E4_Temperature 1570283066,79348 28,73
E4_Temperature 1570283067,04349 28,73
E4_Temperature 1570283067,2935 28,73
E4_Temperature 1570283067,54352 28,73
E4_Temperature 1570283067,79353 28,73
E4_Temperature 1570283068,04354 28,73
E4_Temperature 1570283068,29355 28,73
E4_Bvp 1570283068,65284 71,16376
E4_Bvp 1570283068,66847 67,39719
E4_Bvp 1570283068,68409 63,76291
E4_Bvp 1570283068,69972 60,35062
E4_Bvp 1570283068,71534 57,14822
E4_Bvp 1570283068,73097 54,12756
E4_Bvp 1570283068,7466 51,30914
E4_Bvp 1570283068,76222 48,68732
E4_Bvp 1570283068,77785 46,15427
E4_Bvp 1570283068,79347 43,47501
E4_Bvp 1570283068,8091 40,34442
E4_Bvp 1570283068,82472 36,51199
E4_Bvp 1570283068,84035 31,86707
E4_Bvp 1570283068,85598 26,53976
E4_Bvp 1570283068,8716 20,83344
E4_Bvp 1570283068,88723 15,13403
E4_Bvp 1570283068,90285 9,782776
E4_Bvp 1570283068,91848 4,935028
E4_Bvp 1570283068,9341 0,5666199
E4_Bvp 1570283068,94973 -3,49765
E4_Bvp 1570283068,96536 -7,50708
E4_Bvp 1570283068,98098 -11,60242
E4_Gsr 1570283068,694 0,1204379
E4_Gsr 1570283068,944 0,1178754
E4_Gsr 1570283069,194 0,1204379
E4_Gsr 1570283069,444 0,1191566
E4_Gsr 1570283069,694 0,1191566
E4_Gsr 1570283069,944 0,1204379
E4_Bvp 1570283068,99661 -15,73642
E4_Bvp 1570283069,01223 -19,66022
E4_Bvp 1570283069,02786 -23,05127
E4_Bvp 1570283069,04348 -25,65344
E4_Bvp 1570283069,05911 -27,43668
E4_Bvp 1570283069,07474 -28,60248
E4_Bvp 1570283069,09036 -29,59286
E4_Bvp 1570283069,10599 -30,93906
E4_Bvp 1570283069,12161 -33,01004
E4_Bvp 1570283069,13724 -35,77957
E4_Bvp 1570283069,15286 -38,66641
E4_Bvp 1570283069,16849 -40,59012
E4_Bvp 1570283069,18412 -40,20541
E4_Bvp 1570283069,19974 -36,37241
E4_Bvp 1570283069,21537 -28,52548
E4_Bvp 1570283069,23099 -16,96103
E4_Bvp 1570283069,24662 -2,731537
E4_Bvp 1570283069,26224 12,68146
E4_Bvp 1570283069,27787 27,74036
E4_Bvp 1570283069,2935 41,20096
E4_Bvp 1570283069,30912 52,21634
E4_Bvp 1570283069,32475 60,35999
E4_Bvp 1570283069,34037 65,53207
E4_Bvp 1570283069,356 67,90952
E4_Bvp 1570283069,37162 67,92279
E4_Bvp 1570283069,38725 66,21307
E4_Bvp 1570283069,40288 63,49112
E4_Bvp 1570283069,4185 60,26831
E4_Bvp 1570283069,43413 56,73016
E4_Bvp 1570283069,44975 52,65741
E4_Bvp 1570283069,46538 47,61047
E4_Bvp 1570283069,481 41,22171
E4_Bvp 1570283069,49663 33,42462
E4_Bvp 1570283069,51226 24,61386
E4_Bvp 1570283069,52788 15,5517
E4_Bvp 1570283069,54351 7,183014
E4_Bvp 1570283069,55913 0,2730408
E4_Bvp 1570283069,57476 -4,784607
E4_Bvp 1570283069,59038 -8,094788
E4_Bvp 1570283069,60601 -10,14777
E4_Bvp 1570283069,62164 -11,6037
E4_Bvp 1570283069,63726 -13,02698
E4_Bvp 1570283069,65289 -14,66681
E4_Bvp 1570283069,66851 -16,47064
E4_Bvp 1570283069,68414 -18,17569
E4_Bvp 1570283069,69976 -19,53772
E4_Bvp 1570283069,71539 -20,40457
E4_Bvp 1570283069,73102 -20,86829
E4_Bvp 1570283069,74664 -21,16907
E4_Bvp 1570283069,76227 -21,595
E4_Bvp 1570283069,77789 -22,39771
E4_Bvp 1570283069,79352 -23,69153
E4_Bvp 1570283069,80914 -25,47238
E4_Bvp 1570283069,82477 -27,6167
E4_Bvp 1570283069,8404 -29,9501
E4_Bvp 1570283069,85602 -32,21231
E4_Bvp 1570283069,87165 -34,24243
E4_Bvp 1570283069,88727 -35,965
E4_Bvp 1570283069,9029 -37,50989
E4_Bvp 1570283069,91852 -39,23581
E4_Bvp 1570283069,93415 -41,5946
E4_Bvp 1570283069,94978 -44,88138
E4_Bvp 1570283069,9654 -48,87192
E4_Bvp 1570283069,98103 -52,65649
E4_Bvp 1570283069,99665 -54,69681
E4_Bvp 1570283070,01228 -53,35004
E4_Bvp 1570283070,0279 -47,48224
E4_Bvp 1570283070,04353 -37,02377
E4_Bvp 1570283070,05916 -23,11151
E4_Bvp 1570283070,07478 -7,742859
E4_Bvp 1570283070,09041 6,890564
E4_Bvp 1570283070,10603 19,15256
E4_Bvp 1570283070,12166 28,31024
E4_Bvp 1570283070,13728 34,48715
E4_Bvp 1570283070,15291 38,25766
E4_Bvp 1570283070,16854 40,23303
E4_Bvp 1570283070,18416 40,79669
E4_Bvp 1570283070,19979 40,13205
E4_Bvp 1570283070,21541 38,39999
E4_Bvp 1570283070,23104 35,85034
E4_Bvp 1570283070,24667 32,96512
E4_Bvp 1570283070,26229 30,26328
E4_Bvp 1570283070,27792 28,15308
E4_Bvp 1570283070,29354 26,80328
E4_Bvp 1570283070,30917 26,12057
E4_Bvp 1570283070,32479 25,83145
E4_Bvp 1570283070,34042 25,6059
E4_Bvp 1570283070,35605 25,22766
E4_Bvp 1570283070,37167 24,61737
E4_Bvp 1570283070,3873 23,89746
E4_Bvp 1570283070,40292 23,20026
E4_Bvp 1570283070,41855 22,61386
E4_Bvp 1570283070,43417 22,05917
E4_Bvp 1570283070,4498 21,28293
E4_Bvp 1570283070,46543 19,89349
E4_Bvp 1570283070,48105 17,54578
E4_Bvp 1570283070,49668 14,09537
E4_Bvp 1570283070,5123 9,704468
E4_Bvp 1570283070,52793 4,861969
E4_Gsr 1570283070,194 0,1204379
E4_Gsr 1570283070,444 0,1191566
E4_Gsr 1570283070,694 0,1204379
E4_Gsr 1570283070,944 0,1165941
E4_Gsr 1570283071,194 0,1204379
E4_Gsr 1570283071,444 0,1217191
E4_Temperature 1570283068,54356 28,73
E4_Temperature 1570283068,79357 28,73
E4_Temperature 1570283069,04358 28,73
E4_Temperature 1570283069,2936 28,73
E4_Temperature 1570283069,54361 28,71
E4_Temperature 1570283069,79362 28,71
E4_Temperature 1570283070,04363 28,71
E4_Temperature 1570283070,29364 28,71
E4_Bvp 1570283070,54355 0,1638184
E4_Bvp 1570283070,55918 -3,880096
E4_Bvp 1570283070,57481 -7,015686
E4_Bvp 1570283070,59043 -9,430634
E4_Bvp 1570283070,60606 -11,63794
E4_Bvp 1570283070,62168 -14,19257
E4_Bvp 1570283070,63731 -17,45865
E4_Bvp 1570283070,65293 -21,44128
E4_Bvp 1570283070,66856 -25,75067
E4_Bvp 1570283070,68419 -29,8877
E4_Bvp 1570283070,69981 -33,44638
E4_Bvp 1570283070,71544 -36,26459
E4_Bvp 1570283070,73106 -38,5687
E4_Bvp 1570283070,74669 -40,7558
E4_Bvp 1570283070,76231 -43,19495
E4_Bvp 1570283070,77794 -46,17838
E4_Bvp 1570283070,79357 -49,8667
E4_Bvp 1570283070,80919 -54,25821
E4_Bvp 1570283070,82482 -59,13116
E4_Bvp 1570283070,84044 -63,77667
E4_Bvp 1570283070,85607 -66,92859
E4_Bvp 1570283070,87169 -66,94592
E4_Bvp 1570283070,88732 -62,33575
E4_Bvp 1570283070,90295 -52,37354
E4_Bvp 1570283070,91857 -37,67108
E4_Bvp 1570283070,9342 -20,12329
E4_Bvp 1570283070,94982 -2,296997
E4_Bvp 1570283070,96545 13,40979
E4_Bvp 1570283070,98107 25,55582
E4_Bvp 1570283070,9967 33,87012
E4_Bvp 1570283071,01233 38,99387
E4_Bvp 1570283071,02795 41,86804
E4_Bvp 1570283071,04358 43,28015
E4_Bvp 1570283071,0592 43,51694
E4_Bvp 1570283071,07483 42,63078
E4_Bvp 1570283071,09045 40,67578
E4_Bvp 1570283071,10608 37,91699
E4_Bvp 1570283071,12171 34,88266
E4_Bvp 1570283071,13733 32,17972
E4_Bvp 1570283071,15296 30,24348
E4_Bvp 1570283071,16858 29,21521
E4_Bvp 1570283071,18421 28,93243
E4_Bvp 1570283071,19983 29,00053
E4_Bvp 1570283071,21546 29,07045
E4_Bvp 1570283071,23109 28,924
E4_Bvp 1570283071,24671 28,55301
E4_Bvp 1570283071,26234 28,03989
E4_Bvp 1570283071,27796 27,4397
E4_Bvp 1570283071,29359 26,65413
E4_Bvp 1570283071,30921 25,45326
E4_Bvp 1570283071,32484 23,6597
E4_Bvp 1570283071,34047 21,21347
E4_Bvp 1570283071,35609 18,25259
E4_Bvp 1570283071,37172 15,01854
E4_Bvp 1570283071,38734 11,7108
E4_Bvp 1570283071,40297 8,394943
E4_Bvp 1570283071,41859 5,017868
E4_Bvp 1570283071,43422 1,523804
E4_Bvp 1570283071,44985 -2,072861
E4_Bvp 1570283071,46547 -5,597382
E4_Bvp 1570283071,4811 -8,833878
E4_Bvp 1570283071,49672 -11,62976
E4_Bvp 1570283071,51235 -14,03096
E4_Bvp 1570283071,52797 -16,27156
E4_Bvp 1570283071,5436 -18,63725
E4_Bvp 1570283071,55923 -21,33528
E4_Bvp 1570283071,57485 -24,30954
E4_Bvp 1570283071,59048 -27,33646
E4_Bvp 1570283071,6061 -30,10591
E4_Bvp 1570283071,62173 -32,46745
E4_Bvp 1570283071,63735 -34,46472
E4_Bvp 1570283071,65298 -36,34358
E4_Bvp 1570283071,66861 -38,47298
E4_Bvp 1570283071,68423 -41,12038
E4_Bvp 1570283071,69986 -44,49425
E4_Bvp 1570283071,71548 -48,6618
E4_Bvp 1570283071,73111 -53,56934
E4_Bvp 1570283071,74673 -58,81145
E4_Bvp 1570283071,76236 -63,5083
E4_Bvp 1570283071,77799 -66,23203
E4_Bvp 1570283071,79361 -65,30524
E4_Bvp 1570283071,80924 -59,44774
E4_Bvp 1570283071,82486 -48,37752
E4_Bvp 1570283071,84049 -33,18221
E4_Bvp 1570283071,85611 -15,94183
E4_Bvp 1570283071,87174 0,8540497
E4_Bvp 1570283071,88737 15,24376
E4_Bvp 1570283071,90299 26,25311
E4_Gsr 1570283071,694 0,1204379
E4_Gsr 1570283071,944 0,1204379
E4_Gsr 1570283072,194 0,1204379
E4_Gsr 1570283072,444 0,1204379
E4_Gsr 1570283072,694 0,1191566
E4_Gsr 1570283072,944 0,1178754
E4_Bvp 1570283071,91862 33,91899
E4_Bvp 1570283071,93424 38,88089
E4_Bvp 1570283071,94987 41,83607
E4_Bvp 1570283071,96549 43,21448
E4_Bvp 1570283071,98112 43,13213
E4_Bvp 1570283071,99675 41,6978
E4_Bvp 1570283072,01237 39,13503
E4_Bvp 1570283072,028 35,93614
E4_Bvp 1570283072,04362 32,7337
E4_Bvp 1570283072,05925 30,0614
E4_Bvp 1570283072,07487 28,23135
E4_Bvp 1570283072,0905 27,25879
E4_Bvp 1570283072,10613 26,92677
E4_Bvp 1570283072,12175 26,89386
E4_Bvp 1570283072,13738 26,89835
E4_Bvp 1570283072,153 26,79987
E4_Bvp 1570283072,16863 26,59258
E4_Bvp 1570283072,18425 26,33205
E4_Bvp 1570283072,19988 26,03108
E4_Bvp 1570283072,21551 25,59189
E4_Bvp 1570283072,23113 24,84834
E4_Bvp 1570283072,24676 23,60536
E4_Bvp 1570283072,26238 21,72115
E4_Bvp 1570283072,27801 19,15271
E4_Bvp 1570283072,29363 15,94565
E4_Bvp 1570283072,30926 12,28775
E4_Bvp 1570283072,32489 8,434128
E4_Bvp 1570283072,34051 4,713943
E4_Bvp 1570283072,35614 1,393661
E4_Bvp 1570283072,37176 -1,385696
E4_Bvp 1570283072,38739 -3,739166
E4_Bvp 1570283072,40301 -5,999619
E4_Bvp 1570283072,41864 -8,547867
E4_Bvp 1570283072,43427 -11,6927
E4_Bvp 1570283072,44989 -15,38913
E4_Bvp 1570283072,46552 -19,32225
E4_Bvp 1570283072,48114 -22,99292
E4_Bvp 1570283072,49677 -26,01898
E4_Bvp 1570283072,51239 -28,26088
E4_Bvp 1570283072,52802 -29,90912
E4_Bvp 1570283072,54365 -31,36874
E4_Bvp 1570283072,55927 -33,01305
E4_Bvp 1570283072,5749 -35,21353
E4_Bvp 1570283072,59052 -38,21933
E4_Temperature 1570283070,54365 28,73
E4_Temperature 1570283070,79367 28,73
E4_Temperature 1570283071,04368 28,73
E4_Temperature 1570283071,29369 28,73
E4_Temperature 1570283071,5437 28,69
E4_Temperature 1570283071,79371 28,69
E4_Temperature 1570283072,04372 28,69
E4_Temperature 1570283072,29374 28,69
E4_Bvp 1570283072,60615 -42,22412
E4_Bvp 1570283072,62177 -47,23209
E4_Bvp 1570283072,6374 -52,87119
E4_Bvp 1570283072,65303 -58,23584
E4_Bvp 1570283072,66865 -61,88962
E4_Bvp 1570283072,68428 -62,23642
E4_Bvp 1570283072,6999 -58,01344
E4_Bvp 1570283072,71553 -48,90024
E4_Bvp 1570283072,73115 -35,6812
E4_Bvp 1570283072,74678 -20,13168
E4_Bvp 1570283072,76241 -4,362671
E4_Bvp 1570283072,77803 9,829865
E4_Bvp 1570283072,79366 21,35036
E4_Bvp 1570283072,80928 29,95317
E4_Bvp 1570283072,82491 35,82413
E4_Bvp 1570283072,84053 39,31741
E4_Bvp 1570283072,85616 40,61919
E4_Bvp 1570283072,87179 39,88829
E4_Bvp 1570283072,88741 37,38205
E4_Bvp 1570283072,90304 33,65459
E4_Bvp 1570283072,91866 29,52808
E4_Bvp 1570283072,93429 25,85852
E4_Bvp 1570283072,94992 23,26927
E4_Bvp 1570283072,96554 21,89737
E4_Bvp 1570283072,98117 21,5313
E4_Bvp 1570283072,99679 21,72827
E4_Bvp 1570283073,01242 22,16635
E4_Bvp 1570283073,02804 22,7588
E4_Bvp 1570283073,04367 23,58325
E4_Bvp 1570283073,0593 24,75616
E4_Bvp 1570283073,07492 26,19887
E4_Bvp 1570283073,09055 27,58537
E4_Bvp 1570283073,10617 28,37151
E4_Bvp 1570283073,1218 28,01454
E4_Bvp 1570283073,13742 26,16084
E4_Bvp 1570283073,15305 22,83505
E4_Bvp 1570283073,16868 18,42
E4_Bvp 1570283073,1843 13,55453
E4_Bvp 1570283073,19993 8,87709
E4_Bvp 1570283073,21555 4,805374
E4_Bvp 1570283073,23118 1,398743
E4_Bvp 1570283073,2468 -1,670197
E4_Bvp 1570283073,26243 -4,915329
E4_Bvp 1570283073,27806 -8,760818
E4_Bvp 1570283073,29368 -13,32623
E4_Bvp 1570283073,30931 -18,35208
E4_Bvp 1570283073,32493 -23,29042
E4_Bvp 1570283073,34056 -27,58672
E4_Bvp 1570283073,35618 -30,89963
E4_Bvp 1570283073,37181 -33,22153
E4_Bvp 1570283073,38744 -34,84622
E4_Bvp 1570283073,40306 -36,20622
E4_Bvp 1570283073,41869 -37,77602
E4_Bvp 1570283073,43431 -39,94501
E4_Bvp 1570283073,44994 -42,98428
E4_Gsr 1570283073,194 0,1191566
E4_Gsr 1570283073,444 0,1191566
E4_Gsr 1570283073,694 0,1165941
E4_Gsr 1570283073,944 0,1191566
E4_Gsr 1570283074,194 0,1191566
E4_Gsr 1570283074,444 0,1191566
E4_Bvp 1570283073,46556 -46,88933
E4_Bvp 1570283073,48119 -51,19489
E4_Bvp 1570283073,49682 -54,91391
E4_Bvp 1570283073,51244 -56,57228
E4_Bvp 1570283073,52807 -54,67455
E4_Bvp 1570283073,54369 -48,23737
E4_Bvp 1570283073,55932 -37,29156
E4_Bvp 1570283073,57494 -22,9982
E4_Bvp 1570283073,59057 -7,343979
E4_Bvp 1570283073,6062 7,58223
E4_Bvp 1570283073,62182 20,20435
E4_Bvp 1570283073,63745 29,80589
E4_Bvp 1570283073,65307 36,45068
E4_Bvp 1570283073,6687 40,6216
E4_Bvp 1570283073,68432 42,83403
E4_Bvp 1570283073,69995 43,38669
E4_Bvp 1570283073,71558 42,4444
E4_Bvp 1570283073,7312 40,19383
E4_Bvp 1570283073,74683 37,03418
E4_Bvp 1570283073,76245 33,53285
E4_Bvp 1570283073,77808 30,30331
E4_Bvp 1570283073,7937 27,77715
E4_Bvp 1570283073,80933 26,09108
E4_Bvp 1570283073,82496 25,09125
E4_Bvp 1570283073,84058 24,43848
E4_Bvp 1570283073,85621 23,84105
E4_Bvp 1570283073,87183 23,16408
E4_Bvp 1570283073,88746 22,47519
E4_Bvp 1570283073,90308 21,92447
E4_Bvp 1570283073,91871 21,58905
E4_Bvp 1570283073,93434 21,34482
E4_Bvp 1570283073,94996 20,88136
E4_Bvp 1570283073,96559 19,82533
E4_Bvp 1570283073,98121 17,87904
E4_Bvp 1570283073,99684 14,98413
E4_Bvp 1570283074,01246 11,38106
E4_Bvp 1570283074,02809 7,503281
E4_Bvp 1570283074,04372 3,820724
E4_Bvp 1570283074,05934 0,7147064
E4_Bvp 1570283074,07497 -1,723526
E4_Bvp 1570283074,09059 -3,696274
E4_Bvp 1570283074,10622 -5,602997
E4_Bvp 1570283074,12184 -7,913651
E4_Bvp 1570283074,13747 -10,93839
E4_Bvp 1570283074,1531 -14,71509
E4_Bvp 1570283074,16872 -18,9837
E4_Bvp 1570283074,18435 -23,30972
E4_Bvp 1570283074,19997 -27,20476
E4_Bvp 1570283074,2156 -30,37794
E4_Bvp 1570283074,23122 -32,84271
E4_Bvp 1570283074,24685 -34,83089
E4_Bvp 1570283074,26248 -36,80988
E4_Bvp 1570283074,2781 -39,26762
E4_Bvp 1570283074,29373 -42,63818
E4_Bvp 1570283074,30935 -47,15141
E4_Bvp 1570283074,32498 -52,58752
E4_Bvp 1570283074,3406 -58,13971
E4_Bvp 1570283074,35623 -62,41483
E4_Bvp 1570283074,37186 -63,73895
E4_Bvp 1570283074,38748 -60,63365
E4_Bvp 1570283074,40311 -52,42426
E4_Bvp 1570283074,41873 -39,60747
E4_Bvp 1570283074,43436 -23,74835
E4_Bvp 1570283074,44998 -7,040283
E4_Bvp 1570283074,46561 8,48175
E4_Bvp 1570283074,48124 21,47762
E4_Bvp 1570283074,49686 31,44522
E4_Bvp 1570283074,51249 38,57881
E4_Bvp 1570283074,52811 43,2809
E4_Bvp 1570283074,54374 45,82123
E4_Bvp 1570283074,55936 46,30798
E4_Bvp 1570283074,57499 44,84904
E4_Bvp 1570283074,59062 41,76277
E4_Bvp 1570283074,60624 37,70331
E4_Bvp 1570283074,62187 33,52133
E4_Bvp 1570283074,63749 30,00851
E4_Bvp 1570283074,65312 27,6442
E4_Temperature 1570283072,54375 28,73
E4_Temperature 1570283072,79376 28,73
E4_Temperature 1570283073,04377 28,73
E4_Temperature 1570283073,29378 28,73
E4_Temperature 1570283073,54379 28,71
E4_Temperature 1570283073,7938 28,71
E4_Temperature 1570283074,04382 28,71
E4_Temperature 1570283074,29383 28,71
E4_Bvp 1570283074,66874 26,51357
E4_Bvp 1570283074,68437 26,33752
E4_Bvp 1570283074,7 26,6812
E4_Bvp 1570283074,71562 27,20366
E4_Bvp 1570283074,73125 27,67477
E4_Bvp 1570283074,74687 28,08844
E4_Bvp 1570283074,7625 28,4968
E4_Bvp 1570283074,77812 28,93423
E4_Bvp 1570283074,79375 29,29707
E4_Bvp 1570283074,80938 29,31245
E4_Bvp 1570283074,825 28,62024
E4_Bvp 1570283074,84063 26,88412
E4_Bvp 1570283074,85625 23,9825
E4_Bvp 1570283074,87188 20,01672
E4_Bvp 1570283074,8875 15,32185
E4_Bvp 1570283074,90313 10,3726
E4_Bvp 1570283074,91876 5,601761
E4_Bvp 1570283074,93438 1,275482
E4_Bvp 1570283074,95001 -2,601929
E4_Bvp 1570283074,96563 -6,247543
E4_Bvp 1570283074,98126 -10,01683
E4_Bvp 1570283074,99688 -14,22707
E4_Gsr 1570283074,694 0,1191566
E4_Gsr 1570283074,944 0,1204379
E4_Gsr 1570283075,194 0,1204379
E4_Gsr 1570283075,444 0,1191566
E4_Gsr 1570283075,694 0,1204379
E4_Gsr 1570283075,944 0,1204379
E4_Bvp 1570283075,01251 -18,99657
E4_Bvp 1570283075,02814 -24,20248
E4_Bvp 1570283075,04376 -29,47987
E4_Bvp 1570283075,05939 -34,34164
E4_Bvp 1570283075,07501 -38,37245
E4_Bvp 1570283075,09064 -41,43188
E4_Bvp 1570283075,10627 -43,66606
E4_Bvp 1570283075,12189 -45,4955
E4_Bvp 1570283075,13752 -47,44365
E4_Bvp 1570283075,15314 -49,99834
E4_Bvp 1570283075,16877 -53,5278
E4_Bvp 1570283075,18439 -58,13011
E4_Bvp 1570283075,20002 -63,5403
E4_Bvp 1570283075,21565 -68,9248
E4_Bvp 1570283075,23127 -72,92548
E4_Bvp 1570283075,2469 -73,83058
E4_Bvp 1570283075,26252 -70,13148
E4_Bvp 1570283075,27815 -61,13199
E4_Bvp 1570283075,29377 -47,30365
E4_Bvp 1570283075,3094 -30,32887
E4_Bvp 1570283075,32503 -12,49695
E4_Bvp 1570283075,34065 3,983505
E4_Bvp 1570283075,35628 17,69632
E4_Bvp 1570283075,3719 28,20354
E4_Bvp 1570283075,38753 35,80675
E4_Bvp 1570283075,40315 41,09355
E4_Bvp 1570283075,41878 44,50009
E4_Bvp 1570283075,43441 46,22823
E4_Bvp 1570283075,45003 46,34906
E4_Bvp 1570283075,46566 45,05833
E4_Bvp 1570283075,48128 42,75629
E4_Bvp 1570283075,49691 40,00157
E4_Bvp 1570283075,51253 37,30893
E4_Bvp 1570283075,52816 34,99802
E4_Bvp 1570283075,54379 33,11076
E4_Bvp 1570283075,55941 31,51486
E4_Bvp 1570283075,57504 30,03375
E4_Bvp 1570283075,59066 28,55214
E4_Bvp 1570283075,60629 27,07854
E4_Bvp 1570283075,62191 25,72096
E4_Bvp 1570283075,63754 24,59541
E4_Bvp 1570283075,65317 23,76285
E4_Bvp 1570283075,66879 23,17529
E4_Bvp 1570283075,68442 22,65477
E4_Bvp 1570283075,70004 21,94427
E4_Bvp 1570283075,71567 20,79305
E4_Bvp 1570283075,73129 18,9919
E4_Bvp 1570283075,74692 16,48352
E4_Bvp 1570283075,76255 13,40144
E4_Bvp 1570283075,77817 10,01282
E4_Bvp 1570283075,7938 6,694687
E4_Bvp 1570283075,80942 3,755753
E4_Bvp 1570283075,82505 1,337891
E4_Bvp 1570283075,84067 -0,6748657
E4_Bvp 1570283075,8563 -2,584229
