E4_Bvp 1569402096,16938 12,98218
E4_Bvp 1569402096,18501 12,30701
E4_Bvp 1569402096,20064 12,05151
E4_Temperature 1569402094,13614 30,93
E4_Temperature 1569402094,38615 30,93
E4_Temperature 1569402094,63616 30,93
E4_Temperature 1569402094,88617 30,93
E4_Temperature 1569402095,13618 30,95
E4_Temperature 1569402095,38619 30,95
E4_Temperature 1569402095,63621 30,95
E4_Temperature 1569402095,88622 30,95
E4_Bvp 1569402096,21626 12,16553
E4_Bvp 1569402096,23189 12,5658
E4_Bvp 1569402096,24751 13,16284
E4_Bvp 1569402096,26314 13,88879
E4_Bvp 1569402096,27876 14,71973
E4_Bvp 1569402096,29439 15,5249
E4_Bvp 1569402096,31002 16,14246
E4_Bvp 1569402096,32564 16,34424
E4_Bvp 1569402096,34127 15,8656
E4_Bvp 1569402096,35689 14,54211
E4_Bvp 1569402096,37252 12,4469
E4_Bvp 1569402096,38814 9,838257
E4_Bvp 1569402096,40377 7,160889
E4_Bvp 1569402096,4194 4,851074
E4_Bvp 1569402096,43502 3,167847
E4_Bvp 1569402096,45065 2,124878
E4_Bvp 1569402096,46627 1,475708
E4_Bvp 1569402096,4819 0,8376465
E4_Bvp 1569402096,49752 -0,1204834
E4_Bvp 1569402096,51315 -1,567139
E4_Bvp 1569402096,52878 -3,521606
E4_Bvp 1569402096,5444 -5,866333
E4_Gsr 1569402094,775 0,1335334
E4_Gsr 1569402095,025 0,1335334
E4_Gsr 1569402095,275 0,1335334
E4_Gsr 1569402095,525 0,1309706
E4_Gsr 1569402095,775 0,1296892
E4_Gsr 1569402096,025 0,1296892
E4_Bvp 1569402096,56003 -8,453003
E4_Bvp 1569402096,57565 -11,14832
E4_Bvp 1569402096,59128 -13,85559
E4_Bvp 1569402096,6069 -16,4917
E4_Bvp 1569402096,62253 -19,04443
E4_Bvp 1569402096,63816 -21,55609
E4_Bvp 1569402096,65378 -24,17627
E4_Bvp 1569402096,66941 -27,15314
E4_Bvp 1569402096,68503 -30,60565
E4_Bvp 1569402096,70066 -34,33911
E4_Bvp 1569402096,71628 -37,77917
E4_Bvp 1569402096,73191 -39,95825
E4_Bvp 1569402096,74754 -39,87341
E4_Bvp 1569402096,76316 -36,89215
E4_Bvp 1569402096,77879 -30,95532
E4_Bvp 1569402096,79441 -22,73334
E4_Bvp 1569402096,81004 -13,38928
E4_Bvp 1569402096,82566 -4,179504
E4_Bvp 1569402096,84129 3,965393
E4_Bvp 1569402096,85692 10,47949
E4_Bvp 1569402096,87254 15,31458
E4_Bvp 1569402096,88817 18,56641
E4_Bvp 1569402096,90379 20,40692
E4_Bvp 1569402096,91942 21,00146
E4_Bvp 1569402096,93504 20,47388
E4_Bvp 1569402096,95067 19,06958
E4_Bvp 1569402096,9663 17,1167
E4_Bvp 1569402096,98192 15,05341
E4_Bvp 1569402096,99755 13,27374
E4_Bvp 1569402097,01317 12,08081
E4_Bvp 1569402097,0288 11,57855
E4_Bvp 1569402097,04442 11,69745
E4_Bvp 1569402097,06005 12,29974
E4_Bvp 1569402097,07568 13,19965
E4_Bvp 1569402097,0913 14,25708
E4_Bvp 1569402097,10693 15,32111
E4_Bvp 1569402097,12255 16,26959
E4_Bvp 1569402097,13818 16,92682
E4_Bvp 1569402097,1538 17,13251
E4_Bvp 1569402097,16943 16,74792
E4_Bvp 1569402097,18506 15,67426
E4_Bvp 1569402097,20068 13,95117
E4_Bvp 1569402097,21631 11,7005
E4_Bvp 1569402097,23193 9,162781
E4_Bvp 1569402097,24756 6,579163
E4_Bvp 1569402097,26318 4,193359
E4_Bvp 1569402097,27881 2,172485
E4_Bvp 1569402097,29444 0,5979614
E4_Bvp 1569402097,31006 -0,5883179
E4_Bvp 1569402097,32569 -1,591125
E4_Bvp 1569402097,34131 -2,619141
E4_Bvp 1569402097,35694 -3,947083
E4_Bvp 1569402097,37256 -5,659302
E4_Bvp 1569402097,38819 -7,762573
E4_Bvp 1569402097,40382 -10,15582
E4_Bvp 1569402097,41944 -12,68085
E4_Bvp 1569402097,43507 -15,18188
E4_Bvp 1569402097,45069 -17,51263
E4_Bvp 1569402097,46632 -19,63336
E4_Bvp 1569402097,48194 -21,52551
E4_Bvp 1569402097,49757 -23,31445
E4_Bvp 1569402097,5132 -25,19629
E4_Bvp 1569402097,52882 -27,3963
E4_Bvp 1569402097,54445 -30,02936
E4_Bvp 1569402097,56007 -32,98029
E4_Bvp 1569402097,5757 -35,73682
E4_Bvp 1569402097,59132 -37,4743
E4_Bvp 1569402097,60695 -37,3349
E4_Bvp 1569402097,62258 -34,73932
E4_Bvp 1569402097,6382 -29,69183
E4_Bvp 1569402097,65383 -22,75946
E4_Bvp 1569402097,66945 -14,88007
E4_Bvp 1569402097,68508 -7,00415
E4_Bvp 1569402097,7007 0,1480713
E4_Bvp 1569402097,71633 6,182922
E4_Bvp 1569402097,73196 10,96674
E4_Bvp 1569402097,74758 14,54059
E4_Bvp 1569402097,76321 16,95862
E4_Bvp 1569402097,77883 18,26416
E4_Bvp 1569402097,79446 18,56024
E4_Bvp 1569402097,81008 18,04871
E4_Bvp 1569402097,82571 16,99951
E4_Bvp 1569402097,84134 15,7558
E4_Bvp 1569402097,85696 14,53961
E4_Bvp 1569402097,87259 13,48425
E4_Bvp 1569402097,88821 12,65381
E4_Bvp 1569402097,90384 12,04248
E4_Bvp 1569402097,91946 11,64661
E4_Bvp 1569402097,93509 11,47382
E4_Bvp 1569402097,95072 11,54285
E4_Bvp 1569402097,96634 11,8493
E4_Bvp 1569402097,98197 12,42499
E4_Bvp 1569402097,99759 13,24304
E4_Bvp 1569402098,01322 14,18408
E4_Bvp 1569402098,02884 15,03674
E4_Bvp 1569402098,04447 15,56348
E4_Bvp 1569402098,0601 15,5141
E4_Bvp 1569402098,07572 14,76825
E4_Bvp 1569402098,09135 13,34662
E4_Gsr 1569402096,275 0,1309706
E4_Gsr 1569402096,525 0,1309706
E4_Gsr 1569402096,775 0,132252
E4_Gsr 1569402097,025 0,1335334
E4_Gsr 1569402097,275 0,1296892
E4_Gsr 1569402097,525 0,132252
E4_Bvp 1569402098,10697 11,41083
E4_Bvp 1569402098,1226 9,240723
E4_Bvp 1569402098,13822 7,094849
E4_Bvp 1569402098,15385 5,213074
E4_Bvp 1569402098,16948 3,635193
E4_Bvp 1569402098,1851 2,261414
E4_Bvp 1569402098,20073 0,8105469
E4_Bvp 1569402098,21635 -1,005188
E4_Bvp 1569402098,23198 -3,454468
E4_Bvp 1569402098,24761 -6,591858
E4_Bvp 1569402098,26323 -10,2251
E4_Temperature 1569402096,13623 30,93
E4_Temperature 1569402096,38624 30,93
E4_Temperature 1569402096,63625 30,93
E4_Temperature 1569402096,88626 30,93
E4_Temperature 1569402097,13628 30,95
E4_Temperature 1569402097,38629 30,95
E4_Temperature 1569402097,6363 30,95
E4_Temperature 1569402097,88631 30,95
E4_Bvp 1569402098,27886 -13,99078
E4_Bvp 1569402098,29448 -17,38019
E4_Bvp 1569402098,31011 -20,02142
E4_Bvp 1569402098,32573 -21,77051
E4_Bvp 1569402098,34136 -22,74408
E4_Bvp 1569402098,35699 -23,23962
E4_Bvp 1569402098,37261 -23,7052
E4_Bvp 1569402098,38824 -24,51813
E4_Bvp 1569402098,40386 -25,96527
E4_Bvp 1569402098,41949 -28,08679
E4_Bvp 1569402098,43511 -30,58386
E4_Bvp 1569402098,45074 -32,86951
E4_Bvp 1569402098,46637 -34,16254
E4_Bvp 1569402098,48199 -33,69196
E4_Bvp 1569402098,49762 -30,94348
E4_Bvp 1569402098,51324 -25,91675
E4_Bvp 1569402098,52887 -19,09613
E4_Bvp 1569402098,54449 -11,3877
E4_Bvp 1569402098,56012 -3,785339
E4_Bvp 1569402098,57575 2,90802
E4_Bvp 1569402098,59137 8,254639
E4_Bvp 1569402098,607 12,23438
E4_Bvp 1569402098,62262 15,07813
E4_Bvp 1569402098,63825 17,03668
E4_Bvp 1569402098,65387 18,30768
E4_Bvp 1569402098,6695 18,93134
E4_Bvp 1569402098,68513 18,91571
E4_Bvp 1569402098,70075 18,35162
E4_Bvp 1569402098,71638 17,35999
E4_Bvp 1569402098,732 16,12915
E4_Bvp 1569402098,74763 14,87646
E4_Bvp 1569402098,76325 13,7832
E4_Bvp 1569402098,77888 12,94757
E4_Bvp 1569402098,79451 12,45947
E4_Bvp 1569402098,81013 12,37677
E4_Bvp 1569402098,82576 12,72351
E4_Bvp 1569402098,84138 13,42023
E4_Bvp 1569402098,85701 14,33374
E4_Bvp 1569402098,87263 15,21008
E4_Bvp 1569402098,88826 15,83362
E4_Bvp 1569402098,90389 15,98706
E4_Bvp 1569402098,91951 15,53235
E4_Bvp 1569402098,93514 14,45569
E4_Bvp 1569402098,95076 12,7688
E4_Bvp 1569402098,96639 10,54047
E4_Bvp 1569402098,98201 7,891113
E4_Bvp 1569402098,99764 5,018005
E4_Bvp 1569402099,01327 2,131165
E4_Bvp 1569402099,02889 -0,5185547
E4_Bvp 1569402099,04452 -2,80542
E4_Bvp 1569402099,06014 -4,765015
E4_Bvp 1569402099,07577 -6,464783
E4_Bvp 1569402099,09139 -8,128479
E4_Bvp 1569402099,10702 -9,880127
E4_Bvp 1569402099,12265 -11,75031
E4_Bvp 1569402099,13827 -13,65009
E4_Bvp 1569402099,1539 -15,39819
E4_Bvp 1569402099,16952 -16,80273
E4_Bvp 1569402099,18515 -17,81647
E4_Bvp 1569402099,20077 -18,49988
E4_Bvp 1569402099,2164 -19,00818
E4_Bvp 1569402099,23203 -19,69855
E4_Bvp 1569402099,24765 -20,90424
E4_Bvp 1569402099,26328 -22,87372
E4_Bvp 1569402099,2789 -25,61566
E4_Bvp 1569402099,29453 -28,74207
E4_Bvp 1569402099,31015 -31,46991
E4_Bvp 1569402099,32578 -32,83081
E4_Bvp 1569402099,34141 -31,95135
E4_Bvp 1569402099,35703 -28,3645
E4_Bvp 1569402099,37266 -22,27942
E4_Bvp 1569402099,38828 -14,46497
E4_Bvp 1569402099,40391 -5,999268
E4_Bvp 1569402099,41953 2,020264
E4_Bvp 1569402099,43516 8,813293
E4_Bvp 1569402099,45079 14,05237
E4_Bvp 1569402099,46641 17,7887
E4_Gsr 1569402097,775 0,132252
E4_Gsr 1569402098,025 0,1258449
E4_Gsr 1569402098,275 0,1335334
E4_Gsr 1569402098,525 0,1335334
E4_Gsr 1569402098,775 0,1335334
E4_Gsr 1569402099,025 0,1296892
E4_Bvp 1569402099,48204 20,31073
E4_Bvp 1569402099,49766 21,92291
E4_Bvp 1569402099,51329 22,77081
E4_Bvp 1569402099,52891 22,92902
E4_Bvp 1569402099,54454 22,36505
E4_Bvp 1569402099,56017 21,03363
E4_Bvp 1569402099,57579 19,03992
E4_Bvp 1569402099,59142 16,61664
E4_Bvp 1569402099,60704 14,09283
E4_Bvp 1569402099,62267 11,86377
E4_Bvp 1569402099,63829 10,24988
E4_Bvp 1569402099,65392 9,421143
E4_Bvp 1569402099,66955 9,39801
E4_Bvp 1569402099,68517 10,06049
E4_Bvp 1569402099,7008 11,1413
E4_Bvp 1569402099,71642 12,43787
E4_Bvp 1569402099,73205 13,75763
E4_Bvp 1569402099,74767 14,90851
E4_Bvp 1569402099,7633 15,6969
E4_Bvp 1569402099,77893 15,88379
E4_Bvp 1569402099,79455 15,20728
E4_Bvp 1569402099,81018 13,59625
E4_Bvp 1569402099,8258 11,23413
E4_Bvp 1569402099,84143 8,516663
E4_Bvp 1569402099,85705 5,956909
E4_Bvp 1569402099,87268 3,908081
E4_Bvp 1569402099,88831 2,415344
E4_Bvp 1569402099,90393 1,243103
E4_Bvp 1569402099,91956 0,004760742
E4_Bvp 1569402099,93518 -1,68927
E4_Bvp 1569402099,95081 -3,995056
E4_Bvp 1569402099,96643 -6,779541
E4_Bvp 1569402099,98206 -9,733826
