E4_Bvp 1567682408,53058 -5,196372
E4_Bvp 1567682408,54621 -6,346213
E4_Bvp 1567682408,56183 -7,515089
E4_Bvp 1567682408,57746 -8,458973
E4_Bvp 1567682408,59308 -9,02754
E4_Bvp 1567682408,60871 -9,231632
E4_Bvp 1567682408,62434 -9,260825
E4_Bvp 1567682408,63996 -9,364383
E4_Bvp 1567682408,65559 -9,723231
E4_Bvp 1567682408,67121 -10,38485
E4_Bvp 1567682408,68684 -11,29899
E4_Gsr 1567682406,961 0,124556
E4_Gsr 1567682407,211 0,124556
E4_Gsr 1567682407,461 0,1194307
E4_Gsr 1567682407,711 0,120712
E4_Gsr 1567682407,961 0,1219933
E4_Gsr 1567682408,211 0,1219933
E4_Bvp 1567682408,70246 -12,28557
E4_Bvp 1567682408,71809 -13,15653
E4_Bvp 1567682408,73372 -13,65743
E4_Bvp 1567682408,74934 -13,41158
E4_Bvp 1567682408,76497 -12,06283
E4_Bvp 1567682408,78059 -9,434024
E4_Bvp 1567682408,79622 -5,73022
E4_Bvp 1567682408,81184 -1,603272
E4_Bvp 1567682408,82747 1,991211
E4_Bvp 1567682408,8431 4,232896
E4_Bvp 1567682408,85872 4,774039
E4_Bvp 1567682408,87435 3,974472
E4_Bvp 1567682408,88997 2,752507
E4_Bvp 1567682408,9056 2,128058
E4_Bvp 1567682408,92122 2,721752
E4_Bvp 1567682408,93685 4,469217
E4_Bvp 1567682408,95248 6,780181
E4_Bvp 1567682408,9681 8,83865
E4_Bvp 1567682408,98373 10,0953
E4_Bvp 1567682408,99935 10,47463
E4_Bvp 1567682409,01498 10,30885
E4_Bvp 1567682409,0306 10,06875
E4_Bvp 1567682409,04623 10,06805
E4_Bvp 1567682409,06186 10,33605
E4_Bvp 1567682409,07748 10,68747
E4_Bvp 1567682409,09311 10,91059
E4_Bvp 1567682409,10873 10,87498
E4_Bvp 1567682409,12436 10,56291
E4_Bvp 1567682409,13998 10,01147
E4_Bvp 1567682409,15561 9,241266
E4_Bvp 1567682409,17124 8,22055
E4_Bvp 1567682409,18686 6,924164
E4_Bvp 1567682409,20249 5,430071
E4_Bvp 1567682409,21811 3,92463
E4_Bvp 1567682409,23374 2,636988
E4_Bvp 1567682409,24936 1,723631
E4_Bvp 1567682409,26499 1,242626
E4_Bvp 1567682409,28062 1,162016
E4_Bvp 1567682409,29624 1,390897
E4_Bvp 1567682409,31187 1,870658
E4_Bvp 1567682409,32749 2,545369
E4_Bvp 1567682409,34312 3,279706
E4_Bvp 1567682409,35874 3,862738
E4_Bvp 1567682409,37437 4,06606
E4_Temperature 1567682407,30888 33,47
E4_Temperature 1567682407,55889 33,47
E4_Temperature 1567682407,8089 33,47
E4_Temperature 1567682408,05891 33,47
E4_Temperature 1567682408,30892 33,45
E4_Temperature 1567682408,55893 33,45
E4_Temperature 1567682408,80895 33,45
E4_Temperature 1567682409,05896 33,45
E4_Bvp 1567682409,39 3,745389
E4_Bvp 1567682409,40562 2,960184
E4_Bvp 1567682409,42125 1,968874
E4_Bvp 1567682409,43687 1,059108
E4_Bvp 1567682409,4525 0,4409122
E4_Bvp 1567682409,46812 0,1325436
E4_Bvp 1567682409,48375 -0,06330323
E4_Bvp 1567682409,49938 -0,3757336
E4_Bvp 1567682409,515 -0,9434688
E4_Bvp 1567682409,53063 -1,767601
E4_Bvp 1567682409,54625 -2,726048
E4_Bvp 1567682409,56188 -3,670448
E4_Bvp 1567682409,5775 -4,524694
E4_Bvp 1567682409,59313 -5,257506
E4_Bvp 1567682409,60876 -5,8283
E4_Bvp 1567682409,62438 -6,250581
E4_Bvp 1567682409,64001 -6,535754
E4_Bvp 1567682409,65563 -6,772346
E4_Bvp 1567682409,67126 -7,129335
E4_Bvp 1567682409,68688 -7,788538
E4_Bvp 1567682409,70251 -8,888853
E4_Bvp 1567682409,71814 -10,44401
E4_Bvp 1567682409,73376 -12,30136
E4_Bvp 1567682409,74939 -14,16289
E4_Bvp 1567682409,76501 -15,62184
E4_Bvp 1567682409,78064 -16,18603
E4_Bvp 1567682409,79626 -15,40888
E4_Bvp 1567682409,81189 -13,08722
E4_Bvp 1567682409,82752 -9,421843
E4_Bvp 1567682409,84314 -5,106405
E4_Bvp 1567682409,85877 -1,133967
E4_Bvp 1567682409,87439 1,594635
E4_Bvp 1567682409,89002 2,690664
E4_Bvp 1567682409,90564 2,438441
E4_Bvp 1567682409,92127 1,68604
E4_Bvp 1567682409,9369 1,374857
E4_Bvp 1567682409,95252 2,092278
E4_Bvp 1567682409,96815 3,799695
E4_Bvp 1567682409,98377 5,947831
E4_Bvp 1567682409,9994 7,840374
E4_Bvp 1567682410,01502 9,030752
E4_Bvp 1567682410,03065 9,488832
E4_Bvp 1567682410,04628 9,470411
E4_Bvp 1567682410,0619 9,308092
E4_Bvp 1567682410,07753 9,210546
E4_Bvp 1567682410,09315 9,207623
E4_Bvp 1567682410,10878 9,219471
E4_Bvp 1567682410,1244 9,212138
E4_Bvp 1567682410,14003 9,207578
E4_Bvp 1567682410,15566 9,280644
E4_Bvp 1567682410,17128 9,459015
E4_Bvp 1567682410,18691 9,664324
E4_Bvp 1567682410,20253 9,751827
E4_Bvp 1567682410,21816 9,593859
E4_Bvp 1567682410,23378 9,160193
E4_Gsr 1567682408,461 0,1181493
E4_Gsr 1567682408,711 0,120712
E4_Gsr 1567682408,961 0,1219933
E4_Gsr 1567682409,211 0,1181493
E4_Gsr 1567682409,461 0,1181493
E4_Gsr 1567682409,711 0,1181493
E4_Bvp 1567682410,24941 8,503151
E4_Bvp 1567682410,26504 7,725572
E4_Bvp 1567682410,28066 6,895612
E4_Bvp 1567682410,29629 6,05094
E4_Bvp 1567682410,31191 5,222473
E4_Bvp 1567682410,32754 4,479091
E4_Bvp 1567682410,34317 3,924906
E4_Bvp 1567682410,35879 3,596289
E4_Bvp 1567682410,37442 3,390429
E4_Bvp 1567682410,39004 3,088348
E4_Bvp 1567682410,40567 2,442063
E4_Bvp 1567682410,42129 1,307304
E4_Bvp 1567682410,43692 -0,2312517
E4_Bvp 1567682410,45255 -1,821468
E4_Bvp 1567682410,46817 -3,022386
E4_Bvp 1567682410,4838 -3,461301
E4_Bvp 1567682410,49942 -3,066754
E4_Bvp 1567682410,51505 -2,114271
E4_Bvp 1567682410,53067 -1,128567
E4_Bvp 1567682410,5463 -0,599987
E4_Bvp 1567682410,56193 -0,8638153
E4_Bvp 1567682410,57755 -1,941481
E4_Bvp 1567682410,59318 -3,51792
E4_Bvp 1567682410,6088 -5,139516
E4_Bvp 1567682410,62443 -6,328964
E4_Bvp 1567682410,64005 -6,880161
E4_Bvp 1567682410,65568 -6,861181
E4_Bvp 1567682410,67131 -6,607878
E4_Bvp 1567682410,68693 -6,452269
E4_Bvp 1567682410,70256 -6,699479
E4_Bvp 1567682410,71818 -7,462121
E4_Bvp 1567682410,73381 -8,642427
E4_Bvp 1567682410,74943 -10,04004
E4_Bvp 1567682410,76506 -11,33166
E4_Bvp 1567682410,78069 -12,17989
E4_Bvp 1567682410,79631 -12,23517
E4_Bvp 1567682410,81194 -11,24669
E4_Bvp 1567682410,82756 -9,145182
E4_Bvp 1567682410,84319 -6,202913
E4_Bvp 1567682410,85881 -2,981305
E4_Bvp 1567682410,87444 -0,2012277
E4_Bvp 1567682410,89007 1,544105
E4_Bvp 1567682410,90569 2,045131
E4_Bvp 1567682410,92132 1,538267
E4_Bvp 1567682410,93694 0,6287093
E4_Bvp 1567682410,95257 -0,01178122
E4_Bvp 1567682410,96819 0,1011891
E4_Bvp 1567682410,98382 1,044207
E4_Bvp 1567682410,99945 2,528889
E4_Bvp 1567682411,01507 4,117202
E4_Bvp 1567682411,0307 5,357391
E4_Bvp 1567682411,04632 6,019097
E4_Bvp 1567682411,06195 6,118697
E4_Bvp 1567682411,07757 5,857853
E4_Bvp 1567682411,0932 5,513834
E4_Bvp 1567682411,10883 5,308496
E4_Bvp 1567682411,12445 5,335179
E4_Bvp 1567682411,14008 5,572265
E4_Bvp 1567682411,1557 5,964274
E4_Bvp 1567682411,17133 6,39009
E4_Bvp 1567682411,18695 6,807065
E4_Bvp 1567682411,20258 7,198846
E4_Bvp 1567682411,21821 7,569359
E4_Bvp 1567682411,23383 7,935039
E4_Bvp 1567682411,24946 8,27825
E4_Bvp 1567682411,26508 8,554897
E4_Bvp 1567682411,28071 8,725971
E4_Bvp 1567682411,29633 8,77985
E4_Bvp 1567682411,31196 8,670065
E4_Bvp 1567682411,32759 8,387053
E4_Bvp 1567682411,34321 7,938437
E4_Bvp 1567682411,35884 7,357497
E4_Bvp 1567682411,37446 6,684169
E4_Bvp 1567682411,39009 6,009178
E4_Bvp 1567682411,40571 5,402978
E4_Bvp 1567682411,42134 4,900462
E4_Bvp 1567682411,43697 4,50479
E4_Temperature 1567682409,30897 33,45
E4_Temperature 1567682409,55898 33,45
E4_Temperature 1567682409,80899 33,45
E4_Temperature 1567682410,059 33,45
E4_Temperature 1567682410,30902 33,45
E4_Temperature 1567682410,55903 33,45
E4_Temperature 1567682410,80904 33,45
E4_Temperature 1567682411,05905 33,45
E4_Bvp 1567682411,45259 4,133661
E4_Bvp 1567682411,46822 3,69601
E4_Bvp 1567682411,48384 3,10357
E4_Bvp 1567682411,49947 2,286023
E4_Bvp 1567682411,51509 1,198668
E4_Bvp 1567682411,53072 -0,1005313
E4_Bvp 1567682411,54635 -1,526903
E4_Bvp 1567682411,56197 -2,925686
E4_Bvp 1567682411,5776 -4,124815
E4_Bvp 1567682411,59322 -5,002411
E4_Bvp 1567682411,60885 -5,507691
E4_Bvp 1567682411,62447 -5,70657
E4_Bvp 1567682411,6401 -5,784956
E4_Bvp 1567682411,65573 -6,0004
E4_Bvp 1567682411,67135 -6,582344
E4_Bvp 1567682411,68698 -7,678065
E4_Bvp 1567682411,7026 -9,196488
E4_Bvp 1567682411,71823 -10,85585
E4_Bvp 1567682411,73385 -12,18134
E4_Bvp 1567682411,74948 -12,60461
E4_Bvp 1567682411,76511 -11,68697
E4_Bvp 1567682411,78073 -9,335541
E4_Gsr 1567682409,961 0,1194307
E4_Gsr 1567682410,211 0,1194307
E4_Gsr 1567682410,461 0,1181493
E4_Gsr 1567682410,711 0,1181493
E4_Gsr 1567682410,961 0,1181493
E4_Gsr 1567682411,211 0,1155867
E4_Bvp 1567682411,79636 -5,897288
E4_Bvp 1567682411,81198 -2,158577
E4_Bvp 1567682411,82761 0,9793978
E4_Bvp 1567682411,84323 2,843936
E4_Bvp 1567682411,85886 3,288479
E4_Bvp 1567682411,87449 2,752832
E4_Bvp 1567682411,89011 2,021526
E4_Bvp 1567682411,90574 1,852503
E4_Bvp 1567682411,92136 2,547465
E4_Bvp 1567682411,93699 3,93641
E4_Bvp 1567682411,95261 5,365023
E4_Bvp 1567682411,96824 6,216592
E4_Bvp 1567682411,98387 6,138684
E4_Bvp 1567682411,99949 5,24824
E4_Bvp 1567682412,01512 3,992615
E4_Bvp 1567682412,03074 2,860743
E4_Bvp 1567682412,04637 2,17485
E4_Bvp 1567682412,06199 1,929014
E4_Bvp 1567682412,07762 1,954408
E4_Bvp 1567682412,09325 1,957816
E4_Bvp 1567682412,10887 1,841105
E4_Bvp 1567682412,1245 1,642895
E4_Bvp 1567682412,14012 1,572865
E4_Bvp 1567682412,15575 1,841382
E4_Bvp 1567682412,17137 2,51127
E4_Bvp 1567682412,187 3,434278
E4_Bvp 1567682412,20263 4,299828
E4_Bvp 1567682412,21825 4,838169
E4_Bvp 1567682412,23388 4,830412
E4_Bvp 1567682412,2495 4,311527
E4_Bvp 1567682412,26513 3,4578
E4_Bvp 1567682412,28075 2,515507
E4_Bvp 1567682412,29638 1,727898
E4_Bvp 1567682412,31201 1,19961
E4_Bvp 1567682412,32763 0,9233551
E4_Bvp 1567682412,34326 0,7366257
E4_Bvp 1567682412,35888 0,51231
E4_Bvp 1567682412,37451 0,1020222
E4_Bvp 1567682412,39013 -0,57728
E4_Bvp 1567682412,40576 -1,516125
E4_Bvp 1567682412,42139 -2,720716
E4_Bvp 1567682412,43701 -4,023088
E4_Bvp 1567682412,45264 -5,288378
E4_Bvp 1567682412,46826 -6,292662
E4_Bvp 1567682412,48389 -6,924587
E4_Bvp 1567682412,49951 -7,184805
E4_Bvp 1567682412,51514 -7,212811
E4_Bvp 1567682412,53077 -7,262209
E4_Bvp 1567682412,54639 -7,552427
E4_Bvp 1567682412,56202 -8,262459
E4_Bvp 1567682412,57764 -9,322826
E4_Bvp 1567682412,59327 -10,61814
E4_Bvp 1567682412,6089 -11,82487
E4_Bvp 1567682412,62452 -12,58766
E4_Bvp 1567682412,64015 -12,50331
E4_Bvp 1567682412,65577 -11,19814
E4_Bvp 1567682412,6714 -8,511925
E4_Bvp 1567682412,68702 -4,651148
E4_Bvp 1567682412,70265 -0,3440647
E4_Bvp 1567682412,71828 3,45373
E4_Bvp 1567682412,7339 5,81352
E4_Bvp 1567682412,74953 6,382456
E4_Bvp 1567682412,76515 5,52319
E4_Bvp 1567682412,78078 4,204027
E4_Bvp 1567682412,7964 3,451458
E4_Bvp 1567682412,81203 3,838362
E4_Bvp 1567682412,82766 5,247738
E4_Bvp 1567682412,84328 6,896406
E4_Bvp 1567682412,85891 7,88809
E4_Bvp 1567682412,87453 7,638254
E4_Bvp 1567682412,89016 6,151495
E4_Bvp 1567682412,90578 3,916407
E4_Bvp 1567682412,92141 1,613302
E4_Bvp 1567682412,93704 -0,1659393
E4_Bvp 1567682412,95266 -1,147448
E4_Bvp 1567682412,96829 -1,319931
E4_Bvp 1567682412,98391 -0,9244289
E4_Bvp 1567682412,99954 -0,2797127
E4_Bvp 1567682413,01516 0,2744484
E4_Bvp 1567682413,03079 0,5610313
E4_Bvp 1567682413,04642 0,4925728
E4_Bvp 1567682413,06204 0,1332302
E4_Bvp 1567682413,07767 -0,3354206
E4_Bvp 1567682413,09329 -0,731144
E4_Bvp 1567682413,10892 -0,9225197
E4_Bvp 1567682413,12454 -0,8872013
E4_Bvp 1567682413,14017 -0,6425838
E4_Bvp 1567682413,1558 -0,246315
E4_Gsr 1567682411,461 0,116868
E4_Gsr 1567682411,711 0,116868
E4_Gsr 1567682411,961 0,116868
E4_Gsr 1567682412,211 0,1155867
E4_Gsr 1567682412,461 0,1194307
E4_Gsr 1567682412,711 0,1194307
E4_Bvp 1567682413,17142 0,3129501
E4_Bvp 1567682413,18705 1,027657
E4_Bvp 1567682413,20267 1,841793
E4_Bvp 1567682413,2183 2,563248
E4_Bvp 1567682413,23392 2,912271
E4_Bvp 1567682413,24955 2,59396
E4_Bvp 1567682413,26518 1,418957
E4_Bvp 1567682413,2808 -0,5230484
E4_Bvp 1567682413,29643 -2,878712
E4_Bvp 1567682413,31205 -5,137161
E4_Bvp 1567682413,32768 -6,842995
E4_Temperature 1567682411,30906 33,47
E4_Temperature 1567682411,55907 33,47
E4_Temperature 1567682411,80908 33,47
E4_Temperature 1567682412,0591 33,47
E4_Temperature 1567682412,30911 33,47
E4_Temperature 1567682412,55912 33,47
E4_Temperature 1567682412,80913 33,47
E4_Temperature 1567682413,05914 33,47
E4_Bvp 1567682413,3433 -7,754519
E4_Bvp 1567682413,35893 -7,942484
E4_Bvp 1567682413,37456 -7,718761
E4_Bvp 1567682413,39018 -7,505062
E4_Bvp 1567682413,40581 -7,621876
E4_Bvp 1567682413,42143 -8,163342
E4_Bvp 1567682413,43706 -9,039074
E4_Bvp 1567682413,45268 -10,02097
E4_Bvp 1567682413,46831 -10,8657
E4_Bvp 1567682413,48394 -11,35805
E4_Bvp 1567682413,49956 -11,26175
E4_Bvp 1567682413,51519 -10,41575
E4_Bvp 1567682413,53081 -8,688725
E4_Bvp 1567682413,54644 -6,114239
E4_Bvp 1567682413,56206 -3,006401
E4_Bvp 1567682413,57769 0,04254532
E4_Bvp 1567682413,59332 2,405867
E4_Bvp 1567682413,60894 3,641092
E4_Bvp 1567682413,62457 3,766056
E4_Bvp 1567682413,64019 3,309469
E4_Bvp 1567682413,65582 2,961094
E4_Bvp 1567682413,67144 3,32832
E4_Bvp 1567682413,68707 4,556091
E4_Bvp 1567682413,7027 6,320019
E4_Bvp 1567682413,71832 7,946163
E4_Bvp 1567682413,73395 8,837971
E4_Bvp 1567682413,74957 8,680538
E4_Bvp 1567682413,7652 7,606298
E4_Bvp 1567682413,78082 6,053225
E4_Bvp 1567682413,79645 4,516399
E4_Bvp 1567682413,81208 3,403349
E4_Bvp 1567682413,8277 2,873377
E4_Bvp 1567682413,84333 2,831882
E4_Bvp 1567682413,85895 3,015148
E4_Bvp 1567682413,87458 3,191011
E4_Bvp 1567682413,8902 3,199993
E4_Bvp 1567682413,90583 3,049152
E4_Bvp 1567682413,92146 2,884604
E4_Bvp 1567682413,93708 2,836214
E4_Bvp 1567682413,95271 2,967237
E4_Bvp 1567682413,96833 3,186192
E4_Bvp 1567682413,98396 3,3428
E4_Bvp 1567682413,99958 3,303307
E4_Bvp 1567682414,01521 3,045218
E4_Bvp 1567682414,03084 2,60561
E4_Bvp 1567682414,04646 2,036131
E4_Bvp 1567682414,06209 1,367781
E4_Bvp 1567682414,07771 0,5536194
E4_Bvp 1567682414,09334 -0,3706818
E4_Bvp 1567682414,10896 -1,360054
E4_Bvp 1567682414,12459 -2,284952
E4_Bvp 1567682414,14022 -2,998938
E4_Bvp 1567682414,15584 -3,398354
E4_Bvp 1567682414,17147 -3,509979
E4_Bvp 1567682414,18709 -3,470392
E4_Bvp 1567682414,20272 -3,455873
E4_Bvp 1567682414,21834 -3,617136
E4_Bvp 1567682414,23397 -3,966879
E4_Bvp 1567682414,2496 -4,473568
E4_Bvp 1567682414,26522 -5,077448
E4_Bvp 1567682414,28085 -5,724253
E4_Bvp 1567682414,29647 -6,408554
E4_Bvp 1567682414,3121 -7,152525
E4_Bvp 1567682414,32772 -7,977518
E4_Bvp 1567682414,34335 -8,922495
E4_Bvp 1567682414,35898 -10,03221
E4_Bvp 1567682414,3746 -11,33304
E4_Bvp 1567682414,39023 -12,76306
E4_Bvp 1567682414,40585 -14,11736
E4_Bvp 1567682414,42148 -14,96987
E4_Bvp 1567682414,4371 -14,77064
E4_Bvp 1567682414,45273 -13,04916
E4_Bvp 1567682414,46836 -9,702848
E4_Bvp 1567682414,48398 -5,17531
E4_Bvp 1567682414,49961 -0,4138565
E4_Bvp 1567682414,51523 3,478226
E4_Bvp 1567682414,53086 5,703846
E4_Bvp 1567682414,54648 6,103067
E4_Bvp 1567682414,56211 5,15992
E4_Bvp 1567682414,57774 3,751818
E4_Bvp 1567682414,59336 2,68737
E4_Bvp 1567682414,60899 2,3885
E4_Bvp 1567682414,62461 2,753721
E4_Bvp 1567682414,64024 3,326817
E4_Bvp 1567682414,65586 3,656137
E4_Bvp 1567682414,67149 3,573616
E4_Bvp 1567682414,68712 3,255625
E4_Bvp 1567682414,70274 3,083796
E4_Gsr 1567682412,961 0,1219933
E4_Gsr 1567682413,211 0,1194307
E4_Gsr 1567682413,461 0,116868
E4_Gsr 1567682413,711 0,1155867
E4_Gsr 1567682413,961 0,1143053
E4_Gsr 1567682414,211 0,116868
E4_Bvp 1567682414,71837 3,401337
E4_Bvp 1567682414,73399 4,322802
E4_Bvp 1567682414,74962 5,693617
E4_Bvp 1567682414,76524 7,174915
E4_Bvp 1567682414,78087 8,388311
E4_Bvp 1567682414,7965 9,120844
E4_Bvp 1567682414,81212 9,315868
E4_Bvp 1567682414,82775 9,047184
E4_Bvp 1567682414,84337 8,426491
E4_Bvp 1567682414,859 7,555578
E4_Bvp 1567682414,87462 6,506311
E4_Bvp 1567682414,89025 5,376307
E4_Bvp 1567682414,90588 4,334261
E4_Bvp 1567682414,9215 3,58399
E4_Bvp 1567682414,93713 3,319368
E4_Bvp 1567682414,95275 3,574286
E4_Bvp 1567682414,96838 4,189989
E4_Bvp 1567682414,984 4,841276
E4_Bvp 1567682414,99963 5,181625
E4_Bvp 1567682415,01526 4,993208
E4_Bvp 1567682415,03088 4,278114
E4_Bvp 1567682415,04651 3,281836
E4_Bvp 1567682415,06213 2,339525
E4_Bvp 1567682415,07776 1,68042
E4_Bvp 1567682415,09338 1,327452
E4_Bvp 1567682415,10901 1,127586
E4_Bvp 1567682415,12464 0,868494
E4_Bvp 1567682415,14026 0,4074898
E4_Bvp 1567682415,15589 -0,263422
E4_Bvp 1567682415,17151 -1,015469
E4_Bvp 1567682415,18714 -1,698914
E4_Bvp 1567682415,20276 -2,240615
E4_Bvp 1567682415,21839 -2,685663
E4_Bvp 1567682415,23402 -3,167534
E4_Bvp 1567682415,24964 -3,818256
E4_Bvp 1567682415,26527 -4,667044
E4_Bvp 1567682415,28089 -5,661276
E4_Bvp 1567682415,29652 -6,660616
E4_Bvp 1567682415,31215 -7,529626
E4_Bvp 1567682415,32777 -8,178253
E4_Bvp 1567682415,3434 -8,607832
E4_Bvp 1567682415,35902 -8,945906
E4_Bvp 1567682415,37465 -9,327987
E4_Bvp 1567682415,39027 -9,877473
E4_Temperature 1567682413,30915 33,49
E4_Temperature 1567682413,55917 33,49
E4_Temperature 1567682413,80918 33,49
E4_Temperature 1567682414,05919 33,49
E4_Temperature 1567682414,3092 33,49
E4_Temperature 1567682414,55921 33,49
E4_Temperature 1567682414,80922 33,49
E4_Temperature 1567682415,05924 33,49
E4_Bvp 1567682415,4059 -10,63277
E4_Bvp 1567682415,42153 -11,56457
E4_Bvp 1567682415,43715 -12,55445
E4_Bvp 1567682415,45278 -13,42833
E4_Bvp 1567682415,4684 -13,9293
E4_Bvp 1567682415,48403 -13,73319
E4_Bvp 1567682415,49965 -12,54283
E4_Bvp 1567682415,51528 -10,12936
E4_Bvp 1567682415,53091 -6,588005
E4_Bvp 1567682415,54653 -2,416167
E4_Bvp 1567682415,56216 1,616797
E4_Bvp 1567682415,57778 4,732614
E4_Bvp 1567682415,59341 6,467588
E4_Bvp 1567682415,60903 6,927328
E4_Bvp 1567682415,62466 6,702078
E4_Bvp 1567682415,64029 6,582088
E4_Bvp 1567682415,65591 7,243032
E4_Bvp 1567682415,67154 8,9543
E4_Bvp 1567682415,68716 11,52302
E4_Bvp 1567682415,70279 14,51889
E4_Bvp 1567682415,71841 17,49307
E4_Bvp 1567682415,73404 20,10133
E4_Bvp 1567682415,74967 22,2359
E4_Bvp 1567682415,76529 23,89801
E4_Bvp 1567682415,78092 25,18055
E4_Bvp 1567682415,79654 26,2805
E4_Bvp 1567682415,81217 27,48544
E4_Bvp 1567682415,82779 29,08063
E4_Bvp 1567682415,84342 31,29901
E4_Bvp 1567682415,85905 34,17631
E4_Bvp 1567682415,87467 37,49309
E4_Bvp 1567682415,8903 40,88576
E4_Bvp 1567682415,90592 44,03952
E4_Bvp 1567682415,92155 46,90756
E4_Bvp 1567682415,93717 49,80307
E4_Bvp 1567682415,9528 53,3159
E4_Bvp 1567682415,96843 58,02613
E4_Bvp 1567682415,98405 64,25508
E4_Bvp 1567682415,99968 71,87634
E4_Bvp 1567682416,0153 80,38194
E4_Bvp 1567682416,03093 89,06174
E4_Bvp 1567682416,04655 97,32984
E4_Bvp 1567682416,06218 104,8505
E4_Bvp 1567682416,07781 111,5758
E4_Bvp 1567682416,09343 117,7135
E4_Bvp 1567682416,10906 123,522
E4_Bvp 1567682416,12468 129,2956
E4_Bvp 1567682416,14031 135,2631
E4_Bvp 1567682416,15593 141,5725
E4_Bvp 1567682416,17156 148,1957
E4_Bvp 1567682416,18719 154,8487
E4_Bvp 1567682416,20281 161,0399
E4_Bvp 1567682416,21844 166,2214
E4_Bvp 1567682416,23406 170,0178
E4_Bvp 1567682416,24969 172,3692
E4_Gsr 1567682414,461 0,1117427
E4_Gsr 1567682414,711 0,1194307
E4_Gsr 1567682414,961 0,120712
E4_Gsr 1567682415,211 0,1194307
E4_Gsr 1567682415,461 0,1194307
E4_Gsr 1567682415,711 0,120712
E4_Bvp 1567682416,26531 173,5313
E4_Bvp 1567682416,28094 173,8325
E4_Bvp 1567682416,29657 173,3883
E4_Bvp 1567682416,31219 171,8886
E4_Bvp 1567682416,32782 168,5559
E4_Bvp 1567682416,34344 162,2611
E4_Bvp 1567682416,35907 151,8335
E4_Bvp 1567682416,37469 136,3355
E4_Bvp 1567682416,39032 115,1819
E4_Bvp 1567682416,40595 88,33228
E4_Bvp 1567682416,42157 56,36084
E4_Bvp 1567682416,4372 20,39212
E4_Bvp 1567682416,45282 -17,94055
E4_Bvp 1567682416,46845 -56,87994
E4_Bvp 1567682416,48407 -95,03827
E4_Bvp 1567682416,4997 -131,8465
E4_Bvp 1567682416,51533 -167,6858
E4_Bvp 1567682416,53095 -203,4919
E4_Bvp 1567682416,54658 -239,8248
E4_Bvp 1567682416,5622 -276,0705
E4_Bvp 1567682416,57783 -310,2955
E4_Bvp 1567682416,59345 -339,5549
E4_Bvp 1567682416,60908 -361,0046
E4_Bvp 1567682416,62471 -372,8596
E4_Bvp 1567682416,64033 -374,792
E4_Bvp 1567682416,65596 -367,5373
E4_Bvp 1567682416,67158 -352,25
E4_Bvp 1567682416,68721 -330,0989
E4_Bvp 1567682416,70283 -302,3412
E4_Bvp 1567682416,71846 -271,1024
E4_Bvp 1567682416,73409 -239,8844
E4_Bvp 1567682416,74971 -213,3496
E4_Bvp 1567682416,76534 -196,2115
E4_Bvp 1567682416,78096 -191,6224
E4_Bvp 1567682416,79659 -199,9008
E4_Bvp 1567682416,81221 -218,4238
E4_Bvp 1567682416,82784 -242,6839
E4_Bvp 1567682416,84347 -267,9801
E4_Bvp 1567682416,85909 -290,8004
E4_Bvp 1567682416,87472 -309,1658
E4_Bvp 1567682416,89034 -322,0454
E4_Bvp 1567682416,90597 -328,2742
E4_Bvp 1567682416,92159 -325,9891
E4_Bvp 1567682416,93722 -313,0094
E4_Bvp 1567682416,95285 -288,0816
E4_Bvp 1567682416,96847 -252,053
E4_Bvp 1567682416,9841 -208,2604
E4_Bvp 1567682416,99972 -161,6536
E4_Bvp 1567682417,01535 -117,0976
E4_Bvp 1567682417,03097 -77,80286
E4_Bvp 1567682417,0466 -44,55331
E4_Bvp 1567682417,06223 -16,04108
E4_Bvp 1567682417,07785 10,07318
E4_Bvp 1567682417,09348 36,02441
E4_Bvp 1567682417,1091 63,28522
E4_Bvp 1567682417,12473 92,49368
E4_Bvp 1567682417,14035 123,7768
E4_Bvp 1567682417,15598 156,8087
E4_Bvp 1567682417,17161 190,68
E4_Bvp 1567682417,18723 223,657
E4_Bvp 1567682417,20286 253,4029
E4_Bvp 1567682417,21848 277,2718
E4_Bvp 1567682417,23411 292,6537
E4_Bvp 1567682417,24973 297,428
E4_Bvp 1567682417,26536 290,4436
E4_Bvp 1567682417,28099 271,8587
E4_Temperature 1567682415,30925 33,47
E4_Temperature 1567682415,55926 33,47
E4_Temperature 1567682415,80927 33,47
E4_Temperature 1567682416,05928 33,47
E4_Temperature 1567682416,30929 33,47
E4_Temperature 1567682416,5593 33,47
E4_Temperature 1567682416,80932 33,47
E4_Temperature 1567682417,05933 33,47
E4_Bvp 1567682417,29661 243,3607
E4_Bvp 1567682417,31224 207,9512
E4_Bvp 1567682417,32786 169,2725
E4_Bvp 1567682417,34349 130,8109
E4_Bvp 1567682417,35911 95,26673
E4_Bvp 1567682417,37474 64,51749
E4_Bvp 1567682417,39037 39,87837
E4_Bvp 1567682417,40599 22,60705
E4_Bvp 1567682417,42162 13,81284
E4_Bvp 1567682417,43724 13,99849
E4_Bvp 1567682417,45287 22,26026
E4_Bvp 1567682417,4685 35,98516
E4_Bvp 1567682417,48412 51,2574
E4_Bvp 1567682417,49975 63,95669
E4_Bvp 1567682417,51537 71,28055
E4_Bvp 1567682417,531 72,48425
E4_Bvp 1567682417,54662 68,78172
E4_Bvp 1567682417,56225 62,26109
E4_Bvp 1567682417,57788 54,97176
E4_Bvp 1567682417,5935 48,28763
E4_Bvp 1567682417,60913 42,8655
E4_Bvp 1567682417,62475 38,90128
E4_Bvp 1567682417,64038 36,45901
E4_Bvp 1567682417,656 35,66647
E4_Bvp 1567682417,67163 36,5951
E4_Bvp 1567682417,68726 39,08329
E4_Bvp 1567682417,70288 42,46873
E4_Bvp 1567682417,71851 45,63766
E4_Bvp 1567682417,73413 47,24105
E4_Bvp 1567682417,74976 46,07442
E4_Bvp 1567682417,76538 41,6228
E4_Bvp 1567682417,78101 34,27823
E4_Bvp 1567682417,79664 25,28249
E4_Gsr 1567682415,961 0,1181493
E4_Gsr 1567682416,211 0,1194307
E4_Gsr 1567682416,461 0,1181493
E4_Gsr 1567682416,711 0,1155867
E4_Gsr 1567682416,961 0,116868
E4_Gsr 1567682417,211 0,116868
E4_Bvp 1567682417,81226 16,26042
E4_Bvp 1567682417,82789 8,629395
E4_Bvp 1567682417,84351 3,157806
E4_Bvp 1567682417,85914 -0,2173004
E4_Bvp 1567682417,87476 -2,019257
E4_Bvp 1567682417,89039 -2,897369
E4_Bvp 1567682417,90602 -3,2836
E4_Bvp 1567682417,92164 -3,308044
E4_Bvp 1567682417,93727 -2,971558
E4_Bvp 1567682417,95289 -2,39653
E4_Bvp 1567682417,96852 -1,861328
E4_Bvp 1567682417,98414 -1,695938
E4_Bvp 1567682417,99977 -2,088028
E4_Bvp 1567682418,0154 -2,903946
E4_Bvp 1567682418,03102 -3,706421
E4_Bvp 1567682418,04665 -4,011353
E4_Bvp 1567682418,06227 -3,528397
E4_Bvp 1567682418,0779 -2,308151
E4_Bvp 1567682418,09352 -0,7449799
E4_Bvp 1567682418,10915 0,6677704
E4_Bvp 1567682418,12478 1,538361
E4_Bvp 1567682418,1404 1,777863
E4_Bvp 1567682418,15603 1,596222
E4_Bvp 1567682418,17165 1,363327
E4_Bvp 1567682418,18728 1,441086
E4_Bvp 1567682418,2029 2,126007
E4_Bvp 1567682418,21853 3,536255
E4_Bvp 1567682418,23416 5,687592
E4_Bvp 1567682418,24978 8,442886
E4_Bvp 1567682418,26541 11,50197
E4_Bvp 1567682418,28103 14,36224
E4_Bvp 1567682418,29666 16,40947
E4_Bvp 1567682418,31228 17,06346
E4_Bvp 1567682418,32791 15,99715
E4_Bvp 1567682418,34354 13,37503
E4_Bvp 1567682418,35916 9,808121
E4_Bvp 1567682418,37479 6,220215
E4_Bvp 1567682418,39041 3,549911
E4_Bvp 1567682418,40604 2,429153
E4_Bvp 1567682418,42166 3,002411
E4_Bvp 1567682418,43729 4,988647
E4_Bvp 1567682418,45292 7,785339
E4_Bvp 1567682418,46854 10,78445
E4_Bvp 1567682418,48417 13,50204
E4_Bvp 1567682418,49979 15,69283
E4_Bvp 1567682418,51542 17,25897
E4_Bvp 1567682418,53104 18,2121
E4_Bvp 1567682418,54667 18,54997
E4_Bvp 1567682418,5623 18,32248
E4_Bvp 1567682418,57792 17,68118
E4_Bvp 1567682418,59355 16,90729
E4_Bvp 1567682418,60917 16,39658
E4_Bvp 1567682418,6248 16,39963
E4_Bvp 1567682418,64042 16,80875
E4_Bvp 1567682418,65605 17,14755
E4_Bvp 1567682418,67168 16,76001
E4_Bvp 1567682418,6873 15,11368
E4_Bvp 1567682418,70293 12,15109
E4_Bvp 1567682418,71855 8,238617
E4_Bvp 1567682418,73418 3,966705
E4_Bvp 1567682418,7498 -0,1402588
E4_Bvp 1567682418,76543 -3,884613
E4_Bvp 1567682418,78106 -7,336945
E4_Bvp 1567682418,79668 -10,54681
E4_Bvp 1567682418,81231 -13,26996
E4_Bvp 1567682418,82793 -14,99573
E4_Bvp 1567682418,84356 -15,10876
E4_Bvp 1567682418,85918 -13,35001
E4_Bvp 1567682418,87481 -10,01819
E4_Bvp 1567682418,89044 -5,941681
E4_Bvp 1567682418,90606 -2,115601
E4_Bvp 1567682418,92169 0,7338257
E4_Bvp 1567682418,93731 2,494049
E4_Bvp 1567682418,95294 3,615417
E4_Bvp 1567682418,96856 4,802399
E4_Bvp 1567682418,98419 6,637787
E4_Bvp 1567682418,99982 9,15387
E4_Bvp 1567682419,01544 11,87912
E4_Bvp 1567682419,03107 14,00568
E4_Bvp 1567682419,04669 14,84354
E4_Bvp 1567682419,06232 14,15945
E4_Bvp 1567682419,07794 12,28485
E4_Bvp 1567682419,09357 9,940186
E4_Bvp 1567682419,1092 7,858002
E4_Bvp 1567682419,12482 6,513458
E4_Bvp 1567682419,14045 5,903595
E4_Bvp 1567682419,15607 5,740387
E4_Bvp 1567682419,1717 5,601135
E4_Gsr 1567682417,461 0,1181493
E4_Gsr 1567682417,711 0,1155867
E4_Gsr 1567682417,961 0,1194307
E4_Gsr 1567682418,211 0,116868
E4_Gsr 1567682418,461 0,1194307
E4_Gsr 1567682418,711 0,1194307
E4_Bvp 1567682419,18732 5,264008
E4_Bvp 1567682419,20295 4,77066
E4_Bvp 1567682419,21858 4,365417
E4_Bvp 1567682419,2342 4,239532
E4_Bvp 1567682419,24983 4,400787
E4_Bvp 1567682419,26545 4,6315
E4_Bvp 1567682419,28108 4,570526
E4_Bvp 1567682419,2967 3,968262
E4_Bvp 1567682419,31233 2,829926
E4_Bvp 1567682419,32796 1,413361
E4_Bvp 1567682419,34358 0,1240845
E4_Temperature 1567682417,30934 33,47
E4_Temperature 1567682417,55935 33,47
E4_Temperature 1567682417,80936 33,47
E4_Temperature 1567682418,05937 33,47
E4_Temperature 1567682418,30939 33,49
E4_Temperature 1567682418,5594 33,49
E4_Temperature 1567682418,80941 33,49
E4_Temperature 1567682419,05942 33,49
E4_Bvp 1567682419,35921 -0,7632141
E4_Bvp 1567682419,37483 -1,254211
E4_Bvp 1567682419,39046 -1,659088
E4_Bvp 1567682419,40608 -2,406372
E4_Bvp 1567682419,42171 -3,799774
E4_Bvp 1567682419,43734 -5,836823
E4_Bvp 1567682419,45296 -8,156616
E4_Bvp 1567682419,46859 -10,31827
E4_Bvp 1567682419,48421 -11,89197
E4_Bvp 1567682419,49984 -12,69519
E4_Bvp 1567682419,51546 -12,71509
E4_Bvp 1567682419,53109 -11,94803
E4_Bvp 1567682419,54672 -10,36652
E4_Bvp 1567682419,56234 -7,871735
E4_Bvp 1567682419,57797 -4,439758
E4_Bvp 1567682419,59359 -0,2033386
E4_Bvp 1567682419,60922 4,36618
E4_Bvp 1567682419,62484 8,628357
E4_Bvp 1567682419,64047 11,84637
E4_Bvp 1567682419,6561 13,56186
E4_Bvp 1567682419,67172 13,65634
E4_Bvp 1567682419,68735 12,4747
E4_Bvp 1567682419,70297 10,63263
E4_Bvp 1567682419,7186 8,869568
E4_Bvp 1567682419,73423 7,763794
E4_Bvp 1567682419,74985 7,540344
E4_Bvp 1567682419,76548 8,125549
E4_Bvp 1567682419,7811 9,202454
E4_Bvp 1567682419,79673 10,46564
E4_Bvp 1567682419,81235 11,69086
E4_Bvp 1567682419,82798 12,83313
E4_Bvp 1567682419,84361 13,85956
E4_Bvp 1567682419,85923 14,70731
E4_Bvp 1567682419,87486 15,23022
E4_Bvp 1567682419,89048 15,25708
E4_Bvp 1567682419,90611 14,73184
E4_Bvp 1567682419,92173 13,74228
E4_Bvp 1567682419,93736 12,50085
E4_Bvp 1567682419,95299 11,24963
E4_Bvp 1567682419,96861 10,14456
E4_Bvp 1567682419,98424 9,229401
E4_Bvp 1567682419,99986 8,43103
E4_Bvp 1567682420,01549 7,648376
E4_Bvp 1567682420,03111 6,82785
E4_Bvp 1567682420,04674 6,009491
E4_Bvp 1567682420,06237 5,30722
E4_Bvp 1567682420,07799 4,919434
E4_Bvp 1567682420,09362 5,088593
E4_Bvp 1567682420,10924 6,01886
E4_Bvp 1567682420,12487 7,777649
E4_Bvp 1567682420,14049 10,12927
E4_Bvp 1567682420,15612 12,66174
E4_Bvp 1567682420,17175 14,78662
E4_Bvp 1567682420,18737 16,01587
E4_Bvp 1567682420,203 16,01791
E4_Bvp 1567682420,21862 14,74899
E4_Bvp 1567682420,23425 12,431
E4_Bvp 1567682420,24987 9,386108
E4_Bvp 1567682420,2655 5,994476
E4_Bvp 1567682420,28113 2,579987
E4_Bvp 1567682420,29675 -0,5038757
E4_Bvp 1567682420,31238 -3,006012
E4_Bvp 1567682420,328 -4,640015
E4_Bvp 1567682420,34363 -5,313629
E4_Bvp 1567682420,35925 -5,110413
E4_Bvp 1567682420,37488 -4,268707
E4_Bvp 1567682420,39051 -3,180664
E4_Bvp 1567682420,40613 -2,192932
E4_Bvp 1567682420,42176 -1,604126
E4_Bvp 1567682420,43738 -1,463684
E4_Bvp 1567682420,45301 -1,742371
E4_Bvp 1567682420,46863 -2,199127
E4_Bvp 1567682420,48426 -2,527649
E4_Bvp 1567682420,49989 -2,492493
E4_Bvp 1567682420,51551 -2,063873
E4_Bvp 1567682420,53114 -1,724304
E4_Bvp 1567682420,54676 -2,411469
E4_Bvp 1567682420,56239 -5,334991
E4_Bvp 1567682420,57801 -11,45856
E4_Bvp 1567682420,59364 -21,18405
E4_Bvp 1567682420,60927 -34,24353
E4_Bvp 1567682420,62489 -50,01224
E4_Bvp 1567682420,64052 -67,8299
E4_Bvp 1567682420,65614 -86,92151
E4_Bvp 1567682420,67177 -106,093
E4_Bvp 1567682420,68739 -123,152
E4_Bvp 1567682420,70302 -134,9856
E4_Bvp 1567682420,71865 -138,4963
E4_Gsr 1567682418,961 0,1194307
E4_Gsr 1567682419,211 0,1181493
E4_Gsr 1567682419,461 0,116868
E4_Gsr 1567682419,711 0,1655586
E4_Gsr 1567682419,961 0,1655586
E4_Gsr 1567682420,211 0,1642772
E4_Bvp 1567682420,73427 -132,0966
E4_Bvp 1567682420,7499 -116,918
E4_Bvp 1567682420,76552 -96,72769
E4_Bvp 1567682420,78115 -76,40363
E4_Bvp 1567682420,79677 -59,68494
E4_Bvp 1567682420,8124 -47,66055
E4_Bvp 1567682420,82803 -38,64676
E4_Bvp 1567682420,84365 -29,67319
E4_Bvp 1567682420,85928 -18,67188
E4_Bvp 1567682420,8749 -5,726349
E4_Bvp 1567682420,89053 6,999023
E4_Bvp 1567682420,90615 16,61087
E4_Bvp 1567682420,92178 21,15649
E4_Bvp 1567682420,93741 20,55676
E4_Bvp 1567682420,95303 16,15411
E4_Bvp 1567682420,96866 9,745544
E4_Bvp 1567682420,98428 2,643341
E4_Bvp 1567682420,99991 -4,550079
E4_Bvp 1567682421,01553 -11,45261
E4_Bvp 1567682421,03116 -17,34668
E4_Bvp 1567682421,04679 -21,25671
E4_Bvp 1567682421,06241 -22,62854
E4_Bvp 1567682421,07804 -22,26111
E4_Bvp 1567682421,09366 -22,3558
E4_Bvp 1567682421,10929 -25,45908
E4_Bvp 1567682421,12491 -32,80484
E4_Bvp 1567682421,14054 -43,11404
E4_Bvp 1567682421,15617 -52,68063
E4_Bvp 1567682421,17179 -56,87823
E4_Bvp 1567682421,18742 -52,40399
E4_Bvp 1567682421,20304 -38,49026
E4_Bvp 1567682421,21867 -17,02203
E4_Bvp 1567682421,23429 8,742188
E4_Bvp 1567682421,24992 35,50476
E4_Bvp 1567682421,26555 60,87396
E4_Bvp 1567682421,28117 83,49969
E4_Bvp 1567682421,2968 102,9648
E4_Bvp 1567682421,31242 119,8292
E4_Bvp 1567682421,32805 135,7815
E4_Bvp 1567682421,34367 153,7271
E4_Bvp 1567682421,3593 176,6595
E4_Bvp 1567682421,37493 205,9376
E4_Bvp 1567682421,39055 239,6603
E4_Bvp 1567682421,40618 272,3967
E4_Temperature 1567682419,30943 33,51
E4_Temperature 1567682419,55944 33,51
E4_Temperature 1567682419,80945 33,51
E4_Temperature 1567682420,05947 33,51
E4_Temperature 1567682420,30948 33,49
E4_Temperature 1567682420,55949 33,49
E4_Temperature 1567682420,8095 33,49
E4_Temperature 1567682421,05951 33,49
E4_Bvp 1567682421,4218 296,8851
E4_Bvp 1567682421,43743 306,937
E4_Bvp 1567682421,45305 300,2752
E4_Bvp 1567682421,46868 279,5364
E4_Bvp 1567682421,48431 251,2909
E4_Bvp 1567682421,49993 223,2391
E4_Bvp 1567682421,51556 201,0201
E4_Bvp 1567682421,53118 186,2064
E4_Bvp 1567682421,54681 176,0805
E4_Bvp 1567682421,56243 165,3
E4_Bvp 1567682421,57806 148,2773
E4_Bvp 1567682421,59369 121,473
E4_Bvp 1567682421,60931 84,5369
E4_Bvp 1567682421,62494 40,30603
E4_Bvp 1567682421,64056 -6,366852
E4_Bvp 1567682421,65619 -50,21896
E4_Bvp 1567682421,67181 -87,01932
E4_Bvp 1567682421,68744 -114,7355
E4_Bvp 1567682421,70307 -133,4989
E4_Bvp 1567682421,71869 -145,0927
E4_Bvp 1567682421,73432 -151,4644
E4_Bvp 1567682421,74994 -153,746
E4_Bvp 1567682421,76557 -151,7734
E4_Bvp 1567682421,78119 -144,615
E4_Bvp 1567682421,79682 -131,6083
E4_Bvp 1567682421,81245 -113,3307
E4_Bvp 1567682421,82807 -91,93269
E4_Bvp 1567682421,8437 -70,37111
E4_Bvp 1567682421,85932 -51,31401
E4_Bvp 1567682421,87495 -36,10233
E4_Bvp 1567682421,89057 -24,75282
E4_Bvp 1567682421,9062 -16,51384
E4_Bvp 1567682421,92183 -10,60959
E4_Bvp 1567682421,93745 -6,540817
E4_Bvp 1567682421,95308 -3,663345
E4_Bvp 1567682421,9687 -0,8100739
E4_Bvp 1567682421,98433 3,847748
E4_Bvp 1567682421,99995 12,05835
E4_Bvp 1567682422,01558 24,396
E4_Bvp 1567682422,03121 39,55696
E4_Bvp 1567682422,04683 54,634
E4_Bvp 1567682422,06246 66,38084
E4_Bvp 1567682422,07808 72,69138
E4_Bvp 1567682422,09371 73,5694
E4_Bvp 1567682422,10933 70,88744
E4_Bvp 1567682422,12496 67,38759
E4_Bvp 1567682422,14059 65,33309
E4_Bvp 1567682422,15621 65,71676
E4_Bvp 1567682422,17184 68,1647
E4_Bvp 1567682422,18746 71,49665
E4_Bvp 1567682422,20309 74,50073
E4_Bvp 1567682422,21871 76,29385
E4_Bvp 1567682422,23434 76,36239
E4_Bvp 1567682422,24997 74,30377
E4_Bvp 1567682422,26559 69,75189
E4_Gsr 1567682420,461 0,1642772
E4_Gsr 1567682420,711 0,1629959
E4_Gsr 1567682420,961 0,1617146
E4_Gsr 1567682421,211 0,1629959
E4_Gsr 1567682421,461 0,1732466
E4_Gsr 1567682421,711 0,1668399
E4_Bvp 1567682422,28122 62,43016
E4_Bvp 1567682422,29684 52,34476
E4_Bvp 1567682422,31247 39,96217
E4_Bvp 1567682422,3281 25,89124
E4_Bvp 1567682422,34372 10,34058
E4_Bvp 1567682422,35935 -7,266514
E4_Bvp 1567682422,37497 -28,214
E4_Bvp 1567682422,3906 -53,76474
E4_Bvp 1567682422,40622 -83,99905
E4_Bvp 1567682422,42185 -116,9233
E4_Bvp 1567682422,43748 -148,4778
E4_Bvp 1567682422,4531 -173,4124
E4_Bvp 1567682422,46873 -187,0915
E4_Bvp 1567682422,48435 -187,2397
E4_Bvp 1567682422,49998 -174,9424
E4_Bvp 1567682422,5156 -154,4706
E4_Bvp 1567682422,53123 -131,915
E4_Bvp 1567682422,54686 -113,2569
E4_Bvp 1567682422,56248 -102,6151
E4_Bvp 1567682422,57811 -101,3817
E4_Bvp 1567682422,59373 -108,2702
E4_Bvp 1567682422,60936 -120,1862
E4_Bvp 1567682422,62498 -133,4422
E4_Bvp 1567682422,64061 -144,7466
E4_Bvp 1567682422,65624 -151,6718
E4_Bvp 1567682422,67186 -152,6404
E4_Bvp 1567682422,68749 -146,7471
E4_Bvp 1567682422,70311 -133,7162
E4_Bvp 1567682422,71874 -114,1289
E4_Bvp 1567682422,73436 -89,72894
E4_Bvp 1567682422,74999 -63,4863
E4_Bvp 1567682422,76562 -39,08351
E4_Bvp 1567682422,78124 -19,74532
E4_Bvp 1567682422,79687 -7,048691
E4_Bvp 1567682422,81249 -0,1049805
E4_Bvp 1567682422,82812 4,195084
E4_Bvp 1567682422,84374 9,852417
E4_Bvp 1567682422,85937 20,03134
E4_Bvp 1567682422,875 35,55424
E4_Bvp 1567682422,89062 54,48627
E4_Bvp 1567682422,90625 72,88269
E4_Bvp 1567682422,92187 86,40141
E4_Bvp 1567682422,9375 91,80974
E4_Bvp 1567682422,95312 87,88676
E4_Bvp 1567682422,96875 75,35896
E4_Bvp 1567682422,98438 56,23169
E4_Bvp 1567682423 33,05602
E4_Bvp 1567682423,01563 8,356293
E4_Bvp 1567682423,03125 -15,50543
E4_Bvp 1567682423,04688 -36,33453
E4_Bvp 1567682423,0625 -52,231
E4_Bvp 1567682423,07813 -61,90385
E4_Bvp 1567682423,09376 -64,93077
E4_Bvp 1567682423,10938 -61,74603
E4_Bvp 1567682423,12501 -53,54578
E4_Bvp 1567682423,14063 -41,95836
E4_Bvp 1567682423,15626 -28,87402
E4_Bvp 1567682423,17188 -16,24812
E4_Bvp 1567682423,18751 -5,811981
E4_Bvp 1567682423,20314 1,391708
E4_Bvp 1567682423,21876 5,356323
E4_Bvp 1567682423,23439 7,17984
E4_Bvp 1567682423,25001 8,720444
E4_Bvp 1567682423,26564 11,72174
E4_Bvp 1567682423,28126 16,88615
E4_Bvp 1567682423,29689 23,4476
E4_Temperature 1567682421,30952 33,53
E4_Temperature 1567682421,55954 33,53
E4_Temperature 1567682421,80955 33,53
E4_Temperature 1567682422,05956 33,53
E4_Temperature 1567682422,30957 33,55
E4_Temperature 1567682422,55958 33,55
E4_Temperature 1567682422,80959 33,55
E4_Temperature 1567682423,05961 33,55
E4_Bvp 1567682423,31252 29,49455
E4_Bvp 1567682423,32814 32,63045
E4_Bvp 1567682423,34377 30,66818
E4_Bvp 1567682423,35939 21,98659
E4_Bvp 1567682423,37502 5,875046
E4_Bvp 1567682423,39064 -16,76945
E4_Bvp 1567682423,40627 -42,65453
E4_Bvp 1567682423,4219 -65,70856
E4_Bvp 1567682423,43752 -78,01706
E4_Bvp 1567682423,45315 -72,33403
E4_Bvp 1567682423,46877 -45,19258
E4_Bvp 1567682423,4844 1,037537
E4_Bvp 1567682423,50002 58,42165
E4_Bvp 1567682423,51565 116,215
E4_Bvp 1567682423,53128 164,7937
E4_Bvp 1567682423,5469 198,629
E4_Bvp 1567682423,56253 217,1394
E4_Bvp 1567682423,57815 223,1835
E4_Bvp 1567682423,59378 220,5443
E4_Bvp 1567682423,6094 212,0556
E4_Bvp 1567682423,62503 199,0736
E4_Bvp 1567682423,64066 182,0823
E4_Gsr 1567682421,961 0,1745279
E4_Gsr 1567682422,211 0,1706839
E4_Gsr 1567682422,461 0,1604332
E4_Gsr 1567682422,711 0,1642772
E4_Gsr 1567682422,961 0,1655586
E4_Gsr 1567682423,211 0,1617146
E4_Bvp 1567682423,65628 161,5237
E4_Bvp 1567682423,67191 137,9677
E4_Bvp 1567682423,68753 111,6678
E4_Bvp 1567682423,70316 82,25444
E4_Bvp 1567682423,71878 49,05571
E4_Bvp 1567682423,73441 11,89705
E4_Bvp 1567682423,75004 -27,79152
E4_Bvp 1567682423,76566 -66,52155
E4_Bvp 1567682423,78129 -99,60596
E4_Bvp 1567682423,79691 -122,7117
E4_Bvp 1567682423,81254 -133,5578
E4_Bvp 1567682423,82816 -132,9058
E4_Bvp 1567682423,84379 -124,1768
E4_Bvp 1567682423,85942 -112,1593
E4_Bvp 1567682423,87504 -101,4278
E4_Bvp 1567682423,89067 -95,09033
E4_Bvp 1567682423,90629 -94,27411
E4_Bvp 1567682423,92192 -98,42209
E4_Bvp 1567682423,93754 -105,7446
E4_Bvp 1567682423,95317 -113,8022
E4_Bvp 1567682423,9688 -120,0706
E4_Bvp 1567682423,98442 -122,2689
E4_Bvp 1567682424,00005 -118,9893
E4_Bvp 1567682424,01567 -110,0612
E4_Bvp 1567682424,0313 -96,57404
E4_Bvp 1567682424,04692 -80,42145
E4_Bvp 1567682424,06255 -63,65366
E4_Bvp 1567682424,07818 -47,80847
E4_Bvp 1567682424,0938 -33,72577
E4_Bvp 1567682424,10943 -21,81189
E4_Bvp 1567682424,12505 -12,2688
E4_Bvp 1567682424,14068 -5,406311
E4_Bvp 1567682424,1563 -1,521484
E4_Bvp 1567682424,17193 -0,6366272
E4_Bvp 1567682424,18756 -2,368835
E4_Bvp 1567682424,20318 -5,957214
E4_Bvp 1567682424,21881 -10,45111
E4_Bvp 1567682424,23443 -14,93286
E4_Bvp 1567682424,25006 -18,6456
E4_Bvp 1567682424,26568 -20,84476
E4_Bvp 1567682424,28131 -20,80176
E4_Bvp 1567682424,29694 -17,90134
E4_Bvp 1567682424,31256 -11,84933
E4_Bvp 1567682424,32819 -3,03891
E4_Bvp 1567682424,34381 7,362823
E4_Bvp 1567682424,35944 17,65625
E4_Bvp 1567682424,37506 26,14108
E4_Bvp 1567682424,39069 31,55957
E4_Bvp 1567682424,40632 33,35583
E4_Bvp 1567682424,42194 31,65134
E4_Bvp 1567682424,43757 27,04309
E4_Bvp 1567682424,45319 20,39883
E4_Bvp 1567682424,46882 12,54221
E4_Bvp 1567682424,48444 4,22525
E4_Bvp 1567682424,50007 -4,106293
E4_Bvp 1567682424,5157 -12,36746
E4_Bvp 1567682424,53132 -20,82175
E4_Bvp 1567682424,54695 -29,85806
E4_Bvp 1567682424,56257 -39,65649
E4_Bvp 1567682424,5782 -49,69519
E4_Bvp 1567682424,59383 -58,71884
E4_Bvp 1567682424,60945 -65,08826
E4_Bvp 1567682424,62508 -67,34943
E4_Bvp 1567682424,6407 -64,90079
E4_Bvp 1567682424,65633 -58,29483
E4_Bvp 1567682424,67195 -48,9962
E4_Bvp 1567682424,68758 -38,91263
E4_Bvp 1567682424,70321 -29,76703
E4_Bvp 1567682424,71883 -22,70316
E4_Bvp 1567682424,73446 -18,19501
E4_Bvp 1567682424,75008 -16,15836
E4_Bvp 1567682424,76571 -16,10384
E4_Bvp 1567682424,78133 -17,24713
E4_Bvp 1567682424,79696 -18,63545
E4_Bvp 1567682424,81259 -19,25928
E4_Bvp 1567682424,82821 -18,22935
E4_Bvp 1567682424,84384 -14,99481
E4_Bvp 1567682424,85946 -9,524445
E4_Bvp 1567682424,87509 -2,284134
E4_Bvp 1567682424,89071 6,003525
E4_Bvp 1567682424,90634 14,44984
E4_Bvp 1567682424,92197 22,10512
E4_Bvp 1567682424,93759 27,96649
E4_Bvp 1567682424,95322 31,01573
E4_Bvp 1567682424,96884 30,33144
E4_Bvp 1567682424,98447 25,50343
E4_Bvp 1567682425,00009 16,85011
E4_Bvp 1567682425,01572 5,367401
E4_Bvp 1567682425,03135 -7,589447
E4_Bvp 1567682425,04697 -20,88927
E4_Bvp 1567682425,0626 -34,054
E4_Bvp 1567682425,07822 -47,13304
E4_Bvp 1567682425,09385 -60,20383
E4_Bvp 1567682425,10947 -72,77873
E4_Bvp 1567682425,1251 -83,52827
E4_Bvp 1567682425,14073 -90,60342
E4_Bvp 1567682425,15635 -92,48827
E4_Bvp 1567682425,17198 -88,66252
E4_Bvp 1567682425,1876 -79,85882
E4_Gsr 1567682423,461 0,1617146
E4_Gsr 1567682423,711 0,1681212
E4_Gsr 1567682423,961 0,1694026
E4_Gsr 1567682424,211 0,1681212
E4_Gsr 1567682424,461 0,1694026
E4_Gsr 1567682424,711 0,1796532
E4_Bvp 1567682425,20323 -67,62905
E4_Bvp 1567682425,21885 -53,53271
E4_Bvp 1567682425,23448 -38,43526
E4_Bvp 1567682425,25011 -22,23009
E4_Bvp 1567682425,26573 -4,149895
E4_Bvp 1567682425,28136 16,69644
E4_Bvp 1567682425,29698 40,77281
E4_Bvp 1567682425,31261 67,92649
E4_Bvp 1567682425,32823 97,28197
E4_Bvp 1567682425,34386 127,3697
E4_Bvp 1567682425,35949 156,2592
E4_Temperature 1567682423,30962 33,57
E4_Temperature 1567682423,55963 33,57
E4_Temperature 1567682423,80964 33,57
E4_Temperature 1567682424,05965 33,57
E4_Temperature 1567682424,30966 33,55
E4_Temperature 1567682424,55967 33,55
E4_Temperature 1567682424,80969 33,55
E4_Temperature 1567682425,0597 33,55
E4_Bvp 1567682425,37511 181,9186
E4_Bvp 1567682425,39074 202,8334
E4_Bvp 1567682425,40636 218,6868
E4_Bvp 1567682425,42199 230,8239
E4_Bvp 1567682425,43761 241,8509
E4_Bvp 1567682425,45324 254,6246
E4_Bvp 1567682425,46887 270,5909
E4_Bvp 1567682425,48449 288,6516
E4_Bvp 1567682425,50012 305,1112
E4_Bvp 1567682425,51574 314,9933
E4_Bvp 1567682425,53137 314,0863
E4_Bvp 1567682425,54699 300,7797
E4_Bvp 1567682425,56262 276,8392
E4_Bvp 1567682425,57825 246,6758
E4_Bvp 1567682425,59387 215,6757
E4_Bvp 1567682425,6095 188,2353
E4_Bvp 1567682425,62512 166,3499
E4_Bvp 1567682425,64075 149,3012
E4_Bvp 1567682425,65637 134,4797
E4_Bvp 1567682425,672 118,7191
E4_Bvp 1567682425,68763 99,80806
E4_Bvp 1567682425,70325 77,5108
E4_Bvp 1567682425,71888 53,597
E4_Bvp 1567682425,7345 31,23756
E4_Bvp 1567682425,75013 13,73305
E4_Bvp 1567682425,76575 3,220047
E4_Bvp 1567682425,78138 -0,2401123
E4_Bvp 1567682425,79701 0,9980164
E4_Bvp 1567682425,81263 2,690857
E4_Bvp 1567682425,82826 -0,3196716
E4_Bvp 1567682425,84388 -12,51398
E4_Bvp 1567682425,85951 -35,63062
E4_Bvp 1567682425,87513 -66,75653
E4_Bvp 1567682425,89076 -98,02194
E4_Bvp 1567682425,90639 -118,7322
E4_Bvp 1567682425,92201 -119,7513
E4_Bvp 1567682425,93764 -98,36758
E4_Bvp 1567682425,95326 -60,68347
E4_Bvp 1567682425,96889 -20,03098
E4_Bvp 1567682425,98451 8,359863
E4_Bvp 1567682426,00014 13,72559
E4_Bvp 1567682426,01577 -5,809784
E4_Bvp 1567682426,03139 -43,16251
E4_Bvp 1567682426,04702 -85,96927
E4_Bvp 1567682426,06264 -122,118
E4_Bvp 1567682426,07827 -144,5203
E4_Bvp 1567682426,09389 -152,6301
E4_Bvp 1567682426,10952 -151,137
E4_Bvp 1567682426,12515 -146,9817
E4_Bvp 1567682426,14077 -146,5168
E4_Bvp 1567682426,1564 -153,3206
E4_Bvp 1567682426,17202 -166,9096
E4_Bvp 1567682426,18765 -183,0187
E4_Bvp 1567682426,20327 -194,9387
E4_Bvp 1567682426,2189 -196,9297
E4_Bvp 1567682426,23453 -187,2797
E4_Bvp 1567682426,25015 -170,1387
E4_Bvp 1567682426,26578 -154,3134
E4_Bvp 1567682426,2814 -149,1615
E4_Bvp 1567682426,29703 -159,5403
E4_Bvp 1567682426,31265 -182,4232
E4_Bvp 1567682426,32828 -207,7771
E4_Bvp 1567682426,34391 -223,3328
E4_Bvp 1567682426,35953 -220,7065
E4_Bvp 1567682426,37516 -199,184
E4_Bvp 1567682426,39078 -165,3374
E4_Bvp 1567682426,40641 -128,8997
E4_Bvp 1567682426,42203 -97,7597
E4_Bvp 1567682426,43766 -75,49164
E4_Bvp 1567682426,45329 -61,94055
E4_Bvp 1567682426,46891 -56,41455
E4_Bvp 1567682426,48454 -59,46948
E4_Bvp 1567682426,50016 -72,83777
E4_Bvp 1567682426,51579 -97,40887
E4_Bvp 1567682426,53141 -131,5281
E4_Bvp 1567682426,54704 -170,8782
E4_Bvp 1567682426,56267 -209,8077
E4_Bvp 1567682426,57829 -243,707
E4_Bvp 1567682426,59392 -269,9992
E4_Bvp 1567682426,60954 -287,847
E4_Bvp 1567682426,62517 -296,5609
E4_Bvp 1567682426,64079 -294,7409
E4_Bvp 1567682426,65642 -280,8926
E4_Bvp 1567682426,67205 -254,4938
E4_Bvp 1567682426,68767 -217,105
E4_Bvp 1567682426,7033 -171,8607
E4_Bvp 1567682426,71892 -122,6263
E4_Bvp 1567682426,73455 -72,65622
E4_Gsr 1567682424,961 0,2001545
E4_Gsr 1567682425,211 0,2129678
E4_Gsr 1567682425,461 0,2078425
E4_Gsr 1567682425,711 0,2309065
E4_Gsr 1567682425,961 0,2385944
E4_Gsr 1567682426,211 0,2360318
E4_Bvp 1567682426,75018 -24,25555
E4_Bvp 1567682426,7658 21,03918
E4_Bvp 1567682426,78143 61,94641
E4_Bvp 1567682426,79705 97,16098
E4_Bvp 1567682426,81268 125,8879
E4_Bvp 1567682426,8283 148,4115
E4_Bvp 1567682426,84393 166,5919
E4_Bvp 1567682426,85956 183,1167
E4_Bvp 1567682426,87518 200,5277
E4_Bvp 1567682426,89081 219,9123
E4_Bvp 1567682426,90643 240,3631
E4_Bvp 1567682426,92206 259,2075
E4_Bvp 1567682426,93768 273,3007
E4_Bvp 1567682426,95331 280,8653
E4_Bvp 1567682426,96894 281,9572
E4_Bvp 1567682426,98456 278,4115
E4_Bvp 1567682427,00019 272,3368
E4_Bvp 1567682427,01581 264,8967
E4_Bvp 1567682427,03144 255,8404
E4_Bvp 1567682427,04706 244,0453
E4_Bvp 1567682427,06269 228,5693
E4_Bvp 1567682427,07832 209,4599
E4_Bvp 1567682427,09394 187,8868
E4_Bvp 1567682427,10957 165,525
E4_Bvp 1567682427,12519 144,0578
E4_Bvp 1567682427,14082 124,8384
E4_Bvp 1567682427,15644 109,0792
E4_Bvp 1567682427,17207 97,98128
E4_Bvp 1567682427,1877 92,59653
E4_Bvp 1567682427,20332 93,28574
E4_Bvp 1567682427,21895 99,25546
E4_Bvp 1567682427,23457 108,4872
E4_Bvp 1567682427,2502 118,0714
E4_Bvp 1567682427,26582 125,1302
E4_Bvp 1567682427,28145 127,3697
E4_Bvp 1567682427,29708 123,4368
E4_Bvp 1567682427,3127 112,7252
E4_Bvp 1567682427,32833 95,26231
E4_Bvp 1567682427,34395 71,84036
E4_Bvp 1567682427,35958 44,10675
E4_Bvp 1567682427,3752 14,66489
E4_Bvp 1567682427,39083 -13,43159
E4_Bvp 1567682427,40646 -37,20688
E4_Bvp 1567682427,42208 -54,6142
E4_Temperature 1567682425,30971 33,59
E4_Temperature 1567682425,55972 33,59
E4_Temperature 1567682425,80973 33,59
E4_Temperature 1567682426,05974 33,59
E4_Temperature 1567682426,30976 33,59
E4_Temperature 1567682426,55977 33,59
E4_Temperature 1567682426,80978 33,59
E4_Temperature 1567682427,05979 33,59
E4_Bvp 1567682427,43771 -64,91809
E4_Bvp 1567682427,45333 -68,64285
E4_Bvp 1567682427,46896 -67,17276
E4_Bvp 1567682427,48458 -62,19577
E4_Bvp 1567682427,50021 -55,29099
E4_Bvp 1567682427,51584 -47,65009
E4_Bvp 1567682427,53146 -40,07315
E4_Bvp 1567682427,54709 -32,89233
E4_Bvp 1567682427,56271 -26,16776
E4_Bvp 1567682427,57834 -19,99619
E4_Bvp 1567682427,59396 -14,94485
E4_Bvp 1567682427,60959 -12,26767
E4_Bvp 1567682427,62522 -13,54193
E4_Bvp 1567682427,64084 -19,88617
E4_Bvp 1567682427,65647 -31,05704
E4_Bvp 1567682427,67209 -45,19031
E4_Bvp 1567682427,68772 -59,54462
E4_Bvp 1567682427,70334 -71,75864
E4_Bvp 1567682427,71897 -80,89877
E4_Bvp 1567682427,7346 -87,6012
E4_Bvp 1567682427,75022 -93,18607
E4_Bvp 1567682427,76585 -98,31448
E4_Bvp 1567682427,78147 -102,1543
E4_Bvp 1567682427,7971 -102,5729
E4_Bvp 1567682427,81272 -97,31815
E4_Bvp 1567682427,82835 -85,43515
E4_Bvp 1567682427,84398 -68,03827
E4_Bvp 1567682427,8596 -47,9502
E4_Bvp 1567682427,87523 -28,50671
E4_Bvp 1567682427,89085 -12,16913
E4_Bvp 1567682427,90648 0,248291
E4_Bvp 1567682427,9221 9,505554
E4_Bvp 1567682427,93773 17,08887
E4_Bvp 1567682427,95336 24,24268
E4_Bvp 1567682427,96898 31,24908
E4_Bvp 1567682427,98461 37,31406
E4_Bvp 1567682428,00023 40,99365
E4_Bvp 1567682428,01586 40,92477
E4_Bvp 1567682428,03148 36,38684
E4_Bvp 1567682428,04711 27,52237
E4_Bvp 1567682428,06274 15,23019
E4_Bvp 1567682428,07836 0,7571411
E4_Bvp 1567682428,09399 -14,51501
E4_Bvp 1567682428,10961 -29,1882
E4_Bvp 1567682428,12524 -41,87363
E4_Bvp 1567682428,14086 -51,25632
E4_Bvp 1567682428,15649 -56,44699
E4_Bvp 1567682428,17212 -57,43042
E4_Bvp 1567682428,18774 -55,34366
E4_Bvp 1567682428,20337 -52,13623
E4_Bvp 1567682428,21899 -49,67279
E4_Bvp 1567682428,23462 -48,57111
E4_Bvp 1567682428,25024 -47,5459
E4_Bvp 1567682428,26587 -43,83969
E4_Bvp 1567682428,2815 -34,53296
E4_Gsr 1567682426,461 0,2321878
E4_Gsr 1567682426,711 0,2193745
E4_Gsr 1567682426,961 0,1937479
E4_Gsr 1567682427,211 0,1899039
E4_Gsr 1567682427,461 0,1911852
E4_Gsr 1567682427,711 0,1822159
E4_Bvp 1567682428,29712 -18,27386
E4_Bvp 1567682428,31275 3,672516
E4_Bvp 1567682428,32837 27,54483
E4_Bvp 1567682428,344 48,49261
E4_Bvp 1567682428,35962 62,35782
E4_Bvp 1567682428,37525 67,09735
E4_Bvp 1567682428,39088 63,09421
E4_Bvp 1567682428,4065 52,53992
E4_Bvp 1567682428,42213 38,33603
E4_Bvp 1567682428,43775 23,1665
E4_Bvp 1567682428,45338 9,160217
E4_Bvp 1567682428,469 -2,260345
E4_Bvp 1567682428,48463 -10,25568
E4_Bvp 1567682428,50026 -14,72342
E4_Bvp 1567682428,51588 -16,31058
E4_Bvp 1567682428,53151 -16,27408
E4_Bvp 1567682428,54713 -16,09192
E4_Bvp 1567682428,56276 -16,87582
E4_Bvp 1567682428,57838 -19,07654
E4_Bvp 1567682428,59401 -22,51282
E4_Bvp 1567682428,60964 -26,59409
E4_Bvp 1567682428,62526 -30,65442
E4_Bvp 1567682428,64089 -34,20352
E4_Bvp 1567682428,65651 -36,85159
E4_Bvp 1567682428,67214 -38,20679
E4_Bvp 1567682428,68776 -37,89566
E4_Bvp 1567682428,70339 -35,68069
E4_Bvp 1567682428,71902 -31,64804
E4_Bvp 1567682428,73464 -26,30084
E4_Bvp 1567682428,75027 -20,3374
E4_Bvp 1567682428,76589 -14,32538
E4_Bvp 1567682428,78152 -8,519348
E4_Bvp 1567682428,79714 -2,839874
E4_Bvp 1567682428,81277 2,952545
E4_Bvp 1567682428,8284 8,852692
E4_Bvp 1567682428,84402 14,47623
E4_Bvp 1567682428,85965 19,05042
E4_Bvp 1567682428,87527 21,73251
E4_Bvp 1567682428,8909 21,87677
E4_Bvp 1567682428,90652 19,40985
E4_Bvp 1567682428,92215 14,83591
E4_Bvp 1567682428,93778 9,080688
E4_Bvp 1567682428,9534 3,285706
E4_Bvp 1567682428,96903 -1,572998
E4_Bvp 1567682428,98465 -4,865234
E4_Bvp 1567682429,00028 -6,468781
E4_Bvp 1567682429,0159 -6,688873
E4_Bvp 1567682429,03153 -6,12558
E4_Bvp 1567682429,04716 -5,490417
E4_Bvp 1567682429,06278 -5,300079
E4_Bvp 1567682429,07841 -5,791962
E4_Bvp 1567682429,09403 -6,833832
E4_Bvp 1567682429,10966 -7,996216
E4_Bvp 1567682429,12528 -8,795624
E4_Bvp 1567682429,14091 -8,79364
E4_Bvp 1567682429,15654 -7,827271
E4_Bvp 1567682429,17216 -6,000061
E4_Bvp 1567682429,18779 -3,690033
E4_Bvp 1567682429,20341 -1,371704
E4_Bvp 1567682429,21904 0,5074768
E4_Bvp 1567682429,23466 1,793152
E4_Bvp 1567682429,25029 2,691589
E4_Bvp 1567682429,26592 3,625763
E4_Bvp 1567682429,28154 5,032715
E4_Bvp 1567682429,29717 7,007233
E4_Bvp 1567682429,31279 9,194885
E4_Temperature 1567682427,3098 33,59
E4_Temperature 1567682427,55981 33,59
E4_Temperature 1567682427,80983 33,59
E4_Temperature 1567682428,05984 33,59
E4_Temperature 1567682428,30985 33,59
E4_Temperature 1567682428,55986 33,59
E4_Temperature 1567682428,80987 33,59
E4_Temperature 1567682429,05988 33,59
E4_Bvp 1567682429,32842 10,93631
E4_Bvp 1567682429,34404 11,6817
E4_Bvp 1567682429,35967 11,22092
E4_Bvp 1567682429,3753 9,93512
E4_Bvp 1567682429,39092 8,515411
E4_Bvp 1567682429,40655 7,579529
E4_Bvp 1567682429,42217 7,388916
E4_Bvp 1567682429,4378 7,67041
E4_Bvp 1567682429,45343 7,924957
E4_Bvp 1567682429,46905 7,64209
E4_Bvp 1567682429,48468 6,655579
E4_Bvp 1567682429,5003 5,054474
E4_Bvp 1567682429,51593 3,121216
E4_Bvp 1567682429,53155 1,169617
E4_Bvp 1567682429,54718 -0,5552368
E4_Bvp 1567682429,56281 -1,827148
E4_Bvp 1567682429,57843 -2,469452
E4_Bvp 1567682429,59406 -2,292664
E4_Bvp 1567682429,60968 -1,231506
E4_Bvp 1567682429,62531 0,5937195
E4_Bvp 1567682429,64093 2,878693
E4_Bvp 1567682429,65656 5,155701
E4_Gsr 1567682427,961 0,1847785
E4_Gsr 1567682428,211 0,1834972
E4_Gsr 1567682428,461 0,1822159
E4_Gsr 1567682428,711 0,1834972
E4_Gsr 1567682428,961 0,1834972
E4_Gsr 1567682429,211 0,1809345
E4_Bvp 1567682429,67219 6,948853
E4_Bvp 1567682429,68781 7,915741
E4_Bvp 1567682429,70344 7,990845
E4_Bvp 1567682429,71906 7,322571
E4_Bvp 1567682429,73469 6,233002
E4_Bvp 1567682429,75031 5,016266
E4_Bvp 1567682429,76594 3,845825
E4_Bvp 1567682429,78157 2,726166
E4_Bvp 1567682429,79719 1,555786
E4_Bvp 1567682429,81282 0,2578125
E4_Bvp 1567682429,82844 -1,153442
E4_Bvp 1567682429,84407 -2,556183
E4_Bvp 1567682429,85969 -3,797363
E4_Bvp 1567682429,87532 -4,817017
E4_Bvp 1567682429,89095 -5,699677
E4_Bvp 1567682429,90657 -6,540771
E4_Bvp 1567682429,9222 -7,357697
E4_Bvp 1567682429,93782 -8,06665
E4_Bvp 1567682429,95345 -8,479706
E4_Bvp 1567682429,96907 -8,47998
E4_Bvp 1567682429,9847 -8,138641
E4_Bvp 1567682430,00033 -7,713928
E4_Bvp 1567682430,01595 -7,558319
E4_Bvp 1567682430,03158 -7,974274
E4_Bvp 1567682430,0472 -9,040833
E4_Bvp 1567682430,06283 -10,58969
E4_Bvp 1567682430,07845 -12,36707
E4_Bvp 1567682430,09408 -14,00665
E4_Bvp 1567682430,10971 -15,21915
E4_Bvp 1567682430,12533 -15,8392
E4_Bvp 1567682430,14096 -15,72083
E4_Bvp 1567682430,15658 -14,79312
E4_Bvp 1567682430,17221 -13,09512
E4_Bvp 1567682430,18783 -10,79971
E4_Bvp 1567682430,20346 -8,214203
E4_Bvp 1567682430,21909 -5,742432
E4_Bvp 1567682430,23471 -3,714691
E4_Bvp 1567682430,25034 -2,307709
E4_Bvp 1567682430,26596 -1,50177
E4_Bvp 1567682430,28159 -1,092743
E4_Bvp 1567682430,29721 -0,8251343
E4_Bvp 1567682430,31284 -0,5346069
E4_Bvp 1567682430,32847 -0,1519165
E4_Bvp 1567682430,34409 0,2823486
E4_Bvp 1567682430,35972 0,6428833
E4_Bvp 1567682430,37534 0,8111267
E4_Bvp 1567682430,39097 0,6621704
E4_Bvp 1567682430,40659 0,06613159
E4_Bvp 1567682430,42222 -1,011047
E4_Bvp 1567682430,43785 -2,516754
E4_Bvp 1567682430,45347 -4,288513
E4_Bvp 1567682430,4691 -6,072357
E4_Bvp 1567682430,48472 -7,621735
E4_Bvp 1567682430,50035 -8,799072
E4_Bvp 1567682430,51597 -9,540344
E4_Bvp 1567682430,5316 -9,838593
E4_Bvp 1567682430,54723 -9,766174
E4_Bvp 1567682430,56285 -9,358154
E4_Bvp 1567682430,57848 -8,770355
E4_Bvp 1567682430,5941 -8,21344
E4_Bvp 1567682430,60973 -7,917511
E4_Bvp 1567682430,62535 -8,088318
E4_Bvp 1567682430,64098 -8,826233
E4_Bvp 1567682430,65661 -9,999542
E4_Bvp 1567682430,67223 -11,29941
E4_Bvp 1567682430,68786 -12,32706
E4_Bvp 1567682430,70348 -12,69699
E4_Bvp 1567682430,71911 -12,23227
E4_Bvp 1567682430,73473 -10,95309
E4_Bvp 1567682430,75036 -9,064606
E4_Bvp 1567682430,76599 -6,833374
E4_Bvp 1567682430,78161 -4,551758
E4_Bvp 1567682430,79724 -2,406952
E4_Bvp 1567682430,81286 -0,497406
E4_Bvp 1567682430,82849 1,146179
E4_Bvp 1567682430,84411 2,540894
E4_Bvp 1567682430,85974 3,64035
E4_Bvp 1567682430,87537 4,348572
E4_Bvp 1567682430,89099 4,564545
E4_Bvp 1567682430,90662 4,22879
E4_Bvp 1567682430,92224 3,337891
E4_Bvp 1567682430,93787 2,042206
E4_Bvp 1567682430,95349 0,6170044
E4_Bvp 1567682430,96912 -0,5448303
E4_Bvp 1567682430,98475 -1,033417
E4_Bvp 1567682431,00037 -0,617157
E4_Bvp 1567682431,016 0,6785583
E4_Bvp 1567682431,03162 2,640137
E4_Bvp 1567682431,04725 4,908661
E4_Bvp 1567682431,06287 7,159576
E4_Bvp 1567682431,0785 9,189331
E4_Bvp 1567682431,09413 10,8988
E4_Bvp 1567682431,10975 12,20514
E4_Bvp 1567682431,12538 12,99582
E4_Bvp 1567682431,141 13,06628
E4_Bvp 1567682431,15663 12,26044
E4_Bvp 1567682431,17225 10,60284
E4_Bvp 1567682431,18788 8,282684
E4_Bvp 1567682431,20351 5,673065
E4_Gsr 1567682429,461 0,1783719
E4_Gsr 1567682429,711 0,1796532
E4_Gsr 1567682429,961 0,1822159
E4_Gsr 1567682430,211 0,1822159
E4_Gsr 1567682430,461 0,1822159
E4_Gsr 1567682430,711 0,2104052
E4_Bvp 1567682431,21913 3,175629
E4_Bvp 1567682431,23476 1,140137
E4_Bvp 1567682431,25038 -0,2313538
E4_Bvp 1567682431,26601 -0,749115
E4_Bvp 1567682431,28163 -0,3391418
E4_Bvp 1567682431,29726 1,047333
E4_Bvp 1567682431,31289 3,370178
E4_Bvp 1567682431,32851 6,444641
E4_Bvp 1567682431,34414 9,992676
E4_Bvp 1567682431,35976 13,74591
E4_Bvp 1567682431,37539 17,47272
E4_Temperature 1567682429,30989 33,61
E4_Temperature 1567682429,55991 33,61
E4_Temperature 1567682429,80992 33,61
E4_Temperature 1567682430,05993 33,61
E4_Temperature 1567682430,30994 33,63
E4_Temperature 1567682430,55995 33,63
E4_Temperature 1567682430,80996 33,63
E4_Temperature 1567682431,05998 33,63
E4_Bvp 1567682431,39101 21,11823
E4_Bvp 1567682431,40664 24,82312
E4_Bvp 1567682431,42227 28,70816
E4_Bvp 1567682431,43789 32,69931
E4_Bvp 1567682431,45352 36,42618
E4_Bvp 1567682431,46914 39,2962
E4_Bvp 1567682431,48477 40,84299
E4_Bvp 1567682431,50039 41,12485
E4_Bvp 1567682431,51602 40,79367
E4_Bvp 1567682431,53165 40,89923
E4_Bvp 1567682431,54727 42,37662
E4_Bvp 1567682431,5629 45,54645
E4_Bvp 1567682431,57852 49,87076
E4_Bvp 1567682431,59415 54,27087
E4_Bvp 1567682431,60978 57,75198
E4_Bvp 1567682431,6254 59,96005
E4_Bvp 1567682431,64103 61,4346
E4_Bvp 1567682431,65665 63,17685
E4_Bvp 1567682431,67228 65,99222
E4_Bvp 1567682431,6879 69,88776
E4_Bvp 1567682431,70353 74,0596
E4_Bvp 1567682431,71916 77,27014
E4_Bvp 1567682431,73478 78,64487
E4_Bvp 1567682431,75041 78,17877
E4_Bvp 1567682431,76603 76,81378
E4_Bvp 1567682431,78166 75,98431
E4_Bvp 1567682431,79728 76,77112
E4_Bvp 1567682431,81291 79,34674
E4_Bvp 1567682431,82854 82,86093
E4_Bvp 1567682431,84416 86,00131
E4_Bvp 1567682431,85979 87,7627
E4_Bvp 1567682431,87541 87,93942
E4_Bvp 1567682431,89104 87,02808
E4_Bvp 1567682431,90666 85,73312
E4_Bvp 1567682431,92229 84,41013
E4_Bvp 1567682431,93792 82,94022
E4_Bvp 1567682431,95354 81,21558
E4_Bvp 1567682431,96917 79,61932
E4_Bvp 1567682431,98479 79,19122
E4_Bvp 1567682432,00042 80,94305
E4_Bvp 1567682432,01604 84,84738
E4_Bvp 1567682432,03167 89,14609
E4_Bvp 1567682432,0473 90,72879
E4_Bvp 1567682432,06292 86,58884
E4_Bvp 1567682432,07855 75,61096
E4_Bvp 1567682432,09417 59,58264
E4_Bvp 1567682432,1098 42,57806
E4_Bvp 1567682432,12542 29,12354
E4_Bvp 1567682432,14105 22,01624
E4_Bvp 1567682432,15668 21,29242
E4_Bvp 1567682432,1723 24,63916
E4_Bvp 1567682432,18793 28,83661
E4_Bvp 1567682432,20355 31,18933
E4_Bvp 1567682432,21918 30,16772
E4_Bvp 1567682432,2348 25,0097
E4_Bvp 1567682432,25043 14,79999
E4_Bvp 1567682432,26606 -1,782166
E4_Bvp 1567682432,28168 -25,57397
E4_Bvp 1567682432,29731 -55,38147
E4_Bvp 1567682432,31293 -87,04016
E4_Bvp 1567682432,32856 -114,3641
E4_Bvp 1567682432,34418 -131,6066
E4_Bvp 1567682432,35981 -136,2875
E4_Bvp 1567682432,37544 -130,2445
E4_Bvp 1567682432,39106 -118,2336
E4_Bvp 1567682432,40669 -104,9302
E4_Bvp 1567682432,42231 -92,37598
E4_Bvp 1567682432,43794 -79,66083
E4_Bvp 1567682432,45356 -64,90668
E4_Bvp 1567682432,46919 -47,93372
E4_Bvp 1567682432,48482 -31,60956
E4_Bvp 1567682432,50044 -20,73102
E4_Bvp 1567682432,51607 -19,22266
E4_Bvp 1567682432,53169 -27,44641
E4_Bvp 1567682432,54732 -41,69818
E4_Bvp 1567682432,56294 -56,02966
E4_Bvp 1567682432,57857 -65,27246
E4_Bvp 1567682432,5942 -67,34271
E4_Bvp 1567682432,60982 -63,53088
E4_Bvp 1567682432,62545 -56,79724
E4_Bvp 1567682432,64107 -49,67181
E4_Bvp 1567682432,6567 -42,87189
E4_Bvp 1567682432,67232 -35,53137
E4_Bvp 1567682432,68795 -26,56537
E4_Bvp 1567682432,70358 -16,28571
E4_Bvp 1567682432,7192 -7,192627
E4_Bvp 1567682432,73483 -3,260681
E4_Bvp 1567682432,75045 -8,172058
E4_Gsr 1567682430,961 0,2078425
E4_Gsr 1567682431,211 0,1924665
E4_Gsr 1567682431,461 0,1924665
E4_Gsr 1567682431,711 0,2078425
E4_Gsr 1567682431,961 0,1937479
E4_Gsr 1567682432,211 0,1950292
E4_Bvp 1567682432,76608 -23,35229
E4_Bvp 1567682432,7817 -46,90881
E4_Bvp 1567682432,79733 -74,27252
E4_Bvp 1567682432,81296 -100,4742
E4_Bvp 1567682432,82858 -122,8816
E4_Bvp 1567682432,84421 -142,616
E4_Bvp 1567682432,85983 -163,7047
E4_Bvp 1567682432,87546 -190,1714
E4_Bvp 1567682432,89108 -222,5891
E4_Bvp 1567682432,90671 -256,4907
E4_Bvp 1567682432,92234 -283,5325
E4_Bvp 1567682432,93796 -294,8586
E4_Bvp 1567682432,95359 -285,0414
E4_Bvp 1567682432,96921 -254,2931
E4_Bvp 1567682432,98484 -208,0392
E4_Bvp 1567682433,00046 -154,4403
E4_Bvp 1567682433,01609 -101,3407
E4_Bvp 1567682433,03172 -53,97498
E4_Bvp 1567682433,04734 -14,58087
E4_Bvp 1567682433,06297 16,54187
E4_Bvp 1567682433,07859 39,82532
E4_Bvp 1567682433,09422 55,57611
E4_Bvp 1567682433,10984 63,93518
E4_Bvp 1567682433,12547 65,64221
E4_Bvp 1567682433,1411 62,59131
E4_Bvp 1567682433,15672 57,96265
E4_Bvp 1567682433,17235 55,42963
E4_Bvp 1567682433,18797 57,61163
E4_Bvp 1567682433,2036 64,43341
E4_Bvp 1567682433,21922 72,43536
E4_Bvp 1567682433,23485 75,75873
E4_Bvp 1567682433,25048 68,80878
E4_Bvp 1567682433,2661 49,24835
E4_Bvp 1567682433,28173 19,56195
E4_Bvp 1567682433,29735 -13,8125
E4_Bvp 1567682433,31298 -43,54327
E4_Bvp 1567682433,3286 -64,82288
E4_Bvp 1567682433,34423 -77,06549
E4_Bvp 1567682433,35986 -82,87427
E4_Bvp 1567682433,37548 -85,3761
E4_Bvp 1567682433,39111 -85,9754
E4_Bvp 1567682433,40673 -84,17145
E4_Bvp 1567682433,42236 -79,36926
E4_Bvp 1567682433,43798 -72,92883
E4_Temperature 1567682431,30999 33,61
E4_Temperature 1567682431,56 33,61
E4_Temperature 1567682431,81001 33,61
E4_Temperature 1567682432,06002 33,61
E4_Temperature 1567682432,31003 33,61
E4_Temperature 1567682432,56005 33,61
E4_Temperature 1567682432,81006 33,61
E4_Temperature 1567682433,06007 33,61
