E4_Bvp 1569414079,76233 -36,81372
E4_Bvp 1569414079,77796 -43,29276
E4_Bvp 1569414079,79358 -50,96634
E4_Bvp 1569414079,80921 -60,01639
E4_Bvp 1569414079,82483 -70,38239
E4_Bvp 1569414079,84046 -81,80121
E4_Bvp 1569414079,85609 -93,689
E4_Bvp 1569414079,87171 -104,939
E4_Bvp 1569414079,88734 -113,8721
E4_Bvp 1569414079,90296 -118,3474
E4_Bvp 1569414079,91859 -116,233
E4_Bvp 1569414079,93421 -106,007
E4_Bvp 1569414079,94984 -87,18555
E4_Bvp 1569414079,96547 -60,44632
E4_Bvp 1569414079,98109 -27,37601
E4_Bvp 1569414079,99672 9,885529
E4_Bvp 1569414080,01234 48,99045
E4_Temperature 1569414078,32587 29,29
E4_Temperature 1569414078,57589 29,29
E4_Temperature 1569414078,8259 29,29
E4_Temperature 1569414079,07591 29,29
E4_Temperature 1569414079,32592 29,29
E4_Temperature 1569414079,57593 29,29
E4_Temperature 1569414079,82594 29,29
E4_Temperature 1569414080,07596 29,29
E4_Bvp 1569414080,02797 87,62625
E4_Bvp 1569414080,04359 123,5617
E4_Bvp 1569414080,05922 154,8141
E4_Bvp 1569414080,07485 179,8259
E4_Bvp 1569414080,09047 197,6552
E4_Bvp 1569414080,1061 208,0712
E4_Bvp 1569414080,12172 211,369
E4_Bvp 1569414080,13735 208,2356
E4_Bvp 1569414080,15297 199,4564
E4_Bvp 1569414080,1686 185,9159
E4_Bvp 1569414080,18423 168,6744
E4_Bvp 1569414080,19985 149,0649
E4_Bvp 1569414080,21548 128,6818
E4_Bvp 1569414080,2311 109,141
E4_Bvp 1569414080,24673 91,77267
E4_Bvp 1569414080,26235 77,18924
E4_Bvp 1569414080,27798 65,12546
E4_Bvp 1569414080,29361 54,46091
E4_Bvp 1569414080,30923 43,51654
E4_Bvp 1569414080,32486 30,55511
E4_Bvp 1569414080,34048 14,33759
E4_Bvp 1569414080,35611 -5,388519
E4_Bvp 1569414080,37173 -27,63168
E4_Bvp 1569414080,38736 -50,22809
E4_Bvp 1569414080,40299 -70,35587
E4_Bvp 1569414080,41861 -85,29825
E4_Bvp 1569414080,43424 -93,23984
E4_Bvp 1569414080,44986 -93,83853
E4_Bvp 1569414080,46549 -88,32413
E4_Bvp 1569414080,48111 -79,09204
E4_Bvp 1569414080,49674 -68,93088
E4_Bvp 1569414080,51237 -60,2399
E4_Bvp 1569414080,52799 -54,31317
E4_Bvp 1569414080,54362 -51,1683
E4_Bvp 1569414080,55924 -49,60199
E4_Bvp 1569414080,57487 -47,64087
E4_Bvp 1569414080,59049 -43,05975
E4_Bvp 1569414080,60612 -33,94186
E4_Bvp 1569414080,62175 -19,19086
E4_Bvp 1569414080,63737 1,219269
E4_Bvp 1569414080,653 26,07721
E4_Bvp 1569414080,66862 53,32036
E4_Bvp 1569414080,68425 80,47792
E4_Bvp 1569414080,69987 105,3271
E4_Bvp 1569414080,7155 126,4171
E4_Bvp 1569414080,73113 143,2299
E4_Bvp 1569414080,74675 156,0736
E4_Bvp 1569414080,76238 165,6214
E4_Bvp 1569414080,778 172,4305
E4_Bvp 1569414080,79363 176,4729
E4_Bvp 1569414080,80925 177,1038
E4_Bvp 1569414080,82488 173,2464
E4_Bvp 1569414080,84051 163,7007
E4_Bvp 1569414080,85613 147,4917
E4_Bvp 1569414080,87176 124,3413
E4_Gsr 1569414079,503 0,1204451
E4_Gsr 1569414079,753 0,1204451
E4_Gsr 1569414080,003 0,1204451
E4_Gsr 1569414080,253 0,1217264
E4_Gsr 1569414080,503 0,1281331
E4_Gsr 1569414080,753 0,1332584
E4_Bvp 1569414080,88738 95,15114
E4_Bvp 1569414080,90301 62,3038
E4_Bvp 1569414080,91863 29,36729
E4_Bvp 1569414080,93426 0,2373505
E4_Bvp 1569414080,94989 -21,98663
E4_Bvp 1569414080,96551 -35,9694
E4_Bvp 1569414080,98114 -42,33846
E4_Bvp 1569414080,99676 -43,18819
E4_Bvp 1569414081,01239 -41,0247
E4_Bvp 1569414081,02801 -37,8617
E4_Bvp 1569414081,04364 -34,83287
E4_Bvp 1569414081,05927 -32,43906
E4_Bvp 1569414081,07489 -31,02625
E4_Bvp 1569414081,09052 -31,10481
E4_Bvp 1569414081,10614 -33,21593
E4_Bvp 1569414081,12177 -37,54935
E4_Bvp 1569414081,13739 -43,59421
E4_Bvp 1569414081,15302 -50,17508
E4_Bvp 1569414081,16865 -55,86106
E4_Bvp 1569414081,18427 -59,49607
E4_Bvp 1569414081,1999 -60,43653
E4_Bvp 1569414081,21552 -58,49625
E4_Bvp 1569414081,23115 -53,85804
E4_Bvp 1569414081,24677 -46,9056
E4_Bvp 1569414081,2624 -38,22417
E4_Bvp 1569414081,27803 -28,39178
E4_Bvp 1569414081,29365 -18,03438
E4_Bvp 1569414081,30928 -7,630798
E4_Bvp 1569414081,3249 2,605896
E4_Bvp 1569414081,34053 12,83458
E4_Bvp 1569414081,35616 23,45746
E4_Bvp 1569414081,37178 34,81798
E4_Bvp 1569414081,38741 46,80449
E4_Bvp 1569414081,40303 58,59343
E4_Bvp 1569414081,41866 68,76118
E4_Bvp 1569414081,43428 75,69479
E4_Bvp 1569414081,44991 78,21794
E4_Bvp 1569414081,46554 76,00845
E4_Bvp 1569414081,48116 69,70837
E4_Bvp 1569414081,49679 60,56787
E4_Bvp 1569414081,51241 49,99762
E4_Bvp 1569414081,52804 39,25177
E4_Bvp 1569414081,54366 29,42136
E4_Bvp 1569414081,55929 21,53693
E4_Bvp 1569414081,57492 16,51627
E4_Bvp 1569414081,59054 14,87857
E4_Bvp 1569414081,60617 16,27682
E4_Bvp 1569414081,62179 19,1897
E4_Bvp 1569414081,63742 21,23462
E4_Bvp 1569414081,65304 19,83533
E4_Bvp 1569414081,66867 13,23224
E4_Bvp 1569414081,6843 1,079956
E4_Bvp 1569414081,69992 -15,41235
E4_Bvp 1569414081,71555 -34,08331
E4_Bvp 1569414081,73117 -52,64236
E4_Bvp 1569414081,7468 -69,47168
E4_Bvp 1569414081,76242 -83,86453
E4_Bvp 1569414081,77805 -95,84973
E4_Bvp 1569414081,79368 -105,6806
E4_Bvp 1569414081,8093 -113,365
E4_Bvp 1569414081,82493 -118,6585
E4_Bvp 1569414081,84055 -121,3335
E4_Bvp 1569414081,85618 -121,6406
E4_Bvp 1569414081,8718 -120,4406
E4_Bvp 1569414081,88743 -118,9865
E4_Bvp 1569414081,90306 -118,3083
E4_Bvp 1569414081,91868 -118,6427
E4_Bvp 1569414081,93431 -119,3127
E4_Bvp 1569414081,94993 -119,0361
E4_Bvp 1569414081,96556 -116,6945
E4_Bvp 1569414081,98118 -111,986
E4_Bvp 1569414081,99681 -105,5804
E4_Bvp 1569414082,01244 -98,65515
E4_Bvp 1569414082,02806 -92,15112
E4_Bvp 1569414082,04369 -86,14594
E4_Bvp 1569414082,05931 -79,771
E4_Bvp 1569414082,07494 -71,72821
E4_Temperature 1569414080,32597 29,29
E4_Temperature 1569414080,57598 29,29
E4_Temperature 1569414080,82599 29,29
E4_Temperature 1569414081,076 29,29
E4_Temperature 1569414081,32601 29,29
E4_Temperature 1569414081,57603 29,29
E4_Temperature 1569414081,82604 29,29
E4_Temperature 1569414082,07605 29,29
E4_Bvp 1569414082,09056 -60,96722
E4_Bvp 1569414082,10619 -47,27899
E4_Bvp 1569414082,12182 -31,41919
E4_Bvp 1569414082,13744 -14,73132
E4_Bvp 1569414082,15307 1,413147
E4_Bvp 1569414082,16869 16,10059
E4_Bvp 1569414082,18432 29,03156
E4_Bvp 1569414082,19994 40,349
E4_Bvp 1569414082,21557 50,25433
E4_Bvp 1569414082,2312 58,81653
E4_Bvp 1569414082,24682 65,93823
E4_Bvp 1569414082,26245 71,62402
E4_Bvp 1569414082,27807 76,22852
E4_Bvp 1569414082,2937 80,5
E4_Bvp 1569414082,30932 85,33875
E4_Bvp 1569414082,32495 91,4093
E4_Bvp 1569414082,34058 98,81604
E4_Bvp 1569414082,3562 107,11
E4_Bvp 1569414082,37183 115,4336
E4_Bvp 1569414082,38745 122,8683
E4_Bvp 1569414082,40308 128,7235
E4_Bvp 1569414082,4187 132,6675
E4_Gsr 1569414081,003 0,1345397
E4_Gsr 1569414081,253 0,1371024
E4_Gsr 1569414081,503 0,1396651
E4_Gsr 1569414081,753 0,1396651
E4_Gsr 1569414082,003 0,1358211
E4_Gsr 1569414082,253 0,1332584
E4_Bvp 1569414082,43433 134,6464
E4_Bvp 1569414082,44996 134,7115
E4_Bvp 1569414082,46558 132,8978
E4_Bvp 1569414082,48121 129,0955
E4_Bvp 1569414082,49683 123,0952
E4_Bvp 1569414082,51246 114,7047
E4_Bvp 1569414082,52808 103,9943
E4_Bvp 1569414082,54371 91,34045
E4_Bvp 1569414082,55934 77,52515
E4_Bvp 1569414082,57496 63,4823
E4_Bvp 1569414082,59059 50,06824
E4_Bvp 1569414082,60621 37,76563
E4_Bvp 1569414082,62184 26,60107
E4_Bvp 1569414082,63746 16,2652
E4_Bvp 1569414082,65309 6,417236
E4_Bvp 1569414082,66872 -3,046509
E4_Bvp 1569414082,68434 -11,90936
E4_Bvp 1569414082,69997 -19,78162
E4_Bvp 1569414082,71559 -26,27991
E4_Bvp 1569414082,73122 -31,22614
E4_Bvp 1569414082,74684 -34,6499
E4_Bvp 1569414082,76247 -36,71973
E4_Bvp 1569414082,7781 -37,6355
E4_Bvp 1569414082,79372 -37,65613
E4_Bvp 1569414082,80935 -37,14453
E4_Bvp 1569414082,82497 -36,62012
E4_Bvp 1569414082,8406 -36,71082
E4_Bvp 1569414082,85622 -37,99487
E4_Bvp 1569414082,87185 -40,75806
E4_Bvp 1569414082,88748 -45,01501
E4_Bvp 1569414082,9031 -50,48499
E4_Bvp 1569414082,91873 -56,82507
E4_Bvp 1569414082,93435 -63,84338
E4_Bvp 1569414082,94998 -71,52417
E4_Bvp 1569414082,9656 -79,99182
E4_Bvp 1569414082,98123 -89,21069
E4_Bvp 1569414082,99686 -98,81848
E4_Bvp 1569414083,01248 -108,0192
E4_Bvp 1569414083,02811 -115,7845
E4_Bvp 1569414083,04373 -121,1274
E4_Bvp 1569414083,05936 -123,4813
E4_Bvp 1569414083,07498 -122,8945
E4_Bvp 1569414083,09061 -120,0649
E4_Bvp 1569414083,10624 -116,2446
E4_Bvp 1569414083,12186 -112,9727
E4_Bvp 1569414083,13749 -111,8015
E4_Bvp 1569414083,15311 -113,9982
E4_Bvp 1569414083,16874 -120,3085
E4_Bvp 1569414083,18436 -130,7047
E4_Bvp 1569414083,19999 -144,3619
E4_Bvp 1569414083,21562 -159,6688
E4_Bvp 1569414083,23124 -174,6094
E4_Bvp 1569414083,24687 -187,3262
E4_Bvp 1569414083,26249 -196,6069
E4_Bvp 1569414083,27812 -202,2345
E4_Bvp 1569414083,29374 -204,8188
E4_Bvp 1569414083,30937 -205,3597
E4_Bvp 1569414083,325 -204,5881
E4_Bvp 1569414083,34062 -202,6914
E4_Bvp 1569414083,35625 -199,2764
E4_Bvp 1569414083,37187 -193,8894
E4_Bvp 1569414083,3875 -186,5632
E4_Bvp 1569414083,40312 -178,0533
E4_Bvp 1569414083,41875 -169,7347
E4_Bvp 1569414083,43438 -163,0426
E4_Bvp 1569414083,45 -158,7567
E4_Bvp 1569414083,46563 -156,4988
E4_Bvp 1569414083,48125 -154,6085
E4_Bvp 1569414083,49688 -150,5171
E4_Bvp 1569414083,51251 -141,4291
E4_Bvp 1569414083,52813 -125,1671
E4_Bvp 1569414083,54376 -100,9504
E4_Bvp 1569414083,55938 -69,85889
E4_Bvp 1569414083,57501 -34,75757
E4_Bvp 1569414083,59063 0,3436279
E4_Bvp 1569414083,60626 31,37805
E4_Bvp 1569414083,62189 55,38538
E4_Bvp 1569414083,63751 71,22803
E4_Bvp 1569414083,65314 79,67053
E4_Bvp 1569414083,66876 82,75696
E4_Bvp 1569414083,68439 82,74597
E4_Bvp 1569414083,70001 81,06909
E4_Bvp 1569414083,71564 77,76782
E4_Bvp 1569414083,73127 71,55048
E4_Bvp 1569414083,74689 60,40546
E4_Bvp 1569414083,76252 42,6347
E4_Bvp 1569414083,77814 17,92969
E4_Bvp 1569414083,79377 -11,79712
E4_Bvp 1569414083,80939 -42,198
E4_Bvp 1569414083,82502 -67,09528
E4_Bvp 1569414083,84065 -79,9079
E4_Bvp 1569414083,85627 -75,59479
E4_Bvp 1569414083,8719 -52,48389
E4_Bvp 1569414083,88752 -13,16534
E4_Bvp 1569414083,90315 35,87976
E4_Bvp 1569414083,91877 85,96527
E4_Bvp 1569414083,9344 128,5198
E4_Bvp 1569414083,95003 157,1968
E4_Bvp 1569414083,96565 169,1251
E4_Gsr 1569414082,503 0,1294144
E4_Gsr 1569414082,753 0,1306957
E4_Gsr 1569414083,003 0,1294144
E4_Gsr 1569414083,253 0,1268518
E4_Gsr 1569414083,503 0,1281331
E4_Gsr 1569414083,753 0,1281331
E4_Temperature 1569414082,32606 29,27
E4_Temperature 1569414082,57607 29,27
E4_Temperature 1569414082,82608 29,27
E4_Temperature 1569414083,07609 29,27
E4_Temperature 1569414083,32611 29,29
E4_Temperature 1569414083,57612 29,29
E4_Temperature 1569414083,82613 29,29
E4_Temperature 1569414084,07614 29,29
E4_Bvp 1569414083,98128 165,007
E4_Bvp 1569414083,9969 148,2335
E4_Bvp 1569414084,01253 123,4962
E4_Bvp 1569414084,02815 95,62317
E4_Bvp 1569414084,04378 68,71136
E4_Bvp 1569414084,05941 45,68854
E4_Bvp 1569414084,07503 28,15179
E4_Bvp 1569414084,09066 16,44531
E4_Bvp 1569414084,10628 9,801208
E4_Bvp 1569414084,12191 6,708801
E4_Bvp 1569414084,13753 5,398376
E4_Bvp 1569414084,15316 4,258057
E4_Bvp 1569414084,16879 2,340027
E4_Bvp 1569414084,18441 -0,4189453
E4_Bvp 1569414084,20004 -3,220276
E4_Bvp 1569414084,21566 -4,696472
E4_Bvp 1569414084,23129 -3,398193
E4_Bvp 1569414084,24691 1,603088
E4_Bvp 1569414084,26254 10,25739
E4_Bvp 1569414084,27817 21,4657
E4_Bvp 1569414084,29379 33,30707
E4_Bvp 1569414084,30942 43,64856
E4_Bvp 1569414084,32504 50,823
E4_Bvp 1569414084,34067 54,14392
E4_Bvp 1569414084,35629 54,04913
E4_Bvp 1569414084,37192 51,81329
E4_Bvp 1569414084,38755 48,98236
E4_Bvp 1569414084,40317 46,89862
E4_Bvp 1569414084,4188 46,46753
E4_Bvp 1569414084,43442 48,26733
E4_Bvp 1569414084,45005 52,72351
E4_Bvp 1569414084,46567 60,05414
E4_Bvp 1569414084,4813 70,08032
E4_Bvp 1569414084,49693 81,87805
E4_Bvp 1569414084,51255 93,61871
E4_Bvp 1569414084,52818 103,0267
E4_Bvp 1569414084,5438 108,142
E4_Bvp 1569414084,55943 108,1359
E4_Bvp 1569414084,57505 103,5716
E4_Bvp 1569414084,59068 96,08185
E4_Bvp 1569414084,60631 87,30255
E4_Bvp 1569414084,62193 78,03174
E4_Bvp 1569414084,63756 67,85571
E4_Bvp 1569414084,65318 55,64215
E4_Bvp 1569414084,66881 40,51691
E4_Bvp 1569414084,68443 22,68683
E4_Bvp 1569414084,70006 3,663147
E4_Bvp 1569414084,71569 -14,3161
E4_Bvp 1569414084,73131 -29,18073
E4_Bvp 1569414084,74694 -39,80237
E4_Bvp 1569414084,76256 -46,24072
E4_Bvp 1569414084,77819 -49,29724
E4_Bvp 1569414084,79381 -49,96832
E4_Bvp 1569414084,80944 -48,86523
E4_Bvp 1569414084,82507 -46,19373
E4_Bvp 1569414084,84069 -41,93762
E4_Bvp 1569414084,85632 -36,26611
E4_Bvp 1569414084,87194 -29,79742
E4_Bvp 1569414084,88757 -23,63
E4_Bvp 1569414084,90319 -18,90387
E4_Bvp 1569414084,91882 -16,414
E4_Bvp 1569414084,93445 -16,18658
E4_Bvp 1569414084,95007 -17,33789
E4_Bvp 1569414084,9657 -18,49951
E4_Bvp 1569414084,98132 -18,32803
E4_Bvp 1569414084,99695 -16,15411
E4_Bvp 1569414085,01257 -12,23639
E4_Bvp 1569414085,0282 -7,635223
E4_Bvp 1569414085,04383 -3,688934
E4_Bvp 1569414085,05945 -1,391602
E4_Bvp 1569414085,07508 -1,030853
E4_Bvp 1569414085,0907 -2,084595
E4_Bvp 1569414085,10633 -3,72403
E4_Bvp 1569414085,12195 -5,083923
E4_Bvp 1569414085,13758 -5,695892
E4_Bvp 1569414085,15321 -5,502625
E4_Bvp 1569414085,16883 -4,724854
E4_Bvp 1569414085,18446 -3,652557
E4_Bvp 1569414085,20008 -2,520752
E4_Bvp 1569414085,21571 -1,490265
E4_Bvp 1569414085,23133 -0,7219849
E4_Bvp 1569414085,24696 -0,47052
E4_Bvp 1569414085,26259 -1,031158
E4_Bvp 1569414085,27821 -2,652252
E4_Bvp 1569414085,29384 -5,354584
E4_Bvp 1569414085,30946 -8,789337
E4_Bvp 1569414085,32509 -12,19504
E4_Bvp 1569414085,34071 -14,61002
E4_Gsr 1569414084,003 0,1281331
E4_Gsr 1569414084,253 0,1281331
E4_Gsr 1569414084,503 0,1268518
E4_Gsr 1569414084,753 0,1268518
E4_Gsr 1569414085,003 0,1268518
E4_Gsr 1569414085,253 0,1255704
E4_Bvp 1569414085,35634 -15,21329
E4_Bvp 1569414085,37197 -13,6156
E4_Bvp 1569414085,38759 -10,11713
E4_Bvp 1569414085,40322 -5,480713
E4_Bvp 1569414085,41884 -0,6727905
E4_Bvp 1569414085,43447 3,571014
E4_Bvp 1569414085,45009 6,90451
E4_Bvp 1569414085,46572 9,322235
E4_Bvp 1569414085,48135 11,01108
E4_Bvp 1569414085,49697 12,08331
E4_Bvp 1569414085,5126 12,55081
E4_Bvp 1569414085,52822 12,34775
E4_Bvp 1569414085,54385 11,50803
E4_Bvp 1569414085,55947 10,20517
E4_Bvp 1569414085,5751 8,713348
E4_Bvp 1569414085,59073 7,27594
E4_Bvp 1569414085,60635 6,015106
E4_Bvp 1569414085,62198 4,927429
E4_Bvp 1569414085,6376 3,934631
E4_Bvp 1569414085,65323 2,964478
E4_Bvp 1569414085,66885 1,990631
E4_Bvp 1569414085,68448 1,045868
E4_Bvp 1569414085,70011 0,1545715
E4_Bvp 1569414085,71573 -0,6410217
E4_Bvp 1569414085,73136 -1,309814
E4_Bvp 1569414085,74698 -1,801117
E4_Bvp 1569414085,76261 -2,064056
E4_Bvp 1569414085,77823 -2,075867
E4_Bvp 1569414085,79386 -1,856384
E4_Bvp 1569414085,80949 -1,549408
E4_Bvp 1569414085,82511 -1,360687
E4_Bvp 1569414085,84074 -1,530212
E4_Bvp 1569414085,85636 -2,224457
E4_Bvp 1569414085,87199 -3,48761
E4_Bvp 1569414085,88761 -5,117859
E4_Bvp 1569414085,90324 -6,706329
E4_Bvp 1569414085,91887 -7,758972
E4_Bvp 1569414085,93449 -7,822205
E4_Bvp 1569414085,95012 -6,682465
E4_Bvp 1569414085,96574 -4,470001
E4_Bvp 1569414085,98137 -1,58905
E4_Bvp 1569414085,99699 1,460205
E4_Bvp 1569414086,01262 4,258301
E4_Bvp 1569414086,02825 6,648804
E4_Temperature 1569414084,32615 29,29
E4_Temperature 1569414084,57616 29,29
E4_Temperature 1569414084,82618 29,29
E4_Temperature 1569414085,07619 29,29
E4_Temperature 1569414085,3262 29,29
E4_Temperature 1569414085,57621 29,29
E4_Temperature 1569414085,82622 29,29
E4_Temperature 1569414086,07623 29,29
E4_Bvp 1569414086,04387 8,725342
E4_Bvp 1569414086,0595 10,64423
E4_Bvp 1569414086,07512 12,49792
E4_Bvp 1569414086,09075 14,1637
E4_Bvp 1569414086,10637 15,35004
E4_Bvp 1569414086,122 15,74106
E4_Bvp 1569414086,13763 15,11526
E4_Bvp 1569414086,15325 13,47745
E4_Bvp 1569414086,16888 11,09763
E4_Bvp 1569414086,1845 8,438522
E4_Bvp 1569414086,20013 6,018845
E4_Bvp 1569414086,21576 4,196808
E4_Bvp 1569414086,23138 3,106155
E4_Bvp 1569414086,24701 2,568146
E4_Bvp 1569414086,26263 2,186707
E4_Bvp 1569414086,27826 1,579605
E4_Bvp 1569414086,29388 0,5329895
E4_Bvp 1569414086,30951 -0,8896637
E4_Bvp 1569414086,32514 -2,422485
E4_Bvp 1569414086,34076 -3,721558
E4_Bvp 1569414086,35639 -4,567581
E4_Bvp 1569414086,37201 -4,951233
E4_Bvp 1569414086,38764 -5,039581
E4_Bvp 1569414086,40326 -5,039276
E4_Bvp 1569414086,41889 -5,094757
E4_Bvp 1569414086,43452 -5,322815
E4_Bvp 1569414086,45014 -5,789337
E4_Bvp 1569414086,46577 -6,523071
E4_Bvp 1569414086,48139 -7,506546
E4_Bvp 1569414086,49702 -8,565933
E4_Bvp 1569414086,51264 -9,321121
E4_Bvp 1569414086,52827 -9,317078
E4_Bvp 1569414086,5439 -8,167099
E4_Bvp 1569414086,55952 -5,702072
E4_Bvp 1569414086,57515 -2,105423
E4_Bvp 1569414086,59077 2,172821
E4_Bvp 1569414086,6064 6,561813
E4_Bvp 1569414086,62202 10,53712
E4_Bvp 1569414086,63765 13,75847
E4_Bvp 1569414086,65328 16,10922
E4_Bvp 1569414086,6689 17,63582
E4_Bvp 1569414086,68453 18,4442
E4_Bvp 1569414086,70015 18,69247
E4_Bvp 1569414086,71578 18,48904
E4_Bvp 1569414086,7314 17,96584
E4_Bvp 1569414086,74703 17,2586
E4_Bvp 1569414086,76266 16,47197
E4_Bvp 1569414086,77828 15,70376
E4_Bvp 1569414086,79391 14,97537
E4_Bvp 1569414086,80953 14,29774
E4_Bvp 1569414086,82516 13,62915
E4_Bvp 1569414086,84078 13,01401
E4_Bvp 1569414086,85641 12,51485
E4_Bvp 1569414086,87204 12,24937
E4_Bvp 1569414086,88766 12,28224
E4_Gsr 1569414085,503 0,1268518
E4_Gsr 1569414085,753 0,1268518
E4_Gsr 1569414086,003 0,1255704
E4_Gsr 1569414086,253 0,1255704
E4_Gsr 1569414086,503 0,1268518
E4_Gsr 1569414086,753 0,1255704
E4_Bvp 1569414086,90329 12,54807
E4_Bvp 1569414086,91891 12,85045
E4_Bvp 1569414086,93454 12,9064
E4_Bvp 1569414086,95016 12,46014
E4_Bvp 1569414086,96579 11,38976
E4_Bvp 1569414086,98142 9,771004
E4_Bvp 1569414086,99704 7,798332
E4_Bvp 1569414087,01267 5,721764
E4_Bvp 1569414087,02829 3,685966
E4_Bvp 1569414087,04392 1,704578
E4_Bvp 1569414087,05954 -0,3040428
E4_Bvp 1569414087,07517 -2,426785
E4_Bvp 1569414087,0908 -4,697384
E4_Bvp 1569414087,10642 -6,989243
E4_Bvp 1569414087,12205 -9,028431
E4_Bvp 1569414087,13767 -10,48875
E4_Bvp 1569414087,1533 -10,9811
E4_Bvp 1569414087,16892 -10,22139
E4_Bvp 1569414087,18455 -8,040237
E4_Bvp 1569414087,20018 -4,491039
E4_Bvp 1569414087,2158 0,1062927
E4_Bvp 1569414087,23143 5,207542
E4_Bvp 1569414087,24705 10,08665
E4_Bvp 1569414087,26268 14,10313
E4_Bvp 1569414087,2783 16,81497
E4_Bvp 1569414087,29393 18,18274
E4_Bvp 1569414087,30956 18,49468
E4_Bvp 1569414087,32518 18,19715
E4_Bvp 1569414087,34081 17,6722
E4_Bvp 1569414087,35643 17,11807
E4_Bvp 1569414087,37206 16,54881
E4_Bvp 1569414087,38768 15,8772
E4_Bvp 1569414087,40331 15,10411
E4_Bvp 1569414087,41894 14,32378
E4_Bvp 1569414087,43456 13,72938
E4_Bvp 1569414087,45019 13,43463
E4_Bvp 1569414087,46581 13,43459
E4_Bvp 1569414087,48144 13,57659
E4_Bvp 1569414087,49706 13,64079
E4_Bvp 1569414087,51269 13,49888
E4_Bvp 1569414087,52832 13,11463
E4_Bvp 1569414087,54394 12,57021
E4_Bvp 1569414087,55957 11,96913
E4_Bvp 1569414087,57519 11,40742
E4_Bvp 1569414087,59082 10,86403
E4_Bvp 1569414087,60644 10,2937
E4_Bvp 1569414087,62207 9,610075
E4_Bvp 1569414087,6377 8,733507
E4_Bvp 1569414087,65332 7,619644
E4_Bvp 1569414087,66895 6,296796
E4_Bvp 1569414087,68457 4,817652
E4_Bvp 1569414087,7002 3,285164
E4_Bvp 1569414087,71582 1,812003
E4_Bvp 1569414087,73145 0,5190058
E4_Bvp 1569414087,74708 -0,4179487
E4_Bvp 1569414087,7627 -0,8059282
E4_Bvp 1569414087,77833 -0,4261541
E4_Bvp 1569414087,79395 0,8864479
E4_Bvp 1569414087,80958 3,155823
E4_Bvp 1569414087,8252 6,182293
E4_Bvp 1569414087,84083 9,581863
E4_Bvp 1569414087,85646 12,88694
E4_Bvp 1569414087,87208 15,69744
E4_Bvp 1569414087,88771 17,83949
E4_Bvp 1569414087,90333 19,33793
E4_Bvp 1569414087,91896 20,3584
E4_Bvp 1569414087,93458 21,05747
E4_Bvp 1569414087,95021 21,49242
E4_Bvp 1569414087,96584 21,6181
E4_Bvp 1569414087,98146 21,35697
E4_Bvp 1569414087,99709 20,67683
E4_Bvp 1569414088,01271 19,64543
E4_Bvp 1569414088,02834 18,43357
E4_Bvp 1569414088,04396 17,22182
E4_Bvp 1569414088,05959 16,14451
E4_Bvp 1569414088,07522 15,26385
E4_Bvp 1569414088,09084 14,4863
E4_Temperature 1569414086,32625 29,29
E4_Temperature 1569414086,57626 29,29
E4_Temperature 1569414086,82627 29,29
E4_Temperature 1569414087,07628 29,29
E4_Temperature 1569414087,32629 29,29
E4_Temperature 1569414087,5763 29,29
E4_Temperature 1569414087,82631 29,29
E4_Temperature 1569414088,07633 29,29
E4_Bvp 1569414088,10647 13,67361
E4_Bvp 1569414088,12209 12,65806
E4_Bvp 1569414088,13772 11,34875
E4_Bvp 1569414088,15334 9,767181
E4_Bvp 1569414088,16897 8,074332
E4_Bvp 1569414088,1846 6,483725
E4_Bvp 1569414088,20022 5,194661
E4_Bvp 1569414088,21585 4,254327
E4_Bvp 1569414088,23147 3,531781
E4_Bvp 1569414088,2471 2,827781
E4_Bvp 1569414088,26272 1,904002
E4_Bvp 1569414088,27835 0,6256075
E4_Bvp 1569414088,29398 -1,031757
E4_Bvp 1569414088,3096 -2,990484
E4_Bvp 1569414088,32523 -5,125962
E4_Bvp 1569414088,34085 -7,252717
E4_Bvp 1569414088,35648 -9,089558
E4_Bvp 1569414088,3721 -10,30827
E4_Bvp 1569414088,38773 -10,5664
E4_Bvp 1569414088,40336 -9,680182
E4_Bvp 1569414088,41898 -7,661199
E4_Bvp 1569414088,43461 -4,831314
E4_Gsr 1569414087,003 0,1255704
E4_Gsr 1569414087,253 0,1255704
E4_Gsr 1569414087,503 0,1255704
E4_Gsr 1569414087,753 0,1255704
E4_Gsr 1569414088,003 0,1255704
E4_Gsr 1569414088,253 0,1255704
E4_Bvp 1569414088,45023 -1,64808
E4_Bvp 1569414088,46586 1,420296
E4_Bvp 1569414088,48149 4,068192
E4_Bvp 1569414088,49711 6,21747
E4_Bvp 1569414088,51274 7,904795
E4_Bvp 1569414088,52836 9,171133
E4_Bvp 1569414088,54399 9,938279
E4_Bvp 1569414088,55961 10,09581
E4_Bvp 1569414088,57524 9,531345
E4_Bvp 1569414088,59087 8,336913
E4_Bvp 1569414088,60649 6,81653
E4_Bvp 1569414088,62212 5,428486
E4_Bvp 1569414088,63774 4,533136
E4_Bvp 1569414088,65337 4,321585
E4_Bvp 1569414088,66899 4,651484
E4_Bvp 1569414088,68462 5,175468
E4_Bvp 1569414088,70025 5,535162
E4_Bvp 1569414088,71587 5,466595
E4_Bvp 1569414088,7315 4,947689
E4_Bvp 1569414088,74712 4,140831
E4_Bvp 1569414088,76275 3,302256
E4_Bvp 1569414088,77837 2,664602
E4_Bvp 1569414088,794 2,326891
E4_Bvp 1569414088,80963 2,287529
E4_Bvp 1569414088,82525 2,396439
E4_Bvp 1569414088,84088 2,463039
E4_Bvp 1569414088,8565 2,305782
E4_Bvp 1569414088,87213 1,77483
E4_Bvp 1569414088,88775 0,8152428
E4_Bvp 1569414088,90338 -0,6077538
E4_Bvp 1569414088,91901 -2,376678
E4_Bvp 1569414088,93463 -4,276627
E4_Bvp 1569414088,95026 -5,984512
E4_Bvp 1569414088,96588 -7,125973
E4_Bvp 1569414088,98151 -7,334835
E4_Bvp 1569414088,99713 -6,456448
E4_Bvp 1569414089,01276 -4,546013
E4_Bvp 1569414089,02839 -1,858238
E4_Bvp 1569414089,04401 1,171913
E4_Bvp 1569414089,05964 4,177361
E4_Bvp 1569414089,07526 6,848431
E4_Bvp 1569414089,09089 8,97155
E4_Bvp 1569414089,10651 10,42932
E4_Bvp 1569414089,12214 11,12888
E4_Bvp 1569414089,13777 11,00948
E4_Bvp 1569414089,15339 10,09177
E4_Bvp 1569414089,16902 8,521042
E4_Bvp 1569414089,18464 6,547157
E4_Bvp 1569414089,20027 4,475937
E4_Bvp 1569414089,21589 2,556282
E4_Bvp 1569414089,23152 0,9411469
E4_Bvp 1569414089,24715 -0,3344498
E4_Bvp 1569414089,26277 -1,309319
E4_Bvp 1569414089,2784 -2,045288
E4_Bvp 1569414089,29402 -2,56926
E4_Bvp 1569414089,30965 -2,882523
E4_Bvp 1569414089,32527 -3,010788
E4_Bvp 1569414089,3409 -3,02916
E4_Bvp 1569414089,35653 -3,067398
E4_Bvp 1569414089,37215 -3,322563
E4_Bvp 1569414089,38778 -3,870613
E4_Bvp 1569414089,4034 -4,74321
E4_Bvp 1569414089,41903 -5,811172
E4_Bvp 1569414089,43465 -6,929642
E4_Bvp 1569414089,45028 -7,990509
E4_Bvp 1569414089,46591 -9,023216
E4_Bvp 1569414089,48153 -10,15883
E4_Bvp 1569414089,49716 -11,55602
E4_Bvp 1569414089,51278 -13,30639
E4_Bvp 1569414089,52841 -15,31674
E4_Bvp 1569414089,54403 -17,39011
E4_Bvp 1569414089,55966 -19,18948
E4_Bvp 1569414089,57529 -20,37914
E4_Bvp 1569414089,59091 -20,65405
E4_Bvp 1569414089,60654 -19,8167
E4_Bvp 1569414089,62216 -17,82021
E4_Bvp 1569414089,63779 -14,86755
E4_Bvp 1569414089,65341 -11,41534
E4_Bvp 1569414089,66904 -8,091347
E4_Bvp 1569414089,68467 -5,548416
E4_Bvp 1569414089,70029 -4,235207
E4_Bvp 1569414089,71592 -4,246361
E4_Bvp 1569414089,73154 -5,318138
E4_Bvp 1569414089,74717 -6,986084
E4_Bvp 1569414089,76279 -8,714317
E4_Bvp 1569414089,77842 -10,05929
E4_Bvp 1569414089,79405 -10,76687
E4_Bvp 1569414089,80967 -10,75922
E4_Gsr 1569414088,503 0,1242891
E4_Gsr 1569414088,753 0,1230078
E4_Gsr 1569414089,003 0,1242891
E4_Gsr 1569414089,253 0,1230078
E4_Gsr 1569414089,503 0,1281331
E4_Gsr 1569414089,753 0,1268518
E4_Bvp 1569414089,8253 -10,3055
E4_Bvp 1569414089,84092 -9,992355
E4_Bvp 1569414089,85655 -10,63963
E4_Bvp 1569414089,87217 -12,90188
E4_Bvp 1569414089,8878 -16,52981
E4_Bvp 1569414089,90343 -20,03425
E4_Bvp 1569414089,91905 -20,82292
E4_Bvp 1569414089,93468 -16,16016
E4_Bvp 1569414089,9503 -4,459717
E4_Bvp 1569414089,96593 13,82867
E4_Bvp 1569414089,98155 36,16008
E4_Temperature 1569414088,32634 29,29
E4_Temperature 1569414088,57635 29,29
E4_Temperature 1569414088,82636 29,29
E4_Temperature 1569414089,07637 29,29
E4_Temperature 1569414089,32638 29,29
E4_Temperature 1569414089,5764 29,29
E4_Temperature 1569414089,82641 29,29
E4_Temperature 1569414090,07642 29,29
E4_Bvp 1569414089,99718 58,71942
E4_Bvp 1569414090,01281 77,65547
E4_Bvp 1569414090,02843 90,03288
E4_Bvp 1569414090,04406 94,33429
E4_Bvp 1569414090,05968 90,47987
E4_Bvp 1569414090,07531 79,65347
E4_Bvp 1569414090,09093 64,08789
E4_Bvp 1569414090,10656 46,76175
E4_Bvp 1569414090,12219 30,83652
E4_Bvp 1569414090,13781 18,75708
E4_Bvp 1569414090,15344 11,39711
E4_Bvp 1569414090,16906 7,747574
E4_Bvp 1569414090,18469 5,355225
E4_Bvp 1569414090,20031 1,412628
E4_Bvp 1569414090,21594 -5,986938
E4_Bvp 1569414090,23157 -17,23006
E4_Bvp 1569414090,24719 -31,32207
E4_Bvp 1569414090,26282 -46,50748
E4_Bvp 1569414090,27844 -60,99509
E4_Bvp 1569414090,29407 -73,51697
E4_Bvp 1569414090,30969 -83,50201
E4_Bvp 1569414090,32532 -91,03131
E4_Bvp 1569414090,34095 -96,74182
E4_Bvp 1569414090,35657 -101,5011
E4_Bvp 1569414090,3722 -106,0384
E4_Bvp 1569414090,38782 -110,4915
E4_Bvp 1569414090,40345 -114,1502
E4_Bvp 1569414090,41907 -115,5578
E4_Bvp 1569414090,4347 -112,9895
E4_Bvp 1569414090,45033 -105,1159
E4_Bvp 1569414090,46595 -91,71803
E4_Bvp 1569414090,48158 -73,85922
E4_Bvp 1569414090,4972 -53,66412
E4_Bvp 1569414090,51283 -33,65047
E4_Bvp 1569414090,52845 -15,92543
E4_Bvp 1569414090,54408 -1,460434
E4_Bvp 1569414090,55971 10,09328
E4_Bvp 1569414090,57533 20,255
E4_Bvp 1569414090,59096 31,06146
E4_Bvp 1569414090,60658 44,13028
E4_Bvp 1569414090,62221 59,93121
E4_Bvp 1569414090,63784 77,34305
E4_Bvp 1569414090,65346 93,86798
E4_Bvp 1569414090,66909 106,3695
E4_Bvp 1569414090,68471 112,1678
E4_Bvp 1569414090,70034 109,8701
E4_Bvp 1569414090,71596 99,83783
E4_Bvp 1569414090,73159 84,03647
E4_Bvp 1569414090,74722 65,3096
E4_Bvp 1569414090,76284 46,70589
E4_Bvp 1569414090,77847 30,77248
E4_Bvp 1569414090,79409 19,13618
E4_Bvp 1569414090,80972 12,47554
E4_Bvp 1569414090,82534 10,48979
E4_Bvp 1569414090,84097 12,12981
E4_Bvp 1569414090,8566 15,81427
E4_Bvp 1569414090,87222 19,79164
E4_Bvp 1569414090,88785 22,46927
E4_Bvp 1569414090,90347 22,77292
E4_Bvp 1569414090,9191 20,32431
E4_Bvp 1569414090,93472 15,4216
E4_Bvp 1569414090,95035 8,894501
E4_Bvp 1569414090,96598 1,813278
E4_Bvp 1569414090,9816 -4,772415
E4_Bvp 1569414090,99723 -10,08194
E4_Bvp 1569414091,01285 -13,7258
E4_Bvp 1569414091,02848 -15,82527
E4_Bvp 1569414091,0441 -16,80533
E4_Bvp 1569414091,05973 -17,21611
E4_Bvp 1569414091,07536 -17,55183
E4_Bvp 1569414091,09098 -18,00476
E4_Bvp 1569414091,10661 -18,51225
E4_Bvp 1569414091,12223 -18,79321
E4_Bvp 1569414091,13786 -18,60957
E4_Bvp 1569414091,15348 -17,92273
E4_Bvp 1569414091,16911 -17,01021
E4_Bvp 1569414091,18474 -16,31581
E4_Bvp 1569414091,20036 -16,24385
E4_Bvp 1569414091,21599 -16,95157
E4_Bvp 1569414091,23161 -18,18185
E4_Bvp 1569414091,24724 -19,40044
E4_Bvp 1569414091,26286 -20,00423
E4_Bvp 1569414091,27849 -19,54807
E4_Bvp 1569414091,29412 -17,97859
E4_Bvp 1569414091,30974 -15,51433
E4_Bvp 1569414091,32537 -12,55315
E4_Bvp 1569414091,34099 -9,344437
E4_Bvp 1569414091,35662 -5,749588
E4_Gsr 1569414090,003 0,1242891
E4_Gsr 1569414090,253 0,1204451
E4_Gsr 1569414090,503 0,1217264
E4_Gsr 1569414090,753 0,1230078
E4_Gsr 1569414091,003 0,1242891
E4_Gsr 1569414091,253 0,1281331
E4_Bvp 1569414091,37224 -1,108826
E4_Bvp 1569414091,38787 5,597046
E4_Bvp 1569414091,4035 15,36893
E4_Bvp 1569414091,41912 28,72377
E4_Bvp 1569414091,43475 45,24509
E4_Bvp 1569414091,45037 63,43904
E4_Bvp 1569414091,466 80,91931
E4_Bvp 1569414091,48162 94,93198
E4_Bvp 1569414091,49725 103,0456
E4_Bvp 1569414091,51288 103,7838
E4_Bvp 1569414091,5285 96,96895
E4_Bvp 1569414091,54413 83,76912
E4_Bvp 1569414091,55975 66,40923
E4_Bvp 1569414091,57538 47,69115
E4_Bvp 1569414091,591 30,40205
E4_Bvp 1569414091,60663 16,76343
E4_Bvp 1569414091,62226 7,928833
E4_Bvp 1569414091,63788 3,830002
E4_Bvp 1569414091,65351 3,33017
E4_Bvp 1569414091,66913 4,642639
E4_Bvp 1569414091,68476 5,927109
E4_Bvp 1569414091,70038 5,850922
E4_Bvp 1569414091,71601 3,76738
E4_Bvp 1569414091,73164 -0,3218689
E4_Bvp 1569414091,74726 -6,062317
E4_Bvp 1569414091,76289 -12,97513
E4_Bvp 1569414091,77851 -20,66066
E4_Bvp 1569414091,79414 -28,75462
E4_Bvp 1569414091,80976 -36,87508
E4_Bvp 1569414091,82539 -44,50293
E4_Bvp 1569414091,84102 -50,98468
E4_Bvp 1569414091,85664 -55,61659
E4_Bvp 1569414091,87227 -57,82903
E4_Bvp 1569414091,88789 -57,29655
E4_Bvp 1569414091,90352 -54,06793
E4_Bvp 1569414091,91914 -48,62741
E4_Bvp 1569414091,93477 -41,83986
E4_Bvp 1569414091,9504 -34,74989
E4_Bvp 1569414091,96602 -28,33647
E4_Bvp 1569414091,98165 -23,29773
E4_Bvp 1569414091,99727 -19,89876
E4_Bvp 1569414092,0129 -18,0206
E4_Bvp 1569414092,02852 -17,39
E4_Bvp 1569414092,04415 -17,70016
E4_Temperature 1569414090,32643 29,31
E4_Temperature 1569414090,57644 29,31
E4_Temperature 1569414090,82645 29,31
E4_Temperature 1569414091,07647 29,31
E4_Temperature 1569414091,32648 29,27
E4_Temperature 1569414091,57649 29,27
E4_Temperature 1569414091,8265 29,27
E4_Temperature 1569414092,07651 29,27
E4_Bvp 1569414092,05978 -18,84351
E4_Bvp 1569414092,0754 -20,92802
E4_Bvp 1569414092,09103 -24,09906
E4_Bvp 1569414092,10665 -28,25581
E4_Bvp 1569414092,12228 -32,90669
E4_Bvp 1569414092,1379 -37,16046
E4_Bvp 1569414092,15353 -40,03076
E4_Bvp 1569414092,16916 -40,82507
E4_Bvp 1569414092,18478 -39,37952
E4_Bvp 1569414092,20041 -36,17743
E4_Bvp 1569414092,21603 -32,09161
E4_Bvp 1569414092,23166 -28,05434
E4_Bvp 1569414092,24728 -24,80229
E4_Bvp 1569414092,26291 -22,87413
E4_Bvp 1569414092,27854 -22,71806
E4_Bvp 1569414092,29416 -24,87546
E4_Bvp 1569414092,30979 -29,82494
E4_Bvp 1569414092,32541 -37,48128
E4_Bvp 1569414092,34104 -47,34064
E4_Bvp 1569414092,35666 -58,71153
E4_Bvp 1569414092,37229 -70,96619
E4_Bvp 1569414092,38792 -83,62682
E4_Bvp 1569414092,40354 -96,28705
E4_Bvp 1569414092,41917 -108,4687
E4_Bvp 1569414092,43479 -119,5141
E4_Bvp 1569414092,45042 -128,659
E4_Bvp 1569414092,46604 -134,7747
E4_Bvp 1569414092,48167 -137,3109
E4_Bvp 1569414092,4973 -136,8072
E4_Bvp 1569414092,51292 -134,6409
E4_Bvp 1569414092,52855 -132,1358
E4_Bvp 1569414092,54417 -129,7784
E4_Bvp 1569414092,5598 -127,0513
E4_Bvp 1569414092,57542 -123,0223
E4_Bvp 1569414092,59105 -117,1432
E4_Bvp 1569414092,60668 -108,8179
E4_Bvp 1569414092,6223 -98,47334
E4_Bvp 1569414092,63793 -87,53648
E4_Bvp 1569414092,65355 -77,66122
E4_Bvp 1569414092,66918 -69,46379
E4_Bvp 1569414092,6848 -61,9298
E4_Bvp 1569414092,70043 -52,81693
E4_Bvp 1569414092,71606 -39,607
E4_Bvp 1569414092,73168 -20,18726
E4_Bvp 1569414092,74731 8,277229
E4_Bvp 1569414092,76293 47,63484
E4_Bvp 1569414092,77856 97,37194
E4_Bvp 1569414092,79418 153,7575
E4_Bvp 1569414092,80981 210,2856
E4_Bvp 1569414092,82544 259,2916
E4_Bvp 1569414092,84106 294,2811
E4_Bvp 1569414092,85669 312,0704
E4_Bvp 1569414092,87231 307,2815
E4_Bvp 1569414092,88794 281,3789
E4_Bvp 1569414092,90356 242,9272
E4_Gsr 1569414091,503 0,1294144
E4_Gsr 1569414091,753 0,1332584
E4_Gsr 1569414092,003 0,1422277
E4_Gsr 1569414092,253 0,1383837
E4_Gsr 1569414092,503 0,1332584
E4_Gsr 1569414092,753 0,1371024
E4_Bvp 1569414092,91919 204,1577
E4_Bvp 1569414092,93482 174,3561
E4_Bvp 1569414092,95044 155,8089
E4_Bvp 1569414092,96607 145,3245
E4_Bvp 1569414092,98169 138,2992
E4_Bvp 1569414092,99732 131,357
E4_Bvp 1569414093,01294 122,9578
E4_Bvp 1569414093,02857 114,3328
E4_Bvp 1569414093,0442 106,8401
E4_Bvp 1569414093,05982 100,4574
E4_Bvp 1569414093,07545 93,964
E4_Bvp 1569414093,09107 85,94554
E4_Bvp 1569414093,1067 75,42665
E4_Bvp 1569414093,12232 62,10391
E4_Bvp 1569414093,13795 46,99936
E4_Bvp 1569414093,15358 28,06504
E4_Bvp 1569414093,1692 4,142532
E4_Bvp 1569414093,18483 -25,89025
E4_Bvp 1569414093,20045 -62,63826
E4_Bvp 1569414093,21608 -105,2091
E4_Bvp 1569414093,2317 -149,9458
E4_Bvp 1569414093,24733 -190,8062
E4_Bvp 1569414093,26296 -218,4526
E4_Bvp 1569414093,27858 -227,643
E4_Bvp 1569414093,29421 -220,0649
E4_Bvp 1569414093,30983 -201,9916
E4_Bvp 1569414093,32546 -181,9185
E4_Bvp 1569414093,34109 -166,8676
E4_Bvp 1569414093,35671 -159,795
E4_Bvp 1569414093,37234 -159,0188
E4_Bvp 1569414093,38796 -160,2864
E4_Bvp 1569414093,40359 -160,5993
E4_Bvp 1569414093,41921 -157,9372
E4_Bvp 1569414093,43484 -152,7368
E4_Bvp 1569414093,45047 -145,8193
E4_Bvp 1569414093,46609 -137,7226
E4_Bvp 1569414093,48172 -128,411
E4_Bvp 1569414093,49734 -117,7456
E4_Bvp 1569414093,51297 -105,4066
E4_Bvp 1569414093,52859 -91,96283
E4_Bvp 1569414093,54422 -78,71115
E4_Bvp 1569414093,55985 -67,15858
E4_Bvp 1569414093,57547 -58,74811
E4_Bvp 1569414093,5911 -53,53348
E4_Bvp 1569414093,60672 -50,47751
E4_Bvp 1569414093,62235 -47,94919
E4_Bvp 1569414093,63797 -44,24019
E4_Bvp 1569414093,6536 -36,74026
E4_Bvp 1569414093,66923 -23,41176
E4_Bvp 1569414093,68485 -6,248337
E4_Bvp 1569414093,70048 13,02087
E4_Bvp 1569414093,7161 32,52133
E4_Bvp 1569414093,73173 51,16412
E4_Bvp 1569414093,74735 68,65915
E4_Bvp 1569414093,76298 85,32027
E4_Bvp 1569414093,77861 101,6051
E4_Bvp 1569414093,79423 119,6224
E4_Bvp 1569414093,80986 140,5017
E4_Bvp 1569414093,82548 163,9286
E4_Bvp 1569414093,84111 188,8658
E4_Bvp 1569414093,85673 214,0322
E4_Bvp 1569414093,87236 239,1999
E4_Bvp 1569414093,88799 265,1455
E4_Bvp 1569414093,90361 292,6067
E4_Bvp 1569414093,91924 320,8786
E4_Bvp 1569414093,93486 349,5334
E4_Bvp 1569414093,95049 375,8255
E4_Bvp 1569414093,96611 395,6578
E4_Bvp 1569414093,98174 405,6702
E4_Bvp 1569414093,99737 404,5033
E4_Bvp 1569414094,01299 393,5164
E4_Bvp 1569414094,02862 375,8119
E4_Bvp 1569414094,04424 354,7447
E4_Bvp 1569414094,05987 317,7672
E4_Bvp 1569414094,07549 259,7879
E4_Bvp 1569414094,09112 184,2846
E4_Bvp 1569414094,10675 103,0254
E4_Temperature 1569414092,32652 29,29
E4_Temperature 1569414092,57653 29,29
E4_Temperature 1569414092,82655 29,29
E4_Temperature 1569414093,07656 29,29
E4_Temperature 1569414093,32657 29,29
E4_Temperature 1569414093,57658 29,29
E4_Temperature 1569414093,82659 29,29
E4_Temperature 1569414094,0766 29,29
E4_Bvp 1569414094,12237 30,01141
E4_Bvp 1569414094,138 -25,81987
E4_Bvp 1569414094,15362 -62,90561
E4_Bvp 1569414094,16925 -85,13657
E4_Bvp 1569414094,18487 -98,2785
E4_Bvp 1569414094,2005 -107,2093
E4_Bvp 1569414094,21613 -112,5728
E4_Bvp 1569414094,23175 -113,6253
E4_Bvp 1569414094,24738 -109,8826
E4_Bvp 1569414094,263 -102,1043
E4_Bvp 1569414094,27863 -92,40317
E4_Bvp 1569414094,29425 -83,2077
E4_Bvp 1569414094,30988 -76,60963
E4_Bvp 1569414094,32551 -73,70102
E4_Bvp 1569414094,34113 -74,67183
E4_Bvp 1569414094,35676 -77,55103
E4_Bvp 1569414094,37238 -79,87634
E4_Bvp 1569414094,38801 -79,9014
E4_Bvp 1569414094,40363 -77,44395
E4_Bvp 1569414094,41926 -73,85088
E4_Bvp 1569414094,43489 -70,59118
E4_Bvp 1569414094,45051 -70,07139
E4_Gsr 1569414093,003 0,1409464
E4_Gsr 1569414093,253 0,1486344
E4_Gsr 1569414093,503 0,1345397
E4_Gsr 1569414093,753 0,1268518
E4_Gsr 1569414094,003 0,1255704
E4_Gsr 1569414094,253 0,1217264
E4_Bvp 1569414094,46614 -73,60934
E4_Bvp 1569414094,48176 -81,24756
E4_Bvp 1569414094,49739 -91,5787
E4_Bvp 1569414094,51301 -101,9315
E4_Bvp 1569414094,52864 -109,9189
