E4_Bvp 1560941077,98791 0,09390259
E4_Bvp 1560941078,00353 0,3136749
E4_Bvp 1560941078,01916 0,3816833
E4_Bvp 1560941078,03479 0,2384796
E4_Bvp 1560941078,05041 -0,1019745
E4_Bvp 1560941078,06604 -0,5440674
E4_Bvp 1560941078,08166 -0,9364777
E4_Bvp 1560941078,09729 -1,139343
E4_Bvp 1560941078,11291 -1,087769
E4_Bvp 1560941078,12854 -0,8154297
E4_Bvp 1560941078,14417 -0,4342041
E4_Bvp 1560941078,15979 -0,07345581
E4_Bvp 1560941078,17542 0,1849365
E4_Bvp 1560941078,19104 0,3400116
E4_Bvp 1560941078,20667 0,4401703
E4_Bvp 1560941078,22229 0,5354462
E4_Bvp 1560941078,23792 0,6223602
E4_Bvp 1560941078,25355 0,6565399
E4_Bvp 1560941078,26917 0,5728455
E4_Bvp 1560941078,2848 0,3595123
E4_Bvp 1560941078,30042 0,05636597
E4_Bvp 1560941078,31605 -0,255249
E4_Bvp 1560941078,33168 -0,4872284
E4_Bvp 1560941078,3473 -0,5837708
E4_Bvp 1560941078,36293 -0,5310669
E4_Bvp 1560941078,37855 -0,3556519
E4_Bvp 1560941078,39418 -0,1148834
E4_Bvp 1560941078,4098 0,1118164
E4_Bvp 1560941078,42543 0,2379608
E4_Bvp 1560941078,44106 0,2031555
E4_Bvp 1560941078,45668 0,01104736
E4_Bvp 1560941078,47231 -0,2424011
E4_Bvp 1560941078,48793 -0,4122314
E4_Bvp 1560941078,50356 -0,3661346
E4_Bvp 1560941078,51918 -0,06988525
E4_Bvp 1560941078,53481 0,3980713
E4_Bvp 1560941078,55044 0,8730316
E4_Bvp 1560941078,56606 1,200089
E4_Bvp 1560941078,58169 1,297821
E4_Bvp 1560941078,59731 1,199814
E4_Bvp 1560941078,61294 1,002563
E4_Bvp 1560941078,62856 0,8035278
E4_Bvp 1560941078,64419 0,661377
E4_Bvp 1560941078,65982 0,5951385
E4_Bvp 1560941078,67544 0,6065979
E4_Bvp 1560941078,69107 0,6993103
E4_Bvp 1560941078,70669 0,8504028
E4_Bvp 1560941078,72232 0,9988403
E4_Bvp 1560941078,73794 1,018951
E4_Bvp 1560941078,75357 0,7872314
E4_Bvp 1560941078,7692 0,2398834
E4_Bvp 1560941078,78482 -0,5566254
E4_Bvp 1560941078,80045 -1,394943
E4_Bvp 1560941078,81607 -2,023499
E4_Bvp 1560941078,8317 -2,235397
E4_Bvp 1560941078,84732 -1,960785
E4_Bvp 1560941078,86295 -1,300735
E4_Bvp 1560941078,87858 -0,4837341
E4_Bvp 1560941078,8942 0,2362366
E4_Bvp 1560941078,90983 0,65448
E4_Bvp 1560941078,92545 0,701767
E4_Bvp 1560941078,94108 0,4414825
E4_Bvp 1560941078,9567 0,02615356
E4_Bvp 1560941078,97233 -0,3646698
E4_Bvp 1560941078,98796 -0,6102142
E4_Bvp 1560941079,00358 -0,6594543
E4_Bvp 1560941079,01921 -0,5357208
E4_Bvp 1560941079,03483 -0,2924652
E4_Bvp 1560941079,05046 0,01457214
E4_Bvp 1560941079,06608 0,3357086
E4_Bvp 1560941079,08171 0,6145172
E4_Bvp 1560941079,09734 0,7746582
E4_Bvp 1560941079,11296 0,730545
E4_Bvp 1560941079,12859 0,4347534
E4_Bvp 1560941079,14421 -0,08042908
E4_Bvp 1560941079,15984 -0,6847382
E4_Bvp 1560941079,17546 -1,183609
E4_Bvp 1560941079,19109 -1,399002
E4_Bvp 1560941079,20672 -1,252762
E4_Bvp 1560941079,22234 -0,7957306
E4_Bvp 1560941079,23797 -0,2119446
E4_Bvp 1560941079,25359 0,2679443
E4_Bvp 1560941079,26922 0,4717865
E4_Bvp 1560941079,28484 0,3686523
E4_Bvp 1560941079,30047 0,07791138
E4_Bvp 1560941079,3161 -0,2006531
E4_Bvp 1560941079,33172 -0,2838135
E4_Bvp 1560941079,34735 -0,1076965
E4_Bvp 1560941079,36297 0,255127
E4_Bvp 1560941079,3786 0,6417542
E4_Bvp 1560941079,39422 0,8915253
E4_Bvp 1560941079,40985 0,9280701
E4_Bvp 1560941079,42548 0,7972565
E4_Bvp 1560941079,4411 0,6070862
E4_Bvp 1560941079,45673 0,4633942
E4_Bvp 1560941079,47235 0,4054413
E4_Bvp 1560941079,48798 0,3856354
E4_Bvp 1560941079,5036 0,3220978
E4_Bvp 1560941079,51923 0,153717
E4_Bvp 1560941079,53486 -0,09494019
E4_Bvp 1560941079,55048 -0,3298035
E4_Bvp 1560941079,56611 -0,4627838
E4_Bvp 1560941079,58173 -0,4607849
E4_Bvp 1560941079,59736 -0,3825073
E4_Bvp 1560941079,61298 -0,3389435
E4_Bvp 1560941079,62861 -0,4114685
E4_Bvp 1560941079,64424 -0,583313
E4_Bvp 1560941079,65986 -0,7446289
E4_Bvp 1560941079,67549 -0,7306824
E4_Bvp 1560941079,69111 -0,4471588
E4_Bvp 1560941079,70674 0,06225586
E4_Bvp 1560941079,72236 0,6229706
E4_Bvp 1560941079,73799 1,015945
E4_Bvp 1560941079,75362 1,085983
E4_Bvp 1560941079,76924 0,8209991
E4_Bvp 1560941079,78487 0,3479767
E4_Bvp 1560941079,80049 -0,156723
E4_Bvp 1560941079,81612 -0,5336456
E4_Bvp 1560941079,83174 -0,7012177
E4_Bvp 1560941079,84737 -0,6635895
E4_Bvp 1560941079,863 -0,4737244
E4_Bvp 1560941079,87862 -0,1932068
E4_Bvp 1560941079,89425 0,1062622
E4_Bvp 1560941079,90987 0,363739
E4_Bvp 1560941079,9255 0,5335693
E4_Bvp 1560941079,94112 0,5926361
E4_Bvp 1560941079,95675 0,548584
E4_Bvp 1560941079,97238 0,4150543
E4_Bvp 1560941079,988 0,2290497
E4_Bvp 1560941080,00363 0,01571655
E4_Bvp 1560941080,01925 -0,2038269
E4_Bvp 1560941080,03488 -0,4026489
E4_Bvp 1560941080,0505 -0,5370026
E4_Bvp 1560941080,06613 -0,5600891
E4_Bvp 1560941080,08176 -0,4270172
E4_Bvp 1560941080,09738 -0,1447754
E4_Bvp 1560941080,11301 0,2148895
E4_Bvp 1560941080,12863 0,5211945
E4_Bvp 1560941080,14426 0,6434326
E4_Bvp 1560941080,15988 0,5162506
E4_Bvp 1560941080,17551 0,1861267
E4_Bvp 1560941080,19114 -0,1999512
E4_Bvp 1560941080,20676 -0,4669189
E4_Bvp 1560941080,22239 -0,5078278
E4_Bvp 1560941080,23801 -0,3313751
E4_Bvp 1560941080,25364 -0,07107544
E4_Bvp 1560941080,26926 0,1021271
E4_Bvp 1560941080,28489 0,07489014
E4_Bvp 1560941080,30052 -0,1648865
E4_Bvp 1560941080,31614 -0,5184021
E4_Bvp 1560941080,33177 -0,8308868
E4_Bvp 1560941080,34739 -0,9740143
E4_Bvp 1560941080,36302 -0,8841705
E4_Bvp 1560941080,37864 -0,5878601
E4_Bvp 1560941080,39427 -0,1747131
E4_Bvp 1560941080,4099 0,248291
E4_Bvp 1560941080,42552 0,5896759
E4_Bvp 1560941080,44115 0,8006439
E4_Bvp 1560941080,45677 0,8824158
E4_Bvp 1560941080,4724 0,862854
E4_Bvp 1560941080,48802 0,7853241
E4_Bvp 1560941080,50365 0,6691437
E4_Bvp 1560941080,51928 0,5022125
E4_Bvp 1560941080,5349 0,2713013
E4_Bvp 1560941080,55053 -0,02200317
E4_Bvp 1560941080,56615 -0,3210449
E4_Bvp 1560941080,58178 -0,5310516
E4_Bvp 1560941080,5974 -0,5705414
E4_Bvp 1560941080,61303 -0,4160614
E4_Bvp 1560941080,62866 -0,1403046
E4_Bvp 1560941080,64428 0,1204071
E4_Bvp 1560941080,65991 0,25
E4_Bvp 1560941080,67553 0,1917725
E4_Bvp 1560941080,69116 -0,005386353
E4_Bvp 1560941080,70678 -0,2285767
E4_Bvp 1560941080,72241 -0,362915
E4_Bvp 1560941080,73804 -0,3359375
E4_Bvp 1560941080,75366 -0,1518555
E4_Bvp 1560941080,76929 0,1249084
E4_Bvp 1560941080,78491 0,3965302
E4_Bvp 1560941080,80054 0,5899963
E4_Bvp 1560941080,81616 0,6605225
E4_Bvp 1560941080,83179 0,602951
E4_Bvp 1560941080,84742 0,4243469
E4_Bvp 1560941080,86304 0,1504211
E4_Bvp 1560941080,87867 -0,1852417
E4_Bvp 1560941080,89429 -0,5194397
E4_Bvp 1560941080,90992 -0,7739563
E4_Bvp 1560941080,92554 -0,8673096
E4_Bvp 1560941080,94117 -0,7405701
E4_Bvp 1560941080,9568 -0,4030304
E4_Bvp 1560941080,97242 0,06640625
E4_Bvp 1560941080,98805 0,5384674
E4_Bvp 1560941081,00367 0,8843384
E4_Bvp 1560941081,0193 1,024887
E4_Bvp 1560941081,03493 0,9682465
E4_Bvp 1560941081,05055 0,7917023
E4_Bvp 1560941081,06618 0,5952911
E4_Bvp 1560941081,0818 0,447403
E4_Bvp 1560941081,09743 0,3584747
E4_Bvp 1560941081,11305 0,3092041
E4_Bvp 1560941081,12868 0,2676392
E4_Bvp 1560941081,14431 0,2153015
E4_Bvp 1560941081,15993 0,1565399
E4_Bvp 1560941081,17556 0,08314514
E4_Bvp 1560941081,19118 -0,01968384
E4_Bvp 1560941081,20681 -0,1888428
E4_Bvp 1560941081,22243 -0,4525452
E4_Bvp 1560941081,23806 -0,8130493
E4_Bvp 1560941081,25369 -1,217514
E4_Bvp 1560941081,26931 -1,564972
E4_Bvp 1560941081,28494 -1,753418
E4_Bvp 1560941081,30056 -1,704285
E4_Bvp 1560941081,31619 -1,422073
E4_Bvp 1560941081,33181 -0,9794769
E4_Bvp 1560941081,34744 -0,4999695
E4_Bvp 1560941081,36307 -0,1049347
E4_Bvp 1560941081,37869 0,1247559
E4_Bvp 1560941081,39432 0,1889801
E4_Bvp 1560941081,40994 0,14888
E4_Bvp 1560941081,42557 0,09968567
E4_Bvp 1560941081,44119 0,1239014
E4_Bvp 1560941081,45682 0,250061
E4_Bvp 1560941081,47245 0,4528198
E4_Bvp 1560941081,48807 0,6746521
E4_Bvp 1560941081,5037 0,8491516
E4_Bvp 1560941081,51932 0,9358978
E4_Bvp 1560941081,53495 0,9121399
E4_Bvp 1560941081,55057 0,7773285
E4_Bvp 1560941081,5662 0,5429382
E4_Bvp 1560941081,58183 0,2493744
E4_Bvp 1560941081,59745 -0,04171753
E4_Bvp 1560941081,61308 -0,2532654
E4_Bvp 1560941081,6287 -0,3395386
E4_Bvp 1560941081,64433 -0,3091736
E4_Bvp 1560941081,65995 -0,2333527
E4_Bvp 1560941081,67558 -0,2070007
E4_Bvp 1560941081,69121 -0,2828522
E4_Bvp 1560941081,70683 -0,4370728
E4_Bvp 1560941081,72246 -0,5688477
E4_Bvp 1560941081,73808 -0,5840607
E4_Bvp 1560941081,75371 -0,4554291
E4_Bvp 1560941081,76933 -0,2554169
E4_Bvp 1560941081,78496 -0,1092987
E4_Bvp 1560941081,80059 -0,0960083
E4_Bvp 1560941081,81621 -0,1972656
E4_Bvp 1560941081,83184 -0,2881927
E4_Bvp 1560941081,84746 -0,230896
E4_Bvp 1560941081,86309 0,03187561
E4_Bvp 1560941081,87871 0,4400024
E4_Bvp 1560941081,89434 0,8581085
E4_Bvp 1560941081,90997 1,160141
E4_Bvp 1560941081,92559 1,292297
E4_Bvp 1560941081,94122 1,281754
E4_Bvp 1560941081,95684 1,173813
E4_Bvp 1560941081,97247 1,007523
E4_Bvp 1560941081,98809 0,7944489
E4_Bvp 1560941082,00372 0,5485687
E4_Bvp 1560941082,01935 0,3265076
E4_Bvp 1560941082,03497 0,1973877
E4_Bvp 1560941082,0506 0,2080841
E4_Bvp 1560941082,06622 0,3161621
E4_Bvp 1560941082,08185 0,4170227
E4_Bvp 1560941082,09747 0,376236
E4_Bvp 1560941082,1131 0,1338196
E4_Bvp 1560941082,12873 -0,2576752
E4_Bvp 1560941082,14435 -0,6551056
E4_Bvp 1560941082,15998 -0,9070282
E4_Bvp 1560941082,1756 -0,9332886
E4_Bvp 1560941082,19123 -0,7742157
E4_Bvp 1560941082,20685 -0,5323944
E4_Bvp 1560941082,22248 -0,3155212
E4_Bvp 1560941082,23811 -0,1824341
E4_Bvp 1560941082,25373 -0,1390076
E4_Bvp 1560941082,26936 -0,1674805
E4_Bvp 1560941082,28498 -0,2666931
E4_Bvp 1560941082,30061 -0,4382019
E4_Bvp 1560941082,31623 -0,6706696
E4_Bvp 1560941082,33186 -0,8930054
E4_Bvp 1560941082,34749 -0,996994
E4_Bvp 1560941082,36311 -0,8981171
E4_Bvp 1560941082,37874 -0,5957642
E4_Bvp 1560941082,39436 -0,2029266
E4_Bvp 1560941082,40999 0,1154938
E4_Bvp 1560941082,42561 0,2298279
E4_Bvp 1560941082,44124 0,1371918
E4_Bvp 1560941082,45687 -0,05014038
E4_Bvp 1560941082,47249 -0,1636353
E4_Bvp 1560941082,48812 -0,101593
E4_Bvp 1560941082,50374 0,1105347
E4_Bvp 1560941082,51937 0,3486633
E4_Bvp 1560941082,53499 0,4734497
E4_Bvp 1560941082,55062 0,4491425
E4_Bvp 1560941082,56625 0,3526001
E4_Bvp 1560941082,58187 0,3440857
E4_Bvp 1560941082,5975 0,5252075
E4_Bvp 1560941082,61312 0,8668671
E4_Bvp 1560941082,62875 1,201157
E4_Bvp 1560941082,64437 1,308899
E4_Bvp 1560941082,66 1,059143
E4_Bvp 1560941082,67563 0,4884949
E4_Bvp 1560941082,69125 -0,2028961
E4_Bvp 1560941082,70688 -0,7393494
E4_Bvp 1560941082,7225 -0,9077454
E4_Bvp 1560941082,73813 -0,6750641
E4_Bvp 1560941082,75375 -0,1874542
E4_Bvp 1560941082,76938 0,3157806
E4_Bvp 1560941082,78501 0,6260681
E4_Bvp 1560941082,80063 0,6751099
E4_Bvp 1560941082,81626 0,5468445
E4_Bvp 1560941082,83188 0,392868
E4_Bvp 1560941082,84751 0,3367767
E4_Bvp 1560941082,86313 0,3847351
E4_Bvp 1560941082,87876 0,4474945
E4_Bvp 1560941082,89439 0,4136353
E4_Bvp 1560941082,91001 0,2164764
E4_Bvp 1560941082,92564 -0,09950256
E4_Bvp 1560941082,94126 -0,4106445
E4_Bvp 1560941082,95689 -0,6006927
E4_Bvp 1560941082,97251 -0,6144409
E4_Bvp 1560941082,98814 -0,5007935
E4_Bvp 1560941083,00377 -0,3637848
E4_Bvp 1560941083,01939 -0,2991028
E4_Bvp 1560941083,03502 -0,3374176
E4_Bvp 1560941083,05064 -0,4345703
E4_Bvp 1560941083,06627 -0,5210724
E4_Bvp 1560941083,08189 -0,5448151
E4_Bvp 1560941083,09752 -0,51091
E4_Bvp 1560941083,11315 -0,4577026
E4_Bvp 1560941083,12877 -0,4218903
E4_Bvp 1560941083,1444 -0,4153595
E4_Bvp 1560941083,16002 -0,3990479
E4_Bvp 1560941083,17565 -0,3238068
E4_Bvp 1560941083,19128 -0,1713867
E4_Bvp 1560941083,2069 0,01678467
E4_Bvp 1560941083,22253 0,1678162
E4_Bvp 1560941083,23815 0,199173
E4_Bvp 1560941083,25378 0,0894928
E4_Bvp 1560941083,2694 -0,1044769
E4_Bvp 1560941083,28503 -0,2810059
E4_Bvp 1560941083,30066 -0,3486328
E4_Bvp 1560941083,31628 -0,2712555
E4_Bvp 1560941083,33191 -0,09327698
E4_Bvp 1560941083,34753 0,09559631
E4_Bvp 1560941083,36316 0,2166748
E4_Bvp 1560941083,37878 0,2469025
E4_Bvp 1560941083,39441 0,2311554
E4_Bvp 1560941083,41004 0,2199554
E4_Bvp 1560941083,42566 0,243866
E4_Bvp 1560941083,44129 0,2753296
E4_Bvp 1560941083,45691 0,279129
E4_Bvp 1560941083,47254 0,2463989
