E4_Bvp 1560940861,2435 8,107849
E4_Bvp 1560940861,25912 8,06134
E4_Bvp 1560940861,27475 8,256409
E4_Bvp 1560940861,29037 8,601318
E4_Bvp 1560940861,306 8,967834
E4_Bvp 1560940861,32162 9,231689
E4_Bvp 1560940861,33725 9,318237
E4_Bvp 1560940861,35288 9,204712
E4_Bvp 1560940861,3685 8,910583
E4_Bvp 1560940861,38413 8,463867
E4_Bvp 1560940861,39975 7,904663
E4_Bvp 1560940861,41538 7,292725
E4_Bvp 1560940861,431 6,717896
E4_Bvp 1560940861,44663 6,300354
E4_Bvp 1560940861,46226 6,133179
E4_Bvp 1560940861,47788 6,241028
E4_Bvp 1560940861,49351 6,552246
E4_Bvp 1560940861,50913 6,911072
E4_Bvp 1560940861,52476 7,132996
E4_Bvp 1560940861,54038 7,081726
E4_Bvp 1560940861,55601 6,722229
E4_Bvp 1560940861,57164 6,123047
E4_Bvp 1560940861,58726 5,414978
E4_Bvp 1560940861,60289 4,725159
E4_Bvp 1560940861,61851 4,130005
E4_Bvp 1560940861,63414 3,65686
E4_Bvp 1560940861,64976 3,292908
E4_Bvp 1560940861,66539 3,008118
E4_Bvp 1560940861,68102 2,784363
E4_Bvp 1560940861,69664 2,604065
E4_Bvp 1560940861,71227 2,42981
E4_Bvp 1560940861,72789 2,22168
E4_Bvp 1560940861,74352 1,930359
E4_Bvp 1560940861,75914 1,540222
E4_Bvp 1560940861,77477 1,070313
E4_Bvp 1560940861,7904 0,5787354
E4_Bvp 1560940861,80602 0,1309204
E4_Bvp 1560940861,82165 -0,236145
E4_Bvp 1560940861,83727 -0,5473022
E4_Bvp 1560940861,8529 -0,855957
E4_Bvp 1560940861,86853 -1,211243
E4_Bvp 1560940861,88415 -1,637817
E4_Bvp 1560940861,89978 -2,118652
E4_Bvp 1560940861,9154 -2,62677
E4_Bvp 1560940861,93103 -3,164001
E4_Bvp 1560940861,94665 -3,741821
E4_Bvp 1560940861,96228 -4,350098
E4_Bvp 1560940861,97791 -4,931519
E4_Bvp 1560940861,99353 -5,365295
E4_Bvp 1560940862,00916 -5,517517
E4_Bvp 1560940862,02478 -5,323547
E4_Bvp 1560940862,04041 -4,85199
E4_Bvp 1560940862,05603 -4,290161
E4_Bvp 1560940862,07166 -3,84906
E4_Bvp 1560940862,08729 -3,657166
E4_Bvp 1560940862,10291 -3,679932
E4_Bvp 1560940862,11854 -3,771179
E4_Bvp 1560940862,13416 -3,747253
E4_Bvp 1560940862,14979 -3,512939
E4_Bvp 1560940862,16541 -3,115784
E4_Bvp 1560940862,18104 -2,703796
E4_Bvp 1560940862,19667 -2,41925
E4_Bvp 1560940862,21229 -2,32959
E4_Bvp 1560940862,22792 -2,374023
E4_Bvp 1560940862,24354 -2,417175
E4_Bvp 1560940862,25917 -2,308624
E4_Bvp 1560940862,27479 -1,97345
E4_Bvp 1560940862,29042 -1,448578
E4_Bvp 1560940862,30605 -0,8537598
E4_Bvp 1560940862,32167 -0,3340454
E4_Bvp 1560940862,3373 0,006439209
E4_Bvp 1560940862,35292 0,1577454
E4_Bvp 1560940862,36855 0,1768494
E4_Bvp 1560940862,38417 0,1546631
E4_Bvp 1560940862,3998 0,1513062
E4_Bvp 1560940862,41543 0,1826172
E4_Bvp 1560940862,43105 0,2182312
E4_Bvp 1560940862,44668 0,224823
E4_Bvp 1560940862,4623 0,2051086
E4_Bvp 1560940862,47793 0,1991882
E4_Bvp 1560940862,49355 0,2619019
E4_Bvp 1560940862,50918 0,4202881
E4_Bvp 1560940862,52481 0,6514282
E4_Bvp 1560940862,54043 0,8907776
E4_Bvp 1560940862,55606 1,061096
E4_Bvp 1560940862,57168 1,139954
E4_Bvp 1560940862,58731 1,163483
E4_Bvp 1560940862,60293 1,212433
E4_Bvp 1560940862,61856 1,355042
E4_Bvp 1560940862,63419 1,615112
E4_Bvp 1560940862,64981 1,971252
E4_Bvp 1560940862,66544 2,382904
E4_Bvp 1560940862,68106 2,816864
E4_Bvp 1560940862,69669 3,243561
E4_Bvp 1560940862,71231 3,61792
E4_Bvp 1560940862,72794 3,867371
E4_Bvp 1560940862,74357 3,908875
E4_Bvp 1560940862,75919 3,695862
E4_Bvp 1560940862,77482 3,274109
E4_Bvp 1560940862,79044 2,787689
E4_Bvp 1560940862,80607 2,440826
E4_Bvp 1560940862,82169 2,390198
E4_Bvp 1560940862,83732 2,67923
E4_Bvp 1560940862,85295 3,192078
E4_Bvp 1560940862,86857 3,705475
E4_Bvp 1560940862,8842 4,016602
E4_Bvp 1560940862,89982 4,018524
E4_Bvp 1560940862,91545 3,754578
E4_Bvp 1560940862,93107 3,372589
E4_Bvp 1560940862,9467 3,040527
E4_Bvp 1560940862,96233 2,864594
E4_Bvp 1560940862,97795 2,875061
E4_Bvp 1560940862,99358 3,04248
E4_Bvp 1560940863,0092 3,32135
E4_Bvp 1560940863,02483 3,687286
E4_Bvp 1560940863,04045 4,114197
E4_Bvp 1560940863,05608 4,553284
E4_Bvp 1560940863,07171 4,942505
E4_Bvp 1560940863,08733 5,241364
E4_Bvp 1560940863,10296 5,479126
E4_Bvp 1560940863,11858 5,774689
E4_Bvp 1560940863,13421 6,249756
E4_Bvp 1560940863,14983 6,93338
E4_Bvp 1560940863,16546 7,683044
E4_Bvp 1560940863,18109 8,223022
E4_Bvp 1560940863,19671 8,277466
E4_Bvp 1560940863,21234 7,7388
E4_Bvp 1560940863,22796 6,742737
E4_Bvp 1560940863,24359 5,599762
E4_Bvp 1560940863,25921 4,643158
E4_Bvp 1560940863,27484 4,060364
E4_Bvp 1560940863,29047 3,823975
E4_Bvp 1560940863,30609 3,769043
E4_Bvp 1560940863,32172 3,705048
E4_Bvp 1560940863,33734 3,546783
E4_Bvp 1560940863,35297 3,313507
E4_Bvp 1560940863,36859 3,065643
E4_Bvp 1560940863,38422 2,820587
E4_Bvp 1560940863,39985 2,510864
E4_Bvp 1560940863,41547 2,028625
E4_Bvp 1560940863,4311 1,316956
E4_Bvp 1560940863,44672 0,4368591
E4_Bvp 1560940863,46235 -0,4369202
E4_Bvp 1560940863,47797 -1,094757
E4_Bvp 1560940863,4936 -1,399384
E4_Bvp 1560940863,50923 -1,358582
E4_Bvp 1560940863,52485 -1,113647
E4_Bvp 1560940863,54048 -0,8804626
E4_Bvp 1560940863,5561 -0,8348083
E4_Bvp 1560940863,57173 -1,032318
E4_Bvp 1560940863,58735 -1,399567
E4_Bvp 1560940863,60298 -1,782959
E4_Bvp 1560940863,61861 -2,011292
E4_Bvp 1560940863,63423 -1,981049
E4_Bvp 1560940863,64986 -1,689941
E4_Bvp 1560940863,66548 -1,217773
E4_Bvp 1560940863,68111 -0,701355
E4_Bvp 1560940863,69673 -0,2953796
E4_Bvp 1560940863,71236 -0,1098938
E4_Bvp 1560940863,72799 -0,1685486
E4_Bvp 1560940863,74361 -0,4068909
E4_Bvp 1560940863,75924 -0,6793213
E4_Bvp 1560940863,77486 -0,8381348
E4_Bvp 1560940863,79049 -0,809082
E4_Bvp 1560940863,80611 -0,6117859
E4_Bvp 1560940863,82174 -0,3381653
E4_Bvp 1560940863,83737 -0,08227539
E4_Bvp 1560940863,85299 0,1252136
E4_Bvp 1560940863,86862 0,3100586
E4_Bvp 1560940863,88424 0,5047607
E4_Bvp 1560940863,89987 0,7077942
E4_Bvp 1560940863,91549 0,8521118
E4_Bvp 1560940863,93112 0,8486328
E4_Bvp 1560940863,94675 0,6564636
E4_Bvp 1560940863,96237 0,3464661
E4_Bvp 1560940863,978 0,06918335
E4_Bvp 1560940863,99362 -0,001922607
E4_Bvp 1560940864,00925 0,2254944
E4_Bvp 1560940864,02487 0,7150879
E4_Bvp 1560940864,0405 1,300201
E4_Bvp 1560940864,05613 1,765778
E4_Bvp 1560940864,07175 1,959198
E4_Bvp 1560940864,08738 1,848206
E4_Bvp 1560940864,103 1,534607
E4_Bvp 1560940864,11863 1,203125
E4_Bvp 1560940864,13425 1,025146
E4_Bvp 1560940864,14988 1,069824
E4_Bvp 1560940864,16551 1,254395
E4_Bvp 1560940864,18113 1,399414
E4_Bvp 1560940864,19676 1,32132
E4_Bvp 1560940864,21238 0,9585266
E4_Bvp 1560940864,22801 0,4075928
E4_Bvp 1560940864,24363 -0,1321411
E4_Bvp 1560940864,25926 -0,4876404
E4_Bvp 1560940864,27489 -0,5995483
E4_Bvp 1560940864,29051 -0,5619202
E4_Bvp 1560940864,30614 -0,5283508
E4_Bvp 1560940864,32176 -0,5964966
E4_Bvp 1560940864,33739 -0,7458801
E4_Bvp 1560940864,35301 -0,8451233
E4_Bvp 1560940864,36864 -0,7749023
E4_Bvp 1560940864,38427 -0,5233459
E4_Bvp 1560940864,39989 -0,2149658
E4_Bvp 1560940864,41552 -0,04968262
E4_Bvp 1560940864,43114 -0,1577454
E4_Bvp 1560940864,44677 -0,5311279
E4_Bvp 1560940864,4624 -1,007538
E4_Bvp 1560940864,47802 -1,385132
E4_Bvp 1560940864,49365 -1,527039
E4_Bvp 1560940864,50927 -1,442474
E4_Bvp 1560940864,5249 -1,244446
E4_Bvp 1560940864,54052 -1,090424
E4_Bvp 1560940864,55615 -1,081879
E4_Bvp 1560940864,57178 -1,213135
E4_Bvp 1560940864,5874 -1,392822
E4_Bvp 1560940864,60303 -1,480804
E4_Bvp 1560940864,61865 -1,361786
E4_Bvp 1560940864,63428 -1,007721
E4_Bvp 1560940864,6499 -0,4697571
E4_Bvp 1560940864,66553 0,1364746
E4_Bvp 1560940864,68116 0,6982117
E4_Bvp 1560940864,69678 1,152466
E4_Bvp 1560940864,71241 1,497894
E4_Bvp 1560940864,72803 1,75705
E4_Bvp 1560940864,74366 1,954132
E4_Bvp 1560940864,75928 2,072296
E4_Bvp 1560940864,77491 2,083832
E4_Bvp 1560940864,79054 1,986053
E4_Bvp 1560940864,80616 1,846985
E4_Bvp 1560940864,82179 1,808075
E4_Bvp 1560940864,83741 2,02121
E4_Bvp 1560940864,85304 2,561188
E4_Bvp 1560940864,86866 3,354675
E4_Bvp 1560940864,88429 4,175781
E4_Bvp 1560940864,89992 4,737396
E4_Bvp 1560940864,91554 4,809418
E4_Bvp 1560940864,93117 4,335602
E4_Bvp 1560940864,94679 3,444244
E4_Bvp 1560940864,96242 2,39151
E4_Bvp 1560940864,97804 1,453369
E4_Bvp 1560940864,99367 0,8010254
E4_Bvp 1560940865,0093 0,4516907
E4_Bvp 1560940865,02492 0,2967224
E4_Bvp 1560940865,04055 0,1854858
E4_Bvp 1560940865,05617 0,02694702
E4_Bvp 1560940865,0718 -0,1427917
E4_Bvp 1560940865,08742 -0,1956787
E4_Bvp 1560940865,10305 -0,00958252
E4_Bvp 1560940865,11868 0,4407959
E4_Bvp 1560940865,1343 1,023895
E4_Bvp 1560940865,14993 1,517792
E4_Bvp 1560940865,16555 1,716949
E4_Bvp 1560940865,18118 1,55014
E4_Bvp 1560940865,1968 1,106934
E4_Bvp 1560940865,21243 0,5905151
E4_Bvp 1560940865,22806 0,1864319
E4_Bvp 1560940865,24368 -0,03808594
E4_Bvp 1560940865,25931 -0,1418457
E4_Bvp 1560940865,27493 -0,2735901
E4_Bvp 1560940865,29056 -0,5350037
E4_Bvp 1560940865,30618 -0,9246826
E4_Bvp 1560940865,32181 -1,332977
E4_Bvp 1560940865,33744 -1,605194
E4_Bvp 1560940865,35306 -1,654266
E4_Bvp 1560940865,36869 -1,491699
E4_Bvp 1560940865,38431 -1,231262
E4_Bvp 1560940865,39994 -1,027252
E4_Bvp 1560940865,41556 -0,9889221
E4_Bvp 1560940865,43119 -1,114807
E4_Bvp 1560940865,44682 -1,293549
E4_Bvp 1560940865,46244 -1,350281
E4_Bvp 1560940865,47807 -1,13446
E4_Bvp 1560940865,49369 -0,600769
E4_Bvp 1560940865,50932 0,1504822
E4_Bvp 1560940865,52494 0,911438
E4_Bvp 1560940865,54057 1,470184
E4_Bvp 1560940865,5562 1,703979
E4_Bvp 1560940865,57182 1,642456
E4_Bvp 1560940865,58745 1,449219
E4_Bvp 1560940865,60307 1,313263
E4_Bvp 1560940865,6187 1,375244
E4_Bvp 1560940865,63432 1,649536
E4_Bvp 1560940865,64995 2,055817
E4_Bvp 1560940865,66558 2,466431
E4_Bvp 1560940865,6812 2,796021
E4_Bvp 1560940865,69683 3,007385
E4_Bvp 1560940865,71245 3,117676
E4_Bvp 1560940865,72808 3,153076
E4_Bvp 1560940865,7437 3,117828
E4_Bvp 1560940865,75933 3,003723
E4_Bvp 1560940865,77496 2,783813
E4_Bvp 1560940865,79058 2,447144
E4_Bvp 1560940865,80621 2,003937
E4_Bvp 1560940865,82183 1,49411
E4_Bvp 1560940865,83746 0,9920044
E4_Bvp 1560940865,85308 0,5768433
E4_Bvp 1560940865,86871 0,3166504
E4_Bvp 1560940865,88434 0,239502
E4_Bvp 1560940865,89996 0,307251
E4_Bvp 1560940865,91559 0,4152832
E4_Bvp 1560940865,93121 0,4443359
E4_Bvp 1560940865,94684 0,307251
E4_Bvp 1560940865,96246 0,0002441406
E4_Bvp 1560940865,97809 -0,3843384
E4_Bvp 1560940865,99372 -0,6988525
E4_Bvp 1560940866,00934 -0,8308105
E4_Bvp 1560940866,02497 -0,7527771
E4_Bvp 1560940866,04059 -0,5407104
E4_Bvp 1560940866,05622 -0,3202515
E4_Bvp 1560940866,07184 -0,1880798
E4_Bvp 1560940866,08747 -0,139679
E4_Bvp 1560940866,1031 -0,0826416
E4_Bvp 1560940866,11872 0,1086426
E4_Bvp 1560940866,13435 0,4932861
E4_Bvp 1560940866,14997 1,01709
E4_Bvp 1560940866,1656 1,522186
E4_Bvp 1560940866,18122 1,816681
E4_Bvp 1560940866,19685 1,773804
E4_Bvp 1560940866,21248 1,381317
E4_Bvp 1560940866,2281 0,7571106
E4_Bvp 1560940866,24373 0,08880615
E4_Bvp 1560940866,25935 -0,4111633
E4_Bvp 1560940866,27498 -0,5751343
E4_Bvp 1560940866,2906 -0,3361206
E4_Bvp 1560940866,30623 0,2548828
E4_Bvp 1560940866,32186 1,016083
E4_Bvp 1560940866,33748 1,703247
E4_Bvp 1560940866,35311 2,068695
E4_Bvp 1560940866,36873 1,970032
E4_Bvp 1560940866,38436 1,414612
E4_Bvp 1560940866,39998 0,5570374
E4_Bvp 1560940866,41561 -0,365387
E4_Bvp 1560940866,43124 -1,136414
E4_Bvp 1560940866,44686 -1,62027
E4_Bvp 1560940866,46249 -1,798065
E4_Bvp 1560940866,47811 -1,738251
E4_Bvp 1560940866,49374 -1,550201
E4_Bvp 1560940866,50936 -1,348785
E4_Bvp 1560940866,52499 -1,2258
E4_Bvp 1560940866,54062 -1,227325
E4_Bvp 1560940866,55624 -1,33844
E4_Bvp 1560940866,57187 -1,47229
E4_Bvp 1560940866,58749 -1,507813
E4_Bvp 1560940866,60312 -1,343719
E4_Bvp 1560940866,61874 -0,9612732
E4_Bvp 1560940866,63437 -0,4497681
E4_Bvp 1560940866,65 0,03387451
E4_Bvp 1560940866,66562 0,355011
E4_Bvp 1560940866,68125 0,4585571
E4_Bvp 1560940866,69687 0,4086609
E4_Bvp 1560940866,7125 0,3151245
E4_Bvp 1560940866,72813 0,2663879
E4_Bvp 1560940866,74375 0,2607117
E4_Bvp 1560940866,75938 0,2297058
E4_Bvp 1560940866,775 0,09011841
E4_Bvp 1560940866,79063 -0,1615295
E4_Bvp 1560940866,80625 -0,4396973
E4_Bvp 1560940866,82188 -0,6086121
E4_Bvp 1560940866,83751 -0,5446472
E4_Bvp 1560940866,85313 -0,2366333
E4_Bvp 1560940866,86876 0,210968
E4_Bvp 1560940866,88438 0,6143799
E4_Bvp 1560940866,90001 0,8053894
E4_Bvp 1560940866,91563 0,7353516
E4_Bvp 1560940866,93126 0,4822388
E4_Bvp 1560940866,94689 0,2106934
E4_Bvp 1560940866,96251 0,07659912
E4_Bvp 1560940866,97814 0,1258545
E4_Bvp 1560940866,99376 0,301239
E4_Bvp 1560940867,00939 0,4903259
E4_Bvp 1560940867,02501 0,6043701
E4_Bvp 1560940867,04064 0,640564
E4_Bvp 1560940867,05627 0,6654663
E4_Bvp 1560940867,07189 0,7527466
E4_Bvp 1560940867,08752 0,9181213
E4_Bvp 1560940867,10314 1,104675
E4_Bvp 1560940867,11877 1,210815
E4_Bvp 1560940867,13439 1,165527
E4_Bvp 1560940867,15002 0,9887695
E4_Bvp 1560940867,16565 0,781311
E4_Bvp 1560940867,18127 0,671814
E4_Bvp 1560940867,1969 0,7481689
E4_Bvp 1560940867,21252 1,009888
E4_Bvp 1560940867,22815 1,359741
E4_Bvp 1560940867,24377 1,646606
E4_Bvp 1560940867,2594 1,729156
E4_Bvp 1560940867,27503 1,520111
E4_Bvp 1560940867,29065 1,046326
E4_Bvp 1560940867,30628 0,425293
E4_Bvp 1560940867,3219 -0,1733704
E4_Bvp 1560940867,33753 -0,6054993
E4_Bvp 1560940867,35315 -0,8024902
E4_Bvp 1560940867,36878 -0,7979736
E4_Bvp 1560940867,38441 -0,6912842
E4_Bvp 1560940867,40003 -0,5864563
E4_Bvp 1560940867,41566 -0,5446472
E4_Bvp 1560940867,43128 -0,5645447
E4_Bvp 1560940867,44691 -0,6105042
E4_Bvp 1560940867,46253 -0,6480103
E4_Bvp 1560940867,47816 -0,6692505
E4_Bvp 1560940867,49379 -0,6809387
E4_Bvp 1560940867,50941 -0,6834717
E4_Bvp 1560940867,52504 -0,6652527
E4_Bvp 1560940867,54066 -0,6040955
E4_Bvp 1560940867,55629 -0,4786987
E4_Bvp 1560940867,57191 -0,2852173
E4_Bvp 1560940867,58754 -0,04998779
E4_Bvp 1560940867,60317 0,1855774
E4_Bvp 1560940867,61879 0,3615723
E4_Bvp 1560940867,63442 0,4240723
E4_Bvp 1560940867,65004 0,3626404
E4_Bvp 1560940867,66567 0,2066345
E4_Bvp 1560940867,68129 0,0319519
E4_Bvp 1560940867,69692 -0,07830811
E4_Bvp 1560940867,71255 -0,05856323
E4_Bvp 1560940867,72817 0,07766724
E4_Bvp 1560940867,7438 0,2407837
E4_Bvp 1560940867,75942 0,3031616
E4_Bvp 1560940867,77505 0,1689453
E4_Bvp 1560940867,79067 -0,1594238
E4_Bvp 1560940867,8063 -0,5656128
E4_Bvp 1560940867,82193 -0,8717346
E4_Bvp 1560940867,83755 -0,9365234
E4_Bvp 1560940867,85318 -0,727478
E4_Bvp 1560940867,8688 -0,3346863
E4_Bvp 1560940867,88443 0,07800293
E4_Bvp 1560940867,90005 0,3633423
E4_Bvp 1560940867,91568 0,4408875
E4_Bvp 1560940867,93131 0,305542
E4_Bvp 1560940867,94693 0,01095581
E4_Bvp 1560940867,96256 -0,3680115
E4_Bvp 1560940867,97818 -0,762146
E4_Bvp 1560940867,99381 -1,092499
E4_Bvp 1560940868,00943 -1,275574
E4_Bvp 1560940868,02506 -1,243652
E4_Bvp 1560940868,04069 -0,9842834
E4_Bvp 1560940868,05631 -0,5613403
E4_Bvp 1560940868,07194 -0,09381104
E4_Bvp 1560940868,08756 0,2921753
E4_Bvp 1560940868,10319 0,5288696
E4_Bvp 1560940868,11881 0,611084
E4_Bvp 1560940868,13444 0,5750122
E4_Bvp 1560940868,15007 0,4745178
E4_Bvp 1560940868,16569 0,3476257
E4_Bvp 1560940868,18132 0,2241211
E4_Bvp 1560940868,19694 0,1393433
E4_Bvp 1560940868,21257 0,1368103
E4_Bvp 1560940868,22819 0,2420959
E4_Bvp 1560940868,24382 0,4479065
E4_Bvp 1560940868,25945 0,6827393
E4_Bvp 1560940868,27507 0,8577271
E4_Bvp 1560940868,2907 0,892395
E4_Bvp 1560940868,30632 0,7623596
E4_Bvp 1560940868,32195 0,5135193
E4_Bvp 1560940868,33757 0,2372437
E4_Bvp 1560940868,3532 0,0229187
E4_Bvp 1560940868,36883 -0,07138062
E4_Bvp 1560940868,38445 -0,0291748
E4_Bvp 1560940868,40008 0,1210327
E4_Bvp 1560940868,4157 0,3108521
E4_Bvp 1560940868,43133 0,4566345
E4_Bvp 1560940868,44695 0,4716187
E4_Bvp 1560940868,46258 0,3068237
E4_Bvp 1560940868,47821 -0,02560425
E4_Bvp 1560940868,49383 -0,4383545
E4_Bvp 1560940868,50946 -0,8087463
E4_Bvp 1560940868,52508 -1,00824
E4_Bvp 1560940868,54071 -0,983429
E4_Bvp 1560940868,55633 -0,7636719
E4_Bvp 1560940868,57196 -0,444458
E4_Bvp 1560940868,58759 -0,1567383
E4_Bvp 1560940868,60321 0,01412964
E4_Bvp 1560940868,61884 0,05062866
E4_Bvp 1560940868,63446 -0,0009460449
E4_Bvp 1560940868,65009 -0,05630493
E4_Bvp 1560940868,66571 -0,01742554
E4_Bvp 1560940868,68134 0,1752625
E4_Bvp 1560940868,69697 0,5284729
E4_Bvp 1560940868,71259 0,9868774
E4_Bvp 1560940868,72822 1,44223
E4_Bvp 1560940868,74384 1,76709
E4_Bvp 1560940868,75947 1,857574
E4_Bvp 1560940868,77509 1,686981
E4_Bvp 1560940868,79072 1,316467
E4_Bvp 1560940868,80635 0,8711853
E4_Bvp 1560940868,82197 0,4828796
E4_Bvp 1560940868,8376 0,2406616
E4_Bvp 1560940868,85322 0,1575317
E4_Bvp 1560940868,86885 0,1832581
E4_Bvp 1560940868,88447 0,2465515
E4_Bvp 1560940868,9001 0,3013
E4_Bvp 1560940868,91573 0,3269958
E4_Bvp 1560940868,93135 0,32724
E4_Bvp 1560940868,94698 0,3074036
E4_Bvp 1560940868,9626 0,2493591
E4_Bvp 1560940868,97823 0,1387939
E4_Bvp 1560940868,99386 -0,02154541
E4_Bvp 1560940869,00948 -0,1983337
E4_Bvp 1560940869,02511 -0,3173218
E4_Bvp 1560940869,04073 -0,3127441
E4_Bvp 1560940869,05636 -0,1529236
E4_Bvp 1560940869,07198 0,1334229
E4_Bvp 1560940869,08761 0,4645081
E4_Bvp 1560940869,10324 0,7435913
E4_Bvp 1560940869,11886 0,901062
E4_Bvp 1560940869,13449 0,9236755
E4_Bvp 1560940869,15011 0,8332214
E4_Bvp 1560940869,16574 0,6860657
E4_Bvp 1560940869,18136 0,5166321
E4_Bvp 1560940869,19699 0,3283081
E4_Bvp 1560940869,21262 0,1029968
E4_Bvp 1560940869,22824 -0,1581421
E4_Bvp 1560940869,24387 -0,42453
E4_Bvp 1560940869,25949 -0,6299133
E4_Bvp 1560940869,27512 -0,7197266
E4_Bvp 1560940869,29074 -0,6782837
E4_Bvp 1560940869,30637 -0,5465393
E4_Bvp 1560940869,322 -0,4115906
E4_Bvp 1560940869,33762 -0,3530884
E4_Bvp 1560940869,35325 -0,4073486
E4_Bvp 1560940869,36887 -0,5494995
E4_Bvp 1560940869,3845 -0,7237244
E4_Bvp 1560940869,40012 -0,8714294
E4_Bvp 1560940869,41575 -0,973999
E4_Bvp 1560940869,43138 -1,059113
E4_Bvp 1560940869,447 -1,164337
E4_Bvp 1560940869,46263 -1,311981
E4_Bvp 1560940869,47825 -1,474121
E4_Bvp 1560940869,49388 -1,58963
E4_Bvp 1560940869,5095 -1,592346
E4_Bvp 1560940869,52513 -1,449829
E4_Bvp 1560940869,54076 -1,179871
E4_Bvp 1560940869,55638 -0,8232422
E4_Bvp 1560940869,57201 -0,4206238
E4_Bvp 1560940869,58763 0,00894165
E4_Bvp 1560940869,60326 0,434906
E4_Bvp 1560940869,61888 0,8102722
E4_Bvp 1560940869,63451 1,044373
E4_Bvp 1560940869,65014 1,045166
E4_Bvp 1560940869,66576 0,7737732
E4_Bvp 1560940869,68139 0,2945557
E4_Bvp 1560940869,69701 -0,2396545
E4_Bvp 1560940869,71264 -0,6611023
E4_Bvp 1560940869,72826 -0,8535767
E4_Bvp 1560940869,74389 -0,8198853
E4_Bvp 1560940869,75952 -0,6342773
E4_Bvp 1560940869,77514 -0,3970947
E4_Bvp 1560940869,79077 -0,1630554
E4_Bvp 1560940869,80639 0,05010986
E4_Bvp 1560940869,82202 0,2405396
E4_Bvp 1560940869,83764 0,3800659
E4_Bvp 1560940869,85327 0,4310608
E4_Bvp 1560940869,8689 0,3692017
E4_Bvp 1560940869,88452 0,2232361
E4_Bvp 1560940869,90015 0,07458496
E4_Bvp 1560940869,91577 -0,001495361
E4_Bvp 1560940869,9314 0,01730347
E4_Bvp 1560940869,94702 0,08514404
E4_Bvp 1560940869,96265 0,1288147
E4_Bvp 1560940869,97828 0,09286499
E4_Bvp 1560940869,9939 -0,021698
E4_Bvp 1560940870,00953 -0,1609192
E4_Bvp 1560940870,02515 -0,2542725
E4_Bvp 1560940870,04078 -0,2351074
E4_Bvp 1560940870,0564 -0,07537842
E4_Bvp 1560940870,07203 0,214386
E4_Bvp 1560940870,08766 0,577301
E4_Bvp 1560940870,10328 0,9136353
E4_Bvp 1560940870,11891 1,112518
E4_Bvp 1560940870,13453 1,099091
E4_Bvp 1560940870,15016 0,8897705
E4_Bvp 1560940870,16578 0,5919189
E4_Bvp 1560940870,18141 0,3518066
E4_Bvp 1560940870,19704 0,2810059
E4_Bvp 1560940870,21266 0,3907471
E4_Bvp 1560940870,22829 0,6106873
E4_Bvp 1560940870,24391 0,8469543
E4_Bvp 1560940870,25954 1,056458
E4_Bvp 1560940870,27516 1,268921
E4_Bvp 1560940870,29079 1,53952
E4_Bvp 1560940870,30642 1,880066
E4_Bvp 1560940870,32204 2,219055
E4_Bvp 1560940870,33767 2,436127
E4_Bvp 1560940870,35329 2,434662
E4_Bvp 1560940870,36892 2,20816
E4_Bvp 1560940870,38454 1,856659
E4_Bvp 1560940870,40017 1,528229
E4_Bvp 1560940870,4158 1,341675
E4_Bvp 1560940870,43142 1,326569
E4_Bvp 1560940870,44705 1,409973
E4_Bvp 1560940870,46267 1,466064
E4_Bvp 1560940870,4783 1,364868
E4_Bvp 1560940870,49392 1,033386
E4_Bvp 1560940870,50955 0,4840698
E4_Bvp 1560940870,52518 -0,2103271
E4_Bvp 1560940870,5408 -0,9227295
E4_Bvp 1560940870,55643 -1,52536
E4_Bvp 1560940870,57205 -1,900818
E4_Bvp 1560940870,58768 -1,997864
E4_Bvp 1560940870,6033 -1,831726
E4_Bvp 1560940870,61893 -1,512238
E4_Bvp 1560940870,63456 -1,193085
E4_Bvp 1560940870,65018 -1,030334
E4_Bvp 1560940870,66581 -1,10907
E4_Bvp 1560940870,68143 -1,415161
E4_Bvp 1560940870,69706 -1,844818
E4_Bvp 1560940870,71268 -2,269562
E4_Bvp 1560940870,72831 -2,601807
E4_Bvp 1560940870,74394 -2,812988
E4_Bvp 1560940870,75956 -2,930511
E4_Bvp 1560940870,77519 -2,964294
E4_Bvp 1560940870,79081 -2,889954
E4_Bvp 1560940870,80644 -2,676788
E4_Bvp 1560940870,82206 -2,323242
E4_Bvp 1560940870,83769 -1,895966
E4_Bvp 1560940870,85332 -1,525421
E4_Bvp 1560940870,86894 -1,336395
E4_Bvp 1560940870,88457 -1,367676
E4_Bvp 1560940870,90019 -1,561218
E4_Bvp 1560940870,91582 -1,803619
E4_Bvp 1560940870,93144 -1,986359
E4_Bvp 1560940870,94707 -2,086792
E4_Bvp 1560940870,9627 -2,138184
E4_Bvp 1560940870,97832 -2,204132
E4_Bvp 1560940870,99395 -2,301239
E4_Bvp 1560940871,00957 -2,400635
E4_Bvp 1560940871,0252 -2,442352
E4_Bvp 1560940871,04082 -2,40033
E4_Bvp 1560940871,05645 -2,300781
E4_Bvp 1560940871,07208 -2,200073
E4_Bvp 1560940871,0877 -2,162079
E4_Bvp 1560940871,10333 -2,202393
E4_Bvp 1560940871,11895 -2,309875
E4_Bvp 1560940871,13458 -2,413971
E4_Bvp 1560940871,1502 -2,442627
E4_Bvp 1560940871,16583 -2,326202
E4_Bvp 1560940871,18146 -2,016296
E4_Bvp 1560940871,19708 -1,499634
E4_Bvp 1560940871,21271 -0,7958679
E4_Bvp 1560940871,22833 0,02679443
E4_Bvp 1560940871,24396 0,8791504
E4_Bvp 1560940871,25958 1,646729
E4_Bvp 1560940871,27521 2,232422
E4_Bvp 1560940871,29084 2,577362
E4_Bvp 1560940871,30646 2,652527
E4_Bvp 1560940871,32209 2,492859
E4_Bvp 1560940871,33771 2,172485
E4_Bvp 1560940871,35334 1,786591
E4_Bvp 1560940871,36896 1,428467
E4_Bvp 1560940871,38459 1,180389
E4_Bvp 1560940871,40022 1,098877
E4_Bvp 1560940871,41584 1,196503
E4_Bvp 1560940871,43147 1,461792
E4_Bvp 1560940871,44709 1,835541
E4_Bvp 1560940871,46272 2,242401
E4_Bvp 1560940871,47834 2,575165
E4_Bvp 1560940871,49397 2,727142
E4_Bvp 1560940871,5096 2,630798
E4_Bvp 1560940871,52522 2,310211
E4_Bvp 1560940871,54085 1,869965
E4_Bvp 1560940871,55647 1,466431
E4_Bvp 1560940871,5721 1,243439
E4_Bvp 1560940871,58773 1,245422
E4_Bvp 1560940871,60335 1,426605
E4_Bvp 1560940871,61898 1,655701
E4_Bvp 1560940871,6346 1,806946
E4_Bvp 1560940871,65023 1,794281
E4_Bvp 1560940871,66585 1,606659
E4_Bvp 1560940871,68148 1,292419
E4_Bvp 1560940871,69711 0,9141846
E4_Bvp 1560940871,71273 0,5419922
E4_Bvp 1560940871,72836 0,230896
E4_Bvp 1560940871,74398 0,0255127
E4_Bvp 1560940871,75961 -0,05136108
E4_Bvp 1560940871,77523 0,02154541
E4_Bvp 1560940871,79086 0,2459717
E4_Bvp 1560940871,80649 0,5997009
E4_Bvp 1560940871,82211 1,059174
E4_Bvp 1560940871,83774 1,578033
E4_Bvp 1560940871,85336 2,090424
E4_Bvp 1560940871,86899 2,498627
E4_Bvp 1560940871,88461 2,715698
E4_Bvp 1560940871,90024 2,68515
E4_Bvp 1560940871,91587 2,445465
E4_Bvp 1560940871,93149 2,127655
E4_Bvp 1560940871,94712 1,9086
E4_Bvp 1560940871,96274 1,921783
E4_Bvp 1560940871,97837 2,189514
E4_Bvp 1560940871,99399 2,580383
E4_Bvp 1560940872,00962 2,892181
E4_Bvp 1560940872,02525 2,951019
E4_Bvp 1560940872,04087 2,689758
E4_Bvp 1560940872,0565 2,182495
E4_Bvp 1560940872,07212 1,585693
E4_Bvp 1560940872,08775 1,045624
E4_Bvp 1560940872,10337 0,6278076
E4_Bvp 1560940872,119 0,3303223
E4_Bvp 1560940872,13463 0,1213074
E4_Bvp 1560940872,15025 0
E4_Bvp 1560940872,16588 0,001190186
E4_Bvp 1560940872,1815 0,1738586
E4_Bvp 1560940872,19713 0,5223999
E4_Bvp 1560940872,21275 0,9871826
E4_Bvp 1560940872,22838 1,462738
E4_Bvp 1560940872,24401 1,848053
E4_Bvp 1560940872,25963 2,088135
E4_Bvp 1560940872,27526 2,198639
E4_Bvp 1560940872,29088 2,239349
E4_Bvp 1560940872,30651 2,269043
E4_Bvp 1560940872,32213 2,328064
E4_Bvp 1560940872,33776 2,412354
E4_Bvp 1560940872,35339 2,494232
E4_Bvp 1560940872,36901 2,516052
E4_Bvp 1560940872,38464 2,446136
E4_Bvp 1560940872,40026 2,26532
E4_Bvp 1560940872,41589 1,988007
E4_Bvp 1560940872,43151 1,648956
E4_Bvp 1560940872,44714 1,29538
E4_Bvp 1560940872,46277 0,9667053
E4_Bvp 1560940872,47839 0,6966248
E4_Bvp 1560940872,49402 0,5072021
E4_Bvp 1560940872,50964 0,3995361
E4_Bvp 1560940872,52527 0,3557129
E4_Bvp 1560940872,54089 0,3136902
E4_Bvp 1560940872,55652 0,1946716
E4_Bvp 1560940872,57215 -0,08920288
E4_Bvp 1560940872,58777 -0,5807495
E4_Bvp 1560940872,6034 -1,25708
E4_Bvp 1560940872,61902 -2,008667
E4_Bvp 1560940872,63465 -2,682648
E4_Bvp 1560940872,65027 -3,144989
E4_Bvp 1560940872,6659 -3,32959
E4_Bvp 1560940872,68153 -3,281281
E4_Bvp 1560940872,69715 -3,119568
E4_Bvp 1560940872,71278 -2,970123
E4_Bvp 1560940872,7284 -2,915283
E4_Bvp 1560940872,74403 -2,942108
E4_Bvp 1560940872,75965 -2,980255
E4_Bvp 1560940872,77528 -2,935791
E4_Bvp 1560940872,79091 -2,77356
E4_Bvp 1560940872,80653 -2,512573
E4_Bvp 1560940872,82216 -2,224792
E4_Bvp 1560940872,83778 -1,987335
E4_Bvp 1560940872,85341 -1,822266
E4_Bvp 1560940872,86903 -1,694733
E4_Bvp 1560940872,88466 -1,543518
E4_Bvp 1560940872,90029 -1,342712
E4_Bvp 1560940872,91591 -1,120789
E4_Bvp 1560940872,93154 -0,9607239
E4_Bvp 1560940872,94716 -0,9272156
E4_Bvp 1560940872,96279 -1,022675
E4_Bvp 1560940872,97841 -1,174683
E4_Bvp 1560940872,99404 -1,272522
E4_Bvp 1560940873,00967 -1,248138
E4_Bvp 1560940873,02529 -1,107269
E4_Bvp 1560940873,04092 -0,9327698
E4_Bvp 1560940873,05654 -0,8034973
E4_Bvp 1560940873,07217 -0,7504272
E4_Bvp 1560940873,08779 -0,7239685
E4_Bvp 1560940873,10342 -0,6436768
E4_Bvp 1560940873,11905 -0,469574
E4_Bvp 1560940873,13467 -0,2357178
E4_Bvp 1560940873,1503 -0,05145264
E4_Bvp 1560940873,16592 -0,002746582
E4_Bvp 1560940873,18155 -0,1140137
E4_Bvp 1560940873,19717 -0,3229675
E4_Bvp 1560940873,2128 -0,5240173
E4_Bvp 1560940873,22843 -0,6280518
E4_Bvp 1560940873,24405 -0,5923767
E4_Bvp 1560940873,25968 -0,4331055
E4_Bvp 1560940873,2753 -0,1831665
E4_Bvp 1560940873,29093 0,1101074
E4_Bvp 1560940873,30655 0,3971558
E4_Bvp 1560940873,32218 0,6080017
E4_Bvp 1560940873,33781 0,6724854
E4_Bvp 1560940873,35343 0,5355225
E4_Bvp 1560940873,36906 0,2151489
E4_Bvp 1560940873,38468 -0,1906433
E4_Bvp 1560940873,40031 -0,5468445
E4_Bvp 1560940873,41593 -0,7341919
E4_Bvp 1560940873,43156 -0,7297974
E4_Bvp 1560940873,44719 -0,6032104
E4_Bvp 1560940873,46281 -0,4724426
E4_Bvp 1560940873,47844 -0,4187012
E4_Bvp 1560940873,49406 -0,4423218
E4_Bvp 1560940873,50969 -0,4880371
E4_Bvp 1560940873,52531 -0,4776917
E4_Bvp 1560940873,54094 -0,3752747
E4_Bvp 1560940873,55657 -0,2002869
E4_Bvp 1560940873,57219 -0,01541138
E4_Bvp 1560940873,58782 0,1175537
E4_Bvp 1560940873,60344 0,1506348
E4_Bvp 1560940873,61907 0,07836914
E4_Bvp 1560940873,63469 -0,07528687
E4_Bvp 1560940873,65032 -0,2717285
E4_Bvp 1560940873,66595 -0,4736328
E4_Bvp 1560940873,68157 -0,6551819
E4_Bvp 1560940873,6972 -0,8044739
E4_Bvp 1560940873,71282 -0,9217529
E4_Bvp 1560940873,72845 -1,013062
E4_Bvp 1560940873,74407 -1,067535
E4_Bvp 1560940873,7597 -1,066589
E4_Bvp 1560940873,77533 -0,993103
E4_Bvp 1560940873,79095 -0,8578796
E4_Bvp 1560940873,80658 -0,7204285
E4_Bvp 1560940873,8222 -0,6719971
E4_Bvp 1560940873,83783 -0,809906
E4_Bvp 1560940873,85346 -1,17511
E4_Bvp 1560940873,86908 -1,7117
E4_Bvp 1560940873,88471 -2,283691
E4_Bvp 1560940873,90033 -2,738708
E4_Bvp 1560940873,91596 -2,970337
E4_Bvp 1560940873,93158 -2,958588
E4_Bvp 1560940873,94721 -2,765015
E4_Bvp 1560940873,96284 -2,493927
E4_Bvp 1560940873,97846 -2,227783
E4_Bvp 1560940873,99409 -1,993988
E4_Bvp 1560940874,00971 -1,784943
E4_Bvp 1560940874,02534 -1,575745
E4_Bvp 1560940874,04096 -1,351013
E4_Bvp 1560940874,05659 -1,129791
E4_Bvp 1560940874,07222 -0,9449768
E4_Bvp 1560940874,08784 -0,8214722
E4_Bvp 1560940874,10347 -0,7532349
E4_Bvp 1560940874,11909 -0,686676
E4_Bvp 1560940874,13472 -0,5300293
E4_Bvp 1560940874,15034 -0,1983032
E4_Bvp 1560940874,16597 0,3304443
E4_Bvp 1560940874,1816 0,9824829
E4_Bvp 1560940874,19722 1,594086
E4_Bvp 1560940874,21285 1,989777
E4_Bvp 1560940874,22847 2,06543
E4_Bvp 1560940874,2441 1,853699
E4_Bvp 1560940874,25972 1,509094
E4_Bvp 1560940874,27535 1,237122
E4_Bvp 1560940874,29098 1,182648
E4_Bvp 1560940874,3066 1,363434
E4_Bvp 1560940874,32223 1,681427
E4_Bvp 1560940874,33785 1,962524
E4_Bvp 1560940874,35348 2,063354
E4_Bvp 1560940874,3691 1,947662
E4_Bvp 1560940874,38473 1,67984
E4_Bvp 1560940874,40036 1,39624
E4_Bvp 1560940874,41598 1,229462
E4_Bvp 1560940874,43161 1,255432
E4_Bvp 1560940874,44723 1,493378
E4_Bvp 1560940874,46286 1,909607
E4_Bvp 1560940874,47848 2,443451
E4_Bvp 1560940874,49411 3,017181
E4_Bvp 1560940874,50974 3,556427
E4_Bvp 1560940874,52536 4,003448
E4_Bvp 1560940874,54099 4,329895
E4_Bvp 1560940874,55661 4,558167
E4_Bvp 1560940874,57224 4,748077
E4_Bvp 1560940874,58786 4,963806
E4_Bvp 1560940874,60349 5,252075
E4_Bvp 1560940874,61912 5,590851
E4_Bvp 1560940874,63474 5,90451
E4_Bvp 1560940874,65037 6,071838
E4_Bvp 1560940874,66599 5,971466
E4_Bvp 1560940874,68162 5,53479
E4_Bvp 1560940874,69724 4,762177
E4_Bvp 1560940874,71287 3,717377
E4_Bvp 1560940874,7285 2,508148
E4_Bvp 1560940874,74412 1,275848
E4_Bvp 1560940874,75975 0,1595154
E4_Bvp 1560940874,77537 -0,7132263
E4_Bvp 1560940874,791 -1,269165
E4_Bvp 1560940874,80662 -1,505402
E4_Bvp 1560940874,82225 -1,487701
E4_Bvp 1560940874,83788 -1,355377
E4_Bvp 1560940874,8535 -1,263763
E4_Bvp 1560940874,86913 -1,320221
E4_Bvp 1560940874,88475 -1,54245
E4_Bvp 1560940874,90038 -1,847137
E4_Bvp 1560940874,916 -2,079834
E4_Bvp 1560940874,93163 -2,104248
E4_Bvp 1560940874,94726 -1,868408
E4_Bvp 1560940874,96288 -1,438843
E4_Bvp 1560940874,97851 -0,9807434
E4_Bvp 1560940874,99413 -0,6827698
E4_Bvp 1560940875,00976 -0,6645203
E4_Bvp 1560940875,02538 -0,9068909
E4_Bvp 1560940875,04101 -1,287079
E4_Bvp 1560940875,05664 -1,624969
E4_Bvp 1560940875,07226 -1,780334
E4_Bvp 1560940875,08789 -1,712982
E4_Bvp 1560940875,10351 -1,492218
E4_Bvp 1560940875,11914 -1,244049
E4_Bvp 1560940875,13476 -1,073425
E4_Bvp 1560940875,15039 -1,018066
E4_Bvp 1560940875,16602 -1,051666
E4_Bvp 1560940875,18164 -1,121368
E4_Bvp 1560940875,19727 -1,19165
E4_Bvp 1560940875,21289 -1,256317
E4_Bvp 1560940875,22852 -1,329346
E4_Bvp 1560940875,24414 -1,408112
E4_Bvp 1560940875,25977 -1,457001
E4_Bvp 1560940875,2754 -1,449005
E4_Bvp 1560940875,29102 -1,374817
E4_Bvp 1560940875,30665 -1,282806
E4_Bvp 1560940875,32227 -1,231171
E4_Bvp 1560940875,3379 -1,245911
E4_Bvp 1560940875,35352 -1,290344
E4_Bvp 1560940875,36915 -1,286804
E4_Bvp 1560940875,38478 -1,154816
E4_Bvp 1560940875,4004 -0,8847961
E4_Bvp 1560940875,41603 -0,5538025
E4_Bvp 1560940875,43165 -0,280304
E4_Bvp 1560940875,44728 -0,1610107
E4_Bvp 1560940875,4629 -0,2001038
E4_Bvp 1560940875,47853 -0,3152161
E4_Bvp 1560940875,49416 -0,3996582
E4_Bvp 1560940875,50978 -0,4024353
E4_Bvp 1560940875,52541 -0,3465271
E4_Bvp 1560940875,54103 -0,304657
E4_Bvp 1560940875,55666 -0,3330688
E4_Bvp 1560940875,57228 -0,4285889
E4_Bvp 1560940875,58791 -0,5243835
E4_Bvp 1560940875,60354 -0,5577698
E4_Bvp 1560940875,61916 -0,5037842
E4_Bvp 1560940875,63479 -0,4074707
E4_Bvp 1560940875,65041 -0,3493958
E4_Bvp 1560940875,66604 -0,3905029
E4_Bvp 1560940875,68166 -0,5257874
E4_Bvp 1560940875,69729 -0,685791
E4_Bvp 1560940875,71292 -0,7684937
E4_Bvp 1560940875,72854 -0,6890564
E4_Bvp 1560940875,74417 -0,4412537
E4_Bvp 1560940875,75979 -0,07870483
E4_Bvp 1560940875,77542 0,2771912
E4_Bvp 1560940875,79104 0,5354309
E4_Bvp 1560940875,80667 0,6407166
E4_Bvp 1560940875,8223 0,6080322
E4_Bvp 1560940875,83792 0,5014648
E4_Bvp 1560940875,85355 0,3867188
E4_Bvp 1560940875,86917 0,3020325
E4_Bvp 1560940875,8848 0,2383728
E4_Bvp 1560940875,90042 0,1577148
E4_Bvp 1560940875,91605 0,01739502
E4_Bvp 1560940875,93168 -0,1846924
E4_Bvp 1560940875,9473 -0,3946533
E4_Bvp 1560940875,96293 -0,5220337
E4_Bvp 1560940875,97855 -0,4784546
E4_Bvp 1560940875,99418 -0,2427979
E4_Bvp 1560940876,0098 0,1293945
E4_Bvp 1560940876,02543 0,4955139
E4_Bvp 1560940876,04106 0,7032166
E4_Bvp 1560940876,05668 0,6512756
E4_Bvp 1560940876,07231 0,3496094
E4_Bvp 1560940876,08793 -0,07421875
E4_Bvp 1560940876,10356 -0,439209
E4_Bvp 1560940876,11918 -0,5826111
E4_Bvp 1560940876,13481 -0,4573669
E4_Bvp 1560940876,15044 -0,1465149
E4_Bvp 1560940876,16606 0,1699829
E4_Bvp 1560940876,18169 0,3220825
E4_Bvp 1560940876,19731 0,2210999
E4_Bvp 1560940876,21294 -0,09976196
E4_Bvp 1560940876,22856 -0,5310974
E4_Bvp 1560940876,24419 -0,9512939
E4_Bvp 1560940876,25982 -1,28479
E4_Bvp 1560940876,27544 -1,519806
E4_Bvp 1560940876,29107 -1,687012
E4_Bvp 1560940876,30669 -1,837494
E4_Bvp 1560940876,32232 -2,009125
E4_Bvp 1560940876,33794 -2,224091
E4_Bvp 1560940876,35357 -2,480896
E4_Bvp 1560940876,3692 -2,743378
E4_Bvp 1560940876,38482 -2,955414
E4_Bvp 1560940876,40045 -3,050964
E4_Bvp 1560940876,41607 -3,012726
E4_Bvp 1560940876,4317 -2,871704
E4_Bvp 1560940876,44733 -2,723724
E4_Bvp 1560940876,46295 -2,666016
E4_Bvp 1560940876,47858 -2,771393
E4_Bvp 1560940876,4942 -3,056427
E4_Bvp 1560940876,50983 -3,478363
E4_Bvp 1560940876,52545 -3,968597
E4_Bvp 1560940876,54108 -4,447052
E4_Bvp 1560940876,55671 -4,856934
E4_Bvp 1560940876,57233 -5,159546
E4_Bvp 1560940876,58796 -5,346954
E4_Bvp 1560940876,60358 -5,435577
E4_Bvp 1560940876,61921 -5,441742
E4_Bvp 1560940876,63483 -5,356232
E4_Bvp 1560940876,65046 -5,112244
E4_Bvp 1560940876,66609 -4,61087
E4_Bvp 1560940876,68171 -3,776062
E4_Bvp 1560940876,69734 -2,641113
E4_Bvp 1560940876,71296 -1,366364
E4_Bvp 1560940876,72859 -0,198761
E4_Bvp 1560940876,74421 0,6661682
E4_Bvp 1560940876,75984 1,176727
E4_Bvp 1560940876,77547 1,466827
E4_Bvp 1560940876,79109 1,760895
E4_Bvp 1560940876,80672 2,234222
E4_Bvp 1560940876,82234 2,90799
E4_Bvp 1560940876,83797 3,636108
E4_Bvp 1560940876,85359 4,226105
E4_Bvp 1560940876,86922 4,548004
E4_Bvp 1560940876,88485 4,641418
E4_Bvp 1560940876,90047 4,695007
E4_Bvp 1560940876,9161 4,943665
E4_Bvp 1560940876,93172 5,541321
E4_Bvp 1560940876,94735 6,46936
E4_Bvp 1560940876,96297 7,539337
E4_Bvp 1560940876,9786 8,455353
E4_Bvp 1560940876,99423 8,952789
E4_Bvp 1560940877,00985 8,906372
E4_Bvp 1560940877,02548 8,381317
E4_Bvp 1560940877,0411 7,61618
E4_Bvp 1560940877,05673 6,882111
E4_Bvp 1560940877,07235 6,369385
E4_Bvp 1560940877,08798 6,105835
E4_Bvp 1560940877,10361 5,999878
E4_Bvp 1560940877,11923 5,921631
E4_Bvp 1560940877,13486 5,801025
E4_Bvp 1560940877,15048 5,645233
E4_Bvp 1560940877,16611 5,479187
E4_Bvp 1560940877,18173 5,270905
E4_Bvp 1560940877,19736 4,930298
E4_Bvp 1560940877,21299 4,376831
E4_Bvp 1560940877,22861 3,630432
E4_Bvp 1560940877,24424 2,880768
E4_Bvp 1560940877,25986 2,373657
E4_Bvp 1560940877,27549 2,27066
E4_Bvp 1560940877,29111 2,494385
E4_Bvp 1560940877,30674 2,736725
E4_Bvp 1560940877,32237 2,608337
E4_Bvp 1560940877,33799 1,848022
E4_Bvp 1560940877,35362 0,4943542
E4_Bvp 1560940877,36924 -1,150208
E4_Bvp 1560940877,38487 -2,669556
E4_Bvp 1560940877,40049 -3,762085
E4_Bvp 1560940877,41612 -4,364075
E4_Bvp 1560940877,43175 -4,651245
E4_Bvp 1560940877,44737 -4,871399
E4_Bvp 1560940877,463 -5,193695
E4_Bvp 1560940877,47862 -5,615234
E4_Bvp 1560940877,49425 -5,986908
E4_Bvp 1560940877,50987 -6,127136
E4_Bvp 1560940877,5255 -5,92984
E4_Bvp 1560940877,54113 -5,418732
E4_Bvp 1560940877,55675 -4,735931
E4_Bvp 1560940877,57238 -4,049255
E4_Bvp 1560940877,588 -3,484955
E4_Bvp 1560940877,60363 -3,051849
E4_Bvp 1560940877,61925 -2,652771
E4_Bvp 1560940877,63488 -2,151642
E4_Bvp 1560940877,65051 -1,459991
E4_Bvp 1560940877,66613 -0,5829163
E4_Bvp 1560940877,68176 0,3534546
E4_Bvp 1560940877,69738 1,1716
E4_Bvp 1560940877,71301 1,712311
E4_Bvp 1560940877,72863 1,897247
E4_Bvp 1560940877,74426 1,772736
E4_Bvp 1560940877,75989 1,462036
E4_Bvp 1560940877,77551 1,111023
E4_Bvp 1560940877,79114 0,8089905
E4_Bvp 1560940877,80676 0,5634155
E4_Bvp 1560940877,82239 0,3138428
E4_Bvp 1560940877,83801 -0,03317261
E4_Bvp 1560940877,85364 -0,5266418
E4_Bvp 1560940877,86927 -1,154022
E4_Bvp 1560940877,88489 -1,837982
E4_Bvp 1560940877,90052 -2,454346
E4_Bvp 1560940877,91614 -2,880035
E4_Bvp 1560940877,93177 -3,052521
E4_Bvp 1560940877,94739 -2,985748
E4_Bvp 1560940877,96302 -2,773804
E4_Bvp 1560940877,97865 -2,541901
E4_Bvp 1560940877,99427 -2,371857
E4_Bvp 1560940878,0099 -2,28244
E4_Bvp 1560940878,02552 -2,219452
E4_Bvp 1560940878,04115 -2,106384
E4_Bvp 1560940878,05677 -1,899445
E4_Bvp 1560940878,0724 -1,609436
E4_Bvp 1560940878,08803 -1,287872
E4_Bvp 1560940878,10365 -0,9663696
E4_Bvp 1560940878,11928 -0,6281738
E4_Bvp 1560940878,1349 -0,2155151
E4_Bvp 1560940878,15053 0,2941284
E4_Bvp 1560940878,16615 0,852356
E4_Bvp 1560940878,18178 1,332336
E4_Bvp 1560940878,19741 1,607178
E4_Bvp 1560940878,21303 1,638428
E4_Bvp 1560940878,22866 1,528564
E4_Bvp 1560940878,24428 1,453613
E4_Bvp 1560940878,25991 1,558594
E4_Bvp 1560940878,27553 1,861298
E4_Bvp 1560940878,29116 2,228241
E4_Bvp 1560940878,30679 2,475494
E4_Bvp 1560940878,32241 2,480774
E4_Bvp 1560940878,33804 2,250244
E4_Bvp 1560940878,35366 1,910095
E4_Bvp 1560940878,36929 1,6203
E4_Bvp 1560940878,38491 1,48761
E4_Bvp 1560940878,40054 1,525055
E4_Bvp 1560940878,41617 1,666565
E4_Bvp 1560940878,43179 1,822174
E4_Bvp 1560940878,44742 1,948517
E4_Bvp 1560940878,46304 2,070557
E4_Bvp 1560940878,47867 2,291595
E4_Bvp 1560940878,49429 2,781525
E4_Bvp 1560940878,50992 3,720123
E4_Bvp 1560940878,52555 5,20694
E4_Bvp 1560940878,54117 7,178833
E4_Bvp 1560940878,5568 9,374512
E4_Bvp 1560940878,57242 11,384
E4_Bvp 1560940878,58805 12,82022
E4_Bvp 1560940878,60367 13,53259
E4_Bvp 1560940878,6193 13,73923
E4_Bvp 1560940878,63493 13,99554
E4_Bvp 1560940878,65055 14,95163
E4_Bvp 1560940878,66618 17,0231
E4_Bvp 1560940878,6818 20,14136
E4_Bvp 1560940878,69743 23,75247
E4_Bvp 1560940878,71306 27,04782
E4_Bvp 1560940878,72868 29,42279
E4_Bvp 1560940878,74431 30,77563
E4_Bvp 1560940878,75993 31,63876
E4_Bvp 1560940878,77556 32,94333
E4_Bvp 1560940878,79118 35,52686
E4_Bvp 1560940878,80681 39,72656
E4_Bvp 1560940878,82244 45,26556
E4_Bvp 1560940878,83806 51,46594
E4_Bvp 1560940878,85369 57,51672
E4_Bvp 1560940878,86931 62,68787
E4_Bvp 1560940878,88494 66,43152
E4_Bvp 1560940878,90056 68,28595
E4_Bvp 1560940878,91619 68,00864
E4_Bvp 1560940878,93182 65,81281
E4_Bvp 1560940878,94744 62,49576
E4_Bvp 1560940878,96307 59,26389
E4_Bvp 1560940878,97869 57,19162
E4_Bvp 1560940878,99432 56,51175
E4_Bvp 1560940879,00994 56,16913
E4_Bvp 1560940879,02557 53,98624
E4_Bvp 1560940879,0412 47,49667
E4_Bvp 1560940879,05682 35,1626
E4_Bvp 1560940879,07245 17,29654
E4_Bvp 1560940879,08807 -3,772949
E4_Bvp 1560940879,1037 -24,43677
E4_Bvp 1560940879,11932 -41,13541
E4_Bvp 1560940879,13495 -51,58939
E4_Bvp 1560940879,15058 -55,39948
E4_Bvp 1560940879,1662 -53,78052
E4_Bvp 1560940879,18183 -48,71384
E4_Bvp 1560940879,19745 -41,95087
E4_Bvp 1560940879,21308 -34,45471
E4_Bvp 1560940879,2287 -26,44205
E4_Bvp 1560940879,24433 -18,05902
E4_Bvp 1560940879,25996 -10,07968
E4_Bvp 1560940879,27558 -4,149261
E4_Bvp 1560940879,29121 -2,295105
E4_Bvp 1560940879,30683 -5,945343
E4_Bvp 1560940879,32246 -14,99658
E4_Bvp 1560940879,33808 -27,50519
E4_Bvp 1560940879,35371 -40,38275
E4_Bvp 1560940879,36934 -50,63965
E4_Bvp 1560940879,38496 -56,49249
E4_Bvp 1560940879,40059 -57,96033
E4_Bvp 1560940879,41621 -56,48547
E4_Bvp 1560940879,43184 -53,95166
E4_Bvp 1560940879,44746 -51,68359
E4_Bvp 1560940879,46309 -49,95227
E4_Bvp 1560940879,47872 -48,1593
E4_Bvp 1560940879,49434 -45,51361
E4_Bvp 1560940879,50997 -41,70081
E4_Bvp 1560940879,52559 -37,12927
E4_Bvp 1560940879,54122 -32,70892
E4_Bvp 1560940879,55684 -29,29102
E4_Bvp 1560940879,57247 -27,20959
E4_Bvp 1560940879,5881 -26,15881
E4_Bvp 1560940879,60372 -25,41315
E4_Bvp 1560940879,61935 -24,24512
E4_Bvp 1560940879,63497 -22,27307
E4_Bvp 1560940879,6506 -19,6026
E4_Bvp 1560940879,66622 -16,69348
E4_Bvp 1560940879,68185 -14,11914
E4_Bvp 1560940879,69748 -12,29297
E4_Bvp 1560940879,7131 -11,31268
E4_Bvp 1560940879,72873 -10,96466
E4_Bvp 1560940879,74435 -10,85071
E4_Bvp 1560940879,75998 -10,55316
E4_Bvp 1560940879,7756 -9,808533
E4_Bvp 1560940879,79123 -8,589966
E4_Bvp 1560940879,80686 -7,078796
E4_Bvp 1560940879,82248 -5,584778
E4_Bvp 1560940879,83811 -4,368103
E4_Bvp 1560940879,85373 -3,549744
E4_Bvp 1560940879,86936 -3,057617
E4_Bvp 1560940879,88498 -2,714905
E4_Bvp 1560940879,90061 -2,352844
E4_Bvp 1560940879,91624 -1,899719
E4_Bvp 1560940879,93186 -1,41333
E4_Bvp 1560940879,94749 -1,016907
E4_Bvp 1560940879,96311 -0,8104858
E4_Bvp 1560940879,97874 -0,8007202
E4_Bvp 1560940879,99436 -0,8937988
E4_Bvp 1560940880,00999 -0,9692383
E4_Bvp 1560940880,02562 -0,9298096
E4_Bvp 1560940880,04124 -0,7549438
E4_Bvp 1560940880,05687 -0,5046387
E4_Bvp 1560940880,07249 -0,2789917
E4_Bvp 1560940880,08812 -0,1560059
E4_Bvp 1560940880,10374 -0,1624756
E4_Bvp 1560940880,11937 -0,2802734
E4_Bvp 1560940880,135 -0,4699707
E4_Bvp 1560940880,15062 -0,6915894
E4_Bvp 1560940880,16625 -0,9024658
E4_Bvp 1560940880,18187 -1,052673
E4_Bvp 1560940880,1975 -1,09967
E4_Bvp 1560940880,21312 -1,016846
E4_Bvp 1560940880,22875 -0,8200073
E4_Bvp 1560940880,24438 -0,5849609
E4_Bvp 1560940880,26 -0,4071045
E4_Bvp 1560940880,27563 -0,3583984
E4_Bvp 1560940880,29125 -0,4569092
E4_Bvp 1560940880,30688 -0,6351929
E4_Bvp 1560940880,3225 -0,7935181
E4_Bvp 1560940880,33813 -0,8377686
E4_Bvp 1560940880,35376 -0,7416382
E4_Bvp 1560940880,36938 -0,5420532
E4_Bvp 1560940880,38501 -0,3195801
E4_Bvp 1560940880,40063 -0,1529541
E4_Bvp 1560940880,41626 -0,0736084
E4_Bvp 1560940880,43188 -0,06811523
E4_Bvp 1560940880,44751 -0,1190796
E4_Bvp 1560940880,46314 -0,2190552
E4_Bvp 1560940880,47876 -0,3842773
E4_Bvp 1560940880,49439 -0,6083984
E4_Bvp 1560940880,51001 -0,8502808
E4_Bvp 1560940880,52564 -1,026489
E4_Bvp 1560940880,54126 -1,046204
E4_Bvp 1560940880,55689 -0,8602295
E4_Bvp 1560940880,57252 -0,4935303
E4_Bvp 1560940880,58814 -0,06274414
E4_Bvp 1560940880,60377 0,2775269
E4_Bvp 1560940880,61939 0,395813
E4_Bvp 1560940880,63502 0,2437744
E4_Bvp 1560940880,65064 -0,1166992
E4_Bvp 1560940880,66627 -0,5332031
E4_Bvp 1560940880,6819 -0,8240356
E4_Bvp 1560940880,69752 -0,8626709
E4_Bvp 1560940880,71315 -0,6357422
E4_Bvp 1560940880,72877 -0,2502441
E4_Bvp 1560940880,7444 0,1288452
E4_Bvp 1560940880,76002 0,3682861
E4_Bvp 1560940880,77565 0,4387207
E4_Bvp 1560940880,79128 0,4123535
E4_Bvp 1560940880,8069 0,4102173
E4_Bvp 1560940880,82253 0,5144043
E4_Bvp 1560940880,83815 0,7076416
E4_Bvp 1560940880,85378 0,887207
E4_Bvp 1560940880,86941 0,9398804
E4_Bvp 1560940880,88503 0,8352661
E4_Bvp 1560940880,90066 0,6530762
E4_Bvp 1560940880,91628 0,5410156
E4_Bvp 1560940880,93191 0,6291504
E4_Bvp 1560940880,94753 0,9368286
E4_Bvp 1560940880,96316 1,365295
E4_Bvp 1560940880,97879 1,751221
E4_Bvp 1560940880,99441 1,957825
E4_Bvp 1560940881,01004 1,94635
E4_Bvp 1560940881,02566 1,785706
E4_Bvp 1560940881,04129 1,609375
E4_Bvp 1560940881,05691 1,537048
E4_Bvp 1560940881,07254 1,642456
E4_Bvp 1560940881,08817 1,915955
E4_Bvp 1560940881,10379 2,283325
E4_Bvp 1560940881,11942 2,659302
E4_Bvp 1560940881,13504 2,977356
E4_Bvp 1560940881,15067 3,189087
E4_Bvp 1560940881,16629 3,266541
E4_Bvp 1560940881,18192 3,168274
E4_Bvp 1560940881,19755 2,844299
E4_Bvp 1560940881,21317 2,246582
E4_Bvp 1560940881,2288 1,377747
E4_Bvp 1560940881,24442 0,3099976
E4_Bvp 1560940881,26005 -0,8024292
E4_Bvp 1560940881,27567 -1,764282
E4_Bvp 1560940881,2913 -2,406799
E4_Bvp 1560940881,30693 -2,651489
E4_Bvp 1560940881,32255 -2,521057
E4_Bvp 1560940881,33818 -2,121216
E4_Bvp 1560940881,3538 -1,585205
E4_Bvp 1560940881,36943 -1,012817
E4_Bvp 1560940881,38505 -0,4501343
E4_Bvp 1560940881,40068 0,09771729
E4_Bvp 1560940881,41631 0,6278687
E4_Bvp 1560940881,43193 1,132202
E4_Bvp 1560940881,44756 1,608887
E4_Bvp 1560940881,46318 2,083435
E4_Bvp 1560940881,47881 2,623047
E4_Bvp 1560940881,49443 3,281494
E4_Bvp 1560940881,51006 4,04303
E4_Bvp 1560940881,52569 4,776062
E4_Bvp 1560940881,54131 5,269531
E4_Bvp 1560940881,55694 5,318542
E4_Bvp 1560940881,57256 4,837646
E4_Bvp 1560940881,58819 3,901489
E4_Bvp 1560940881,60381 2,697144
E4_Bvp 1560940881,61944 1,420715
E4_Bvp 1560940881,63507 0,1835938
E4_Bvp 1560940881,65069 -1,010254
E4_Bvp 1560940881,66632 -2,205811
E4_Bvp 1560940881,68194 -3,390381
E4_Bvp 1560940881,69757 -4,465576
E4_Bvp 1560940881,71319 -5,290222
E4_Bvp 1560940881,72882 -5,762085
E4_Bvp 1560940881,74445 -5,90564
E4_Bvp 1560940881,76007 -5,841492
E4_Bvp 1560940881,7757 -5,727051
E4_Bvp 1560940881,79132 -5,659424
E4_Bvp 1560940881,80695 -5,642639
E4_Bvp 1560940881,82257 -5,597534
E4_Bvp 1560940881,8382 -5,442017
E4_Bvp 1560940881,85383 -5,139404
E4_Bvp 1560940881,86945 -4,726746
E4_Bvp 1560940881,88508 -4,316162
E4_Bvp 1560940881,9007 -4,027832
E4_Bvp 1560940881,91633 -3,95105
E4_Bvp 1560940881,93195 -4,063904
E4_Bvp 1560940881,94758 -4,230835
E4_Bvp 1560940881,96321 -4,221741
E4_Bvp 1560940881,97883 -3,809021
E4_Bvp 1560940881,99446 -2,874878
E4_Bvp 1560940882,01008 -1,473999
E4_Bvp 1560940882,02571 0,1807251
E4_Bvp 1560940882,04133 1,830811
E4_Bvp 1560940882,05696 3,277649
E4_Bvp 1560940882,07259 4,46405
E4_Bvp 1560940882,08821 5,423462
E4_Bvp 1560940882,10384 6,210266
E4_Bvp 1560940882,11946 6,802429
E4_Bvp 1560940882,13509 7,100525
E4_Bvp 1560940882,15071 6,996094
E4_Bvp 1560940882,16634 6,449707
E4_Bvp 1560940882,18197 5,560852
E4_Bvp 1560940882,19759 4,505615
E4_Bvp 1560940882,21322 3,466492
E4_Bvp 1560940882,22884 2,537903
E4_Bvp 1560940882,24447 1,71106
E4_Bvp 1560940882,26009 0,9266968
E4_Bvp 1560940882,27572 0,140564
E4_Bvp 1560940882,29135 -0,6209106
E4_Bvp 1560940882,30697 -1,281006
E4_Bvp 1560940882,3226 -1,762573
E4_Bvp 1560940882,33822 -2,081055
E4_Bvp 1560940882,35385 -2,31366
E4_Bvp 1560940882,36947 -2,572266
E4_Bvp 1560940882,3851 -2,919128
E4_Bvp 1560940882,40073 -3,319031
E4_Bvp 1560940882,41635 -3,664856
E4_Bvp 1560940882,43198 -3,815613
E4_Bvp 1560940882,4476 -3,688843
E4_Bvp 1560940882,46323 -3,287659
E4_Bvp 1560940882,47885 -2,703125
E4_Bvp 1560940882,49448 -2,055725
E4_Bvp 1560940882,51011 -1,461792
E4_Bvp 1560940882,52573 -1,003723
E4_Bvp 1560940882,54136 -0,7224121
E4_Bvp 1560940882,55698 -0,6265259
E4_Bvp 1560940882,57261 -0,6915283
E4_Bvp 1560940882,58823 -0,8612061
E4_Bvp 1560940882,60386 -1,042297
E4_Bvp 1560940882,61949 -1,139832
E4_Bvp 1560940882,63511 -1,08374
E4_Bvp 1560940882,65074 -0,8693848
E4_Bvp 1560940882,66636 -0,5566406
E4_Bvp 1560940882,68199 -0,2383423
E4_Bvp 1560940882,69761 -0,008239746
E4_Bvp 1560940882,71324 0,09735107
E4_Bvp 1560940882,72887 0,08984375
E4_Bvp 1560940882,74449 0,02160645
E4_Bvp 1560940882,76012 -0,0479126
E4_Bvp 1560940882,77574 -0,08441162
E4_Bvp 1560940882,79137 -0,09008789
E4_Bvp 1560940882,80699 -0,08843994
E4_Bvp 1560940882,82262 -0,09228516
E4_Bvp 1560940882,83825 -0,09661865
E4_Bvp 1560940882,85387 -0,05511475
E4_Bvp 1560940882,8695 0,0715332
E4_Bvp 1560940882,88512 0,2910156
E4_Bvp 1560940882,90075 0,5649414
E4_Bvp 1560940882,91637 0,8144531
E4_Bvp 1560940882,932 0,9465942
E4_Bvp 1560940882,94763 0,8903809
E4_Bvp 1560940882,96325 0,6355591
E4_Bvp 1560940882,97888 0,244751
E4_Bvp 1560940882,9945 -0,1605835
E4_Bvp 1560940883,01013 -0,4464111
E4_Bvp 1560940883,02575 -0,5255737
E4_Bvp 1560940883,04138 -0,4012451
E4_Bvp 1560940883,05701 -0,1665039
E4_Bvp 1560940883,07263 0,02770996
E4_Bvp 1560940883,08826 0,06884766
E4_Bvp 1560940883,10388 -0,07592773
E4_Bvp 1560940883,11951 -0,3577881
E4_Bvp 1560940883,13513 -0,6705933
E4_Bvp 1560940883,15076 -0,932312
E4_Bvp 1560940883,16639 -1,092651
E4_Bvp 1560940883,18201 -1,126465
E4_Bvp 1560940883,19764 -1,029541
E4_Bvp 1560940883,21326 -0,7990112
E4_Bvp 1560940883,22889 -0,460022
E4_Bvp 1560940883,24451 -0,081604
E4_Bvp 1560940883,26014 0,2253418
E4_Bvp 1560940883,27577 0,3585205
E4_Bvp 1560940883,29139 0,2825317
E4_Bvp 1560940883,30702 0,08026123
E4_Bvp 1560940883,32264 -0,08294678
E4_Bvp 1560940883,33827 -0,06243896
E4_Bvp 1560940883,35389 0,1763916
E4_Bvp 1560940883,36952 0,5402222
E4_Bvp 1560940883,38515 0,828064
E4_Bvp 1560940883,40077 0,859375
E4_Bvp 1560940883,4164 0,5753784
E4_Bvp 1560940883,43202 0,07928467
E4_Bvp 1560940883,44765 -0,4031982
E4_Bvp 1560940883,46327 -0,6300659
E4_Bvp 1560940883,4789 -0,4483032
E4_Bvp 1560940883,49453 0,1431885
E4_Bvp 1560940883,51015 0,9963379
E4_Bvp 1560940883,52578 1,873291
E4_Bvp 1560940883,5414 2,53241
E4_Bvp 1560940883,55703 2,817993
E4_Bvp 1560940883,57266 2,687561
E4_Bvp 1560940883,58828 2,228516
E4_Bvp 1560940883,60391 1,595398
E4_Bvp 1560940883,61953 0,9581299
E4_Bvp 1560940883,63516 0,4436035
E4_Bvp 1560940883,65078 0,09710693
E4_Bvp 1560940883,66641 -0,1130371
E4_Bvp 1560940883,68204 -0,2636108
E4_Bvp 1560940883,69766 -0,4195557
E4_Bvp 1560940883,71329 -0,5900879
E4_Bvp 1560940883,72891 -0,7431641
E4_Bvp 1560940883,74454 -0,8306274
E4_Bvp 1560940883,76016 -0,8389893
E4_Bvp 1560940883,77579 -0,80896
E4_Bvp 1560940883,79142 -0,8101196
E4_Bvp 1560940883,80704 -0,8945923
E4_Bvp 1560940883,82267 -1,04126
E4_Bvp 1560940883,83829 -1,151489
E4_Bvp 1560940883,85392 -1,113342
E4_Bvp 1560940883,86954 -0,8562622
E4_Bvp 1560940883,88517 -0,4223633
E4_Bvp 1560940883,9008 0,05249023
E4_Bvp 1560940883,91642 0,3920898
E4_Bvp 1560940883,93205 0,475647
E4_Bvp 1560940883,94767 0,3059082
E4_Bvp 1560940883,9633 -0,005371094
E4_Bvp 1560940883,97892 -0,28479
E4_Bvp 1560940883,99455 -0,3936768
E4_Bvp 1560940884,01018 -0,2779541
E4_Bvp 1560940884,0258 0,02374268
E4_Bvp 1560940884,04143 0,4279175
E4_Bvp 1560940884,05705 0,8501587
E4_Bvp 1560940884,07268 1,245972
E4_Bvp 1560940884,0883 1,604126
E4_Bvp 1560940884,10393 1,906677
E4_Bvp 1560940884,11956 2,125671
E4_Bvp 1560940884,13518 2,200378
E4_Bvp 1560940884,15081 2,082825
E4_Bvp 1560940884,16643 1,762878
E4_Bvp 1560940884,18206 1,28125
E4_Bvp 1560940884,19768 0,7268677
E4_Bvp 1560940884,21331 0,2067871
E4_Bvp 1560940884,22894 -0,2080688
E4_Bvp 1560940884,24456 -0,5125732
E4_Bvp 1560940884,26019 -0,7636108
E4_Bvp 1560940884,27581 -1,045898
E4_Bvp 1560940884,29144 -1,405762
E4_Bvp 1560940884,30706 -1,815613
E4_Bvp 1560940884,32269 -2,171448
E4_Bvp 1560940884,33832 -2,333923
E4_Bvp 1560940884,35394 -2,205872
E4_Bvp 1560940884,36957 -1,797424
E4_Bvp 1560940884,38519 -1,244263
E4_Bvp 1560940884,40082 -0,7520142
E4_Bvp 1560940884,41644 -0,5151978
E4_Bvp 1560940884,43207 -0,6259766
E4_Bvp 1560940884,4477 -1,043152
E4_Bvp 1560940884,46332 -1,609131
E4_Bvp 1560940884,47895 -2,12738
E4_Bvp 1560940884,49457 -2,453369
E4_Bvp 1560940884,5102 -2,529297
E4_Bvp 1560940884,52582 -2,407288
E4_Bvp 1560940884,54145 -2,194153
E4_Bvp 1560940884,55708 -2,026733
E4_Bvp 1560940884,5727 -2,006653
E4_Bvp 1560940884,58833 -2,157532
E4_Bvp 1560940884,60395 -2,401184
E4_Bvp 1560940884,61958 -2,561951
E4_Bvp 1560940884,6352 -2,437927
E4_Bvp 1560940884,65083 -1,886536
E4_Bvp 1560940884,66646 -0,9170532
E4_Bvp 1560940884,68208 0,2877197
E4_Bvp 1560940884,69771 1,428833
E4_Bvp 1560940884,71333 2,243835
E4_Bvp 1560940884,72896 2,613403
E4_Bvp 1560940884,74458 2,602783
E4_Bvp 1560940884,76021 2,389832
E4_Bvp 1560940884,77584 2,152222
E4_Bvp 1560940884,79146 1,96814
E4_Bvp 1560940884,80709 1,806946
E4_Bvp 1560940884,82271 1,60553
E4_Bvp 1560940884,83834 1,342041
E4_Bvp 1560940884,85396 1,083008
E4_Bvp 1560940884,86959 0,9342651
E4_Bvp 1560940884,88522 0,9603271
E4_Bvp 1560940884,90084 1,140015
E4_Bvp 1560940884,91647 1,373962
E4_Bvp 1560940884,93209 1,547852
E4_Bvp 1560940884,94772 1,576599
E4_Bvp 1560940884,96334 1,455811
E4_Bvp 1560940884,97897 1,231079
E4_Bvp 1560940884,9946 0,9728394
E4_Bvp 1560940885,01022 0,7528076
E4_Bvp 1560940885,02585 0,6265869
E4_Bvp 1560940885,04147 0,6226196
E4_Bvp 1560940885,0571 0,7214355
E4_Bvp 1560940885,07272 0,8537598
E4_Bvp 1560940885,08835 0,918457
E4_Bvp 1560940885,10398 0,8338013
E4_Bvp 1560940885,1196 0,5670166
E4_Bvp 1560940885,13523 0,1737671
E4_Bvp 1560940885,15085 -0,2337646
E4_Bvp 1560940885,16648 -0,5327148
E4_Bvp 1560940885,1821 -0,6483765
E4_Bvp 1560940885,19773 -0,6074219
E4_Bvp 1560940885,21336 -0,5079956
E4_Bvp 1560940885,22898 -0,4840698
E4_Bvp 1560940885,24461 -0,6235352
E4_Bvp 1560940885,26023 -0,937439
E4_Bvp 1560940885,27586 -1,340942
E4_Bvp 1560940885,29148 -1,695068
E4_Bvp 1560940885,30711 -1,87384
E4_Bvp 1560940885,32274 -1,789917
E4_Bvp 1560940885,33836 -1,448547
E4_Bvp 1560940885,35399 -0,9250488
E4_Bvp 1560940885,36961 -0,3498535
E4_Bvp 1560940885,38524 0,1367798
E4_Bvp 1560940885,40086 0,4227295
E4_Bvp 1560940885,41649 0,4649658
E4_Bvp 1560940885,43212 0,2766724
E4_Bvp 1560940885,44774 -0,07855225
E4_Bvp 1560940885,46337 -0,5118408
E4_Bvp 1560940885,47899 -0,9483032
E4_Bvp 1560940885,49462 -1,343201
E4_Bvp 1560940885,51024 -1,703674
E4_Bvp 1560940885,52587 -2,025208
E4_Bvp 1560940885,5415 -2,275391
E4_Bvp 1560940885,55712 -2,370972
E4_Bvp 1560940885,57275 -2,208374
E4_Bvp 1560940885,58837 -1,741089
E4_Bvp 1560940885,604 -1,020691
E4_Bvp 1560940885,61962 -0,1976318
E4_Bvp 1560940885,63525 0,5424805
E4_Bvp 1560940885,65088 1,073242
E4_Bvp 1560940885,6665 1,385132
E4_Bvp 1560940885,68213 1,585938
E4_Bvp 1560940885,69775 1,801758
E4_Bvp 1560940885,71338 2,096069
E4_Bvp 1560940885,72901 2,40509
E4_Bvp 1560940885,74463 2,584717
E4_Bvp 1560940885,76026 2,494507
E4_Bvp 1560940885,77588 2,10321
E4_Bvp 1560940885,79151 1,530579
E4_Bvp 1560940885,80713 0,9801636
E4_Bvp 1560940885,82276 0,6577148
E4_Bvp 1560940885,83839 0,6558228
E4_Bvp 1560940885,85401 0,9375
E4_Bvp 1560940885,86964 1,360291
E4_Bvp 1560940885,88526 1,74408
E4_Bvp 1560940885,90089 1,939087
E4_Bvp 1560940885,91651 1,89502
E4_Bvp 1560940885,93214 1,669434
E4_Bvp 1560940885,94777 1,384644
E4_Bvp 1560940885,96339 1,169373
E4_Bvp 1560940885,97902 1,076111
E4_Bvp 1560940885,99464 1,065979
E4_Bvp 1560940886,01027 1,007019
E4_Bvp 1560940886,02589 0,791626
E4_Bvp 1560940886,04152 0,3953857
E4_Bvp 1560940886,05715 -0,09344482
E4_Bvp 1560940886,07277 -0,5161133
E4_Bvp 1560940886,0884 -0,7619629
E4_Bvp 1560940886,10402 -0,8405762
E4_Bvp 1560940886,11965 -0,8793335
E4_Bvp 1560940886,13527 -1,042358
E4_Bvp 1560940886,1509 -1,416809
E4_Bvp 1560940886,16653 -1,938599
E4_Bvp 1560940886,18215 -2,403015
E4_Bvp 1560940886,19778 -2,576355
E4_Bvp 1560940886,2134 -2,331726
E4_Bvp 1560940886,22903 -1,723877
E4_Bvp 1560940886,24465 -0,9676514
E4_Bvp 1560940886,26028 -0,3127441
E4_Bvp 1560940886,27591 0,08416748
E4_Bvp 1560940886,29153 0,2318115
E4_Bvp 1560940886,30716 0,2785645
E4_Bvp 1560940886,32278 0,3963013
E4_Bvp 1560940886,33841 0,6507568
E4_Bvp 1560940886,35403 0,9511108
E4_Bvp 1560940886,36966 1,11499
E4_Bvp 1560940886,38529 0,9936523
E4_Bvp 1560940886,40091 0,6008301
E4_Bvp 1560940886,41654 0,1205444
E4_Bvp 1560940886,43216 -0,1832275
E4_Bvp 1560940886,44779 -0,1456909
E4_Bvp 1560940886,46341 0,2019043
E4_Bvp 1560940886,47904 0,6434937
E4_Bvp 1560940886,49467 0,9240112
E4_Bvp 1560940886,51029 0,8969727
E4_Bvp 1560940886,52592 0,5932007
E4_Bvp 1560940886,54154 0,1693726
E4_Bvp 1560940886,55717 -0,2143555
E4_Bvp 1560940886,57279 -0,4790649
E4_Bvp 1560940886,58842 -0,6517334
E4_Bvp 1560940886,60405 -0,8024292
E4_Bvp 1560940886,61967 -0,9772339
E4_Bvp 1560940886,6353 -1,161804
E4_Bvp 1560940886,65092 -1,283447
E4_Bvp 1560940886,66655 -1,280579
E4_Bvp 1560940886,68217 -1,132751
E4_Bvp 1560940886,6978 -0,8775635
E4_Bvp 1560940886,71343 -0,5916748
E4_Bvp 1560940886,72905 -0,3569946
E4_Bvp 1560940886,74468 -0,2352295
E4_Bvp 1560940886,7603 -0,2374268
E4_Bvp 1560940886,77593 -0,3203735
E4_Bvp 1560940886,79155 -0,4039917
E4_Bvp 1560940886,80718 -0,3937988
E4_Bvp 1560940886,82281 -0,2418213
E4_Bvp 1560940886,83843 0,02380371
E4_Bvp 1560940886,85406 0,2894897
E4_Bvp 1560940886,86968 0,4297485
E4_Bvp 1560940886,88531 0,3914795
E4_Bvp 1560940886,90093 0,2348633
E4_Bvp 1560940886,91656 0,100647
E4_Bvp 1560940886,93219 0,1159058
E4_Bvp 1560940886,94781 0,2887573
E4_Bvp 1560940886,96344 0,5018921
E4_Bvp 1560940886,97906 0,5754395
E4_Bvp 1560940886,99469 0,3837891
E4_Bvp 1560940887,01031 -0,04486084
E4_Bvp 1560940887,02594 -0,5391235
E4_Bvp 1560940887,04157 -0,8688965
E4_Bvp 1560940887,05719 -0,8772583
E4_Bvp 1560940887,07282 -0,5584106
E4_Bvp 1560940887,08844 -0,06494141
E4_Bvp 1560940887,10407 0,3896484
E4_Bvp 1560940887,11969 0,6294556
E4_Bvp 1560940887,13532 0,592041
E4_Bvp 1560940887,15095 0,3336182
E4_Bvp 1560940887,16657 -0,02526855
E4_Bvp 1560940887,1822 -0,3675537
E4_Bvp 1560940887,19782 -0,612793
E4_Bvp 1560940887,21345 -0,7224731
E4_Bvp 1560940887,22907 -0,6853027
E4_Bvp 1560940887,2447 -0,5101318
E4_Bvp 1560940887,26033 -0,2322998
E4_Bvp 1560940887,27595 0,09777832
E4_Bvp 1560940887,29158 0,4098511
E4_Bvp 1560940887,3072 0,6571045
E4_Bvp 1560940887,32283 0,824707
E4_Bvp 1560940887,33845 0,9386597
E4_Bvp 1560940887,35408 1,041321
E4_Bvp 1560940887,36971 1,133301
E4_Bvp 1560940887,38533 1,193176
E4_Bvp 1560940887,40096 1,169861
E4_Bvp 1560940887,41658 1,056396
E4_Bvp 1560940887,43221 0,9030762
E4_Bvp 1560940887,44783 0,7893066
E4_Bvp 1560940887,46346 0,7783203
E4_Bvp 1560940887,47909 0,8391113
E4_Bvp 1560940887,49471 0,8538208
E4_Bvp 1560940887,51034 0,6855469
E4_Bvp 1560940887,52596 0,274231
E4_Bvp 1560940887,54159 -0,3071289
E4_Bvp 1560940887,55721 -0,8603516
E4_Bvp 1560940887,57284 -1,158203
E4_Bvp 1560940887,58847 -1,07074
E4_Bvp 1560940887,60409 -0,6115723
E4_Bvp 1560940887,61972 0,04095459
E4_Bvp 1560940887,63534 0,6530151
E4_Bvp 1560940887,65097 1,015137
E4_Bvp 1560940887,66659 1,049927
E4_Bvp 1560940887,68222 0,8192139
E4_Bvp 1560940887,69785 0,4925537
E4_Bvp 1560940887,71347 0,2304688
E4_Bvp 1560940887,7291 0,1182251
E4_Bvp 1560940887,74472 0,1279297
E4_Bvp 1560940887,76035 0,1502686
E4_Bvp 1560940887,77597 0,09356689
E4_Bvp 1560940887,7916 -0,06140137
E4_Bvp 1560940887,80723 -0,2285767
E4_Bvp 1560940887,82285 -0,2975464
E4_Bvp 1560940887,83848 -0,2277832
E4_Bvp 1560940887,8541 -0,07025146
E4_Bvp 1560940887,86973 0,0369873
E4_Bvp 1560940887,88535 -0,01586914
E4_Bvp 1560940887,90098 -0,2355347
E4_Bvp 1560940887,91661 -0,5
E4_Bvp 1560940887,93223 -0,6409912
E4_Bvp 1560940887,94786 -0,5453491
E4_Bvp 1560940887,96348 -0,213501
E4_Bvp 1560940887,97911 0,2259521
E4_Bvp 1560940887,99474 0,5967407
E4_Bvp 1560940888,01036 0,7920532
E4_Bvp 1560940888,02599 0,7982178
E4_Bvp 1560940888,04161 0,6967773
E4_Bvp 1560940888,05724 0,6004028
E4_Bvp 1560940888,07286 0,5856323
E4_Bvp 1560940888,08849 0,65802
E4_Bvp 1560940888,10412 0,7739258
E4_Bvp 1560940888,11974 0,8480835
E4_Bvp 1560940888,13537 0,8192749
E4_Bvp 1560940888,15099 0,6742554
E4_Bvp 1560940888,16662 0,4476929
E4_Bvp 1560940888,18224 0,2108765
E4_Bvp 1560940888,19787 0,03686523
E4_Bvp 1560940888,2135 -0,05059814
E4_Bvp 1560940888,22912 -0,08068848
E4_Bvp 1560940888,24475 -0,1140747
E4_Bvp 1560940888,26037 -0,182312
E4_Bvp 1560940888,276 -0,2732544
E4_Bvp 1560940888,29162 -0,3260498
E4_Bvp 1560940888,30725 -0,2866821
E4_Bvp 1560940888,32288 -0,1571045
E4_Bvp 1560940888,3385 -0,02984619
E4_Bvp 1560940888,35413 -0,02410889
E4_Bvp 1560940888,36975 -0,2280884
E4_Bvp 1560940888,38538 -0,6203003
E4_Bvp 1560940888,401 -1,066162
E4_Bvp 1560940888,41663 -1,386536
E4_Bvp 1560940888,43226 -1,463135
E4_Bvp 1560940888,44788 -1,305725
E4_Bvp 1560940888,46351 -1,021973
E4_Bvp 1560940888,47913 -0,7542114
E4_Bvp 1560940888,49476 -0,6040649
E4_Bvp 1560940888,51038 -0,5748901
E4_Bvp 1560940888,52601 -0,6156006
E4_Bvp 1560940888,54164 -0,661499
E4_Bvp 1560940888,55726 -0,6917114
E4_Bvp 1560940888,57289 -0,7235718
E4_Bvp 1560940888,58851 -0,791687
E4_Bvp 1560940888,60414 -0,8943481
E4_Bvp 1560940888,61976 -0,9904785
E4_Bvp 1560940888,63539 -1,013428
E4_Bvp 1560940888,65102 -0,9002075
E4_Bvp 1560940888,66664 -0,645874
E4_Bvp 1560940888,68227 -0,2937622
E4_Bvp 1560940888,69789 0,06518555
E4_Bvp 1560940888,71352 0,3411865
E4_Bvp 1560940888,72914 0,4633789
E4_Bvp 1560940888,74477 0,4077759
E4_Bvp 1560940888,7604 0,2037354
E4_Bvp 1560940888,77602 -0,09014893
E4_Bvp 1560940888,79165 -0,3925171
E4_Bvp 1560940888,80727 -0,6386108
E4_Bvp 1560940888,8229 -0,774292
E4_Bvp 1560940888,83852 -0,7766724
E4_Bvp 1560940888,85415 -0,6276855
E4_Bvp 1560940888,86978 -0,3456421
E4_Bvp 1560940888,8854 0,02203369
E4_Bvp 1560940888,90103 0,399231
E4_Bvp 1560940888,91665 0,7037354
E4_Bvp 1560940888,93228 0,8754883
E4_Bvp 1560940888,9479 0,8815308
E4_Bvp 1560940888,96353 0,7351685
E4_Bvp 1560940888,97916 0,4712524
E4_Bvp 1560940888,99478 0,1430054
E4_Bvp 1560940889,01041 -0,1986694
E4_Bvp 1560940889,02603 -0,4901123
E4_Bvp 1560940889,04166 -0,6749268
E4_Bvp 1560940889,05728 -0,7151489
E4_Bvp 1560940889,07291 -0,5973511
E4_Bvp 1560940889,08854 -0,3566895
E4_Bvp 1560940889,10416 -0,05267334
E4_Bvp 1560940889,11979 0,2402954
E4_Bvp 1560940889,13541 0,4752808
E4_Bvp 1560940889,15104 0,630127
E4_Bvp 1560940889,16666 0,7209473
E4_Bvp 1560940889,18229 0,7723389
E4_Bvp 1560940889,19792 0,8052979
E4_Bvp 1560940889,21354 0,822876
E4_Bvp 1560940889,22917 0,8192749
E4_Bvp 1560940889,24479 0,7995605
E4_Bvp 1560940889,26042 0,7576294
E4_Bvp 1560940889,27604 0,6975708
E4_Bvp 1560940889,29167 0,6141357
E4_Bvp 1560940889,3073 0,5150146
E4_Bvp 1560940889,32292 0,4147339
E4_Bvp 1560940889,33855 0,3234253
E4_Bvp 1560940889,35417 0,2472534
E4_Bvp 1560940889,3698 0,1717529
E4_Bvp 1560940889,38542 0,07525635
E4_Bvp 1560940889,40105 -0,05212402
E4_Bvp 1560940889,41668 -0,1940308
E4_Bvp 1560940889,4323 -0,3284912
E4_Bvp 1560940889,44793 -0,4203491
E4_Bvp 1560940889,46355 -0,4584351
E4_Bvp 1560940889,47918 -0,4569702
E4_Bvp 1560940889,4948 -0,4380493
E4_Bvp 1560940889,51043 -0,4133301
E4_Bvp 1560940889,52606 -0,3615723
E4_Bvp 1560940889,54168 -0,2526245
E4_Bvp 1560940889,55731 -0,06243896
E4_Bvp 1560940889,57293 0,1954346
E4_Bvp 1560940889,58856 0,456665
E4_Bvp 1560940889,60418 0,6378784
E4_Bvp 1560940889,61981 0,6745605
E4_Bvp 1560940889,63544 0,5753784
E4_Bvp 1560940889,65106 0,4041138
E4_Bvp 1560940889,66669 0,2659912
E4_Bvp 1560940889,68231 0,2176514
E4_Bvp 1560940889,69794 0,2571411
E4_Bvp 1560940889,71356 0,3129272
E4_Bvp 1560940889,72919 0,2960815
E4_Bvp 1560940889,74482 0,1766968
E4_Bvp 1560940889,76044 -0,00970459
E4_Bvp 1560940889,77607 -0,1688232
E4_Bvp 1560940889,79169 -0,2290649
E4_Bvp 1560940889,80732 -0,178772
E4_Bvp 1560940889,82294 -0,07641602
E4_Bvp 1560940889,83857 0
E4_Bvp 1560940889,8542 0,004943848
E4_Bvp 1560940889,86982 -0,0446167
E4_Bvp 1560940889,88545 -0,09136963
E4_Bvp 1560940889,90107 -0,08953857
E4_Bvp 1560940889,9167 -0,04022217
E4_Bvp 1560940889,93232 -0,003845215
E4_Bvp 1560940889,94795 -0,05670166
E4_Bvp 1560940889,96358 -0,2391357
E4_Bvp 1560940889,9792 -0,5148926
E4_Bvp 1560940889,99483 -0,8056641
E4_Bvp 1560940890,01045 -1,021423
E4_Bvp 1560940890,02608 -1,090393
E4_Bvp 1560940890,0417 -1,002075
E4_Bvp 1560940890,05733 -0,7790527
E4_Bvp 1560940890,07296 -0,4744263
E4_Bvp 1560940890,08858 -0,1634521
E4_Bvp 1560940890,10421 0,0736084
E4_Bvp 1560940890,11983 0,1713257
E4_Bvp 1560940890,13546 0,1004028
E4_Bvp 1560940890,15108 -0,1245728
E4_Bvp 1560940890,16671 -0,4313354
E4_Bvp 1560940890,18234 -0,7180786
E4_Bvp 1560940890,19796 -0,8643799
E4_Bvp 1560940890,21359 -0,784729
E4_Bvp 1560940890,22921 -0,4727783
E4_Bvp 1560940890,24484 -0,006958008
E4_Bvp 1560940890,26046 0,4736328
E4_Bvp 1560940890,27609 0,8164063
E4_Bvp 1560940890,29172 0,9299927
E4_Bvp 1560940890,30734 0,8269653
E4_Bvp 1560940890,32297 0,5892334
E4_Bvp 1560940890,33859 0,3480225
E4_Bvp 1560940890,35422 0,1835327
E4_Bvp 1560940890,36984 0,1103516
E4_Bvp 1560940890,38547 0,0916748
E4_Bvp 1560940890,4011 0,07171631
E4_Bvp 1560940890,41672 0,02972412
E4_Bvp 1560940890,43235 -0,006286621
E4_Bvp 1560940890,44797 0,007385254
E4_Bvp 1560940890,4636 0,08361816
E4_Bvp 1560940890,47922 0,2051392
E4_Bvp 1560940890,49485 0,3192139
E4_Bvp 1560940890,51048 0,413147
E4_Bvp 1560940890,5261 0,5180054
E4_Bvp 1560940890,54173 0,6658325
E4_Bvp 1560940890,55735 0,8570557
E4_Bvp 1560940890,57298 1,006287
E4_Bvp 1560940890,58861 0,9904175
E4_Bvp 1560940890,60423 0,7121582
E4_Bvp 1560940890,61986 0,1982422
E4_Bvp 1560940890,63548 -0,3984985
E4_Bvp 1560940890,65111 -0,8624878
E4_Bvp 1560940890,66673 -1,037537
E4_Bvp 1560940890,68236 -0,9180908
E4_Bvp 1560940890,69799 -0,6224365
E4_Bvp 1560940890,71361 -0,3043213
E4_Bvp 1560940890,72924 -0,05444336
E4_Bvp 1560940890,74486 0,1413574
E4_Bvp 1560940890,76049 0,3553467
E4_Bvp 1560940890,77611 0,6136475
E4_Bvp 1560940890,79174 0,8463135
E4_Bvp 1560940890,80737 0,93396
E4_Bvp 1560940890,82299 0,7809448
E4_Bvp 1560940890,83862 0,4257813
E4_Bvp 1560940890,85424 0,01544189
E4_Bvp 1560940890,86987 -0,2629395
E4_Bvp 1560940890,88549 -0,2969971
E4_Bvp 1560940890,90112 -0,1040649
E4_Bvp 1560940890,91675 0,1966553
E4_Bvp 1560940890,93237 0,4580078
E4_Bvp 1560940890,948 0,583313
E4_Bvp 1560940890,96362 0,5410767
E4_Bvp 1560940890,97925 0,3759155
E4_Bvp 1560940890,99487 0,1242065
E4_Bvp 1560940891,0105 -0,1602173
E4_Bvp 1560940891,02613 -0,4425659
E4_Bvp 1560940891,04175 -0,6863403
E4_Bvp 1560940891,05738 -0,8446655
E4_Bvp 1560940891,073 -0,887146
E4_Bvp 1560940891,08863 -0,8034668
E4_Bvp 1560940891,10425 -0,6222534
E4_Bvp 1560940891,11988 -0,3850098
E4_Bvp 1560940891,13551 -0,1401367
E4_Bvp 1560940891,15113 0,08868408
E4_Bvp 1560940891,16676 0,2909546
E4_Bvp 1560940891,18238 0,4679565
E4_Bvp 1560940891,19801 0,6152954
E4_Bvp 1560940891,21363 0,7073364
E4_Bvp 1560940891,22926 0,7102051
E4_Bvp 1560940891,24489 0,5917969
E4_Bvp 1560940891,26051 0,3458252
E4_Bvp 1560940891,27614 0,004821777
E4_Bvp 1560940891,29176 -0,362854
E4_Bvp 1560940891,30739 -0,6548462
