E4_Bvp 1560941047,90839 0,1710663
E4_Bvp 1560941047,92402 0,2099457
E4_Bvp 1560941047,93964 0,176712
E4_Bvp 1560941047,95527 0,1110535
E4_Bvp 1560941047,97089 0,03431702
E4_Bvp 1560941047,98652 -0,04411316
E4_Bvp 1560941048,00215 -0,1335449
E4_Bvp 1560941048,01777 -0,2379608
E4_Bvp 1560941048,0334 -0,3457031
E4_Bvp 1560941048,04902 -0,4173431
E4_Bvp 1560941048,06465 -0,3964691
E4_Bvp 1560941048,08027 -0,2451935
E4_Bvp 1560941048,0959 0,02789307
E4_Bvp 1560941048,11153 0,34729
E4_Bvp 1560941048,12715 0,6000214
E4_Bvp 1560941048,14278 0,6710968
E4_Bvp 1560941048,1584 0,5104675
E4_Bvp 1560941048,17403 0,1764221
E4_Bvp 1560941048,18965 -0,2037354
E4_Bvp 1560941048,20528 -0,4858398
E4_Bvp 1560941048,22091 -0,5774078
E4_Bvp 1560941048,23653 -0,4873199
E4_Bvp 1560941048,25216 -0,295166
E4_Bvp 1560941048,26778 -0,09538269
E4_Bvp 1560941048,28341 0,0586853
E4_Bvp 1560941048,29903 0,1653595
E4_Bvp 1560941048,31466 0,2457886
E4_Bvp 1560941048,33029 0,3075104
E4_Bvp 1560941048,34591 0,3193207
E4_Bvp 1560941048,36154 0,244873
E4_Bvp 1560941048,37716 0,08430481
E4_Bvp 1560941048,39279 -0,1062927
E4_Bvp 1560941048,40841 -0,23909
E4_Bvp 1560941048,42404 -0,2538452
E4_Bvp 1560941048,43967 -0,1656342
E4_Bvp 1560941048,45529 -0,05105591
E4_Bvp 1560941048,47092 -0,007385254
E4_Bvp 1560941048,48654 -0,06872559
E4_Bvp 1560941048,50217 -0,1790161
E4_Bvp 1560941048,51779 -0,2100677
E4_Bvp 1560941048,53342 -0,0519104
E4_Bvp 1560941048,54905 0,3110657
E4_Bvp 1560941048,56467 0,774765
E4_Bvp 1560941048,5803 1,173172
E4_Bvp 1560941048,59592 1,359024
E4_Bvp 1560941048,61155 1,282959
E4_Bvp 1560941048,62717 1,013046
E4_Bvp 1560941048,6428 0,6781921
E4_Bvp 1560941048,65843 0,3810883
E4_Bvp 1560941048,67405 0,1678619
E4_Bvp 1560941048,68968 0,02345276
E4_Bvp 1560941048,7053 -0,07997131
E4_Bvp 1560941048,72093 -0,158905
E4_Bvp 1560941048,73655 -0,2132874
E4_Bvp 1560941048,75218 -0,2441559
E4_Bvp 1560941048,76781 -0,2651825
E4_Bvp 1560941048,78343 -0,3012085
E4_Bvp 1560941048,79906 -0,3582458
E4_Bvp 1560941048,81468 -0,4215393
E4_Bvp 1560941048,83031 -0,4491272
E4_Bvp 1560941048,84593 -0,4085693
E4_Bvp 1560941048,86156 -0,293396
E4_Bvp 1560941048,87719 -0,1287842
E4_Bvp 1560941048,89281 0,04716492
E4_Bvp 1560941048,90844 0,1871338
E4_Bvp 1560941048,92406 0,256424
E4_Bvp 1560941048,93969 0,2265625
E4_Bvp 1560941048,95531 0,09918213
E4_Bvp 1560941048,97094 -0,09344482
E4_Bvp 1560941048,98657 -0,2676697
E4_Bvp 1560941049,00219 -0,3319702
E4_Bvp 1560941049,01782 -0,2354736
E4_Bvp 1560941049,03344 -0,01707458
E4_Bvp 1560941049,04907 0,2217102
E4_Bvp 1560941049,06469 0,349472
E4_Bvp 1560941049,08032 0,2972107
E4_Bvp 1560941049,09595 0,09263611
E4_Bvp 1560941049,11157 -0,1682281
E4_Bvp 1560941049,1272 -0,3925018
E4_Bvp 1560941049,14282 -0,529892
E4_Bvp 1560941049,15845 -0,6060944
E4_Bvp 1560941049,17407 -0,6676178
E4_Bvp 1560941049,1897 -0,7365723
E4_Bvp 1560941049,20533 -0,7952881
E4_Bvp 1560941049,22095 -0,8019257
E4_Bvp 1560941049,23658 -0,7388763
E4_Bvp 1560941049,2522 -0,6194763
E4_Bvp 1560941049,26783 -0,4959869
E4_Bvp 1560941049,28345 -0,407608
E4_Bvp 1560941049,29908 -0,3523712
E4_Bvp 1560941049,31471 -0,2978973
E4_Bvp 1560941049,33033 -0,1968384
E4_Bvp 1560941049,34596 -0,04620361
E4_Bvp 1560941049,36158 0,1148224
E4_Bvp 1560941049,37721 0,2255859
E4_Bvp 1560941049,39283 0,2391815
E4_Bvp 1560941049,40846 0,1465759
E4_Bvp 1560941049,42409 -0,01113892
E4_Bvp 1560941049,43971 -0,1595917
E4_Bvp 1560941049,45534 -0,2173004
E4_Bvp 1560941049,47096 -0,1500092
E4_Bvp 1560941049,48659 0,01821899
E4_Bvp 1560941049,50221 0,2102203
E4_Bvp 1560941049,51784 0,3335266
E4_Bvp 1560941049,53347 0,3156433
E4_Bvp 1560941049,54909 0,1521149
E4_Bvp 1560941049,56472 -0,08906555
E4_Bvp 1560941049,58034 -0,3123016
E4_Bvp 1560941049,59597 -0,4381256
E4_Bvp 1560941049,61159 -0,4331665
E4_Bvp 1560941049,62722 -0,3399963
E4_Bvp 1560941049,64285 -0,2271881
E4_Bvp 1560941049,65847 -0,1623688
E4_Bvp 1560941049,6741 -0,1539307
E4_Bvp 1560941049,68972 -0,1758881
E4_Bvp 1560941049,70535 -0,1642761
E4_Bvp 1560941049,72097 -0,07476807
E4_Bvp 1560941049,7366 0,09405518
E4_Bvp 1560941049,75223 0,3214722
E4_Bvp 1560941049,76785 0,5577698
E4_Bvp 1560941049,78348 0,7554474
E4_Bvp 1560941049,7991 0,8847961
E4_Bvp 1560941049,81473 0,9179993
E4_Bvp 1560941049,83035 0,8528748
E4_Bvp 1560941049,84598 0,6988068
E4_Bvp 1560941049,86161 0,4871979
E4_Bvp 1560941049,87723 0,2768707
E4_Bvp 1560941049,89286 0,1316681
E4_Bvp 1560941049,90848 0,1013794
E4_Bvp 1560941049,92411 0,1978149
E4_Bvp 1560941049,93973 0,3769684
E4_Bvp 1560941049,95536 0,562149
E4_Bvp 1560941049,97099 0,6694489
E4_Bvp 1560941049,98661 0,6445618
E4_Bvp 1560941050,00224 0,486557
E4_Bvp 1560941050,01786 0,2481384
E4_Bvp 1560941050,03349 0,006729126
E4_Bvp 1560941050,04912 -0,1720581
E4_Bvp 1560941050,06474 -0,2565765
E4_Bvp 1560941050,08037 -0,2501831
E4_Bvp 1560941050,09599 -0,1791534
E4_Bvp 1560941050,11162 -0,06526184
E4_Bvp 1560941050,12724 0,06822205
E4_Bvp 1560941050,14287 0,1858368
E4_Bvp 1560941050,1585 0,2258301
E4_Bvp 1560941050,17412 0,1591492
E4_Bvp 1560941050,18975 -0,009521484
E4_Bvp 1560941050,20537 -0,196579
E4_Bvp 1560941050,221 -0,2897491
E4_Bvp 1560941050,23662 -0,1990356
E4_Bvp 1560941050,25225 0,07330322
E4_Bvp 1560941050,26788 0,4128418
E4_Bvp 1560941050,2835 0,6501312
E4_Bvp 1560941050,29913 0,6438599
E4_Bvp 1560941050,31475 0,3704681
E4_Bvp 1560941050,33038 -0,06826782
E4_Bvp 1560941050,346 -0,4997864
E4_Bvp 1560941050,36163 -0,7693787
E4_Bvp 1560941050,37726 -0,8177185
E4_Bvp 1560941050,39288 -0,6836243
E4_Bvp 1560941050,40851 -0,4718475
E4_Bvp 1560941050,42413 -0,2719574
E4_Bvp 1560941050,43976 -0,1226196
E4_Bvp 1560941050,45538 -0,02960205
E4_Bvp 1560941050,47101 0,04478455
E4_Bvp 1560941050,48664 0,1306763
E4_Bvp 1560941050,50226 0,2363434
E4_Bvp 1560941050,51789 0,3529205
E4_Bvp 1560941050,53351 0,4316406
E4_Bvp 1560941050,54914 0,4178314
E4_Bvp 1560941050,56476 0,2674713
E4_Bvp 1560941050,58039 -0,01394653
E4_Bvp 1560941050,59602 -0,3509369
E4_Bvp 1560941050,61164 -0,630722
E4_Bvp 1560941050,62727 -0,7314758
E4_Bvp 1560941050,64289 -0,5938568
E4_Bvp 1560941050,65852 -0,2636108
E4_Bvp 1560941050,67414 0,1420746
E4_Bvp 1560941050,68977 0,4698792
E4_Bvp 1560941050,7054 0,6239319
E4_Bvp 1560941050,72102 0,5901489
E4_Bvp 1560941050,73665 0,436203
E4_Bvp 1560941050,75227 0,2594147
E4_Bvp 1560941050,7679 0,1151886
E4_Bvp 1560941050,78352 0,006973267
E4_Bvp 1560941050,79915 -0,1000824
E4_Bvp 1560941050,81478 -0,215332
E4_Bvp 1560941050,8304 -0,3106537
E4_Bvp 1560941050,84603 -0,3478699
E4_Bvp 1560941050,86165 -0,3050995
E4_Bvp 1560941050,87728 -0,2254181
E4_Bvp 1560941050,8929 -0,1820526
E4_Bvp 1560941050,90853 -0,2253265
E4_Bvp 1560941050,92416 -0,3318939
E4_Bvp 1560941050,93978 -0,404129
E4_Bvp 1560941050,95541 -0,3407745
E4_Bvp 1560941050,97103 -0,1186676
E4_Bvp 1560941050,98666 0,1748657
E4_Bvp 1560941051,00228 0,3812408
E4_Bvp 1560941051,01791 0,3752289
E4_Bvp 1560941051,03354 0,1563721
E4_Bvp 1560941051,04916 -0,1447906
E4_Bvp 1560941051,06479 -0,3512268
E4_Bvp 1560941051,08041 -0,3575287
E4_Bvp 1560941051,09604 -0,1826477
E4_Bvp 1560941051,11166 0,03701782
E4_Bvp 1560941051,12729 0,1482391
E4_Bvp 1560941051,14292 0,07472229
E4_Bvp 1560941051,15854 -0,1560211
E4_Bvp 1560941051,17417 -0,4242096
E4_Bvp 1560941051,18979 -0,6215363
E4_Bvp 1560941051,20542 -0,6811829
E4_Bvp 1560941051,22104 -0,6072845
E4_Bvp 1560941051,23667 -0,4620514
E4_Bvp 1560941051,2523 -0,3098755
E4_Bvp 1560941051,26792 -0,1916809
E4_Bvp 1560941051,28355 -0,1038361
E4_Bvp 1560941051,29917 -0,01925659
E4_Bvp 1560941051,3148 0,11203
E4_Bvp 1560941051,33042 0,320816
E4_Bvp 1560941051,34605 0,5957794
E4_Bvp 1560941051,36168 0,8786621
E4_Bvp 1560941051,3773 1,088669
E4_Bvp 1560941051,39293 1,14856
E4_Bvp 1560941051,40855 1,031158
E4_Bvp 1560941051,42418 0,7858429
E4_Bvp 1560941051,4398 0,4877319
E4_Bvp 1560941051,45543 0,231369
E4_Bvp 1560941051,47106 0,06669617
E4_Bvp 1560941051,48668 -0,01531982
E4_Bvp 1560941051,50231 -0,04776001
E4_Bvp 1560941051,51793 -0,08132935
E4_Bvp 1560941051,53356 -0,1488953
E4_Bvp 1560941051,54918 -0,2525177
E4_Bvp 1560941051,56481 -0,3624725
E4_Bvp 1560941051,58044 -0,4464264
E4_Bvp 1560941051,59606 -0,4755096
E4_Bvp 1560941051,61169 -0,4425201
E4_Bvp 1560941051,62731 -0,3651733
E4_Bvp 1560941051,64294 -0,265686
E4_Bvp 1560941051,65856 -0,1874084
E4_Bvp 1560941051,67419 -0,1556854
E4_Bvp 1560941051,68982 -0,1844635
E4_Bvp 1560941051,70544 -0,2679749
E4_Bvp 1560941051,72107 -0,3798676
E4_Bvp 1560941051,73669 -0,4846497
E4_Bvp 1560941051,75232 -0,5491791
E4_Bvp 1560941051,76794 -0,5358734
E4_Bvp 1560941051,78357 -0,4095306
E4_Bvp 1560941051,7992 -0,1627655
E4_Bvp 1560941051,81482 0,1769562
E4_Bvp 1560941051,83045 0,5408783
E4_Bvp 1560941051,84607 0,8482666
E4_Bvp 1560941051,8617 1,005478
E4_Bvp 1560941051,87732 0,976944
E4_Bvp 1560941051,89295 0,7806091
E4_Bvp 1560941051,90858 0,4815979
E4_Bvp 1560941051,9242 0,1675568
E4_Bvp 1560941051,93983 -0,09669495
E4_Bvp 1560941051,95545 -0,265152
E4_Bvp 1560941051,97108 -0,3252869
E4_Bvp 1560941051,9867 -0,2807465
E4_Bvp 1560941052,00233 -0,1535339
E4_Bvp 1560941052,01796 0,03158569
E4_Bvp 1560941052,03358 0,2207642
E4_Bvp 1560941052,04921 0,3459473
E4_Bvp 1560941052,06483 0,3544006
E4_Bvp 1560941052,08046 0,2403412
E4_Bvp 1560941052,09608 0,06698608
E4_Bvp 1560941052,11171 -0,06057739
E4_Bvp 1560941052,12734 -0,05047607
E4_Bvp 1560941052,14296 0,1257324
E4_Bvp 1560941052,15859 0,4091492
E4_Bvp 1560941052,17421 0,6834106
E4_Bvp 1560941052,18984 0,8226624
E4_Bvp 1560941052,20547 0,7396545
E4_Bvp 1560941052,22109 0,4248505
E4_Bvp 1560941052,23672 -0,04550171
E4_Bvp 1560941052,25234 -0,5490112
E4_Bvp 1560941052,26797 -0,940918
E4_Bvp 1560941052,28359 -1,103668
E4_Bvp 1560941052,29922 -0,9841309
E4_Bvp 1560941052,31485 -0,6121521
E4_Bvp 1560941052,33047 -0,1114655
E4_Bvp 1560941052,3461 0,3523865
E4_Bvp 1560941052,36172 0,6139069
E4_Bvp 1560941052,37735 0,582077
E4_Bvp 1560941052,39297 0,2724457
E4_Bvp 1560941052,4086 -0,1990204
E4_Bvp 1560941052,42423 -0,6697083
E4_Bvp 1560941052,43985 -1,01062
E4_Bvp 1560941052,45548 -1,152603
E4_Bvp 1560941052,4711 -1,114838
E4_Bvp 1560941052,48673 -0,9487457
E4_Bvp 1560941052,50235 -0,7144318
E4_Bvp 1560941052,51798 -0,4457245
E4_Bvp 1560941052,53361 -0,156723
E4_Bvp 1560941052,54923 0,1496887
E4_Bvp 1560941052,56486 0,4628754
E4_Bvp 1560941052,58048 0,7489624
E4_Bvp 1560941052,59611 0,9614868
E4_Bvp 1560941052,61173 1,05101
E4_Bvp 1560941052,62736 1,003433
E4_Bvp 1560941052,64299 0,8439331
E4_Bvp 1560941052,65861 0,6217346
E4_Bvp 1560941052,67424 0,3942108
E4_Bvp 1560941052,68986 0,1946869
E4_Bvp 1560941052,70549 0,03102112
E4_Bvp 1560941052,72111 -0,1027679
E4_Bvp 1560941052,73674 -0,1961517
E4_Bvp 1560941052,75237 -0,2198181
E4_Bvp 1560941052,76799 -0,1403198
E4_Bvp 1560941052,78362 0,03372192
E4_Bvp 1560941052,79924 0,2203522
E4_Bvp 1560941052,81487 0,3030701
E4_Bvp 1560941052,83049 0,1720581
E4_Bvp 1560941052,84612 -0,1764069
E4_Bvp 1560941052,86175 -0,6231384
E4_Bvp 1560941052,87737 -0,9618683
E4_Bvp 1560941052,893 -1,02562
E4_Bvp 1560941052,90862 -0,7787018
E4_Bvp 1560941052,92425 -0,3496399
E4_Bvp 1560941052,93987 0,03707886
E4_Bvp 1560941052,9555 0,2077637
E4_Bvp 1560941052,97113 0,1289063
E4_Bvp 1560941052,98675 -0,09642029
E4_Bvp 1560941053,00238 -0,294281
E4_Bvp 1560941053,018 -0,3496857
E4_Bvp 1560941053,03363 -0,261673
E4_Bvp 1560941053,04925 -0,1200104
E4_Bvp 1560941053,06488 -0,032547
E4_Bvp 1560941053,08051 -0,04292297
E4_Bvp 1560941053,09613 -0,1034088
E4_Bvp 1560941053,11176 -0,1323242
E4_Bvp 1560941053,12738 -0,06297302
E4_Bvp 1560941053,14301 0,0904541
E4_Bvp 1560941053,15863 0,2459106
E4_Bvp 1560941053,17426 0,320282
E4_Bvp 1560941053,18989 0,2763672
E4_Bvp 1560941053,20551 0,1504517
E4_Bvp 1560941053,22114 0,03329468
E4_Bvp 1560941053,23676 0,02394104
E4_Bvp 1560941053,25239 0,1665955
E4_Bvp 1560941053,26801 0,4324493
E4_Bvp 1560941053,28364 0,7297516
E4_Bvp 1560941053,29927 0,9366302
E4_Bvp 1560941053,31489 0,9745789
E4_Bvp 1560941053,33052 0,8388519
E4_Bvp 1560941053,34614 0,5960388
E4_Bvp 1560941053,36177 0,3550262
E4_Bvp 1560941053,37739 0,2028503
E4_Bvp 1560941053,39302 0,1613617
E4_Bvp 1560941053,40865 0,1790619
E4_Bvp 1560941053,42427 0,1774445
E4_Bvp 1560941053,4399 0,1081085
E4_Bvp 1560941053,45552 -0,003677368
E4_Bvp 1560941053,47115 -0,06637573
E4_Bvp 1560941053,48677 0,004180908
E4_Bvp 1560941053,5024 0,2003174
E4_Bvp 1560941053,51803 0,3972015
E4_Bvp 1560941053,53365 0,4077759
E4_Bvp 1560941053,54928 0,109314
E4_Bvp 1560941053,5649 -0,4732971
E4_Bvp 1560941053,58053 -1,133972
E4_Bvp 1560941053,59615 -1,595047
E4_Bvp 1560941053,61178 -1,664352
E4_Bvp 1560941053,62741 -1,327042
E4_Bvp 1560941053,64303 -0,7707825
E4_Bvp 1560941053,65866 -0,2854614
E4_Bvp 1560941053,67428 -0,08126831
E4_Bvp 1560941053,68991 -0,1873627
E4_Bvp 1560941053,70553 -0,4568481
E4_Bvp 1560941053,72116 -0,6635742
E4_Bvp 1560941053,73679 -0,6439209
E4_Bvp 1560941053,75241 -0,4025879
E4_Bvp 1560941053,76804 -0,08071899
E4_Bvp 1560941053,78366 0,1360626
E4_Bvp 1560941053,79929 0,1422119
E4_Bvp 1560941053,81491 -0,03274536
E4_Bvp 1560941053,83054 -0,2389984
E4_Bvp 1560941053,84617 -0,3358002
E4_Bvp 1560941053,86179 -0,2657928
E4_Bvp 1560941053,87742 -0,09980774
E4_Bvp 1560941053,89304 0,02220154
E4_Bvp 1560941053,90867 -0,001174927
E4_Bvp 1560941053,92429 -0,1716003
E4_Bvp 1560941053,93992 -0,3751373
E4_Bvp 1560941053,95555 -0,4671936
E4_Bvp 1560941053,97117 -0,3719025
E4_Bvp 1560941053,9868 -0,1066437
E4_Bvp 1560941054,00242 0,2125702
E4_Bvp 1560941054,01805 0,4578705
E4_Bvp 1560941054,03367 0,5534363
E4_Bvp 1560941054,0493 0,5117493
E4_Bvp 1560941054,06493 0,4082794
E4_Bvp 1560941054,08055 0,3283081
E4_Bvp 1560941054,09618 0,3128357
E4_Bvp 1560941054,1118 0,3530273
E4_Bvp 1560941054,12743 0,4094391
E4_Bvp 1560941054,14305 0,4483948
E4_Bvp 1560941054,15868 0,4641571
E4_Bvp 1560941054,17431 0,4766541
E4_Bvp 1560941054,18993 0,5140228
E4_Bvp 1560941054,20556 0,5803833
E4_Bvp 1560941054,22118 0,6635437
E4_Bvp 1560941054,23681 0,732193
E4_Bvp 1560941054,25243 0,760849
E4_Bvp 1560941054,26806 0,7507629
E4_Bvp 1560941054,28369 0,7093048
E4_Bvp 1560941054,29931 0,6444244
E4_Bvp 1560941054,31494 0,5390778
E4_Bvp 1560941054,33056 0,3742218
E4_Bvp 1560941054,34619 0,1452026
E4_Bvp 1560941054,36181 -0,1234283
E4_Bvp 1560941054,37744 -0,3692322
E4_Bvp 1560941054,39307 -0,5339203
E4_Bvp 1560941054,40869 -0,5784302
E4_Bvp 1560941054,42432 -0,5193787
E4_Bvp 1560941054,43994 -0,3918457
E4_Bvp 1560941054,45557 -0,221344
E4_Bvp 1560941054,47119 -0,02709961
E4_Bvp 1560941054,48682 0,191925
E4_Bvp 1560941054,50245 0,4200287
E4_Bvp 1560941054,51807 0,611969
E4_Bvp 1560941054,5337 0,7104187
E4_Bvp 1560941054,54932 0,6769257
E4_Bvp 1560941054,56495 0,5211945
E4_Bvp 1560941054,58057 0,3100739
E4_Bvp 1560941054,5962 0,1213837
E4_Bvp 1560941054,61183 -0,002075195
E4_Bvp 1560941054,62745 -0,0776825
E4_Bvp 1560941054,64308 -0,1766357
E4_Bvp 1560941054,6587 -0,3616943
E4_Bvp 1560941054,67433 -0,6603241
E4_Bvp 1560941054,68996 -1,029602
E4_Bvp 1560941054,70558 -1,386566
E4_Bvp 1560941054,72121 -1,61319
E4_Bvp 1560941054,73683 -1,640549
E4_Bvp 1560941054,75246 -1,452637
E4_Bvp 1560941054,76808 -1,089661
E4_Bvp 1560941054,78371 -0,6369476
E4_Bvp 1560941054,79934 -0,1903534
E4_Bvp 1560941054,81496 0,1647797
E4_Bvp 1560941054,83059 0,3765411
E4_Bvp 1560941054,84621 0,4330292
E4_Bvp 1560941054,86184 0,3696594
E4_Bvp 1560941054,87746 0,2538757
E4_Bvp 1560941054,89309 0,1643829
E4_Bvp 1560941054,90872 0,1626129
E4_Bvp 1560941054,92434 0,239624
E4_Bvp 1560941054,93997 0,3411102
E4_Bvp 1560941054,95559 0,3948059
E4_Bvp 1560941054,97122 0,3613739
E4_Bvp 1560941054,98684 0,2662659
E4_Bvp 1560941055,00247 0,2067871
E4_Bvp 1560941055,0181 0,2773438
E4_Bvp 1560941055,03372 0,5152283
E4_Bvp 1560941055,04935 0,8558807
E4_Bvp 1560941055,06497 1,137863
E4_Bvp 1560941055,0806 1,198654
E4_Bvp 1560941055,09622 0,9545898
E4_Bvp 1560941055,11185 0,4514618
E4_Bvp 1560941055,12748 -0,1553192
E4_Bvp 1560941055,1431 -0,6599274
E4_Bvp 1560941055,15873 -0,9009399
E4_Bvp 1560941055,17435 -0,8139343
E4_Bvp 1560941055,18998 -0,4472656
E4_Bvp 1560941055,2056 0,04875183
E4_Bvp 1560941055,22123 0,5053406
E4_Bvp 1560941055,23686 0,7746735
E4_Bvp 1560941055,25248 0,7828064
E4_Bvp 1560941055,26811 0,5513306
E4_Bvp 1560941055,28373 0,1904449
E4_Bvp 1560941055,29936 -0,1637268
E4_Bvp 1560941055,31498 -0,3937683
E4_Bvp 1560941055,33061 -0,4429169
E4_Bvp 1560941055,34624 -0,3327179
E4_Bvp 1560941055,36186 -0,1364441
E4_Bvp 1560941055,37749 0,05154419
E4_Bvp 1560941055,39311 0,1486816
E4_Bvp 1560941055,40874 0,1232147
E4_Bvp 1560941055,42436 -0,01194763
E4_Bvp 1560941055,43999 -0,1927948
E4_Bvp 1560941055,45562 -0,3512573
E4_Bvp 1560941055,47124 -0,4427338
E4_Bvp 1560941055,48687 -0,474472
E4_Bvp 1560941055,50249 -0,486145
E4_Bvp 1560941055,51812 -0,52034
E4_Bvp 1560941055,53374 -0,5794067
E4_Bvp 1560941055,54937 -0,6281128
E4_Bvp 1560941055,565 -0,6268005
E4_Bvp 1560941055,58062 -0,5618286
E4_Bvp 1560941055,59625 -0,4721832
E4_Bvp 1560941055,61187 -0,4153595
E4_Bvp 1560941055,6275 -0,4417725
E4_Bvp 1560941055,64312 -0,5415802
E4_Bvp 1560941055,65875 -0,6536713
E4_Bvp 1560941055,67438 -0,6970367
E4_Bvp 1560941055,69 -0,6231537
E4_Bvp 1560941055,70563 -0,4363708
E4_Bvp 1560941055,72125 -0,1745911
E4_Bvp 1560941055,73688 0,1148224
E4_Bvp 1560941055,7525 0,3920288
E4_Bvp 1560941055,76813 0,614975
E4_Bvp 1560941055,78376 0,7422485
E4_Bvp 1560941055,79938 0,7330475
E4_Bvp 1560941055,81501 0,5917206
E4_Bvp 1560941055,83063 0,3662262
E4_Bvp 1560941055,84626 0,1442566
E4_Bvp 1560941055,86188 0,00630188
E4_Bvp 1560941055,87751 -0,01683044
E4_Bvp 1560941055,89314 0,04542542
E4_Bvp 1560941055,90876 0,1244354
E4_Bvp 1560941055,92439 0,1471252
E4_Bvp 1560941055,94001 0,08757019
E4_Bvp 1560941055,95564 -0,03620911
E4_Bvp 1560941055,97126 -0,1721649
E4_Bvp 1560941055,98689 -0,2484131
E4_Bvp 1560941056,00252 -0,2060089
E4_Bvp 1560941056,01814 -0,03240967
E4_Bvp 1560941056,03377 0,2349396
E4_Bvp 1560941056,04939 0,4985504
E4_Bvp 1560941056,06502 0,6508331
E4_Bvp 1560941056,08064 0,6165619
E4_Bvp 1560941056,09627 0,3920441
E4_Bvp 1560941056,1119 0,05697632
E4_Bvp 1560941056,12752 -0,2824707
E4_Bvp 1560941056,14315 -0,5495758
E4_Bvp 1560941056,15877 -0,739212
E4_Bvp 1560941056,1744 -0,8700714
E4_Bvp 1560941056,19002 -0,9667206
E4_Bvp 1560941056,20565 -0,9907074
E4_Bvp 1560941056,22128 -0,8584747
E4_Bvp 1560941056,2369 -0,4929504
E4_Bvp 1560941056,25253 0,1110229
E4_Bvp 1560941056,26815 0,8418884
E4_Bvp 1560941056,28378 1,503403
E4_Bvp 1560941056,2994 1,893921
E4_Bvp 1560941056,31503 1,930771
E4_Bvp 1560941056,33066 1,657257
E4_Bvp 1560941056,34628 1,234039
E4_Bvp 1560941056,36191 0,8442993
E4_Bvp 1560941056,37753 0,591507
E4_Bvp 1560941056,39316 0,4792175
E4_Bvp 1560941056,40878 0,4282074
E4_Bvp 1560941056,42441 0,3589172
E4_Bvp 1560941056,44004 0,2547302
E4_Bvp 1560941056,45566 0,1734009
E4_Bvp 1560941056,47129 0,1917572
E4_Bvp 1560941056,48691 0,3342438
E4_Bvp 1560941056,50254 0,5516357
E4_Bvp 1560941056,51816 0,7124176
E4_Bvp 1560941056,53379 0,6987915
E4_Bvp 1560941056,54942 0,4585114
E4_Bvp 1560941056,56504 0,04956055
E4_Bvp 1560941056,58067 -0,3927612
E4_Bvp 1560941056,59629 -0,7369995
E4_Bvp 1560941056,61192 -0,907486
E4_Bvp 1560941056,62754 -0,9069672
E4_Bvp 1560941056,64317 -0,7861023
E4_Bvp 1560941056,6588 -0,61026
E4_Bvp 1560941056,67442 -0,4153137
E4_Bvp 1560941056,69005 -0,2276001
E4_Bvp 1560941056,70567 -0,05848694
E4_Bvp 1560941056,7213 0,08006287
E4_Bvp 1560941056,73692 0,16745
E4_Bvp 1560941056,75255 0,2011871
E4_Bvp 1560941056,76818 0,1923065
E4_Bvp 1560941056,7838 0,1533508
E4_Bvp 1560941056,79943 0,08256531
E4_Bvp 1560941056,81505 -0,02597046
E4_Bvp 1560941056,83068 -0,2019501
E4_Bvp 1560941056,8463 -0,4563446
E4_Bvp 1560941056,86193 -0,7572327
E4_Bvp 1560941056,87756 -1,02298
E4_Bvp 1560941056,89318 -1,143158
E4_Bvp 1560941056,90881 -1,035767
E4_Bvp 1560941056,92443 -0,7066956
E4_Bvp 1560941056,94006 -0,2619781
E4_Bvp 1560941056,95568 0,1257172
E4_Bvp 1560941056,97131 0,3218384
E4_Bvp 1560941056,98694 0,277359
E4_Bvp 1560941057,00256 0,08700562
E4_Bvp 1560941057,01819 -0,1004944
E4_Bvp 1560941057,03381 -0,1530609
E4_Bvp 1560941057,04944 -0,03977966
E4_Bvp 1560941057,06507 0,1667328
E4_Bvp 1560941057,08069 0,3581238
E4_Bvp 1560941057,09632 0,4581909
E4_Bvp 1560941057,11194 0,4693604
E4_Bvp 1560941057,12757 0,4470978
E4_Bvp 1560941057,14319 0,4480896
E4_Bvp 1560941057,15882 0,4723053
E4_Bvp 1560941057,17445 0,4694824
E4_Bvp 1560941057,19007 0,376358
E4_Bvp 1560941057,2057 0,16539
E4_Bvp 1560941057,22132 -0,1127625
E4_Bvp 1560941057,23695 -0,3699036
E4_Bvp 1560941057,25257 -0,5279541
E4_Bvp 1560941057,2682 -0,5596771
E4_Bvp 1560941057,28383 -0,4989014
E4_Bvp 1560941057,29945 -0,4041595
E4_Bvp 1560941057,31508 -0,3167572
E4_Bvp 1560941057,3307 -0,2400818
E4_Bvp 1560941057,34633 -0,1569824
E4_Bvp 1560941057,36195 -0,04598999
E4_Bvp 1560941057,37758 0,09785461
E4_Bvp 1560941057,39321 0,2557373
E4_Bvp 1560941057,40883 0,4076996
E4_Bvp 1560941057,42446 0,5304413
E4_Bvp 1560941057,44008 0,6048889
E4_Bvp 1560941057,45571 0,6073151
E4_Bvp 1560941057,47133 0,5184326
E4_Bvp 1560941057,48696 0,3115845
E4_Bvp 1560941057,50259 -0,01135254
E4_Bvp 1560941057,51821 -0,4032745
E4_Bvp 1560941057,53384 -0,776535
E4_Bvp 1560941057,54946 -1,023026
E4_Bvp 1560941057,56509 -1,071594
E4_Bvp 1560941057,58071 -0,9249268
E4_Bvp 1560941057,59634 -0,6616516
E4_Bvp 1560941057,61197 -0,3884888
E4_Bvp 1560941057,62759 -0,1955719
E4_Bvp 1560941057,64322 -0,1122437
E4_Bvp 1560941057,65884 -0,1135864
E4_Bvp 1560941057,67447 -0,1530914
E4_Bvp 1560941057,69009 -0,1874542
E4_Bvp 1560941057,70572 -0,205246
E4_Bvp 1560941057,72135 -0,2094879
E4_Bvp 1560941057,73697 -0,20578
E4_Bvp 1560941057,7526 -0,1983337
E4_Bvp 1560941057,76822 -0,1885376
E4_Bvp 1560941057,78385 -0,1894684
E4_Bvp 1560941057,79947 -0,2181702
E4_Bvp 1560941057,8151 -0,2795715
E4_Bvp 1560941057,83073 -0,3402405
E4_Bvp 1560941057,84635 -0,3372803
E4_Bvp 1560941057,86198 -0,1906128
E4_Bvp 1560941057,8776 0,1356506
E4_Bvp 1560941057,89323 0,5891418
E4_Bvp 1560941057,90885 1,034302
E4_Bvp 1560941057,92448 1,295212
E4_Bvp 1560941057,94011 1,247726
E4_Bvp 1560941057,95573 0,8907471
E4_Bvp 1560941057,97136 0,3724976
E4_Bvp 1560941057,98698 -0,08891296
E4_Bvp 1560941058,00261 -0,3022614
E4_Bvp 1560941058,01823 -0,1888428
E4_Bvp 1560941058,03386 0,1673126
E4_Bvp 1560941058,04949 0,5883331
E4_Bvp 1560941058,06511 0,8969269
E4_Bvp 1560941058,08074 0,9998627
E4_Bvp 1560941058,09636 0,9172821
E4_Bvp 1560941058,11199 0,7533417
E4_Bvp 1560941058,12761 0,6136475
E4_Bvp 1560941058,14324 0,5428619
E4_Bvp 1560941058,15887 0,5198975
E4_Bvp 1560941058,17449 0,4740601
E4_Bvp 1560941058,19012 0,3588409
E4_Bvp 1560941058,20574 0,1786346
E4_Bvp 1560941058,22137 0,0003204346
E4_Bvp 1560941058,23699 -0,09568787
E4_Bvp 1560941058,25262 -0,06668091
E4_Bvp 1560941058,26825 0,05157471
E4_Bvp 1560941058,28387 0,1470184
E4_Bvp 1560941058,2995 0,1051788
E4_Bvp 1560941058,31512 -0,1388092
E4_Bvp 1560941058,33075 -0,5207977
E4_Bvp 1560941058,34637 -0,887619
E4_Bvp 1560941058,362 -1,055222
E4_Bvp 1560941058,37763 -0,9344635
E4_Bvp 1560941058,39325 -0,5742188
E4_Bvp 1560941058,40888 -0,1471558
E4_Bvp 1560941058,4245 0,15065
E4_Bvp 1560941058,44013 0,2192841
E4_Bvp 1560941058,45575 0,08828735
E4_Bvp 1560941058,47138 -0,09899902
E4_Bvp 1560941058,48701 -0,2131042
E4_Bvp 1560941058,50263 -0,2138977
E4_Bvp 1560941058,51826 -0,1560974
E4_Bvp 1560941058,53388 -0,1334686
E4_Bvp 1560941058,54951 -0,1837921
E4_Bvp 1560941058,56513 -0,2571564
E4_Bvp 1560941058,58076 -0,2623596
E4_Bvp 1560941058,59639 -0,133667
E4_Bvp 1560941058,61201 0,0994873
E4_Bvp 1560941058,62764 0,3218994
E4_Bvp 1560941058,64326 0,3987885
E4_Bvp 1560941058,65889 0,2680664
E4_Bvp 1560941058,67451 -0,0350647
E4_Bvp 1560941058,69014 -0,3850098
E4_Bvp 1560941058,70577 -0,6494141
E4_Bvp 1560941058,72139 -0,755127
E4_Bvp 1560941058,73702 -0,7131195
E4_Bvp 1560941058,75264 -0,5950012
E4_Bvp 1560941058,76827 -0,4787903
E4_Bvp 1560941058,78389 -0,4070435
E4_Bvp 1560941058,79952 -0,3453064
E4_Bvp 1560941058,81515 -0,233078
E4_Bvp 1560941058,83077 -0,01942444
E4_Bvp 1560941058,8464 0,2888947
E4_Bvp 1560941058,86202 0,6083221
E4_Bvp 1560941058,87765 0,8015137
E4_Bvp 1560941058,89327 0,7634888
E4_Bvp 1560941058,9089 0,4750061
E4_Bvp 1560941058,92453 0,03926086
E4_Bvp 1560941058,94015 -0,3784027
E4_Bvp 1560941058,95578 -0,6359253
E4_Bvp 1560941058,9714 -0,6733856
E4_Bvp 1560941058,98703 -0,5448914
E4_Bvp 1560941059,00265 -0,3559113
E4_Bvp 1560941059,01828 -0,1725922
E4_Bvp 1560941059,03391 -0,0009460449
E4_Bvp 1560941059,04953 0,2150879
E4_Bvp 1560941059,06516 0,5204163
E4_Bvp 1560941059,08078 0,8846741
E4_Bvp 1560941059,09641 1,202179
E4_Bvp 1560941059,11203 1,333237
E4_Bvp 1560941059,12766 1,197174
E4_Bvp 1560941059,14329 0,8156433
E4_Bvp 1560941059,15891 0,3236542
E4_Bvp 1560941059,17454 -0,1168518
E4_Bvp 1560941059,19016 -0,3923492
E4_Bvp 1560941059,20579 -0,493988
E4_Bvp 1560941059,22141 -0,4988861
E4_Bvp 1560941059,23704 -0,5074921
E4_Bvp 1560941059,25267 -0,579483
E4_Bvp 1560941059,26829 -0,6914825
E4_Bvp 1560941059,28392 -0,7777557
E4_Bvp 1560941059,29954 -0,7650452
E4_Bvp 1560941059,31517 -0,6322479
E4_Bvp 1560941059,3308 -0,4439545
E4_Bvp 1560941059,34642 -0,2884064
E4_Bvp 1560941059,36205 -0,2354431
E4_Bvp 1560941059,37767 -0,2793121
E4_Bvp 1560941059,3933 -0,3572693
E4_Bvp 1560941059,40892 -0,3901978
E4_Bvp 1560941059,42455 -0,3411713
E4_Bvp 1560941059,44018 -0,2308044
E4_Bvp 1560941059,4558 -0,123291
E4_Bvp 1560941059,47143 -0,05020142
E4_Bvp 1560941059,48705 -0,002853394
E4_Bvp 1560941059,50268 0,06396484
E4_Bvp 1560941059,5183 0,1906433
E4_Bvp 1560941059,53393 0,3695831
E4_Bvp 1560941059,54956 0,5416718
E4_Bvp 1560941059,56518 0,6245575
E4_Bvp 1560941059,58081 0,5809937
E4_Bvp 1560941059,59643 0,4380341
E4_Bvp 1560941059,61206 0,2810516
E4_Bvp 1560941059,62768 0,1993103
E4_Bvp 1560941059,64331 0,2279053
E4_Bvp 1560941059,65894 0,3400269
E4_Bvp 1560941059,67456 0,4532013
E4_Bvp 1560941059,69019 0,4983368
E4_Bvp 1560941059,70581 0,4486847
E4_Bvp 1560941059,72144 0,3361206
E4_Bvp 1560941059,73706 0,2206573
E4_Bvp 1560941059,75269 0,1481934
E4_Bvp 1560941059,76832 0,1259308
E4_Bvp 1560941059,78394 0,1228027
E4_Bvp 1560941059,79957 0,09718323
E4_Bvp 1560941059,81519 0,03930664
E4_Bvp 1560941059,83082 -0,02758789
E4_Bvp 1560941059,84644 -0,04919434
E4_Bvp 1560941059,86207 0,009689331
E4_Bvp 1560941059,8777 0,1416321
E4_Bvp 1560941059,89332 0,2901459
E4_Bvp 1560941059,90895 0,366806
E4_Bvp 1560941059,92457 0,2938538
E4_Bvp 1560941059,9402 0,05351257
E4_Bvp 1560941059,95582 -0,2968597
E4_Bvp 1560941059,97145 -0,6345367
E4_Bvp 1560941059,98708 -0,8427277
E4_Bvp 1560941060,0027 -0,8503876
E4_Bvp 1560941060,01833 -0,6988983
E4_Bvp 1560941060,03395 -0,4847565
E4_Bvp 1560941060,04958 -0,3125916
E4_Bvp 1560941060,0652 -0,2302094
E4_Bvp 1560941060,08083 -0,1958008
E4_Bvp 1560941060,09646 -0,1193237
E4_Bvp 1560941060,11208 0,07199097
E4_Bvp 1560941060,12771 0,3751068
E4_Bvp 1560941060,14333 0,7068024
E4_Bvp 1560941060,15896 0,9571686
E4_Bvp 1560941060,17458 1,053253
E4_Bvp 1560941060,19021 0,9869843
E4_Bvp 1560941060,20584 0,8150024
E4_Bvp 1560941060,22146 0,6086731
E4_Bvp 1560941060,23709 0,4220886
E4_Bvp 1560941060,25271 0,2741699
E4_Bvp 1560941060,26834 0,1719971
E4_Bvp 1560941060,28396 0,121994
E4_Bvp 1560941060,29959 0,134613
E4_Bvp 1560941060,31522 0,2055817
E4_Bvp 1560941060,33084 0,2988892
E4_Bvp 1560941060,34647 0,3683777
E4_Bvp 1560941060,36209 0,3726807
E4_Bvp 1560941060,37772 0,2902069
E4_Bvp 1560941060,39334 0,1323853
E4_Bvp 1560941060,40897 -0,07048035
E4_Bvp 1560941060,4246 -0,2759247
E4_Bvp 1560941060,44022 -0,4397278
E4_Bvp 1560941060,45585 -0,5241241
E4_Bvp 1560941060,47147 -0,5195618
E4_Bvp 1560941060,4871 -0,4537964
E4_Bvp 1560941060,50272 -0,3759918
E4_Bvp 1560941060,51835 -0,3465118
E4_Bvp 1560941060,53398 -0,367691
E4_Bvp 1560941060,5496 -0,398941
E4_Bvp 1560941060,56523 -0,3606262
E4_Bvp 1560941060,58085 -0,201767
E4_Bvp 1560941060,59648 0,05558777
E4_Bvp 1560941060,6121 0,3106537
E4_Bvp 1560941060,62773 0,4402618
E4_Bvp 1560941060,64336 0,3612518
E4_Bvp 1560941060,65898 0,07577515
E4_Bvp 1560941060,67461 -0,3128662
E4_Bvp 1560941060,69023 -0,674057
E4_Bvp 1560941060,70586 -0,8927155
E4_Bvp 1560941060,72148 -0,9219818
E4_Bvp 1560941060,73711 -0,7877502
E4_Bvp 1560941060,75274 -0,5759583
E4_Bvp 1560941060,76836 -0,3739777
E4_Bvp 1560941060,78399 -0,2514801
E4_Bvp 1560941060,79961 -0,2341461
E4_Bvp 1560941060,81524 -0,2910309
E4_Bvp 1560941060,83086 -0,3836823
E4_Bvp 1560941060,84649 -0,4646606
E4_Bvp 1560941060,86212 -0,5166016
E4_Bvp 1560941060,87774 -0,5398407
E4_Bvp 1560941060,89337 -0,5564728
E4_Bvp 1560941060,90899 -0,5805359
E4_Bvp 1560941060,92462 -0,6031189
E4_Bvp 1560941060,94024 -0,6052856
E4_Bvp 1560941060,95587 -0,5667877
E4_Bvp 1560941060,9715 -0,4686279
E4_Bvp 1560941060,98712 -0,3009644
E4_Bvp 1560941061,00275 -0,05911255
E4_Bvp 1560941061,01837 0,227478
E4_Bvp 1560941061,034 0,5157928
E4_Bvp 1560941061,04962 0,7091217
E4_Bvp 1560941061,06525 0,7331085
E4_Bvp 1560941061,08088 0,5667725
E4_Bvp 1560941061,0965 0,2784882
E4_Bvp 1560941061,11213 0,01730347
E4_Bvp 1560941061,12775 -0,07673645
E4_Bvp 1560941061,14338 0,04612732
E4_Bvp 1560941061,159 0,3060455
E4_Bvp 1560941061,17463 0,5412292
E4_Bvp 1560941061,19026 0,5910187
E4_Bvp 1560941061,20588 0,4111176
E4_Bvp 1560941061,22151 0,08958435
E4_Bvp 1560941061,23713 -0,2006683
E4_Bvp 1560941061,25276 -0,313385
E4_Bvp 1560941061,26838 -0,1954803
E4_Bvp 1560941061,28401 0,08404541
E4_Bvp 1560941061,29964 0,394165
E4_Bvp 1560941061,31526 0,6316376
E4_Bvp 1560941061,33089 0,7451324
E4_Bvp 1560941061,34651 0,7585754
E4_Bvp 1560941061,36214 0,7255707
E4_Bvp 1560941061,37776 0,6860352
E4_Bvp 1560941061,39339 0,6351624
E4_Bvp 1560941061,40902 0,5335083
E4_Bvp 1560941061,42464 0,3387909
E4_Bvp 1560941061,44027 0,04708862
E4_Bvp 1560941061,45589 -0,2953644
E4_Bvp 1560941061,47152 -0,6091766
E4_Bvp 1560941061,48714 -0,8124542
E4_Bvp 1560941061,50277 -0,8564301
E4_Bvp 1560941061,5184 -0,7499847
E4_Bvp 1560941061,53402 -0,5311584
E4_Bvp 1560941061,54965 -0,2523041
E4_Bvp 1560941061,56527 0,06181335
E4_Bvp 1560941061,5809 0,4136963
E4_Bvp 1560941061,59652 0,7928772
E4_Bvp 1560941061,61215 1,168732
E4_Bvp 1560941061,62778 1,453735
E4_Bvp 1560941061,6434 1,538208
E4_Bvp 1560941061,65903 1,349838
E4_Bvp 1560941061,67465 0,9190521
E4_Bvp 1560941061,69028 0,3774872
E4_Bvp 1560941061,7059 -0,08865356
E4_Bvp 1560941061,72153 -0,3338013
E4_Bvp 1560941061,73716 -0,3322906
E4_Bvp 1560941061,75278 -0,171936
E4_Bvp 1560941061,76841 0,002288818
E4_Bvp 1560941061,78403 0,05863953
E4_Bvp 1560941061,79966 -0,03665161
E4_Bvp 1560941061,81528 -0,2316589
E4_Bvp 1560941061,83091 -0,4465942
E4_Bvp 1560941061,84654 -0,6241455
E4_Bvp 1560941061,86216 -0,7526245
E4_Bvp 1560941061,87779 -0,858902
E4_Bvp 1560941061,89341 -0,9545288
E4_Bvp 1560941061,90904 -1,008347
E4_Bvp 1560941061,92467 -0,9813232
E4_Bvp 1560941061,94029 -0,8501434
E4_Bvp 1560941061,95592 -0,6311798
E4_Bvp 1560941061,97154 -0,3864136
E4_Bvp 1560941061,98717 -0,1739655
E4_Bvp 1560941062,00279 -0,02626038
E4_Bvp 1560941062,01842 0,06018066
E4_Bvp 1560941062,03405 0,1040344
E4_Bvp 1560941062,04967 0,1180725
E4_Bvp 1560941062,0653 0,09783936
E4_Bvp 1560941062,08092 0,04368591
E4_Bvp 1560941062,09655 -0,0315094
E4_Bvp 1560941062,11217 -0,08929443
E4_Bvp 1560941062,1278 -0,09082031
E4_Bvp 1560941062,14343 -0,006713867
E4_Bvp 1560941062,15905 0,1529846
E4_Bvp 1560941062,17468 0,3454285
E4_Bvp 1560941062,1903 0,492981
E4_Bvp 1560941062,20593 0,5129852
E4_Bvp 1560941062,22155 0,3673248
E4_Bvp 1560941062,23718 0,06007385
E4_Bvp 1560941062,25281 -0,3244781
E4_Bvp 1560941062,26843 -0,6636047
E4_Bvp 1560941062,28406 -0,8241272
E4_Bvp 1560941062,29968 -0,7341309
E4_Bvp 1560941062,31531 -0,4124756
E4_Bvp 1560941062,33093 0,03302002
E4_Bvp 1560941062,34656 0,4531403
E4_Bvp 1560941062,36219 0,7337952
E4_Bvp 1560941062,37781 0,8332214
E4_Bvp 1560941062,39344 0,7901917
E4_Bvp 1560941062,40906 0,6945343
E4_Bvp 1560941062,42469 0,6375122
E4_Bvp 1560941062,44031 0,6536102
E4_Bvp 1560941062,45594 0,7388458
E4_Bvp 1560941062,47157 0,8544922
E4_Bvp 1560941062,48719 0,9618683
E4_Bvp 1560941062,50282 1,040512
E4_Bvp 1560941062,51844 1,06987
E4_Bvp 1560941062,53407 1,037109
E4_Bvp 1560941062,54969 0,9197083
E4_Bvp 1560941062,56532 0,7073669
E4_Bvp 1560941062,58095 0,4060974
E4_Bvp 1560941062,59657 0,05918884
E4_Bvp 1560941062,6122 -0,2674561
E4_Bvp 1560941062,62782 -0,5184784
E4_Bvp 1560941062,64345 -0,6631317
E4_Bvp 1560941062,65907 -0,7331238
E4_Bvp 1560941062,6747 -0,7834167
E4_Bvp 1560941062,69033 -0,8634186
E4_Bvp 1560941062,70595 -0,9883423
E4_Bvp 1560941062,72158 -1,105042
E4_Bvp 1560941062,7372 -1,127716
E4_Bvp 1560941062,75283 -0,983139
E4_Bvp 1560941062,76845 -0,6777802
E4_Bvp 1560941062,78408 -0,2806854
E4_Bvp 1560941062,79971 0,09481812
E4_Bvp 1560941062,81533 0,3661346
E4_Bvp 1560941062,83096 0,5047607
E4_Bvp 1560941062,84658 0,5379181
E4_Bvp 1560941062,86221 0,5097504
E4_Bvp 1560941062,87783 0,4417114
E4_Bvp 1560941062,89346 0,3274231
E4_Bvp 1560941062,90909 0,1502533
E4_Bvp 1560941062,92471 -0,07414246
E4_Bvp 1560941062,94034 -0,3022308
E4_Bvp 1560941062,95596 -0,4517975
E4_Bvp 1560941062,97159 -0,4627075
E4_Bvp 1560941062,98721 -0,3171539
E4_Bvp 1560941063,00284 -0,04206848
E4_Bvp 1560941063,01847 0,3016815
E4_Bvp 1560941063,03409 0,655426
E4_Bvp 1560941063,04972 0,9536438
E4_Bvp 1560941063,06534 1,136047
E4_Bvp 1560941063,08097 1,134567
E4_Bvp 1560941063,09659 0,9161682
E4_Bvp 1560941063,11222 0,5020294
E4_Bvp 1560941063,12785 -0,02131653
E4_Bvp 1560941063,14347 -0,5206757
E4_Bvp 1560941063,1591 -0,8862762
E4_Bvp 1560941063,17472 -1,064255
E4_Bvp 1560941063,19035 -1,079895
E4_Bvp 1560941063,20597 -1,012726
E4_Bvp 1560941063,2216 -0,9355469
E4_Bvp 1560941063,23723 -0,8757019
E4_Bvp 1560941063,25285 -0,8128967
E4_Bvp 1560941063,26848 -0,7034454
E4_Bvp 1560941063,2841 -0,5203094
E4_Bvp 1560941063,29973 -0,2865448
E4_Bvp 1560941063,31535 -0,05180359
E4_Bvp 1560941063,33098 0,1115723
E4_Bvp 1560941063,34661 0,1653137
E4_Bvp 1560941063,36223 0,1125793
E4_Bvp 1560941063,37786 -0,007904053
E4_Bvp 1560941063,39348 -0,1394043
E4_Bvp 1560941063,40911 -0,2376099
E4_Bvp 1560941063,42473 -0,2939301
E4_Bvp 1560941063,44036 -0,3437958
E4_Bvp 1560941063,45599 -0,4247589
E4_Bvp 1560941063,47161 -0,5547333
E4_Bvp 1560941063,48724 -0,7018585
E4_Bvp 1560941063,50286 -0,7975311
E4_Bvp 1560941063,51849 -0,7609406
E4_Bvp 1560941063,53411 -0,5498352
E4_Bvp 1560941063,54974 -0,1925507
E4_Bvp 1560941063,56537 0,222229
E4_Bvp 1560941063,58099 0,5594635
E4_Bvp 1560941063,59662 0,7198944
E4_Bvp 1560941063,61224 0,6821594
E4_Bvp 1560941063,62787 0,5113831
E4_Bvp 1560941063,64349 0,3267822
E4_Bvp 1560941063,65912 0,2315674
E4_Bvp 1560941063,67475 0,2713623
E4_Bvp 1560941063,69037 0,4155579
E4_Bvp 1560941063,706 0,5878143
E4_Bvp 1560941063,72162 0,7118988
E4_Bvp 1560941063,73725 0,7468262
E4_Bvp 1560941063,75287 0,6985016
E4_Bvp 1560941063,7685 0,595108
E4_Bvp 1560941063,78413 0,4726715
E4_Bvp 1560941063,79975 0,3514099
E4_Bvp 1560941063,81538 0,2417755
E4_Bvp 1560941063,831 0,1547852
E4_Bvp 1560941063,84663 0,1034241
E4_Bvp 1560941063,86225 0,08859253
E4_Bvp 1560941063,87788 0,07666016
E4_Bvp 1560941063,89351 0,007736206
E4_Bvp 1560941063,90913 -0,1841278
E4_Bvp 1560941063,92476 -0,5198975
E4_Bvp 1560941063,94038 -0,9384766
E4_Bvp 1560941063,95601 -1,310028
E4_Bvp 1560941063,97163 -1,47377
E4_Bvp 1560941063,98726 -1,318359
E4_Bvp 1560941064,00289 -0,8451996
E4_Bvp 1560941064,01851 -0,1734161
E4_Bvp 1560941064,03414 0,5008392
E4_Bvp 1560941064,04976 0,9944
E4_Bvp 1560941064,06539 1,199341
E4_Bvp 1560941064,08101 1,118225
E4_Bvp 1560941064,09664 0,8468781
E4_Bvp 1560941064,11227 0,5154419
E4_Bvp 1560941064,12789 0,2483978
E4_Bvp 1560941064,14352 0,1255951
E4_Bvp 1560941064,15914 0,1591797
E4_Bvp 1560941064,17477 0,3039703
E4_Bvp 1560941064,1904 0,4704285
E4_Bvp 1560941064,20602 0,5612488
E4_Bvp 1560941064,22165 0,5130463
E4_Bvp 1560941064,23727 0,3212738
E4_Bvp 1560941064,2529 0,04788208
E4_Bvp 1560941064,26852 -0,2150574
E4_Bvp 1560941064,28415 -0,3967743
E4_Bvp 1560941064,29978 -0,4756927
E4_Bvp 1560941064,3154 -0,4755859
E4_Bvp 1560941064,33103 -0,4269562
E4_Bvp 1560941064,34665 -0,3553772
E4_Bvp 1560941064,36228 -0,2530212
E4_Bvp 1560941064,3779 -0,1225739
E4_Bvp 1560941064,39353 0,01916504
E4_Bvp 1560941064,40916 0,1426086
E4_Bvp 1560941064,42478 0,2256775
E4_Bvp 1560941064,44041 0,2896271
E4_Bvp 1560941064,45603 0,3778076
E4_Bvp 1560941064,47166 0,5225067
E4_Bvp 1560941064,48728 0,7073364
E4_Bvp 1560941064,50291 0,8624115
E4_Bvp 1560941064,51854 0,9016113
E4_Bvp 1560941064,53416 0,7717438
E4_Bvp 1560941064,54979 0,4995422
E4_Bvp 1560941064,56541 0,1646118
E4_Bvp 1560941064,58104 -0,120575
E4_Bvp 1560941064,59666 -0,2835693
E4_Bvp 1560941064,61229 -0,312088
E4_Bvp 1560941064,62792 -0,2501221
E4_Bvp 1560941064,64354 -0,1608887
E4_Bvp 1560941064,65917 -0,08345032
E4_Bvp 1560941064,67479 -0,02215576
E4_Bvp 1560941064,69042 0,0453949
E4_Bvp 1560941064,70604 0,12854
E4_Bvp 1560941064,72167 0,204834
E4_Bvp 1560941064,7373 0,2181549
E4_Bvp 1560941064,75292 0,1167297
E4_Bvp 1560941064,76855 -0,09472656
E4_Bvp 1560941064,78417 -0,3548584
E4_Bvp 1560941064,7998 -0,5543518
E4_Bvp 1560941064,81542 -0,6156311
E4_Bvp 1560941064,83105 -0,5187378
E4_Bvp 1560941064,84668 -0,3510284
E4_Bvp 1560941064,8623 -0,2382965
E4_Bvp 1560941064,87793 -0,2787018
E4_Bvp 1560941064,89355 -0,485199
E4_Bvp 1560941064,90918 -0,7670441
E4_Bvp 1560941064,9248 -0,9855957
E4_Bvp 1560941064,94043 -1,040222
E4_Bvp 1560941064,95606 -0,8981018
E4_Bvp 1560941064,97168 -0,6112366
E4_Bvp 1560941064,98731 -0,269165
E4_Bvp 1560941065,00293 0,03588867
E4_Bvp 1560941065,01856 0,2397919
E4_Bvp 1560941065,03418 0,3218384
E4_Bvp 1560941065,04981 0,2795563
E4_Bvp 1560941065,06544 0,1483307
E4_Bvp 1560941065,08106 -0,002105713
E4_Bvp 1560941065,09669 -0,0994873
E4_Bvp 1560941065,11231 -0,08782959
E4_Bvp 1560941065,12794 0,03143311
E4_Bvp 1560941065,14356 0,192276
E4_Bvp 1560941065,15919 0,2981873
E4_Bvp 1560941065,17482 0,2643585
E4_Bvp 1560941065,19044 0,07562256
E4_Bvp 1560941065,20607 -0,1894226
E4_Bvp 1560941065,22169 -0,3925781
E4_Bvp 1560941065,23732 -0,4085236
E4_Bvp 1560941065,25294 -0,1833038
E4_Bvp 1560941065,26857 0,2283936
E4_Bvp 1560941065,2842 0,672699
E4_Bvp 1560941065,29982 0,9921722
E4_Bvp 1560941065,31545 1,063492
E4_Bvp 1560941065,33107 0,8823395
E4_Bvp 1560941065,3467 0,5297394
E4_Bvp 1560941065,36232 0,1480865
E4_Bvp 1560941065,37795 -0,1348114
E4_Bvp 1560941065,39358 -0,2529755
E4_Bvp 1560941065,4092 -0,214035
E4_Bvp 1560941065,42483 -0,08699036
E4_Bvp 1560941065,44045 0,03216553
E4_Bvp 1560941065,45608 0,06414795
E4_Bvp 1560941065,4717 -0,02488708
E4_Bvp 1560941065,48733 -0,2259369
E4_Bvp 1560941065,50296 -0,4914551
E4_Bvp 1560941065,51858 -0,7635498
E4_Bvp 1560941065,53421 -0,9624634
E4_Bvp 1560941065,54983 -1,014679
E4_Bvp 1560941065,56546 -0,8650513
E4_Bvp 1560941065,58108 -0,5152283
E4_Bvp 1560941065,59671 -0,04959106
E4_Bvp 1560941065,61234 0,4020691
E4_Bvp 1560941065,62796 0,6942596
E4_Bvp 1560941065,64359 0,7482147
E4_Bvp 1560941065,65921 0,5900269
E4_Bvp 1560941065,67484 0,3305511
E4_Bvp 1560941065,69046 0,1012421
E4_Bvp 1560941065,70609 -0,008422852
E4_Bvp 1560941065,72172 0,01431274
E4_Bvp 1560941065,73734 0,1072083
E4_Bvp 1560941065,75297 0,1927795
E4_Bvp 1560941065,76859 0,2289429
E4_Bvp 1560941065,78422 0,2272034
E4_Bvp 1560941065,79984 0,2281952
E4_Bvp 1560941065,81547 0,2337494
E4_Bvp 1560941065,8311 0,221756
E4_Bvp 1560941065,84672 0,1485291
E4_Bvp 1560941065,86235 0,01223755
E4_Bvp 1560941065,87797 -0,1407166
E4_Bvp 1560941065,8936 -0,2188568
E4_Bvp 1560941065,90922 -0,1724854
E4_Bvp 1560941065,92485 -0,01455688
E4_Bvp 1560941065,94048 0,1747742
E4_Bvp 1560941065,9561 0,2897797
E4_Bvp 1560941065,97173 0,2750549
E4_Bvp 1560941065,98735 0,1447754
E4_Bvp 1560941066,00298 -0,02871704
E4_Bvp 1560941066,0186 -0,164978
E4_Bvp 1560941066,03423 -0,2251282
E4_Bvp 1560941066,04986 -0,2254944
E4_Bvp 1560941066,06548 -0,2081909
E4_Bvp 1560941066,08111 -0,1813354
E4_Bvp 1560941066,09673 -0,1367035
E4_Bvp 1560941066,11236 -0,03097534
E4_Bvp 1560941066,12798 0,1468201
E4_Bvp 1560941066,14361 0,3607788
E4_Bvp 1560941066,15924 0,5370331
E4_Bvp 1560941066,17486 0,6085968
E4_Bvp 1560941066,19049 0,5562897
E4_Bvp 1560941066,20611 0,4154205
E4_Bvp 1560941066,22174 0,2537537
E4_Bvp 1560941066,23736 0,1316223
E4_Bvp 1560941066,25299 0,07725525
E4_Bvp 1560941066,26862 0,07702637
E4_Bvp 1560941066,28424 0,09973145
E4_Bvp 1560941066,29987 0,1301727
E4_Bvp 1560941066,31549 0,147995
E4_Bvp 1560941066,33112 0,1400452
E4_Bvp 1560941066,34675 0,08543396
E4_Bvp 1560941066,36237 -0,03424072
E4_Bvp 1560941066,378 -0,2378387
E4_Bvp 1560941066,39362 -0,4798431
E4_Bvp 1560941066,40925 -0,6817932
E4_Bvp 1560941066,42487 -0,7250824
E4_Bvp 1560941066,4405 -0,5294952
E4_Bvp 1560941066,45613 -0,09877014
E4_Bvp 1560941066,47175 0,4485931
E4_Bvp 1560941066,48738 0,923111
E4_Bvp 1560941066,503 1,142654
E4_Bvp 1560941066,51863 1,036682
E4_Bvp 1560941066,53425 0,6765594
E4_Bvp 1560941066,54988 0,2397156
E4_Bvp 1560941066,56551 -0,08862305
E4_Bvp 1560941066,58113 -0,1940613
E4_Bvp 1560941066,59676 -0,09329224
E4_Bvp 1560941066,61238 0,1022644
E4_Bvp 1560941066,62801 0,2535706
E4_Bvp 1560941066,64363 0,2743225
E4_Bvp 1560941066,65926 0,1578064
E4_Bvp 1560941066,67489 -0,03565979
E4_Bvp 1560941066,69051 -0,2352295
E4_Bvp 1560941066,70614 -0,3915558
E4_Bvp 1560941066,72176 -0,4911957
E4_Bvp 1560941066,73739 -0,5301819
E4_Bvp 1560941066,75301 -0,509964
E4_Bvp 1560941066,76864 -0,45047
E4_Bvp 1560941066,78427 -0,3859711
E4_Bvp 1560941066,79989 -0,365921
E4_Bvp 1560941066,81552 -0,4346161
E4_Bvp 1560941066,83114 -0,5882263
E4_Bvp 1560941066,84677 -0,7803192
E4_Bvp 1560941066,86239 -0,925705
E4_Bvp 1560941066,87802 -0,9629974
E4_Bvp 1560941066,89365 -0,8806915
E4_Bvp 1560941066,90927 -0,7245636
E4_Bvp 1560941066,9249 -0,5527954
E4_Bvp 1560941066,94052 -0,4175568
E4_Bvp 1560941066,95615 -0,3222198
E4_Bvp 1560941066,97177 -0,2561493
E4_Bvp 1560941066,9874 -0,2051392
E4_Bvp 1560941067,00303 -0,1675873
E4_Bvp 1560941067,01865 -0,141449
E4_Bvp 1560941067,03428 -0,1212463
E4_Bvp 1560941067,0499 -0,08035278
E4_Bvp 1560941067,06553 0,007049561
E4_Bvp 1560941067,08115 0,1416626
E4_Bvp 1560941067,09678 0,2930603
E4_Bvp 1560941067,11241 0,4119873
E4_Bvp 1560941067,12803 0,4518433
E4_Bvp 1560941067,14366 0,3958435
E4_Bvp 1560941067,15928 0,2544403
E4_Bvp 1560941067,17491 0,0534668
E4_Bvp 1560941067,19053 -0,1743011
E4_Bvp 1560941067,20616 -0,3937073
E4_Bvp 1560941067,22179 -0,5588837
E4_Bvp 1560941067,23741 -0,6064301
E4_Bvp 1560941067,25304 -0,4872131
E4_Bvp 1560941067,26866 -0,1934357
E4_Bvp 1560941067,28429 0,2181702
E4_Bvp 1560941067,29991 0,6416779
E4_Bvp 1560941067,31554 0,9627533
E4_Bvp 1560941067,33117 1,128998
E4_Bvp 1560941067,34679 1,158539
E4_Bvp 1560941067,36242 1,120026
E4_Bvp 1560941067,37804 1,086227
E4_Bvp 1560941067,39367 1,084671
E4_Bvp 1560941067,40929 1,080124
E4_Bvp 1560941067,42492 1,007874
E4_Bvp 1560941067,44055 0,8128052
E4_Bvp 1560941067,45617 0,5037537
E4_Bvp 1560941067,4718 0,1475983
E4_Bvp 1560941067,48742 -0,161911
E4_Bvp 1560941067,50305 -0,3500366
E4_Bvp 1560941067,51867 -0,4002533
E4_Bvp 1560941067,5343 -0,3660278
E4_Bvp 1560941067,54993 -0,3302765
E4_Bvp 1560941067,56555 -0,3641052
E4_Bvp 1560941067,58118 -0,4985504
E4_Bvp 1560941067,5968 -0,7188873
E4_Bvp 1560941067,61243 -0,966217
E4_Bvp 1560941067,62805 -1,180161
E4_Bvp 1560941067,64368 -1,325516
E4_Bvp 1560941067,65931 -1,389297
E4_Bvp 1560941067,67493 -1,351807
E4_Bvp 1560941067,69056 -1,179825
E4_Bvp 1560941067,70618 -0,8420105
E4_Bvp 1560941067,72181 -0,3330841
E4_Bvp 1560941067,73743 0,2757111
E4_Bvp 1560941067,75306 0,8366241
E4_Bvp 1560941067,76869 1,185211
E4_Bvp 1560941067,78431 1,210022
E4_Bvp 1560941067,79994 0,9285126
E4_Bvp 1560941067,81556 0,469696
E4_Bvp 1560941067,83119 0,03117371
E4_Bvp 1560941067,84681 -0,2247467
E4_Bvp 1560941067,86244 -0,2219696
E4_Bvp 1560941067,87807 -0,01750183
E4_Bvp 1560941067,89369 0,2544708
E4_Bvp 1560941067,90932 0,4416809
E4_Bvp 1560941067,92494 0,4430237
E4_Bvp 1560941067,94057 0,2295685
E4_Bvp 1560941067,95619 -0,1299438
E4_Bvp 1560941067,97182 -0,4985046
E4_Bvp 1560941067,98745 -0,7220001
E4_Bvp 1560941068,00307 -0,6792297
E4_Bvp 1560941068,0187 -0,3482208
E4_Bvp 1560941068,03432 0,1730499
E4_Bvp 1560941068,04995 0,7041168
E4_Bvp 1560941068,06557 1,047913
E4_Bvp 1560941068,0812 1,096939
E4_Bvp 1560941068,09683 0,8454132
E4_Bvp 1560941068,11245 0,4009399
E4_Bvp 1560941068,12808 -0,08955383
E4_Bvp 1560941068,1437 -0,5094147
E4_Bvp 1560941068,15933 -0,7870178
E4_Bvp 1560941068,17495 -0,891449
E4_Bvp 1560941068,19058 -0,8032074
E4_Bvp 1560941068,20621 -0,5007629
E4_Bvp 1560941068,22183 0,01670837
E4_Bvp 1560941068,23746 0,6893005
E4_Bvp 1560941068,25308 1,384872
E4_Bvp 1560941068,26871 1,913452
E4_Bvp 1560941068,28433 2,120056
E4_Bvp 1560941068,29996 1,961823
E4_Bvp 1560941068,31559 1,542145
E4_Bvp 1560941068,33121 1,067413
E4_Bvp 1560941068,34684 0,721405
E4_Bvp 1560941068,36246 0,5986481
E4_Bvp 1560941068,37809 0,6169739
E4_Bvp 1560941068,39371 0,5877075
E4_Bvp 1560941068,40934 0,3369141
E4_Bvp 1560941068,42497 -0,175293
E4_Bvp 1560941068,44059 -0,837265
E4_Bvp 1560941068,45622 -1,429535
E4_Bvp 1560941068,47184 -1,742996
E4_Bvp 1560941068,48747 -1,689911
E4_Bvp 1560941068,50309 -1,327026
E4_Bvp 1560941068,51872 -0,8313751
E4_Bvp 1560941068,53435 -0,4037781
E4_Bvp 1560941068,54997 -0,1709442
E4_Bvp 1560941068,5656 -0,1686859
E4_Bvp 1560941068,58122 -0,3286438
E4_Bvp 1560941068,59685 -0,5361938
E4_Bvp 1560941068,61247 -0,6812744
E4_Bvp 1560941068,6281 -0,7033539
E4_Bvp 1560941068,64373 -0,6073914
E4_Bvp 1560941068,65935 -0,4450531
E4_Bvp 1560941068,67498 -0,2878571
E4_Bvp 1560941068,6906 -0,1853943
E4_Bvp 1560941068,70623 -0,1491394
E4_Bvp 1560941068,72185 -0,1514435
E4_Bvp 1560941068,73748 -0,157486
E4_Bvp 1560941068,75311 -0,1455231
E4_Bvp 1560941068,76873 -0,1347809
E4_Bvp 1560941068,78436 -0,1460266
E4_Bvp 1560941068,79998 -0,1949921
E4_Bvp 1560941068,81561 -0,244873
E4_Bvp 1560941068,83123 -0,2277832
E4_Bvp 1560941068,84686 -0,09291077
E4_Bvp 1560941068,86249 0,1644745
E4_Bvp 1560941068,87811 0,4594421
E4_Bvp 1560941068,89374 0,6673279
E4_Bvp 1560941068,90936 0,6900787
E4_Bvp 1560941068,92499 0,5327911
E4_Bvp 1560941068,94061 0,2985077
E4_Bvp 1560941068,95624 0,1463928
E4_Bvp 1560941068,97187 0,1810608
E4_Bvp 1560941068,98749 0,3843994
E4_Bvp 1560941069,00312 0,6369019
E4_Bvp 1560941069,01874 0,7858124
E4_Bvp 1560941069,03437 0,7395782
E4_Bvp 1560941069,05 0,5283356
E4_Bvp 1560941069,06562 0,2658691
E4_Bvp 1560941069,08125 0,07113647
E4_Bvp 1560941069,09687 0,002624512
E4_Bvp 1560941069,1125 0,02702332
E4_Bvp 1560941069,12812 0,05976868
E4_Bvp 1560941069,14375 0,03752136
E4_Bvp 1560941069,15938 -0,05142212
E4_Bvp 1560941069,175 -0,1520386
E4_Bvp 1560941069,19063 -0,1938629
E4_Bvp 1560941069,20625 -0,1316528
E4_Bvp 1560941069,22188 0,02833557
E4_Bvp 1560941069,2375 0,2350311
E4_Bvp 1560941069,25313 0,3954468
E4_Bvp 1560941069,26876 0,4149475
E4_Bvp 1560941069,28438 0,2467346
E4_Bvp 1560941069,30001 -0,09771729
E4_Bvp 1560941069,31563 -0,52005
E4_Bvp 1560941069,33126 -0,8839874
E4_Bvp 1560941069,34688 -1,061829
E4_Bvp 1560941069,36251 -0,9975281
E4_Bvp 1560941069,37814 -0,7213745
E4_Bvp 1560941069,39376 -0,3338776
E4_Bvp 1560941069,40939 0,05711365
E4_Bvp 1560941069,42501 0,3640442
E4_Bvp 1560941069,44064 0,545929
E4_Bvp 1560941069,45626 0,6078339
E4_Bvp 1560941069,47189 0,5825195
E4_Bvp 1560941069,48752 0,5093842
E4_Bvp 1560941069,50314 0,4168396
E4_Bvp 1560941069,51877 0,3309937
E4_Bvp 1560941069,53439 0,2597351
E4_Bvp 1560941069,55002 0,197937
E4_Bvp 1560941069,56564 0,1285858
E4_Bvp 1560941069,58127 0,0418396
E4_Bvp 1560941069,5969 -0,0471344
E4_Bvp 1560941069,61252 -0,0975647
E4_Bvp 1560941069,62815 -0,06356812
E4_Bvp 1560941069,64377 0,0496521
E4_Bvp 1560941069,6594 0,1780701
E4_Bvp 1560941069,67502 0,2249298
E4_Bvp 1560941069,69065 0,1116028
E4_Bvp 1560941069,70628 -0,1667175
E4_Bvp 1560941069,7219 -0,5384216
E4_Bvp 1560941069,73753 -0,8697357
E4_Bvp 1560941069,75315 -1,038925
E4_Bvp 1560941069,76878 -0,9826965
E4_Bvp 1560941069,7844 -0,7126312
E4_Bvp 1560941069,80003 -0,3085022
E4_Bvp 1560941069,81566 0,1044006
E4_Bvp 1560941069,83128 0,4008179
E4_Bvp 1560941069,84691 0,4962463
E4_Bvp 1560941069,86253 0,3720398
E4_Bvp 1560941069,87816 0,08053589
E4_Bvp 1560941069,89378 -0,276062
E4_Bvp 1560941069,90941 -0,5619812
E4_Bvp 1560941069,92504 -0,6848145
E4_Bvp 1560941069,94066 -0,6161194
E4_Bvp 1560941069,95629 -0,4217377
E4_Bvp 1560941069,97191 -0,2185211
E4_Bvp 1560941069,98754 -0,1205444
E4_Bvp 1560941070,00316 -0,1846771
E4_Bvp 1560941070,01879 -0,3889313
E4_Bvp 1560941070,03442 -0,65065
E4_Bvp 1560941070,05004 -0,8522797
E4_Bvp 1560941070,06567 -0,9131775
E4_Bvp 1560941070,08129 -0,8019714
E4_Bvp 1560941070,09692 -0,5619507
E4_Bvp 1560941070,11254 -0,2874603
E4_Bvp 1560941070,12817 -0,06584167
E4_Bvp 1560941070,1438 0,05776978
E4_Bvp 1560941070,15942 0,1256866
E4_Bvp 1560941070,17505 0,2237244
E4_Bvp 1560941070,19067 0,4331512
E4_Bvp 1560941070,2063 0,7672119
E4_Bvp 1560941070,22192 1,142746
E4_Bvp 1560941070,23755 1,4216
E4_Bvp 1560941070,25318 1,482224
E4_Bvp 1560941070,2688 1,276459
E4_Bvp 1560941070,28443 0,8628693
E4_Bvp 1560941070,30005 0,3748779
E4_Bvp 1560941070,31568 -0,05300903
E4_Bvp 1560941070,3313 -0,3298645
E4_Bvp 1560941070,34693 -0,4441833
E4_Bvp 1560941070,36256 -0,4369202
E4_Bvp 1560941070,37818 -0,3595886
E4_Bvp 1560941070,39381 -0,2516479
E4_Bvp 1560941070,40943 -0,1235809
E4_Bvp 1560941070,42506 0,0247345
E4_Bvp 1560941070,44068 0,1890869
E4_Bvp 1560941070,45631 0,3551483
E4_Bvp 1560941070,47194 0,4889069
E4_Bvp 1560941070,48756 0,5396881
E4_Bvp 1560941070,50319 0,474762
E4_Bvp 1560941070,51881 0,2989044
E4_Bvp 1560941070,53444 0,0771637
E4_Bvp 1560941070,55006 -0,06880188
E4_Bvp 1560941070,56569 -0,03108215
E4_Bvp 1560941070,58132 0,2381592
E4_Bvp 1560941070,59694 0,6772614
E4_Bvp 1560941070,61257 1,138168
E4_Bvp 1560941070,62819 1,447205
E4_Bvp 1560941070,64382 1,483047
E4_Bvp 1560941070,65944 1,227127
E4_Bvp 1560941070,67507 0,7577515
E4_Bvp 1560941070,6907 0,1999817
E4_Bvp 1560941070,70632 -0,31604
E4_Bvp 1560941070,72195 -0,7051544
E4_Bvp 1560941070,73757 -0,9226837
E4_Bvp 1560941070,7532 -0,9587402
E4_Bvp 1560941070,76882 -0,8412018
E4_Bvp 1560941070,78445 -0,6124115
E4_Bvp 1560941070,80008 -0,3461761
E4_Bvp 1560941070,8157 -0,1181183
E4_Bvp 1560941070,83133 0,01217651
E4_Bvp 1560941070,84695 0,03173828
E4_Bvp 1560941070,86258 -0,03173828
E4_Bvp 1560941070,8782 -0,1158142
E4_Bvp 1560941070,89383 -0,1608276
E4_Bvp 1560941070,90946 -0,1404572
E4_Bvp 1560941070,92508 -0,06399536
E4_Bvp 1560941070,94071 0,01773071
E4_Bvp 1560941070,95633 0,04664612
E4_Bvp 1560941070,97196 -0,03056335
E4_Bvp 1560941070,98758 -0,2357483
E4_Bvp 1560941071,00321 -0,5429535
E4_Bvp 1560941071,01884 -0,8839417
E4_Bvp 1560941071,03446 -1,157364
E4_Bvp 1560941071,05009 -1,268204
E4_Bvp 1560941071,06571 -1,169525
E4_Bvp 1560941071,08134 -0,8823242
E4_Bvp 1560941071,09696 -0,4956207
E4_Bvp 1560941071,11259 -0,1239014
E4_Bvp 1560941071,12822 0,1263428
E4_Bvp 1560941071,14384 0,2015381
E4_Bvp 1560941071,15947 0,1142426
E4_Bvp 1560941071,17509 -0,06863403
E4_Bvp 1560941071,19072 -0,2651978
E4_Bvp 1560941071,20635 -0,3811188
E4_Bvp 1560941071,22197 -0,3539581
E4_Bvp 1560941071,2376 -0,1685486
E4_Bvp 1560941071,25322 0,1459961
E4_Bvp 1560941071,26885 0,5049133
E4_Bvp 1560941071,28447 0,8108368
E4_Bvp 1560941071,3001 0,9764557
E4_Bvp 1560941071,31573 0,9638519
E4_Bvp 1560941071,33135 0,7952271
E4_Bvp 1560941071,34698 0,5502167
E4_Bvp 1560941071,3626 0,3187561
E4_Bvp 1560941071,37823 0,1731262
E4_Bvp 1560941071,39385 0,1406708
E4_Bvp 1560941071,40948 0,2020721
E4_Bvp 1560941071,42511 0,2983093
E4_Bvp 1560941071,44073 0,3567352
E4_Bvp 1560941071,45636 0,3187561
E4_Bvp 1560941071,47198 0,1552124
E4_Bvp 1560941071,48761 -0,09814453
E4_Bvp 1560941071,50323 -0,3571014
E4_Bvp 1560941071,51886 -0,5103149
E4_Bvp 1560941071,53449 -0,4730682
E4_Bvp 1560941071,55011 -0,2336426
E4_Bvp 1560941071,56574 0,1081543
E4_Bvp 1560941071,58136 0,400238
E4_Bvp 1560941071,59699 0,4979553
E4_Bvp 1560941071,61261 0,3598785
E4_Bvp 1560941071,62824 0,05662537
E4_Bvp 1560941071,64387 -0,2642822
E4_Bvp 1560941071,65949 -0,4644012
E4_Bvp 1560941071,67512 -0,4933472
E4_Bvp 1560941071,69074 -0,4269257
E4_Bvp 1560941071,70637 -0,3934784
E4_Bvp 1560941071,72199 -0,4775543
E4_Bvp 1560941071,73762 -0,6707764
E4_Bvp 1560941071,75325 -0,8540344
E4_Bvp 1560941071,76887 -0,8685455
E4_Bvp 1560941071,7845 -0,6214752
E4_Bvp 1560941071,80012 -0,1444092
E4_Bvp 1560941071,81575 0,4114227
E4_Bvp 1560941071,83137 0,8430634
E4_Bvp 1560941071,847 1,010574
E4_Bvp 1560941071,86263 0,8891907
E4_Bvp 1560941071,87825 0,5587616
E4_Bvp 1560941071,89388 0,1555481
E4_Bvp 1560941071,9095 -0,2011108
E4_Bvp 1560941071,92513 -0,4602356
E4_Bvp 1560941071,94075 -0,6152191
E4_Bvp 1560941071,95638 -0,6698456
E4_Bvp 1560941071,97201 -0,6275482
E4_Bvp 1560941071,98763 -0,4711456
E4_Bvp 1560941072,00326 -0,2077484
E4_Bvp 1560941072,01888 0,1076508
E4_Bvp 1560941072,03451 0,3868256
E4_Bvp 1560941072,05013 0,5499115
E4_Bvp 1560941072,06576 0,5527344
E4_Bvp 1560941072,08139 0,4407959
E4_Bvp 1560941072,09701 0,3027802
E4_Bvp 1560941072,11264 0,2568817
E4_Bvp 1560941072,12826 0,3648224
E4_Bvp 1560941072,14389 0,6306
E4_Bvp 1560941072,15951 0,9745178
E4_Bvp 1560941072,17514 1,286606
E4_Bvp 1560941072,19077 1,458176
E4_Bvp 1560941072,20639 1,420197
E4_Bvp 1560941072,22202 1,177856
E4_Bvp 1560941072,23764 0,7786407
E4_Bvp 1560941072,25327 0,2937775
E4_Bvp 1560941072,26889 -0,2001953
E4_Bvp 1560941072,28452 -0,6433563
E4_Bvp 1560941072,30015 -0,9967194
E4_Bvp 1560941072,31577 -1,23114
E4_Bvp 1560941072,3314 -1,318497
E4_Bvp 1560941072,34702 -1,257172
E4_Bvp 1560941072,36265 -1,046417
E4_Bvp 1560941072,37827 -0,7316589
E4_Bvp 1560941072,3939 -0,4074707
E4_Bvp 1560941072,40953 -0,1732941
E4_Bvp 1560941072,42515 -0,1099701
E4_Bvp 1560941072,44078 -0,2346344
E4_Bvp 1560941072,4564 -0,482666
E4_Bvp 1560941072,47203 -0,7402649
E4_Bvp 1560941072,48765 -0,9004211
E4_Bvp 1560941072,50328 -0,9057465
E4_Bvp 1560941072,51891 -0,7731018
E4_Bvp 1560941072,53453 -0,5726318
E4_Bvp 1560941072,55016 -0,3782501
E4_Bvp 1560941072,56578 -0,2311249
E4_Bvp 1560941072,58141 -0,1098328
E4_Bvp 1560941072,59703 0,0296936
E4_Bvp 1560941072,61266 0,2223663
E4_Bvp 1560941072,62829 0,4527588
E4_Bvp 1560941072,64391 0,6818695
E4_Bvp 1560941072,65954 0,8720245
E4_Bvp 1560941072,67516 1,012054
E4_Bvp 1560941072,69079 1,125778
E4_Bvp 1560941072,70641 1,213165
E4_Bvp 1560941072,72204 1,233932
E4_Bvp 1560941072,73767 1,110199
E4_Bvp 1560941072,75329 0,7923889
E4_Bvp 1560941072,76892 0,3225555
E4_Bvp 1560941072,78454 -0,1500549
E4_Bvp 1560941072,80017 -0,4391327
E4_Bvp 1560941072,81579 -0,4368134
E4_Bvp 1560941072,83142 -0,1655884
E4_Bvp 1560941072,84705 0,2014465
E4_Bvp 1560941072,86267 0,4776764
E4_Bvp 1560941072,8783 0,5557251
E4_Bvp 1560941072,89392 0,4630737
E4_Bvp 1560941072,90955 0,3224792
E4_Bvp 1560941072,92517 0,2518921
E4_Bvp 1560941072,9408 0,2761536
E4_Bvp 1560941072,95643 0,3180389
E4_Bvp 1560941072,97205 0,2594452
E4_Bvp 1560941072,98768 0,03239441
E4_Bvp 1560941073,0033 -0,3238831
E4_Bvp 1560941073,01893 -0,6778412
E4_Bvp 1560941073,03455 -0,8842316
E4_Bvp 1560941073,05018 -0,8777924
E4_Bvp 1560941073,06581 -0,6917877
E4_Bvp 1560941073,08143 -0,4393311
E4_Bvp 1560941073,09706 -0,2239075
E4_Bvp 1560941073,11268 -0,09120178
E4_Bvp 1560941073,12831 0,002624512
E4_Bvp 1560941073,14393 0,1328278
E4_Bvp 1560941073,15956 0,3601837
E4_Bvp 1560941073,17519 0,6598511
E4_Bvp 1560941073,19081 0,9430389
E4_Bvp 1560941073,20644 1,099655
E4_Bvp 1560941073,22206 1,062546
E4_Bvp 1560941073,23769 0,8484955
E4_Bvp 1560941073,25331 0,5288086
E4_Bvp 1560941073,26894 0,1957245
E4_Bvp 1560941073,28457 -0,09181213
E4_Bvp 1560941073,30019 -0,3115082
E4_Bvp 1560941073,31582 -0,4740143
E4_Bvp 1560941073,33144 -0,5794983
E4_Bvp 1560941073,34707 -0,6156769
E4_Bvp 1560941073,36269 -0,5635529
E4_Bvp 1560941073,37832 -0,4289398
E4_Bvp 1560941073,39395 -0,2389679
E4_Bvp 1560941073,40957 -0,03042603
E4_Bvp 1560941073,4252 0,1581726
E4_Bvp 1560941073,44082 0,2969666
E4_Bvp 1560941073,45645 0,3750458
E4_Bvp 1560941073,47207 0,3993073
E4_Bvp 1560941073,4877 0,3890991
E4_Bvp 1560941073,50333 0,3719482
E4_Bvp 1560941073,51895 0,3547668
E4_Bvp 1560941073,53458 0,3269501
E4_Bvp 1560941073,5502 0,2497864
E4_Bvp 1560941073,56583 0,08863831
E4_Bvp 1560941073,58145 -0,1466827
E4_Bvp 1560941073,59708 -0,3913116
E4_Bvp 1560941073,61271 -0,5418549
E4_Bvp 1560941073,62833 -0,5068817
E4_Bvp 1560941073,64396 -0,2725067
E4_Bvp 1560941073,65958 0,07698059
E4_Bvp 1560941073,67521 0,3886108
E4_Bvp 1560941073,69084 0,5034485
E4_Bvp 1560941073,70646 0,3569183
E4_Bvp 1560941073,72209 0,001480103
E4_Bvp 1560941073,73771 -0,4329071
E4_Bvp 1560941073,75334 -0,8061371
E4_Bvp 1560941073,76896 -1,043365
E4_Bvp 1560941073,78459 -1,146912
E4_Bvp 1560941073,80022 -1,159637
E4_Bvp 1560941073,81584 -1,122925
E4_Bvp 1560941073,83147 -1,04834
E4_Bvp 1560941073,84709 -0,9286499
E4_Bvp 1560941073,86272 -0,7805939
E4_Bvp 1560941073,87834 -0,6592712
E4_Bvp 1560941073,89397 -0,6360168
E4_Bvp 1560941073,9096 -0,7441254
E4_Bvp 1560941073,92522 -0,9272003
E4_Bvp 1560941073,94085 -1,063934
E4_Bvp 1560941073,95647 -1,009598
E4_Bvp 1560941073,9721 -0,6912384
E4_Bvp 1560941073,98772 -0,1610718
E4_Bvp 1560941074,00335 0,4317932
E4_Bvp 1560941074,01898 0,9119415
E4_Bvp 1560941074,0346 1,163788
E4_Bvp 1560941074,05023 1,168793
E4_Bvp 1560941074,06585 0,9840088
E4_Bvp 1560941074,08148 0,7018127
E4_Bvp 1560941074,0971 0,3874054
E4_Bvp 1560941074,11273 0,07977295
E4_Bvp 1560941074,12836 -0,2039185
E4_Bvp 1560941074,14398 -0,4411011
E4_Bvp 1560941074,15961 -0,5941467
E4_Bvp 1560941074,17523 -0,6273956
E4_Bvp 1560941074,19086 -0,5385742
E4_Bvp 1560941074,20648 -0,3499756
E4_Bvp 1560941074,22211 -0,1107941
E4_Bvp 1560941074,23774 0,1153412
E4_Bvp 1560941074,25336 0,269516
E4_Bvp 1560941074,26899 0,3223419
E4_Bvp 1560941074,28461 0,2846375
E4_Bvp 1560941074,30024 0,2129211
E4_Bvp 1560941074,31586 0,1716614
E4_Bvp 1560941074,33149 0,2006226
E4_Bvp 1560941074,34712 0,3000183
E4_Bvp 1560941074,36274 0,4217072
E4_Bvp 1560941074,37837 0,5131226
E4_Bvp 1560941074,39399 0,5451355
E4_Bvp 1560941074,40962 0,5286865
E4_Bvp 1560941074,42524 0,5006256
E4_Bvp 1560941074,44087 0,4614258
E4_Bvp 1560941074,4565 0,3875122
E4_Bvp 1560941074,47212 0,2201538
E4_Bvp 1560941074,48775 -0,04989624
E4_Bvp 1560941074,50337 -0,3647766
E4_Bvp 1560941074,519 -0,5913239
E4_Bvp 1560941074,53462 -0,6043091
E4_Bvp 1560941074,55025 -0,3687439
E4_Bvp 1560941074,56588 0,003677368
E4_Bvp 1560941074,5815 0,3180237
E4_Bvp 1560941074,59713 0,4100037
E4_Bvp 1560941074,61275 0,2462463
E4_Bvp 1560941074,62838 -0,05262756
E4_Bvp 1560941074,644 -0,3011932
E4_Bvp 1560941074,65963 -0,3678284
E4_Bvp 1560941074,67526 -0,2394867
E4_Bvp 1560941074,69088 -0,01420593
E4_Bvp 1560941074,70651 0,195816
E4_Bvp 1560941074,72213 0,3307343
E4_Bvp 1560941074,73776 0,4184875
E4_Bvp 1560941074,75338 0,5121918
E4_Bvp 1560941074,76901 0,6443176
E4_Bvp 1560941074,78464 0,7701416
E4_Bvp 1560941074,80026 0,8127441
E4_Bvp 1560941074,81589 0,7138519
E4_Bvp 1560941074,83151 0,4819336
E4_Bvp 1560941074,84714 0,1875
E4_Bvp 1560941074,86276 -0,08221436
E4_Bvp 1560941074,87839 -0,2715759
E4_Bvp 1560941074,89402 -0,3806
E4_Bvp 1560941074,90964 -0,4473114
E4_Bvp 1560941074,92527 -0,5009308
E4_Bvp 1560941074,94089 -0,5318909
E4_Bvp 1560941074,95652 -0,4941254
E4_Bvp 1560941074,97214 -0,36203
E4_Bvp 1560941074,98777 -0,1289368
E4_Bvp 1560941075,0034 0,1597137
E4_Bvp 1560941075,01902 0,4563141
E4_Bvp 1560941075,03465 0,7002869
E4_Bvp 1560941075,05027 0,8744659
E4_Bvp 1560941075,0659 0,9623413
E4_Bvp 1560941075,08152 0,9631195
E4_Bvp 1560941075,09715 0,8659821
E4_Bvp 1560941075,11278 0,6495972
E4_Bvp 1560941075,1284 0,3200989
E4_Bvp 1560941075,14403 -0,07827759
E4_Bvp 1560941075,15965 -0,4714813
E4_Bvp 1560941075,17528 -0,7669678
E4_Bvp 1560941075,1909 -0,8979034
E4_Bvp 1560941075,20653 -0,8404236
E4_Bvp 1560941075,22216 -0,6196136
E4_Bvp 1560941075,23778 -0,2893219
E4_Bvp 1560941075,25341 0,07641602
E4_Bvp 1560941075,26903 0,405777
E4_Bvp 1560941075,28466 0,6258698
E4_Bvp 1560941075,30028 0,690979
E4_Bvp 1560941075,31591 0,59021
E4_Bvp 1560941075,33154 0,3735199
E4_Bvp 1560941075,34716 0,1322632
E4_Bvp 1560941075,36279 -0,0327301
E4_Bvp 1560941075,37841 -0,0607605
E4_Bvp 1560941075,39404 0,04927063
E4_Bvp 1560941075,40966 0,2303314
E4_Bvp 1560941075,42529 0,3605347
E4_Bvp 1560941075,44092 0,3296509
E4_Bvp 1560941075,45654 0,08531189
E4_Bvp 1560941075,47217 -0,3414917
E4_Bvp 1560941075,48779 -0,8360596
E4_Bvp 1560941075,50342 -1,259644
E4_Bvp 1560941075,51904 -1,473602
E4_Bvp 1560941075,53467 -1,425079
E4_Bvp 1560941075,5503 -1,146271
E4_Bvp 1560941075,56592 -0,767868
E4_Bvp 1560941075,58155 -0,448822
E4_Bvp 1560941075,59717 -0,3059082
E4_Bvp 1560941075,6128 -0,3675385
E4_Bvp 1560941075,62842 -0,563736
E4_Bvp 1560941075,64405 -0,7690887
E4_Bvp 1560941075,65968 -0,8717041
E4_Bvp 1560941075,6753 -0,8222656
E4_Bvp 1560941075,69093 -0,6304169
E4_Bvp 1560941075,70655 -0,3501587
E4_Bvp 1560941075,72218 -0,0403595
E4_Bvp 1560941075,7378 0,254715
E4_Bvp 1560941075,75343 0,5198822
E4_Bvp 1560941075,76906 0,7372131
E4_Bvp 1560941075,78468 0,8824158
E4_Bvp 1560941075,80031 0,916275
E4_Bvp 1560941075,81593 0,8048706
E4_Bvp 1560941075,83156 0,5438995
E4_Bvp 1560941075,84718 0,187439
E4_Bvp 1560941075,86281 -0,1441956
E4_Bvp 1560941075,87844 -0,3258057
E4_Bvp 1560941075,89406 -0,2707825
E4_Bvp 1560941075,90969 0,03457642
E4_Bvp 1560941075,92531 0,5126495
E4_Bvp 1560941075,94094 1,032349
E4_Bvp 1560941075,95656 1,450424
E4_Bvp 1560941075,97219 1,663177
E4_Bvp 1560941075,98782 1,630554
E4_Bvp 1560941076,00344 1,361084
E4_Bvp 1560941076,01907 0,9060059
E4_Bvp 1560941076,03469 0,3433533
E4_Bvp 1560941076,05032 -0,2240753
E4_Bvp 1560941076,06595 -0,6917419
E4_Bvp 1560941076,08157 -0,9667358
E4_Bvp 1560941076,0972 -1,003326
E4_Bvp 1560941076,11282 -0,8230286
E4_Bvp 1560941076,12845 -0,5135803
E4_Bvp 1560941076,14407 -0,1943665
E4_Bvp 1560941076,1597 0,01855469
E4_Bvp 1560941076,17533 0,0471344
E4_Bvp 1560941076,19095 -0,1196899
E4_Bvp 1560941076,20658 -0,4237061
E4_Bvp 1560941076,2222 -0,7515564
E4_Bvp 1560941076,23783 -0,977066
E4_Bvp 1560941076,25345 -0,9850769
E4_Bvp 1560941076,26908 -0,733902
E4_Bvp 1560941076,28471 -0,2774963
E4_Bvp 1560941076,30033 0,2497253
E4_Bvp 1560941076,31596 0,6919403
E4_Bvp 1560941076,33158 0,9333191
E4_Bvp 1560941076,34721 0,9562378
E4_Bvp 1560941076,36283 0,82901
E4_Bvp 1560941076,37846 0,6493835
E4_Bvp 1560941076,39409 0,4764557
E4_Bvp 1560941076,40971 0,3054504
E4_Bvp 1560941076,42534 0,09689331
E4_Bvp 1560941076,44096 -0,1567535
E4_Bvp 1560941076,45659 -0,398056
E4_Bvp 1560941076,47221 -0,5295715
E4_Bvp 1560941076,48784 -0,4780426
E4_Bvp 1560941076,50347 -0,2563324
E4_Bvp 1560941076,51909 0,03349304
E4_Bvp 1560941076,53472 0,2555847
E4_Bvp 1560941076,55034 0,3214417
E4_Bvp 1560941076,56597 0,2318726
E4_Bvp 1560941076,58159 0,08822632
E4_Bvp 1560941076,59722 -0,003036499
E4_Bvp 1560941076,61285 0,008544922
E4_Bvp 1560941076,62847 0,08761597
E4_Bvp 1560941076,6441 0,1458435
E4_Bvp 1560941076,65972 0,1073608
E4_Bvp 1560941076,67535 -0,05508423
E4_Bvp 1560941076,69097 -0,3007202
E4_Bvp 1560941076,7066 -0,5401917
E4_Bvp 1560941076,72223 -0,677063
E4_Bvp 1560941076,73785 -0,644516
E4_Bvp 1560941076,75348 -0,4212189
E4_Bvp 1560941076,7691 -0,03515625
E4_Bvp 1560941076,78473 0,4282379
E4_Bvp 1560941076,80035 0,8575439
E4_Bvp 1560941076,81598 1,143478
E4_Bvp 1560941076,83161 1,221405
E4_Bvp 1560941076,84723 1,081421
E4_Bvp 1560941076,86286 0,7764282
E4_Bvp 1560941076,87848 0,3913879
E4_Bvp 1560941076,89411 0,02427673
E4_Bvp 1560941076,90973 -0,2490234
E4_Bvp 1560941076,92536 -0,3951874
E4_Bvp 1560941076,94099 -0,423172
E4_Bvp 1560941076,95661 -0,3800964
E4_Bvp 1560941076,97224 -0,3366241
E4_Bvp 1560941076,98786 -0,3675079
E4_Bvp 1560941077,00349 -0,5132141
E4_Bvp 1560941077,01911 -0,7501984
E4_Bvp 1560941077,03474 -0,9743805
E4_Bvp 1560941077,05037 -1,055069
E4_Bvp 1560941077,06599 -0,9013824
E4_Bvp 1560941077,08162 -0,5133514
E4_Bvp 1560941077,09724 -0,01179504
E4_Bvp 1560941077,11287 0,4299011
E4_Bvp 1560941077,12849 0,6583405
E4_Bvp 1560941077,14412 0,6384888
E4_Bvp 1560941077,15975 0,4466705
E4_Bvp 1560941077,17537 0,2240448
E4_Bvp 1560941077,191 0,08493042
E4_Bvp 1560941077,20662 0,06575012
E4_Bvp 1560941077,22225 0,1223145
E4_Bvp 1560941077,23787 0,173996
E4_Bvp 1560941077,2535 0,1542206
E4_Bvp 1560941077,26913 0,05218506
E4_Bvp 1560941077,28475 -0,0944519
E4_Bvp 1560941077,30038 -0,2180176
E4_Bvp 1560941077,316 -0,2519989
E4_Bvp 1560941077,33163 -0,1521454
E4_Bvp 1560941077,34725 0,08889771
E4_Bvp 1560941077,36288 0,4155121
E4_Bvp 1560941077,37851 0,7090607
E4_Bvp 1560941077,39413 0,8361816
E4_Bvp 1560941077,40976 0,7031555
E4_Bvp 1560941077,42538 0,3071442
E4_Bvp 1560941077,44101 -0,2326508
E4_Bvp 1560941077,45663 -0,7391357
E4_Bvp 1560941077,47226 -1,044556
E4_Bvp 1560941077,48789 -1,068665
E4_Bvp 1560941077,50351 -0,8522034
E4_Bvp 1560941077,51914 -0,5089417
E4_Bvp 1560941077,53476 -0,1583252
E4_Bvp 1560941077,55039 0,115097
E4_Bvp 1560941077,56601 0,2851105
E4_Bvp 1560941077,58164 0,3820648
E4_Bvp 1560941077,59727 0,444397
E4_Bvp 1560941077,61289 0,5030823
E4_Bvp 1560941077,62852 0,5480957
E4_Bvp 1560941077,64414 0,5534515
E4_Bvp 1560941077,65977 0,4739685
E4_Bvp 1560941077,67539 0,2975311
E4_Bvp 1560941077,69102 0,05792236
E4_Bvp 1560941077,70665 -0,1761932
E4_Bvp 1560941077,72227 -0,3245087
E4_Bvp 1560941077,7379 -0,3503418
E4_Bvp 1560941077,75352 -0,2776794
E4_Bvp 1560941077,76915 -0,1823425
E4_Bvp 1560941077,78477 -0,1268921
E4_Bvp 1560941077,8004 -0,1243134
E4_Bvp 1560941077,81603 -0,1238251
E4_Bvp 1560941077,83165 -0,07144165
E4_Bvp 1560941077,84728 0,04890442
E4_Bvp 1560941077,8629 0,1909943
E4_Bvp 1560941077,87853 0,2627258
E4_Bvp 1560941077,89415 0,201889
E4_Bvp 1560941077,90978 0,02352905
E4_Bvp 1560941077,92541 -0,1924591
E4_Bvp 1560941077,94103 -0,3327637
E4_Bvp 1560941077,95666 -0,3232269
E4_Bvp 1560941077,97228 -0,1582794
