1570265794.172
1570265794.422
1570265794.672
1570265794.922
1570265795.172
1570265795.422
1570265795.672
1570265795.922
1570265796.172
1570265796.422
1570265796.672
1570265796.922
1570265797.172
1570265797.422
1570265797.672
1570265797.922
1570265798.172
1570265798.422
1570265798.672
1570265798.922
1570265799.172
1570265799.422
1570265799.672
1570265799.922
1570265800.172
1570265800.422
1570265800.672
1570265800.922
1570265801.172
1570265801.422
1570265801.672
1570265801.922
1570265802.172
1570265802.422
1570265802.672
1570265802.922
1570265803.172
1570265803.422
1570265803.672
1570265803.922
1570265804.172
1570265804.422
1570265804.672
1570265804.922
1570265805.172
1570265805.422
1570265805.672
1570265805.922
1570265806.172
1570265806.422
1570265806.672
1570265806.922
1570265807.172
1570265807.422
1570265807.672
1570265807.922
1570265808.172
1570265808.422
1570265808.672
1570265808.922
1570265809.172
1570265809.422
1570265809.672
1570265809.922
1570265810.172
1570265810.422
1570265810.672
1570265810.922
1570265811.172
1570265811.422
1570265811.672
1570265811.922
1570265812.172
1570265812.422
1570265812.672
1570265812.922
1570265813.172
1570265813.422
1570265813.672
1570265813.922
1570265814.172
1570265814.422
1570265814.672
1570265814.922
1570265815.172
1570265815.422
1570265815.672
1570265815.922
1570265816.172
1570265816.422
1570265816.672
1570265816.922
1570265817.172
1570265817.422
1570265817.672
1570265817.922
1570265818.172
1570265818.422
1570265818.672
1570265818.922
1570265819.172
1570265819.422
1570265819.672
1570265819.922
1570265820.172
1570265820.422
1570265820.672
1570265820.922
1570265821.172
1570265821.422
1570265821.672
1570265821.922
1570265822.172
1570265822.422
1570265822.672
1570265822.922
1570265823.172
1570265823.422
1570265823.672
1570265823.922
1570265824.172
1570265824.422
1570265824.672
1570265824.922
1570265825.172
1570265825.422
1570265825.672
1570265825.922
1570265826.172
1570265826.422
1570265826.672
1570265826.922
1570265827.172
1570265827.422
1570265827.672
1570265827.922
1570265828.172
1570265828.422
1570265828.672
1570265828.922
1570265829.172
1570265829.422
1570265829.672
1570265829.922
1570265830.172
1570265830.422
1570265830.672
1570265830.922
1570265831.172
1570265831.422
1570265831.672
1570265831.922
1570265832.172
1570265832.422
1570265832.672
1570265832.922
1570265833.172
1570265833.422
1570265833.672
1570265833.922
1570265834.172
1570265834.422
1570265834.672
1570265834.922
1570265835.172
1570265835.422
1570265835.672
1570265835.922
1570265836.172
1570265836.422
1570265836.672
1570265836.922
1570265837.172
1570265837.422
1570265837.672
1570265837.922
1570265838.172
1570265838.422
1570265838.672
1570265838.922
1570265839.172
1570265839.422
1570265839.672
1570265839.922
1570265840.172
1570265840.422
1570265840.672
1570265840.922
1570265841.172
1570265841.422
1570265841.672
1570265841.922
1570265842.172
1570265842.422
1570265842.672
1570265842.922
1570265843.172
1570265843.422
1570265843.672
1570265843.922
1570265844.172
1570265844.422
1570265844.672
1570265844.922
1570265845.172
1570265845.422
1570265845.672
1570265845.922
1570265846.172
1570265846.422
1570265846.672
1570265846.922
1570265847.172
1570265847.422
1570265847.672
1570265847.922
1570265848.172
1570265848.422
1570265848.672
1570265848.922
1570265849.172
1570265849.422
1570265849.672
1570265849.922
1570265850.172
1570265850.422
1570265850.672
1570265850.922
1570265851.172
1570265851.422
1570265851.672
1570265851.922
1570265852.172
1570265852.422
1570265852.672
1570265852.922
1570265853.172
1570265853.422
1570265853.672
1570265853.922
1570265854.172
1570265854.422
1570265854.672
1570265854.922
1570265855.172
1570265855.422
1570265855.672
1570265855.922
1570265856.172
1570265856.422
1570265856.672
1570265856.922
1570265857.172
1570265857.422
1570265857.672
1570265857.922
1570265858.172
1570265858.422
1570265858.672
1570265858.922
1570265859.172
1570265859.422
1570265859.672
1570265859.922
1570265860.172
1570265860.422
1570265860.672
1570265860.922
1570265861.172
1570265861.422
1570265861.672
1570265861.922
1570265862.172
1570265862.422
1570265862.672
1570265862.922
1570265863.172
1570265863.422
1570265863.672
1570265863.922
1570265864.172
1570265864.422
1570265864.672
1570265864.922
1570265865.172
1570265865.422
1570265865.672
1570265865.922
1570265866.172
1570265866.422
1570265866.672
1570265866.922
1570265867.172
1570265867.422
1570265867.672
1570265867.922
1570265868.172
1570265868.422
1570265868.672
1570265868.922
1570265869.172
1570265869.422
1570265869.672
1570265869.922
1570265870.172
1570265870.422
1570265870.672
1570265870.922
1570265871.172
1570265871.422
1570265871.672
1570265871.922
1570265872.172
1570265872.422
1570265872.672
1570265872.922
1570265873.172
1570265873.422
1570265873.672
1570265873.922
1570265874.172
1570265874.422
1570265874.672
1570265874.922
1570265875.172
1570265875.422
1570265875.672
1570265875.922
1570265876.172
1570265876.422
1570265876.672
1570265876.922
1570265877.172
1570265877.422
1570265877.672
1570265877.922
1570265878.172
1570265878.422
1570265878.672
1570265878.922
1570265879.172
1570265879.422
1570265879.672
1570265879.922
1570265880.172
1570265880.422
1570265880.672
1570265880.922
1570265881.172
1570265881.422
1570265881.672
1570265881.922
1570265882.172
1570265882.422
1570265882.672
1570265882.922
1570265883.172
1570265883.422
1570265883.672
1570265883.922
1570265884.172
1570265884.422
1570265884.672
1570265884.922
1570265885.172
1570265885.422
1570265885.672
1570265885.922
1570265886.172
1570265886.422
1570265886.672
1570265886.922
1570265887.172
1570265887.422
1570265887.672
1570265887.922
1570265888.172
1570265888.422
1570265888.672
1570265888.922
1570265889.172
1570265889.422
1570265889.672
1570265889.922
1570265890.172
1570265890.422
1570265890.672
1570265890.922
1570265891.172
1570265891.422
1570265891.672
1570265891.922
1570265892.172
1570265892.422
1570265892.672
1570265892.922
1570265893.172
1570265893.422
1570265893.672
1570265893.922
1570265894.172
1570265894.422
1570265894.672
1570265894.922
1570265895.172
1570265895.422
1570265895.672
1570265895.922
1570265896.172
1570265896.422
1570265896.672
1570265896.922
1570265897.172
1570265897.422
1570265897.672
1570265897.922
1570265898.172
1570265898.422
1570265898.672
1570265898.922
1570265899.172
1570265899.422
1570265899.672
1570265899.922
1570265900.172
1570265900.422
1570265900.672
1570265900.922
1570265901.172
1570265901.422
1570265901.672
1570265901.922
1570265902.172
1570265902.422
1570265902.672
1570265902.922
1570265903.172
1570265903.422
1570265903.672
1570265903.922
1570265904.172
1570265904.422
1570265904.672
1570265904.922
1570265905.172
1570265905.422
1570265905.672
1570265905.922
1570265906.172
1570265906.422
1570265906.672
1570265906.922
1570265907.172
1570265907.422
1570265907.672
1570265907.922
1570265908.172
1570265908.422
1570265908.672
1570265908.922
1570265909.172
1570265909.422
1570265909.672
1570265909.922
1570265910.172
1570265910.422
1570265910.672
1570265910.922
1570265911.172
1570265911.422
1570265911.672
1570265911.922
1570265912.172
1570265912.422
1570265912.672
1570265912.922
1570265913.172
1570265913.422
1570265913.672
1570265913.922
1570265914.172
1570265914.422
1570265914.672
1570265914.922
1570265915.172
1570265915.422
1570265915.672
1570265915.922
1570265916.172
1570265916.422
1570265916.672
1570265916.922
1570265917.172
1570265917.422
1570265917.672
1570265917.922
1570265918.172
1570265918.422
1570265918.672
1570265918.922
1570265919.172
1570265919.422
1570265919.672
1570265919.922
1570265920.172
1570265920.422
1570265920.672
1570265920.922
1570265921.172
1570265921.422
1570265921.672
1570265921.922
1570265922.172
1570265922.422
1570265922.672
1570265922.922
1570265923.172
1570265923.422
1570265923.672
1570265923.922
1570265924.172
1570265924.422
1570265924.672
1570265924.922
1570265925.172
1570265925.422
1570265925.672
1570265925.922
1570265926.172
1570265926.422
1570265926.672
1570265926.922
1570265927.172
1570265927.422
1570265927.672
1570265927.922
1570265928.172
1570265928.422
1570265928.672
1570265928.922
1570265929.172
1570265929.422
1570265929.672
1570265929.922
1570265930.172
1570265930.422
1570265930.672
1570265930.922
1570265931.172
1570265931.422
1570265931.672
1570265931.922
1570265932.172
1570265932.422
1570265932.672
1570265932.922
1570265933.172
1570265933.422
1570265933.672
1570265933.922
1570265934.172
1570265934.422
1570265934.672
1570265934.922
1570265935.172
1570265935.422
1570265935.672
1570265935.922
1570265936.172
1570265936.422
1570265936.672
1570265936.922
1570265937.172
1570265937.422
1570265937.672
1570265937.922
1570265938.172
1570265938.422
1570265938.672
1570265938.922
1570265939.172
1570265939.422
1570265939.672
1570265939.922
1570265940.172
1570265940.422
1570265940.672
1570265940.922
1570265941.172
1570265941.422
1570265941.672
1570265941.922
1570265942.172
1570265942.422
1570265942.672
1570265942.922
1570265943.172
1570265943.422
1570265943.672
1570265943.922
1570265944.172
1570265944.422
1570265944.672
1570265944.922
1570265945.172
1570265945.422
1570265945.672
1570265945.922
1570265946.172
1570265946.422
1570265946.672
1570265946.922
1570265947.172
1570265947.422
1570265947.672
1570265947.922
1570265948.172
1570265948.422
1570265948.672
1570265948.922
1570265949.172
1570265949.422
1570265949.672
1570265949.922
1570265950.172
1570265950.422
1570265950.672
1570265950.922
1570265951.172
1570265951.422
1570265951.672
1570265951.922
1570265952.172
1570265952.422
1570265952.672
1570265952.922
1570265953.172
1570265953.422
1570265953.672
1570265953.922
1570265954.172
1570265954.422
1570265954.672
1570265954.922
1570265955.172
1570265955.422
1570265955.672
1570265955.922
1570265956.172
1570265956.422
1570265956.672
1570265956.922
1570265957.172
1570265957.422
1570265957.672
1570265957.922
1570265958.172
1570265958.422
1570265958.672
1570265958.922
1570265959.172
1570265959.422
1570265959.672
1570265959.922
1570265960.172
1570265960.422
1570265960.672
1570265960.922
1570265961.172
1570265961.422
1570265961.672
1570265961.922
1570265962.172
1570265962.422
1570265962.672
1570265962.922
1570265963.172
1570265963.422
1570265963.672
1570265963.922
1570265964.172
1570265964.422
1570265964.672
1570265964.922
1570265965.172
1570265965.422
1570265965.672
1570265965.922
1570265966.172
1570265966.422
1570265966.672
1570265966.922
1570265967.172
1570265967.422
1570265967.672
1570265967.922
1570265968.172
1570265968.422
1570265968.672
1570265968.922
1570265969.172
1570265969.422
1570265969.672
1570265969.922
1570265970.172
1570265970.422
1570265970.672
1570265970.922
1570265971.172
1570265971.422
1570265971.672
1570265971.922
1570265972.172
1570265972.422
1570265972.672
1570265972.922
1570265973.172
1570265973.422
1570265973.672
1570265973.922
1570265974.172
1570265974.422
1570265974.672
1570265974.922
1570265975.172
1570265975.422
1570265975.672
1570265975.922
1570265976.172
1570265976.422
1570265976.672
1570265976.922
1570265977.172
1570265977.422
1570265977.672
1570265977.922
1570265978.172
1570265978.422
1570265978.672
1570265978.922
1570265979.172
1570265979.422
1570265979.672
1570265979.922
1570265980.172
1570265980.422
1570265980.672
1570265980.922
1570265981.172
1570265981.422
1570265981.672
1570265981.922
1570265982.172
1570265982.422
1570265982.672
1570265982.922
1570265983.172
1570265983.422
1570265983.672
1570265983.922
1570265984.172
1570265984.422
1570265984.672
1570265984.922
1570265985.172
1570265985.422
1570265985.672
1570265985.922
1570265986.172
1570265986.422
1570265986.672
1570265986.922
1570265987.172
1570265987.422
1570265987.672
1570265987.922
1570265988.172
1570265988.422
1570265988.672
1570265988.922
1570265989.172
1570265989.422
1570265989.672
1570265989.922
1570265990.172
1570265990.422
1570265990.672
1570265990.922
1570265991.172
1570265991.422
1570265991.672
1570265991.922
1570265992.172
1570265992.422
1570265992.672
1570265992.922
1570265993.172
1570265993.422
1570265993.672
1570265993.922
1570265994.172
1570265994.422
1570265994.672
1570265994.922
1570265995.172
1570265995.422
1570265995.672
1570265995.922
1570265996.172
1570265996.422
1570265996.672
1570265996.922
1570265997.172
1570265997.422
1570265997.672
1570265997.922
1570265998.172
1570265998.422
1570265998.672
1570265998.922
1570265999.172
1570265999.422
1570265999.672
1570265999.922
1570266000.172
1570266000.422
1570266000.672
1570266000.922
1570266001.172
1570266001.422
1570266001.672
1570266001.922
1570266002.172
1570266002.422
1570266002.672
1570266002.922
1570266003.172
1570266003.422
1570266003.672
1570266003.922
1570266004.172
1570266004.422
1570266004.672
1570266004.922
1570266005.172
1570266005.422
1570266005.672
1570266005.922
1570266006.172
1570266006.422
1570266006.672
1570266006.922
1570266007.172
1570266007.422
1570266007.672
1570266007.922
1570266008.172
1570266008.422
1570266008.672
1570266008.922
1570266009.172
1570266009.422
1570266009.672
1570266009.922
1570266010.172
1570266010.422
1570266010.672
1570266010.922
1570266011.172
1570266011.422
1570266011.672
1570266011.922
1570266012.172
1570266012.422
1570266012.672
1570266012.922
1570266013.172
1570266013.422
1570266013.672
1570266013.922
1570266014.172
1570266014.422
1570266014.672
1570266014.922
1570266015.172
1570266015.422
1570266015.672
1570266015.922
1570266016.172
1570266016.422
1570266016.672
1570266016.922
1570266017.172
1570266017.422
1570266017.672
1570266017.922
1570266018.172
1570266018.422
1570266018.672
1570266018.922
1570266019.172
1570266019.422
1570266019.672
1570266019.922
1570266020.172
1570266020.422
1570266020.672
1570266020.922
1570266021.172
1570266021.422
1570266021.672
1570266021.922
1570266022.172
1570266022.422
1570266022.672
1570266022.922
1570266023.172
1570266023.422
1570266023.672
1570266023.922
1570266024.172
1570266024.422
1570266024.672
1570266024.922
1570266025.172
1570266025.422
1570266025.672
1570266025.922
1570266026.172
1570266026.422
1570266026.672
1570266026.922
1570266027.172
1570266027.422
1570266027.672
1570266027.922
1570266028.172
1570266028.422
1570266028.672
1570266028.922
1570266029.172
1570266029.422
1570266029.672
1570266029.922
1570266030.172
1570266030.422
1570266030.672
1570266030.922
1570266031.172
1570266031.422
1570266031.672
1570266031.922
1570266032.172
1570266032.422
1570266032.672
1570266032.922
1570266033.172
1570266033.422
1570266033.672
1570266033.922
1570266034.172
1570266034.422
1570266034.672
1570266034.922
1570266035.172
1570266035.422
1570266035.672
1570266035.922
1570266036.172
1570266036.422
1570266036.672
1570266036.922
1570266037.172
1570266037.422
1570266037.672
1570266037.922
1570266038.172
1570266038.422
1570266038.672
1570266038.922
1570266039.172
1570266039.422
1570266039.672
1570266039.922
1570266040.172
1570266040.422
1570266040.672
1570266040.922
1570266041.172
1570266041.422
1570266041.672
1570266041.922
1570266042.172
1570266042.422
1570266042.672
1570266042.922
1570266043.172
1570266043.422
1570266043.672
1570266043.922
1570266044.172
1570266044.422
1570266044.672
1570266044.922
1570266045.172
1570266045.422
1570266045.672
1570266045.922
1570266046.172
1570266046.422
1570266046.672
1570266046.922
1570266047.172
1570266047.422
1570266047.672
1570266047.922
1570266048.172
1570266048.422
1570266048.672
1570266048.922
1570266049.172
1570266049.422
1570266049.672
1570266049.922
1570266050.172
1570266050.422
1570266050.672
1570266050.922
1570266051.172
1570266051.422
1570266051.672
1570266051.922
1570266052.172
1570266052.422
1570266052.672
1570266052.922
1570266053.172
1570266053.422
1570266053.672
1570266053.922
1570266054.172
1570266054.422
1570266054.672
1570266054.922
1570266055.172
1570266055.422
1570266055.672
1570266055.922
1570266056.172
1570266056.422
1570266056.672
1570266056.922
1570266057.172
1570266057.422
1570266057.672
1570266057.922
1570266058.172
1570266058.422
1570266058.672
1570266058.922
1570266059.172
1570266059.422
1570266059.672
1570266059.922
1570266060.172
1570266060.422
1570266060.672
1570266060.922
1570266061.172
1570266061.422
1570266061.672
1570266061.922
1570266062.172
1570266062.422
1570266062.672
1570266062.922
1570266063.172
1570266063.422
1570266063.672
1570266063.922
1570266064.172
1570266064.422
1570266064.672
1570266064.922
1570266065.172
1570266065.422
1570266065.672
1570266065.922
1570266066.172
1570266066.422
1570266066.672
1570266066.922
1570266067.172
1570266067.422
1570266067.672
1570266067.922
1570266068.172
1570266068.422
1570266068.672
1570266068.922
1570266069.172
1570266069.422
1570266069.672
1570266069.922
1570266070.172
1570266070.422
1570266070.672
1570266070.922
1570266071.172
1570266071.422
1570266071.672
1570266071.922
1570266072.172
1570266072.422
1570266072.672
1570266072.922
1570266073.172
1570266073.422
1570266073.672
1570266073.922
1570266074.172
1570266074.422
1570266074.672
1570266074.922
1570266075.172
1570266075.422
1570266075.672
1570266075.922
1570266076.172
1570266076.422
1570266076.672
1570266076.922
1570266077.172
1570266077.422
1570266077.672
1570266077.922
1570266078.172
1570266078.422
1570266078.672
1570266078.922
1570266079.172
1570266079.422
1570266079.672
1570266079.922
1570266080.172
1570266080.422
1570266080.672
1570266080.922
1570266081.172
1570266081.422
1570266081.672
1570266081.922
1570266082.172
1570266082.422
1570266082.672
1570266082.922
1570266083.172
1570266083.422
1570266083.672
1570266083.922
1570266084.172
1570266084.422
1570266084.672
1570266084.922
1570266085.172
1570266085.422
1570266085.672
1570266085.922
1570266086.172
1570266086.422
1570266086.672
1570266086.922
1570266087.172
1570266087.422
1570266087.672
1570266087.922
1570266088.172
1570266088.422
1570266088.672
1570266088.922
1570266089.172
1570266089.422
1570266089.672
1570266089.922
1570266090.172
1570266090.422
1570266090.672
1570266090.922
1570266091.172
1570266091.422
1570266091.672
1570266091.922
1570266092.172
1570266092.422
1570266092.672
1570266092.922
1570266093.172
1570266093.422
1570266093.672
1570266093.922
1570266094.172
1570266094.422
1570266094.672
1570266094.922
1570266095.172
1570266095.422
1570266095.672
1570266095.922
1570266096.172
1570266096.422
1570266096.672
1570266096.922
1570266097.172
1570266097.422
1570266097.672
1570266097.922
1570266098.172
1570266098.422
1570266098.672
1570266098.922
1570266099.172
1570266099.422
1570266099.672
1570266099.922
1570266100.172
1570266100.422
1570266100.672
1570266100.922
1570266101.172
1570266101.422
1570266101.672
1570266101.922
1570266102.172
1570266102.422
1570266102.672
1570266102.922
1570266103.172
1570266103.422
1570266103.672
1570266103.922
1570266104.172
1570266104.422
1570266104.672
1570266104.922
1570266105.172
1570266105.422
1570266105.672
1570266105.922
1570266106.172
1570266106.422
1570266106.672
1570266106.922
1570266107.172
1570266107.422
1570266107.672
1570266107.922
1570266108.172
1570266108.422
1570266108.672
1570266108.922
1570266109.172
1570266109.422
1570266109.672
1570266109.922
1570266110.172
1570266110.422
1570266110.672
1570266110.922
1570266111.172
1570266111.422
1570266111.672
1570266111.922
1570266112.172
1570266112.422
1570266112.672
1570266112.922
1570266113.172
1570266113.422
1570266113.672
1570266113.922
1570266114.172
1570266114.422
1570266114.672
1570266114.922
