1.648426
1.654833
1.648426
1.643301
1.645863
1.636894
1.64202
1.634331
1.636894
1.640738
1.63305
1.631769
1.629206
1.6228
1.6228
1.620237
1.617674
1.612549
1.615111
1.609986
1.618955
1.609986
1.609986
1.611268
1.609986
1.616393
1.609986
1.608705
1.601017
1.604861
1.604861
1.604861
1.604861
1.609986
1.621518
1.615111
1.6228
1.617674
1.625362
1.608705
1.615111
1.621518
1.618955
1.609986
1.607424
1.60358
1.598454
1.593329
1.592048
1.589485
1.588204
1.586922
1.58436
1.581797
1.581797
1.580516
1.577953
1.585641
1.585641
1.577953
1.580516
1.561296
1.571546
1.570265
1.57539
1.567702
1.570265
1.56514
1.571546
1.566421
1.563858
1.56514
1.558733
1.561296
1.553608
1.55617
1.552326
1.551045
1.551045
1.551045
1.542076
1.549764
1.54592
1.542076
1.552326
1.54592
1.544638
1.538232
1.54592
1.540794
1.54592
1.539513
1.53695
1.539513
1.529262
1.5267
1.530544
1.527981
1.5267
1.5267
1.524137
1.524137
1.524137
1.524137
1.524137
1.525418
1.513886
1.51773
1.512605
1.510042
1.508761
1.512605
1.516449
1.510042
1.503636
1.506198
1.510042
1.503636
1.497229
1.503636
1.504917
1.499792
1.502354
1.495948
1.494666
1.490822
1.492104
1.490822
1.490822
1.489541
1.484416
1.48826
1.48826
1.493385
1.48826
1.483134
1.485697
1.480572
1.478009
1.481853
1.485697
1.478009
1.481853
1.472884
1.476728
1.472884
1.475446
1.471602
1.471602
1.465196
1.462633
1.463914
1.462633
1.458789
1.463914
1.463914
1.467758
1.462633
1.461352
1.462633
1.456226
1.467758
1.463914
1.462633
1.454945
1.454945
1.458789
1.456226
1.457508
1.454945
1.46007
1.442132
1.451101
1.451101
1.452382
1.451101
1.451101
1.448538
1.44085
1.44085
1.444695
1.44085
1.434444
1.439569
1.437006
1.433162
1.472685
1.464996
1.461152
1.463715
1.464996
1.462434
1.457309
1.456027
1.46884
1.459871
1.45859
1.459871
1.454746
1.453465
1.452183
1.450902
1.447058
1.448339
1.444495
1.447058
1.444495
1.447058
1.444495
1.443214
1.450902
1.443214
1.452183
1.443214
1.441933
1.435526
1.435526
1.435526
1.432963
1.432963
1.432963
1.436807
1.432963
1.4304
1.4304
1.434245
1.427838
1.427838
1.423994
1.423994
1.422713
1.422713
1.421431
1.42015
1.417587
1.42015
1.416306
1.421431
1.423994
1.417587
1.418869
1.415025
1.412462
1.413743
1.412462
1.408618
1.408618
1.407337
1.41118
1.404774
1.402211
1.40093
1.403493
1.403493
1.402211
1.40093
1.398367
1.404774
1.397086
1.395805
1.398367
1.395805
1.403493
1.395805
1.40093
1.393242
1.395805
1.394523
1.397086
1.390679
1.391961
1.393242
1.388117
1.384273
1.385554
1.388117
1.382991
1.385554
1.385554
1.382991
1.382991
1.38171
1.382991
1.384273
1.380429
1.377866
1.379147
1.376585
1.375303
1.384273
1.374022
1.376585
1.371459
1.377866
1.38171
1.367615
1.370178
1.374022
1.365053
1.368897
1.368897
1.367615
1.367615
1.361209
1.36249
1.36249
1.359927
1.363771
1.359927
1.358646
1.363771
1.358646
1.357365
1.352239
1.353521
1.359927
1.354802
1.356083
1.349677
1.353521
1.352239
1.356083
1.356083
1.345833
1.345833
1.34327
1.344551
1.350958
1.345833
1.341989
1.344551
1.340707
1.341989
1.345833
1.340707
1.335582
1.331738
1.336863
1.336863
1.334301
1.333019
1.331738
1.329175
1.330457
1.327894
1.330457
1.326613
1.325331
1.327894
1.32405
1.32405
1.321487
1.32405
1.330457
1.325331
1.325331
1.32405
1.318925
1.316362
1.321487
1.321487
1.316362
1.317643
1.311237
1.313799
1.312518
1.312518
1.313799
1.309955
1.307393
1.308674
1.309955
1.308674
1.317643
1.308674
1.307393
1.307393
1.303549
1.303549
1.303549
1.307393
1.300986
1.298423
1.297142
1.300986
1.298423
1.297142
1.297142
1.30483
1.298423
1.297142
1.295861
1.295861
1.300986
1.297142
1.289454
1.290735
1.288173
1.289454
1.288173
1.289454
1.293298
1.284329
1.286891
1.288173
1.290735
1.281766
1.284329
1.283047
1.281766
1.280485
1.283047
1.277922
1.288173
1.283047
1.280485
1.283047
1.281766
1.279203
1.280485
1.277922
1.276641
1.271515
1.272797
1.267671
1.271515
1.271515
1.271515
1.267671
1.26639
1.26639
1.26639
1.267671
1.263827
1.267671
1.262546
1.271515
1.259984
1.265109
1.263827
1.262546
1.263827
1.263827
1.265109
1.263827
1.270234
1.268953
1.262546
1.262546
1.25614
1.259984
1.262546
1.258702
1.257421
1.265109
1.257421
1.251014
1.249733
1.25614
1.251014
1.252295
1.251014
1.252295
1.248451
1.251014
1.24717
1.24717
1.24717
1.243326
1.245889
1.245889
1.242045
1.240764
1.240764
1.242045
1.244608
1.244608
1.240764
1.242045
1.235638
1.238201
1.23692
1.23692
1.23692
1.235638
1.242045
1.23692
1.233075
1.235638
1.235638
1.225388
1.229232
1.22795
1.226669
1.22795
1.226669
1.226669
1.225388
1.222825
1.221544
1.230513
1.221544
1.220262
1.224106
1.222825
1.222825
1.218981
1.221544
1.218981
1.222825
1.225388
1.218981
1.215137
1.215137
1.211293
1.210012
1.211293
1.213856
1.212574
1.213856
1.210012
1.210012
1.212574
1.212574
1.210012
1.210012
1.206168
1.204886
1.211293
1.206168
1.206168
1.203605
1.211293
1.211293
1.204886
1.207449
1.204886
1.202324
1.197198
1.199761
1.19848
1.197198
1.197198
1.194636
1.195917
1.190792
1.194636
1.195917
1.194636
1.195917
1.194636
1.192073
1.19848
1.194636
1.192073
1.193354
1.190792
1.195917
1.194636
1.190792
1.188229
1.185666
1.18951
1.188229
1.186948
1.18951
1.184385
1.180541
1.180541
1.177978
1.181822
1.181822
1.177978
1.181822
1.180541
1.185666
1.181822
1.17926
1.176697
1.180541
1.177978
1.184385
1.177978
1.17926
1.17926
1.183104
1.172853
1.171572
1.174134
1.17029
1.174134
1.175416
1.172853
1.176697
1.171572
1.171572
1.17029
1.165165
1.169009
1.166446
1.165165
1.166446
1.165165
1.165165
1.165165
1.162602
1.165165
1.171572
1.163884
1.163884
1.165165
1.158758
1.165165
1.167728
1.17029
1.158758
1.162602
1.157477
1.161321
1.161321
1.157477
1.166446
1.153633
1.157477
1.157477
1.154914
1.15107
1.148508
1.153633
1.152352
1.148508
1.152352
1.152352
1.145945
1.15107
1.15107
1.157477
1.149789
1.147226
1.145945
1.148508
1.15107
1.152352
1.144664
1.145945
1.148508
1.153633
1.145945
1.144664
1.152352
1.144664
1.142101
1.138257
1.138257
1.136976
1.135694
1.138257
1.139538
1.142101
1.134413
1.14082
1.136976
1.138257
1.136976
1.142101
1.134413
1.129288
1.130569
1.135694
1.13185
1.133132
1.13185
1.130569
1.130569
1.125444
1.126725
1.126725
1.122881
1.1216
1.126725
1.125444
1.126725
1.124162
1.128006
1.126725
1.1216
1.117756
1.1216
1.124162
1.1216
1.1216
1.120318
1.122881
1.119037
1.116474
1.120318
1.126725
1.122881
1.119037
1.11263
1.116474
1.122881
1.117756
1.11263
1.113912
1.111349
1.111349
1.111349
1.110068
1.11263
1.104942
1.116474
1.11263
1.11263
1.111349
1.111349
1.108786
1.106224
1.101098
1.10238
1.10238
1.10238
1.11263
1.107505
1.111349
1.113912
1.10238
1.099817
1.104942
1.11263
1.111349
1.106224
1.104942
1.106224
1.108786
1.103661
1.104942
1.106224
1.103661
1.10238
1.103661
1.097254
1.095973
1.09341
1.097254
1.095973
1.094692
1.10238
1.094692
1.098536
1.097254
1.094692
1.09341
1.099817
1.099817
1.095973
1.095973
1.098536
1.095973
1.092129
1.090848
1.090848
1.097254
1.090848
1.098536
1.085722
1.087004
1.088285
1.089566
1.094692
1.089566
1.084441
1.088285
1.092129
1.087004
1.087004
1.08316
1.085722
1.085722
1.079316
1.078035
1.081878
1.081878
1.080597
1.079316
1.078035
1.079316
1.07419
1.076753
1.078035
1.078035
1.084441
1.079316
1.076753
1.07419
1.075472
1.07419
1.080597
1.070346
1.071628
1.076753
1.080597
1.071628
1.07419
1.069065
1.071628
1.071628
1.070346
1.070346
1.069065
1.069065
1.06394
1.067784
1.066502
1.071628
1.069065
1.066502
1.06394
1.069065
1.067784
1.060096
1.062659
1.065221
1.066502
1.070346
1.062659
1.065221
1.061377
1.062659
1.070346
1.061377
1.054971
1.062659
1.070346
1.060096
1.061377
1.058815
1.061377
1.060096
1.056252
1.057533
1.056252
1.056252
1.052408
1.061377
1.054971
1.054971
1.052408
1.052408
1.058815
1.052408
1.049845
1.052408
1.049845
1.058815
1.057533
1.054971
1.062659
1.061377
1.060096
1.058815
1.065221
1.066502
1.060096
1.056252
1.062659
1.056252
1.053689
1.054971
1.054971
1.051126
1.052408
1.053689
1.053689
1.051126
1.048564
1.046001
1.052408
1.056252
1.051126
1.047283
1.052408
1.049845
1.051126
1.049845
1.049845
1.040876
1.047283
1.047283
1.048564
1.047283
1.040876
1.039595
1.042157
1.040876
1.040876
1.039595
1.043439
1.039595
1.035751
1.040876
1.038313
1.034469
1.043439
1.042157
1.04472
1.037032
1.035751
1.033188
1.033188
1.039595
1.035751
1.035751
1.039595
1.034469
1.031907
1.026781
1.031907
1.030625
1.028063
1.029344
1.031907
1.031907
1.029344
1.031907
1.028063
1.026781
1.035751
1.035751
1.028063
1.029344
1.029344
1.034469
1.031907
1.0255
1.022937
1.022937
1.031907
1.0255
1.021656
1.024219
1.029344
1.026781
1.028063
1.022937
1.024219
1.019093
1.020375
1.020375
1.017812
1.016531
1.015249
1.013968
1.017812
1.016531
1.024219
1.016531
1.021656
1.024219
1.019093
1.026781
1.021656
1.017812
1.011405
1.015249
1.021656
1.013968
1.013968
1.015249
1.017812
1.013968
1.008843
1.008843
1.007561
1.002436
1.007561
1.013968
1.00628
1.003717
1.007561
1.011405
1.008843
1.008843
1.003717
1.011405
1.001155
1.003717
1.004999
1.004999
1.004999
1.008843
1.00628
1.00628
0.9998733
1.002436
1.004999
0.998592
1.003717
1.001155
0.9960293
0.9973106
0.9960293
1.004999
1.004999
1.004999
1.004999
1.004999
1.004999
1.004999
1.004999
1.004999
1.004999
1.004999
1.004999
1.004999
1.004999
1.004999
1.004999
1.004999
1.004999
1.004999
0.9998733
0.9973106
0.9960293
0.9960293
0.9947479
0.9947479
0.990904
0.990904
0.98706
0.9883413
0.9883413
0.9883413
0.9857786
0.9844973
0.983216
0.9857786
0.9857786
0.9883413
0.9883413
0.990904
0.9921853
0.9960293
0.9883413
0.9844973
0.983216
0.9780906
0.9806533
0.9857786
0.9883413
0.9819347
0.9780906
0.9883413
0.9857786
0.9896227
0.9806533
0.98706
0.983216
0.9819347
0.9806533
0.9883413
0.979372
0.9691213
0.9768093
0.971684
0.975528
0.975528
0.9742467
0.975528
0.9742467
0.9742467
0.9742467
0.9780906
0.975528
0.971684
0.9806533
0.975528
0.975528
0.9806533
0.9768093
0.983216
0.979372
0.979372
0.9742467
0.9780906
0.979372
0.979372
0.9729654
0.96784
0.971684
0.9729654
0.9742467
0.9742467
0.979372
0.9780906
0.9652774
0.9768093
0.9729654
0.971684
0.9691213
0.9665587
0.9665587
0.9665587
0.963996
0.9627147
0.963996
0.9614334
0.9652774
0.9627147
0.9614334
0.960152
0.9627147
0.960152
0.9614334
0.9665587
0.960152
0.963996
0.9588707
0.960152
0.963996
0.956308
0.9575894
0.960152
0.960152
0.960152
0.9575894
0.960152
0.960152
0.960152
0.96784
0.956308
0.960152
0.9550267
0.9614334
0.963996
0.9575894
0.9627147
0.960152
0.9575894
0.952464
0.9627147
0.963996
0.9537454
0.9550267
0.9575894
0.9575894
0.9550267
0.9575894
0.9627147
0.960152
0.9550267
0.9550267
0.9499014
0.94862
0.9499014
0.94862
0.94862
0.9460574
0.94862
0.9460574
0.94862
0.94862
0.9499014
0.9434947
0.9959302
0.9933676
0.9933676
0.9933676
0.9933676
0.9920862
0.9908049
0.9920862
0.9972115
0.9895235
0.9908049
0.9895235
0.9895235
0.9895235
0.9946489
0.9869609
0.9946489
0.9920862
0.9869609
0.9856796
0.9882422
0.9856796
0.9869609
0.9882422
0.9882422
0.9908049
0.9856796
0.9869609
0.9856796
0.9843982
0.9920862
0.9869609
0.9856796
0.9831169
0.9831169
0.9843982
