1570268107.172
1570268107.422
1570268107.672
1570268107.922
1570268108.172
1570268108.422
1570268108.672
1570268108.922
1570268109.172
1570268109.422
1570268109.672
1570268109.922
1570268110.172
1570268110.422
1570268110.672
1570268110.922
1570268111.172
1570268111.422
1570268111.672
1570268111.922
1570268112.172
1570268112.422
1570268112.672
1570268112.922
1570268113.172
1570268113.422
1570268113.672
1570268113.922
1570268114.172
1570268114.422
1570268114.672
1570268114.922
1570268115.172
1570268115.422
1570268115.672
1570268115.922
1570268116.172
1570268116.422
1570268116.672
1570268116.922
1570268117.172
1570268117.422
1570268117.672
1570268117.922
1570268118.172
1570268118.422
1570268118.672
1570268118.922
1570268119.172
1570268119.422
1570268119.672
1570268119.922
1570268120.172
1570268120.422
1570268120.672
1570268120.922
1570268121.172
1570268121.422
1570268121.672
1570268121.922
1570268122.172
1570268122.422
1570268122.672
1570268122.922
1570268123.172
1570268123.422
1570268123.672
1570268123.922
1570268124.172
1570268124.422
1570268124.672
1570268124.922
1570268125.172
1570268125.422
1570268125.672
1570268125.922
1570268126.172
1570268126.422
1570268126.672
1570268126.922
1570268127.172
1570268127.422
1570268127.672
1570268127.922
1570268128.172
1570268128.422
1570268128.672
1570268128.922
1570268129.172
1570268129.422
1570268129.672
1570268129.922
1570268130.172
1570268130.422
1570268130.672
1570268130.922
1570268131.172
1570268131.422
1570268131.672
1570268131.922
1570268132.172
1570268132.422
1570268132.672
1570268132.922
1570268133.172
1570268133.422
1570268133.672
1570268133.922
1570268134.172
1570268134.422
1570268134.672
1570268134.922
1570268135.172
1570268135.422
1570268135.672
1570268135.922
1570268136.172
1570268136.422
1570268136.672
1570268136.922
1570268137.172
1570268137.422
1570268137.672
1570268137.922
1570268138.172
1570268138.422
1570268138.672
1570268138.922
1570268139.172
1570268139.422
1570268139.672
1570268139.922
1570268140.172
1570268140.422
1570268140.672
1570268140.922
1570268141.172
1570268141.422
1570268141.672
1570268141.922
1570268142.172
1570268142.422
1570268142.672
1570268142.922
1570268143.172
1570268143.422
1570268143.672
1570268143.922
1570268144.172
1570268144.422
1570268144.672
1570268144.922
1570268145.172
1570268145.422
1570268145.672
1570268145.922
1570268146.172
1570268146.422
1570268146.672
1570268146.922
1570268147.172
1570268147.422
1570268147.672
1570268147.922
1570268148.172
1570268148.422
1570268148.672
1570268148.922
1570268149.172
1570268149.422
1570268149.672
1570268149.922
1570268150.172
1570268150.422
1570268150.672
1570268150.922
1570268151.172
1570268151.422
1570268151.672
1570268151.922
1570268152.172
1570268152.422
1570268152.672
1570268152.922
1570268153.172
1570268153.422
1570268153.672
1570268153.922
1570268154.172
1570268154.422
1570268154.672
1570268154.922
1570268155.172
1570268155.422
1570268155.672
1570268155.922
1570268156.172
1570268156.422
1570268156.672
1570268156.922
1570268157.172
1570268157.422
1570268157.672
1570268157.922
1570268158.172
1570268158.422
1570268158.672
1570268158.922
1570268159.172
1570268159.422
1570268159.672
1570268159.922
1570268160.172
1570268160.422
1570268160.672
1570268160.922
1570268161.172
1570268161.422
1570268161.672
1570268161.922
1570268162.172
1570268162.422
1570268162.672
1570268162.922
1570268163.172
1570268163.422
1570268163.672
1570268163.922
1570268164.172
1570268164.422
1570268164.672
1570268164.922
1570268165.172
1570268165.422
1570268165.672
1570268165.922
1570268166.172
1570268166.422
1570268166.672
1570268166.922
1570268167.172
1570268167.422
1570268167.672
1570268167.922
1570268168.172
1570268168.422
1570268168.672
1570268168.922
1570268169.172
1570268169.422
1570268169.672
1570268169.922
1570268170.172
1570268170.422
1570268170.672
1570268170.922
1570268171.172
1570268171.422
1570268171.672
1570268171.922
1570268172.172
1570268172.422
1570268172.672
1570268172.922
1570268173.172
1570268173.422
1570268173.672
1570268173.922
1570268174.172
1570268174.422
1570268174.672
1570268174.922
1570268175.172
1570268175.422
1570268175.672
1570268175.922
1570268176.172
1570268176.422
1570268176.672
1570268176.922
1570268177.172
1570268177.422
1570268177.672
1570268177.922
1570268178.172
1570268178.422
1570268178.672
1570268178.922
1570268179.172
1570268179.422
1570268179.672
1570268179.922
1570268180.172
1570268180.422
1570268180.672
1570268180.922
1570268181.172
1570268181.422
1570268181.672
1570268181.922
1570268182.172
1570268182.422
1570268182.672
1570268182.922
1570268183.172
1570268183.422
1570268183.672
1570268183.922
1570268184.172
1570268184.422
1570268184.672
1570268184.922
1570268185.172
1570268185.422
1570268185.672
1570268185.922
1570268186.172
1570268186.422
1570268186.672
1570268186.922
1570268187.172
1570268187.422
1570268187.672
1570268187.922
1570268188.172
1570268188.422
1570268188.672
1570268188.922
1570268189.172
1570268189.422
1570268189.672
1570268189.922
1570268190.172
1570268190.422
1570268190.672
1570268190.922
1570268191.172
1570268191.422
1570268191.672
1570268191.922
1570268192.172
1570268192.422
1570268192.672
1570268192.922
1570268193.172
1570268193.422
1570268193.672
1570268193.922
1570268194.172
1570268194.422
1570268194.672
1570268194.922
1570268195.172
1570268195.422
1570268195.672
1570268195.922
1570268196.172
1570268196.422
1570268196.672
1570268196.922
1570268197.172
1570268197.422
1570268197.672
1570268197.922
1570268198.172
1570268198.422
1570268198.672
1570268198.922
1570268199.172
1570268199.422
1570268199.672
1570268199.922
1570268200.172
1570268200.422
1570268200.672
1570268200.922
1570268201.172
1570268201.422
1570268201.672
1570268201.922
1570268202.172
1570268202.422
1570268202.672
1570268202.922
1570268203.172
1570268203.422
1570268203.672
1570268203.922
1570268204.172
1570268204.422
1570268204.672
1570268204.922
1570268205.172
1570268205.422
1570268205.672
1570268205.922
1570268206.172
1570268206.422
1570268206.672
1570268206.922
1570268207.172
1570268207.422
1570268207.672
1570268207.922
1570268208.172
1570268208.422
1570268208.672
1570268208.922
1570268209.172
1570268209.422
1570268209.672
1570268209.922
1570268210.172
1570268210.422
1570268210.672
1570268210.922
1570268211.172
1570268211.422
1570268211.672
1570268211.922
1570268212.172
1570268212.422
1570268212.672
1570268212.922
1570268213.172
1570268213.422
1570268213.672
1570268213.922
1570268214.172
1570268214.422
1570268214.672
1570268214.922
1570268215.172
1570268215.422
1570268215.672
1570268215.922
1570268216.172
1570268216.422
1570268216.672
1570268216.922
1570268217.172
1570268217.422
1570268217.672
1570268217.922
1570268218.172
1570268218.422
1570268218.672
1570268218.922
1570268219.172
1570268219.422
1570268219.672
1570268219.922
1570268220.172
1570268220.422
1570268220.672
1570268220.922
1570268221.172
1570268221.422
1570268221.672
1570268221.922
1570268222.172
1570268222.422
1570268222.672
1570268222.922
1570268223.172
1570268223.422
1570268223.672
1570268223.922
1570268224.172
1570268224.422
1570268224.672
1570268224.922
1570268225.172
1570268225.422
1570268225.672
1570268225.922
1570268226.172
1570268226.422
1570268226.672
1570268226.922
1570268227.172
1570268227.422
1570268227.672
1570268227.922
1570268228.172
1570268228.422
1570268228.672
1570268228.922
1570268229.172
1570268229.422
1570268229.672
1570268229.922
1570268230.172
1570268230.422
1570268230.672
1570268230.922
1570268231.172
1570268231.422
1570268231.672
1570268231.922
1570268232.172
1570268232.422
1570268232.672
1570268232.922
1570268233.172
1570268233.422
1570268233.672
1570268233.922
1570268234.172
1570268234.422
1570268234.672
1570268234.922
1570268235.172
1570268235.422
1570268235.672
1570268235.922
1570268236.172
1570268236.422
1570268236.672
1570268236.922
1570268237.172
1570268237.422
1570268237.672
1570268237.922
1570268238.172
1570268238.422
1570268238.672
1570268238.922
1570268239.172
1570268239.422
1570268239.672
1570268239.922
1570268240.172
1570268240.422
1570268240.672
1570268240.922
1570268241.172
1570268241.422
1570268241.672
1570268241.922
1570268242.172
1570268242.422
1570268242.672
1570268242.922
1570268243.172
1570268243.422
1570268243.672
1570268243.922
1570268244.172
1570268244.422
1570268244.672
1570268244.922
1570268245.172
1570268245.422
1570268245.672
1570268245.922
1570268246.172
1570268246.422
1570268246.672
1570268246.922
1570268247.172
1570268247.422
1570268247.672
1570268247.922
1570268248.172
1570268248.422
1570268248.672
1570268248.922
1570268249.172
1570268249.422
1570268249.672
1570268249.922
1570268250.172
1570268250.422
1570268250.672
1570268250.922
1570268251.172
1570268251.422
1570268251.672
1570268251.922
1570268252.172
1570268252.422
1570268252.672
1570268252.922
1570268253.172
1570268253.422
1570268253.672
1570268253.922
1570268254.172
1570268254.422
1570268254.672
1570268254.922
1570268255.172
1570268255.422
1570268255.672
1570268255.922
1570268256.172
1570268256.422
1570268256.672
1570268256.922
1570268257.172
1570268257.422
1570268257.672
1570268257.922
1570268258.172
1570268258.422
1570268258.672
1570268258.922
1570268259.172
1570268259.422
1570268259.672
1570268259.922
1570268260.172
1570268260.422
1570268260.672
1570268260.922
1570268261.172
1570268261.422
1570268261.672
1570268261.922
1570268262.172
1570268262.422
1570268262.672
1570268262.922
1570268263.172
1570268263.422
1570268263.672
1570268263.922
1570268264.172
1570268264.422
1570268264.672
1570268264.922
1570268265.172
1570268265.422
1570268265.672
1570268265.922
1570268266.172
1570268266.422
1570268266.672
1570268266.922
1570268267.172
1570268267.422
1570268267.672
1570268267.922
1570268268.172
1570268268.422
1570268268.672
1570268268.922
1570268269.172
1570268269.422
1570268269.672
1570268269.922
1570268270.172
1570268270.422
1570268270.672
1570268270.922
1570268271.172
1570268271.422
1570268271.672
1570268271.922
1570268272.172
1570268272.422
1570268272.672
1570268272.922
1570268273.172
1570268273.422
1570268273.672
1570268273.922
1570268274.172
1570268274.422
1570268274.672
1570268274.922
1570268275.172
1570268275.422
1570268275.672
1570268275.922
1570268276.172
1570268276.422
1570268276.672
1570268276.922
1570268277.172
1570268277.422
1570268277.672
1570268277.922
1570268278.172
1570268278.422
1570268278.672
1570268278.922
1570268279.172
1570268279.422
1570268279.672
1570268279.922
1570268280.172
1570268280.422
1570268280.672
1570268280.922
1570268281.172
1570268281.422
1570268281.672
1570268281.922
1570268282.172
1570268282.422
1570268282.672
1570268282.922
1570268283.172
1570268283.422
1570268283.672
1570268283.922
1570268284.172
1570268284.422
1570268284.672
1570268284.922
1570268285.172
1570268285.422
1570268285.672
1570268285.922
1570268286.172
1570268286.422
1570268286.672
1570268286.922
1570268287.172
1570268287.422
1570268287.672
1570268287.922
1570268288.172
1570268288.422
1570268288.672
1570268288.922
1570268289.172
1570268289.422
1570268289.672
1570268289.922
1570268290.172
1570268290.422
1570268290.672
1570268290.922
1570268291.172
1570268291.422
1570268291.672
1570268291.922
1570268292.172
1570268292.422
1570268292.672
1570268292.922
1570268293.172
1570268293.422
1570268293.672
1570268293.922
1570268294.172
1570268294.422
1570268294.672
1570268294.922
1570268295.172
1570268295.422
1570268295.672
1570268295.922
1570268296.172
1570268296.422
1570268296.672
1570268296.922
1570268297.172
1570268297.422
1570268297.672
1570268297.922
1570268298.172
1570268298.422
1570268298.672
1570268298.922
1570268299.172
1570268299.422
1570268299.672
1570268299.922
1570268300.172
1570268300.422
1570268300.672
1570268300.922
1570268301.172
1570268301.422
1570268301.672
1570268301.922
1570268302.172
1570268302.422
1570268302.672
1570268302.922
1570268303.172
1570268303.422
1570268303.672
1570268303.922
1570268304.172
1570268304.422
1570268304.672
1570268304.922
1570268305.172
1570268305.422
1570268305.672
1570268305.922
1570268306.172
1570268306.422
1570268306.672
1570268306.922
1570268307.172
1570268307.422
1570268307.672
1570268307.922
1570268308.172
1570268308.422
1570268308.672
1570268308.922
1570268309.172
1570268309.422
1570268309.672
1570268309.922
1570268310.172
1570268310.422
1570268310.672
1570268310.922
1570268311.172
1570268311.422
1570268311.672
1570268311.922
1570268312.172
1570268312.422
1570268312.672
1570268312.922
1570268313.172
1570268313.422
1570268313.672
1570268313.922
1570268314.172
1570268314.422
1570268314.672
1570268314.922
1570268315.172
1570268315.422
1570268315.672
1570268315.922
1570268316.172
1570268316.422
1570268316.672
1570268316.922
1570268317.172
1570268317.422
1570268317.672
1570268317.922
1570268318.172
1570268318.422
1570268318.672
1570268318.922
1570268319.172
1570268319.422
1570268319.672
1570268319.922
1570268320.172
1570268320.422
1570268320.672
1570268320.922
1570268321.172
1570268321.422
1570268321.672
1570268321.922
1570268322.172
1570268322.422
1570268322.672
1570268322.922
1570268323.172
1570268323.422
1570268323.672
1570268323.922
1570268324.172
1570268324.422
1570268324.672
1570268324.922
1570268325.172
1570268325.422
1570268325.672
1570268325.922
1570268326.172
1570268326.422
1570268326.672
1570268326.922
1570268327.172
1570268327.422
1570268327.672
1570268327.922
1570268328.172
1570268328.422
1570268328.672
1570268328.922
1570268329.172
1570268329.422
1570268329.672
1570268329.922
1570268330.172
1570268330.422
1570268330.672
1570268330.922
1570268331.172
1570268331.422
1570268331.672
1570268331.922
1570268332.172
1570268332.422
1570268332.672
1570268332.922
1570268333.172
1570268333.422
1570268333.672
1570268333.922
1570268334.172
1570268334.422
1570268334.672
1570268334.922
1570268335.172
1570268335.422
1570268335.672
1570268335.922
1570268336.172
1570268336.422
1570268336.672
1570268336.922
1570268337.172
1570268337.422
1570268337.672
1570268337.922
1570268338.172
1570268338.422
1570268338.672
1570268338.922
1570268339.172
1570268339.422
1570268339.672
1570268339.922
1570268340.172
1570268340.422
1570268340.672
1570268340.922
1570268341.172
1570268341.422
1570268341.672
1570268341.922
1570268342.172
1570268342.422
1570268342.672
1570268342.922
1570268343.172
1570268343.422
1570268343.672
1570268343.922
1570268344.172
1570268344.422
1570268344.672
1570268344.922
1570268345.172
1570268345.422
1570268345.672
1570268345.922
1570268346.172
1570268346.422
1570268346.672
1570268346.922
1570268347.172
1570268347.422
1570268347.672
1570268347.922
1570268348.172
1570268348.422
1570268348.672
1570268348.922
1570268349.172
1570268349.422
1570268349.672
1570268349.922
1570268350.172
1570268350.422
1570268350.672
1570268350.922
1570268351.172
1570268351.422
1570268351.672
1570268351.922
1570268352.172
1570268352.422
1570268352.672
1570268352.922
1570268353.172
1570268353.422
1570268353.672
1570268353.922
1570268354.172
1570268354.422
1570268354.672
1570268354.922
1570268355.172
1570268355.422
1570268355.672
1570268355.922
1570268356.172
1570268356.422
1570268356.672
1570268356.922
1570268357.172
1570268357.422
1570268357.672
1570268357.922
1570268358.172
1570268358.422
1570268358.672
1570268358.922
1570268359.172
1570268359.422
1570268359.672
1570268359.922
1570268360.172
1570268360.422
1570268360.672
1570268360.922
1570268361.172
1570268361.422
1570268361.672
1570268361.922
1570268362.172
1570268362.422
1570268362.672
1570268362.922
1570268363.172
1570268363.422
1570268363.672
1570268363.922
1570268364.172
1570268364.422
1570268364.672
1570268364.922
1570268365.172
1570268365.422
1570268365.672
1570268365.922
1570268366.172
1570268366.422
1570268366.672
1570268366.922
1570268367.172
1570268367.422
1570268367.672
1570268367.922
1570268368.172
1570268368.422
1570268368.672
1570268368.922
1570268369.172
1570268369.422
1570268369.672
1570268369.922
1570268370.172
1570268370.422
1570268370.672
1570268370.922
1570268371.172
1570268371.422
1570268371.672
1570268371.922
1570268372.172
1570268372.422
1570268372.672
1570268372.922
1570268373.172
1570268373.422
1570268373.672
1570268373.922
1570268374.172
1570268374.422
1570268374.672
1570268374.922
1570268375.172
1570268375.422
1570268375.672
1570268375.922
1570268376.172
1570268376.422
1570268376.672
1570268376.922
1570268377.172
1570268377.422
1570268377.672
1570268377.922
1570268378.172
1570268378.422
1570268378.672
1570268378.922
1570268379.172
1570268379.422
1570268379.672
1570268379.922
1570268380.172
1570268380.422
1570268380.672
1570268380.922
1570268381.172
1570268381.422
1570268381.672
1570268381.922
1570268382.172
1570268382.422
1570268382.672
1570268382.922
1570268383.172
1570268383.422
1570268383.672
1570268383.922
1570268384.172
1570268384.422
1570268384.672
1570268384.922
1570268385.172
1570268385.422
1570268385.672
1570268385.922
1570268386.172
1570268386.422
1570268386.672
1570268386.922
1570268387.172
1570268387.422
1570268387.672
1570268387.922
1570268388.172
1570268388.422
1570268388.672
1570268388.922
1570268389.172
1570268389.422
1570268389.672
1570268389.922
1570268390.172
1570268390.422
1570268390.672
1570268390.922
1570268391.172
1570268391.422
1570268391.672
1570268391.922
1570268392.172
1570268392.422
1570268392.672
1570268392.922
1570268393.172
1570268393.422
1570268393.672
1570268393.922
1570268394.172
1570268394.422
1570268394.672
1570268394.922
1570268395.172
1570268395.422
1570268395.672
1570268395.922
1570268396.172
1570268396.422
1570268396.672
1570268396.922
1570268397.172
1570268397.422
1570268397.672
1570268397.922
1570268398.172
1570268398.422
1570268398.672
1570268398.922
1570268399.172
1570268399.422
1570268399.672
1570268399.922
1570268400.172
1570268400.422
1570268400.672
1570268400.922
1570268401.172
1570268401.422
1570268401.672
1570268401.922
1570268402.172
1570268402.422
1570268402.672
1570268402.922
1570268403.172
1570268403.422
1570268403.672
1570268403.922
1570268404.172
1570268404.422
1570268404.672
1570268404.922
1570268405.172
1570268405.422
1570268405.672
1570268405.922
1570268406.172
1570268406.422
1570268406.672
1570268406.922
