2.944542
2.96248
2.967606
2.972731
2.979137
2.970168
2.950948
2.939416
2.926603
2.916352
2.908664
2.895851
2.883038
2.871506
2.862536
2.84716
2.831784
2.813846
2.801033
2.793344
2.784375
2.780531
2.770281
2.766437
2.756186
2.749779
2.745935
2.742091
2.743373
2.729278
2.726715
2.722871
2.726715
2.74081
2.747217
2.739529
2.734403
2.733122
2.735685
2.72159
2.722871
2.704933
2.692119
2.690838
2.694682
2.681869
2.689557
2.704933
2.738247
2.763874
2.780531
2.785656
2.794626
2.781812
2.771562
2.754905
2.748498
2.735685
2.720309
2.72159
2.726715
2.756186
2.812564
2.861255
2.903539
2.935572
2.958636
2.976575
2.986825
2.984263
2.975294
2.96248
2.956074
2.940698
2.91379
2.893288
2.879194
2.877912
2.858692
2.849723
2.833066
2.829222
2.821534
2.813846
2.810002
2.797189
2.788219
2.77925
2.770281
2.768999
2.766437
2.749779
2.739529
2.735685
2.733122
2.727997
2.722871
2.716465
2.713902
2.710058
2.708777
2.706214
2.701089
2.695963
2.689557
2.685713
2.681869
2.672899
2.666493
2.665211
2.66393
2.656242
2.653679
2.64471
2.652398
2.64471
2.652398
2.654961
2.662649
2.653679
2.647273
2.643429
2.642148
2.640866
2.634459
2.638304
2.635741
2.619083
2.616521
2.612677
2.607552
2.604989
2.601145
2.594738
2.590894
2.594738
2.58705
2.585769
2.580644
2.574237
2.574237
2.574237
2.575518
2.5768
2.579362
2.574237
2.575518
2.56783
2.565268
2.570393
2.570393
2.565268
2.55758
2.553735
2.555017
2.556298
2.558861
2.54861
2.549892
2.54861
2.547329
2.565268
2.58705
2.628053
2.666493
2.701089
2.729278
2.743373
2.745935
2.752342
2.75106
2.747217
2.734403
2.731841
2.716465
2.701089
2.685713
2.674181
2.670337
2.648554
2.64471
2.630615
2.616521
2.615239
2.607552
2.599864
2.604989
2.58705
2.589613
2.599864
2.597301
2.603708
2.603708
2.603708
2.601145
2.597301
2.590894
2.58705
2.578081
2.571674
2.56783
2.565268
2.571674
2.563986
2.553735
2.542204
2.54861
2.561424
2.597301
2.637022
2.666493
2.703651
2.729278
2.745935
2.748498
2.744654
2.733122
2.726715
2.708777
2.690838
2.680587
2.665211
2.652398
2.638304
2.624209
2.622927
2.622927
2.624209
2.62549
2.621646
2.615239
2.612677
2.601145
2.592175
2.580644
2.575518
2.570393
2.562705
2.560142
2.560142
2.560142
2.546048
2.535797
2.537078
2.539641
2.539641
2.534516
2.530672
2.546048
2.563986
2.574237
2.585769
2.594738
2.59602
2.585769
2.574237
2.570393
2.563986
2.556298
2.549892
2.547329
2.530672
2.525546
2.511452
2.51017
2.49992
2.498638
2.49095
2.489669
2.492232
2.483262
2.4807
2.475574
2.473012
2.470449
2.462761
2.46148
2.466605
2.453792
2.453792
2.46148
2.46148
2.462761
2.455073
2.447385
2.463983
2.462701
2.465264
2.472952
2.467826
2.465264
2.465264
2.46142
2.455013
2.455013
2.455013
2.451169
2.457576
2.453732
2.439637
2.429387
2.430668
2.426824
2.421699
2.426824
2.433231
2.440918
2.446044
2.456295
2.451169
2.448606
2.444762
2.437074
2.431949
2.426824
2.421699
2.424261
2.414011
2.410167
2.410167
2.410167
2.407604
2.406322
2.393509
2.389665
2.388384
2.390947
2.383259
2.381977
2.380696
2.381977
2.383259
2.385821
2.380696
2.388384
2.387103
2.38454
2.38454
2.378133
2.376852
2.373008
2.371727
2.364039
2.367883
2.360195
2.355069
2.348663
2.339693
2.338412
2.3461
2.335849
2.328161
2.335849
2.324317
2.321755
2.315348
2.328161
2.362757
2.408885
2.465264
2.512673
2.547269
2.579302
2.581865
2.579302
2.572896
2.56777
2.561364
2.560082
2.554957
2.542144
2.533174
2.520361
2.512673
2.49986
2.487046
2.475514
2.47167
2.458857
2.451169
2.444762
2.443481
2.447325
2.444762
2.443481
2.4422
2.430668
2.425543
2.424261
2.419136
2.412729
2.415292
2.412729
2.405041
2.399916
2.385821
2.38454
2.380696
2.374289
2.371727
2.369164
2.364039
2.360195
2.356351
2.349944
2.351225
2.348663
2.353788
2.36532
2.375571
2.389665
2.389665
2.390947
2.399916
2.389665
2.392228
2.38454
2.376852
2.371727
2.367883
2.358913
2.351225
2.347381
2.342256
2.351225
2.383259
2.434512
2.476796
2.520361
2.549832
2.571614
2.588272
2.56777
2.560082
2.54855
2.534456
2.520361
2.508829
2.496016
2.481921
2.487046
2.484484
2.481921
2.484484
2.483202
2.48064
2.47167
2.462701
2.456295
2.446044
2.435793
2.428105
2.420417
2.419136
2.407604
2.398635
2.393509
2.389665
2.387103
2.381977
2.375571
2.370445
2.375571
2.367883
2.356351
2.353788
2.357632
2.348663
2.351225
2.340975
2.333287
2.329443
2.330724
2.321755
2.316629
2.310223
2.302535
2.305097
2.305097
2.296128
2.29741
2.296128
2.296128
2.29741
2.302535
2.302535
2.298691
2.298691
2.292284
2.291003
2.296128
2.283315
2.275627
2.274345
2.270501
2.267939
2.264095
2.264095
2.256407
2.257688
2.255126
2.251281
2.247437
2.246156
2.241031
2.243593
2.244875
2.243593
2.242312
2.241031
2.235906
2.234624
2.238468
2.23078
2.233343
2.228218
2.226936
2.219248
2.217967
2.216686
2.208997
2.216686
2.219248
2.205154
2.205154
2.203872
2.20131
2.205154
2.198747
2.20131
2.206435
2.212842
2.212842
2.219248
2.224374
2.214123
2.217967
2.215404
2.22053
2.214123
2.217967
2.217967
2.106491
2.175683
2.097522
2.078302
2.128274
2.170558
2.17312
2.205154
2.221811
2.266658
2.332005
2.416573
2.488328
2.540862
2.580584
2.604929
2.610054
2.616461
2.617742
2.612617
2.59596
2.57674
2.545988
2.539581
2.515236
2.497297
2.475514
2.455013
2.439637
2.425543
2.414011
2.402478
2.393509
2.390947
2.381977
2.373008
2.373008
2.376852
2.381977
2.401197
2.439637
2.469108
2.498578
2.525486
2.525486
2.528049
2.516517
2.508829
2.501141
2.48064
2.469108
2.451169
2.4422
2.431949
2.420417
2.410167
2.405041
2.394791
2.390947
2.375571
2.371727
2.375571
2.373008
2.376852
2.378133
2.375571
2.367883
2.374289
2.360195
2.356351
2.357632
2.344819
2.335849
2.337131
2.339693
2.325599
2.321755
2.319192
2.314067
2.30766
2.302535
2.29741
2.302535
2.293566
2.299972
2.306379
2.319192
2.324317
2.333287
2.3461
2.347381
2.347381
2.343537
2.3461
2.329443
2.330724
2.319192
2.311504
2.303816
2.298691
2.291003
2.284596
2.280752
2.274345
2.26922
2.261532
2.25897
2.255126
2.255126
2.251281
2.242312
2.251281
2.25
2.237187
2.235906
2.23078
2.233343
2.23078
2.224374
2.224374
2.219248
2.214123
2.224374
2.219248
2.216686
2.216686
2.21156
2.212842
2.208997
2.206435
2.203872
2.198747
2.185934
2.187215
2.185934
2.185934
2.187215
2.188496
2.185934
2.185934
2.187215
2.184652
2.184652
2.180808
2.183371
2.184652
2.185934
2.187215
2.183371
2.174402
2.171839
2.170558
2.16287
2.164151
2.167995
2.171839
2.17312
2.191059
2.198747
2.206435
2.216686
2.223092
2.232062
2.237187
2.243593
2.248719
2.246156
2.239749
2.239749
2.234624
2.223092
2.214123
2.206435
2.200028
2.193622
2.188496
2.180808
2.176964
2.171839
2.179527
2.175683
2.166714
2.161588
2.164151
2.150056
2.147494
2.139806
2.138524
2.14365
2.139806
2.138524
2.132118
2.132118
2.129555
2.130836
2.128274
2.129555
2.120586
2.110335
2.11546
2.107772
2.10521
2.102647
2.101366
2.097522
2.098803
2.094959
2.092396
2.091115
2.08599
2.08599
2.083427
2.082146
2.078302
2.079583
2.083427
2.084708
2.075739
2.084708
2.071895
2.069333
2.073176
2.074458
2.075739
2.074458
2.071895
2.068051
2.064207
2.065489
2.064207
2.060363
2.065489
2.060363
2.059082
2.056519
2.048831
2.056519
2.046268
2.044987
2.043706
2.039862
2.039862
2.034737
2.029611
2.025767
2.030893
2.025767
2.025767
2.024486
2.029611
2.027049
2.021923
2.012954
2.010391
2.014235
2.00911
2.010391
2.012954
2.007829
2.005266
2.003985
2.005266
2.012954
2.007829
1.997578
2.002703
2.006547
2.005266
2.001422
1.998859
1.996297
2.002703
1.98989
1.986046
1.987327
1.984765
1.988609
1.987327
1.986046
1.983483
1.982202
1.979639
1.974514
1.974514
1.975795
1.975795
1.97067
1.983483
1.978358
1.978358
1.974514
1.975795
1.979639
1.969389
1.962982
1.959138
1.956575
1.952731
1.962982
1.956575
1.950169
1.945043
1.967478
1.975165
1.967478
1.963634
1.966196
1.964915
1.963634
1.954664
1.952102
1.946976
1.945695
1.945695
1.941851
1.94057
1.938007
1.934163
1.938007
1.932882
1.932882
1.930319
1.927756
1.936726
1.939288
1.946976
1.967478
1.97004
1.982854
1.973884
1.980291
1.972603
1.973884
1.966196
1.963634
1.95979
1.953383
1.954664
1.953383
1.954664
1.953383
1.94057
1.94057
1.94057
1.95082
1.95979
1.968759
1.980291
1.982854
1.976447
1.986698
1.985416
1.981572
1.980291
1.976447
1.973884
1.97004
1.966196
1.972603
1.990541
1.994385
2.005918
2.014887
2.017449
2.014887
2.013605
2.018731
2.004636
1.999511
1.990541
1.982854
1.976447
1.972603
1.966196
1.961071
1.958508
1.958508
1.961071
1.971322
1.975165
1.986698
1.986698
1.990541
1.98926
1.98926
1.980291
1.993104
1.98926
1.980291
1.982854
1.982854
1.97901
1.984135
1.972603
1.966196
1.964915
1.95082
1.953383
1.952102
1.94057
1.939288
1.935444
1.936726
1.932882
1.929038
1.926475
1.925194
1.917506
1.927756
1.922631
1.925194
1.92135
1.918787
1.922631
1.918787
1.91238
1.908536
1.905974
1.90213
1.907255
1.898286
1.89316
1.889316
1.889316
1.889316
1.891879
1.891879
1.890598
1.897004
1.891879
1.894442
1.899567
1.894442
1.89316
1.89316
1.894442
1.895723
1.895723
1.890598
1.890598
1.884191
1.886754
1.88291
1.88291
1.877784
1.87394
1.871378
1.870096
1.875222
1.864971
1.864971
1.859846
1.858564
1.866252
1.87394
1.870096
1.875222
1.875222
1.884191
1.877784
1.880347
1.876503
1.879066
1.876503
1.866252
1.861127
1.856002
1.857283
1.858564
1.85472
1.852158
1.850876
1.850876
1.849595
1.848314
1.84447
1.850876
1.845751
1.845751
1.850876
1.858564
1.866252
1.877784
1.876503
1.870096
1.86369
1.861127
1.853439
1.850876
1.848314
1.841907
1.841907
1.8355
1.832938
1.831656
1.827812
1.831656
1.829094
1.830375
1.832938
1.831656
1.830375
1.831656
1.827812
1.826531
1.823969
1.818843
1.826531
1.823969
1.818843
1.814999
1.811155
1.809874
1.812436
1.811155
1.808593
1.809874
1.808593
1.81628
1.812436
1.821406
1.811155
1.813718
1.809874
1.811155
1.804749
1.808593
1.799623
1.795779
1.791935
1.790654
1.788091
1.793217
1.794498
1.807311
1.80603
1.80603
1.804749
1.809874
1.79706
1.808593
1.799623
1.803467
1.794498
1.798342
1.790654
1.790654
1.789373
1.780403
1.775278
1.777841
1.775278
1.773997
1.772715
1.777841
1.782966
1.799623
1.812436
1.821406
1.830375
1.839345
1.839345
1.839345
1.8355
1.832938
1.826531
1.821406
1.813718
1.80603
1.803467
1.798342
1.798342
1.793217
1.793217
1.790654
1.782966
1.78681
1.776559
1.777841
1.776559
1.777841
1.773997
1.781685
1.775278
1.773997
1.771434
1.771434
1.772715
1.781685
1.779122
1.791935
1.795779
1.807311
1.823969
1.826531
1.838063
1.843188
1.839345
1.836782
1.834219
1.822687
1.818843
1.818843
1.81628
1.817562
1.809874
1.811155
1.813718
1.808593
1.804749
1.800905
1.79706
1.793217
1.788091
1.782966
1.780403
1.781685
1.776559
1.780403
1.771434
1.779122
1.766309
1.770153
1.761183
1.768871
1.753495
1.752214
1.747089
1.745807
1.749651
1.744526
1.745807
1.752214
1.743245
1.753495
1.749651
1.749651
1.750933
1.74837
1.749651
1.756058
1.750933
1.744526
1.740682
1.739401
1.749651
1.740682
1.736838
1.736838
1.721462
1.730431
1.730431
1.730431
1.730431
1.725306
1.72915
1.72915
1.722743
1.722743
1.721462
1.713774
1.711211
1.713774
1.711211
1.712493
1.713774
1.716337
1.708649
1.706086
1.708649
1.707367
1.712493
1.712493
1.711211
1.713774
1.712493
1.706086
1.700961
1.703523
1.706086
1.700961
1.699679
1.689429
1.706086
1.695835
1.695835
1.693273
1.697117
1.703523
1.698398
1.698398
1.697117
1.698398
1.697117
1.693273
1.689429
1.694554
1.689429
1.693273
1.685585
1.684303
1.683022
1.676615
1.674053
1.672771
1.672771
1.679178
1.672771
1.683022
1.680459
1.681741
1.672771
1.679178
1.675334
1.666365
1.662521
1.67149
1.661239
1.662521
1.658677
1.657395
1.657395
1.658677
1.659958
1.654833
1.648426
1.647145
1.647145
1.648426
1.645863
1.647145
1.643301
1.640738
1.639457
1.64202
1.638175
1.636894
1.638175
1.631769
1.64202
1.63305
1.629206
1.630487
1.635613
1.624081
1.625362
1.631769
1.634331
1.620237
1.621518
1.624081
1.6228
1.629206
1.625362
1.618955
1.617674
1.618955
1.618955
1.629206
1.6228
1.621518
1.617674
1.615111
1.61383
1.612549
1.61383
1.618955
1.618955
1.620237
1.620237
1.615111
1.616393
1.616393
1.615111
1.615111
1.612549
1.609986
1.616393
1.606142
1.602298
1.602298
1.598454
1.601017
1.609986
1.621518
1.635613
1.654833
1.663802
1.680459
1.677897
1.680459
1.688147
1.677897
1.672771
1.670209
1.662521
1.657395
1.649707
1.647145
1.644582
1.640738
1.634331
1.634331
1.627925
1.625362
1.629206
1.6228
1.620237
1.616393
1.615111
1.611268
1.608705
1.616393
1.606142
1.599735
1.604861
1.606142
1.599735
1.598454
1.604861
1.597173
1.592048
1.598454
1.595892
1.588204
1.583078
1.579234
1.577953
1.581797
1.57539
1.57539
1.574109
1.574109
1.572828
1.574109
1.570265
1.574109
1.568984
1.570265
1.567702
1.566421
1.567702
1.56514
1.563858
1.562577
1.562577
1.571546
1.56514
1.579234
1.576672
1.581797
1.577953
1.585641
1.583078
1.577953
1.585641
1.577953
1.574109
1.570265
1.568984
1.57539
1.563858
1.570265
1.561296
1.571546
1.577953
1.585641
1.59461
1.598454
1.59461
1.598454
1.595892
1.592048
1.585641
1.581797
1.574109
1.577953
1.568984
1.56514
1.561296
1.560014
1.553608
1.552326
1.553608
1.549764
1.548482
1.54592
1.543357
1.54592
1.539513
1.539513
1.534388
1.534388
1.534388
1.533106
1.533106
1.530544
1.527981
1.527981
1.529262
1.529262
1.5267
1.520293
1.520293
1.520293
1.519012
1.522856
1.519012
1.527981
1.519012
1.519012
1.516449
1.519012
1.516449
1.516449
1.527981
1.51773
1.511324
1.51773
1.513886
1.51773
1.516449
1.516449
1.521574
1.519012
1.521574
1.529262
1.524137
1.521574
1.521574
1.521574
1.515168
1.513886
1.513886
1.510042
1.503636
1.506198
1.502354
1.501073
1.499792
1.497229
1.492104
1.494666
1.492104
1.48826
1.484416
1.485697
1.489541
1.499792
1.489541
1.490822
1.489541
1.486978
1.490822
1.492104
1.48826
1.484416
1.47929
1.483134
1.493385
1.510042
1.51773
1.53695
1.54592
1.553608
1.551045
1.552326
1.551045
1.544638
1.53695
1.530544
1.5267
1.520293
1.515168
1.510042
1.510042
1.506198
1.506198
1.503636
1.493385
1.495948
1.494666
1.492104
1.492104
1.492104
1.490822
1.495948
1.501073
1.502354
1.503636
1.501073
1.499792
1.495948
1.493385
1.492104
1.486978
1.484416
1.485697
1.48826
1.480572
1.483134
1.475446
1.485697
1.484416
1.48826
1.492104
1.497229
1.502354
1.504917
1.499792
1.49851
1.495948
1.48826
1.486978
1.485697
1.483134
1.480572
1.475446
1.474165
1.470321
1.472884
1.46904
1.46904
1.463914
1.471602
1.467758
1.46904
1.46904
1.46904
1.456226
1.457508
1.461352
1.476728
1.480572
1.495948
1.519012
1.539513
1.547201
1.562577
1.558733
1.562577
1.557452
1.572828
1.604861
1.656114
1.711211
1.750933
1.770153
1.799623
1.808593
1.79706
1.788091
1.771434
1.747089
1.725306
1.712493
1.693273
1.683022
1.680459
1.666365
1.665083
1.648426
1.638175
1.635613
1.629206
1.63305
1.638175
1.649707
1.667646
1.691991
1.716337
1.74837
1.765027
1.758621
1.759902
1.756058
1.758621
1.741963
1.731713
1.722743
1.716337
1.702242
1.695835
1.686866
1.681741
1.67149
1.665083
1.662521
1.654833
1.65227
1.647145
1.638175
1.629206
1.627925
1.629206
1.620237
1.618955
1.61383
1.608705
1.604861
1.599735
1.595892
1.60358
1.595892
1.598454
1.592048
1.611268
1.618955
1.638175
1.645863
