1570265307.172
1570265307.422
1570265307.672
1570265307.922
1570265308.172
1570265308.422
1570265308.672
1570265308.922
1570265309.172
1570265309.422
1570265309.672
1570265309.922
1570265310.172
1570265310.422
1570265310.672
1570265310.922
1570265311.172
1570265311.422
1570265311.672
1570265311.922
1570265312.172
1570265312.422
1570265312.672
1570265312.922
1570265313.172
1570265313.422
1570265313.672
1570265313.922
1570265314.172
1570265314.422
1570265314.672
1570265314.922
1570265315.172
1570265315.422
1570265315.672
1570265315.922
1570265316.172
1570265316.422
1570265316.672
1570265316.922
1570265317.172
1570265317.422
1570265317.672
1570265317.922
1570265318.172
1570265318.422
1570265318.672
1570265318.922
1570265319.172
1570265319.422
1570265319.672
1570265319.922
1570265320.172
1570265320.422
1570265320.672
1570265320.922
1570265321.172
1570265321.422
1570265321.672
1570265321.922
1570265322.172
1570265322.422
1570265322.672
1570265322.922
1570265323.172
1570265323.422
1570265323.672
1570265323.922
1570265324.172
1570265324.422
1570265324.672
1570265324.922
1570265325.172
1570265325.422
1570265325.672
1570265325.922
1570265326.172
1570265326.422
1570265326.672
1570265326.922
1570265327.172
1570265327.422
1570265327.672
1570265327.922
1570265328.172
1570265328.422
1570265328.672
1570265328.922
1570265329.172
1570265329.422
1570265329.672
1570265329.922
1570265330.172
1570265330.422
1570265330.672
1570265330.922
1570265331.172
1570265331.422
1570265331.672
1570265331.922
1570265332.172
1570265332.422
1570265332.672
1570265332.922
1570265333.172
1570265333.422
1570265333.672
1570265333.922
1570265334.172
1570265334.422
1570265334.672
1570265334.922
1570265335.172
1570265335.422
1570265335.672
1570265335.922
1570265336.172
1570265336.422
1570265336.672
1570265336.922
1570265337.172
1570265337.422
1570265337.672
1570265337.922
1570265338.172
1570265338.422
1570265338.672
1570265338.922
1570265339.172
1570265339.422
1570265339.672
1570265339.922
1570265340.172
1570265340.422
1570265340.672
1570265340.922
1570265341.172
1570265341.422
1570265341.672
1570265341.922
1570265342.172
1570265342.422
1570265342.672
1570265342.922
1570265343.172
1570265343.422
1570265343.672
1570265343.922
1570265344.172
1570265344.422
1570265344.672
1570265344.922
1570265345.172
1570265345.422
1570265345.672
1570265345.922
1570265346.172
1570265346.422
1570265346.672
1570265346.922
1570265347.172
1570265347.422
1570265347.672
1570265347.922
1570265348.172
1570265348.422
1570265348.672
1570265348.922
1570265349.172
1570265349.422
1570265349.672
1570265349.922
1570265350.172
1570265350.422
1570265350.672
1570265350.922
1570265351.172
1570265351.422
1570265351.672
1570265351.922
1570265352.172
1570265352.422
1570265352.672
1570265352.922
1570265353.172
1570265353.422
1570265353.672
1570265353.922
1570265354.172
1570265354.422
1570265354.672
1570265354.922
1570265355.172
1570265355.422
1570265355.672
1570265355.922
1570265356.172
1570265356.422
1570265356.672
1570265356.922
1570265357.172
1570265357.422
1570265357.672
1570265357.922
1570265358.172
1570265358.422
1570265358.672
1570265358.922
1570265359.172
1570265359.422
1570265359.672
1570265359.922
1570265360.172
1570265360.422
1570265360.672
1570265360.922
1570265361.172
1570265361.422
1570265361.672
1570265361.922
1570265362.172
1570265362.422
1570265362.672
1570265362.922
1570265363.172
1570265363.422
1570265363.672
1570265363.922
1570265364.172
1570265364.422
1570265364.672
1570265364.922
1570265365.172
1570265365.422
1570265365.672
1570265365.922
1570265366.172
1570265366.422
1570265366.672
1570265366.922
1570265367.172
1570265367.422
1570265367.672
1570265367.922
1570265368.172
1570265368.422
1570265368.672
1570265368.922
1570265369.172
1570265369.422
1570265369.672
1570265369.922
1570265370.172
1570265370.422
1570265370.672
1570265370.922
1570265371.172
1570265371.422
1570265371.672
1570265371.922
1570265372.172
1570265372.422
1570265372.672
1570265372.922
1570265373.172
1570265373.422
1570265373.672
1570265373.922
1570265374.172
1570265374.422
1570265374.672
1570265374.922
1570265375.172
1570265375.422
1570265375.672
1570265375.922
1570265376.172
1570265376.422
1570265376.672
1570265376.922
1570265377.172
1570265377.422
1570265377.672
1570265377.922
1570265378.172
1570265378.422
1570265378.672
1570265378.922
1570265379.172
1570265379.422
1570265379.672
1570265379.922
1570265380.172
1570265380.422
1570265380.672
1570265380.922
1570265381.172
1570265381.422
1570265381.672
1570265381.922
1570265382.172
1570265382.422
1570265382.672
1570265382.922
1570265383.172
1570265383.422
1570265383.672
1570265383.922
1570265384.172
1570265384.422
1570265384.672
1570265384.922
1570265385.172
1570265385.422
1570265385.672
1570265385.922
1570265386.172
1570265386.422
1570265386.672
1570265386.922
1570265387.172
1570265387.422
1570265387.672
1570265387.922
1570265388.172
1570265388.422
1570265388.672
1570265388.922
1570265389.172
1570265389.422
1570265389.672
1570265389.922
1570265390.172
1570265390.422
1570265390.672
1570265390.922
1570265391.172
1570265391.422
1570265391.672
1570265391.922
1570265392.172
1570265392.422
1570265392.672
1570265392.922
1570265393.172
1570265393.422
1570265393.672
1570265393.922
1570265394.172
1570265394.422
1570265394.672
1570265394.922
1570265395.172
1570265395.422
1570265395.672
1570265395.922
1570265396.172
1570265396.422
1570265396.672
1570265396.922
1570265397.172
1570265397.422
1570265397.672
1570265397.922
1570265398.172
1570265398.422
1570265398.672
1570265398.922
1570265399.172
1570265399.422
1570265399.672
1570265399.922
1570265400.172
1570265400.422
1570265400.672
1570265400.922
1570265401.172
1570265401.422
1570265401.672
1570265401.922
1570265402.172
1570265402.422
1570265402.672
1570265402.922
1570265403.172
1570265403.422
1570265403.672
1570265403.922
1570265404.172
1570265404.422
1570265404.672
1570265404.922
1570265405.172
1570265405.422
1570265405.672
1570265405.922
1570265406.172
1570265406.422
1570265406.672
1570265406.922
1570265407.172
1570265407.422
1570265407.672
1570265407.922
1570265408.172
1570265408.422
1570265408.672
1570265408.922
1570265409.172
1570265409.422
1570265409.672
1570265409.922
1570265410.172
1570265410.422
1570265410.672
1570265410.922
1570265411.172
1570265411.422
1570265411.672
1570265411.922
1570265412.172
1570265412.422
1570265412.672
1570265412.922
1570265413.172
1570265413.422
1570265413.672
1570265413.922
1570265414.172
1570265414.422
1570265414.672
1570265414.922
1570265415.172
1570265415.422
1570265415.672
1570265415.922
1570265416.172
1570265416.422
1570265416.672
1570265416.922
1570265417.172
1570265417.422
1570265417.672
1570265417.922
1570265418.172
1570265418.422
1570265418.672
1570265418.922
1570265419.172
1570265419.422
1570265419.672
1570265419.922
1570265420.172
1570265420.422
1570265420.672
1570265420.922
1570265421.172
1570265421.422
1570265421.672
1570265421.922
1570265422.172
1570265422.422
1570265422.672
1570265422.922
1570265423.172
1570265423.422
1570265423.672
1570265423.922
1570265424.172
1570265424.422
1570265424.672
1570265424.922
1570265425.172
1570265425.422
1570265425.672
1570265425.922
1570265426.172
1570265426.422
1570265426.672
1570265426.922
1570265427.172
1570265427.422
1570265427.672
1570265427.922
1570265428.172
1570265428.422
1570265428.672
1570265428.922
1570265429.172
1570265429.422
1570265429.672
1570265429.922
1570265430.172
1570265430.422
1570265430.672
1570265430.922
1570265431.172
1570265431.422
1570265431.672
1570265431.922
1570265432.172
1570265432.422
1570265432.672
1570265432.922
1570265433.172
1570265433.422
1570265433.672
1570265433.922
1570265434.172
1570265434.422
1570265434.672
1570265434.922
1570265435.172
1570265435.422
1570265435.672
1570265435.922
1570265436.172
1570265436.422
1570265436.672
1570265436.922
1570265437.172
1570265437.422
1570265437.672
1570265437.922
1570265438.172
1570265438.422
1570265438.672
1570265438.922
1570265439.172
1570265439.422
1570265439.672
1570265439.922
1570265440.172
1570265440.422
1570265440.672
1570265440.922
1570265441.172
1570265441.422
1570265441.672
1570265441.922
1570265442.172
1570265442.422
1570265442.672
1570265442.922
1570265443.172
1570265443.422
1570265443.672
1570265443.922
1570265444.172
1570265444.422
1570265444.672
1570265444.922
1570265445.172
1570265445.422
1570265445.672
1570265445.922
1570265446.172
1570265446.422
1570265446.672
1570265446.922
1570265447.172
1570265447.422
1570265447.672
1570265447.922
1570265448.172
1570265448.422
1570265448.672
1570265448.922
1570265449.172
1570265449.422
1570265449.672
1570265449.922
1570265450.172
1570265450.422
1570265450.672
1570265450.922
1570265451.172
1570265451.422
1570265451.672
1570265451.922
1570265452.172
1570265452.422
1570265452.672
1570265452.922
1570265453.172
1570265453.422
1570265453.672
1570265453.922
1570265454.172
1570265454.422
1570265454.672
1570265454.922
1570265455.172
1570265455.422
1570265455.672
1570265455.922
1570265456.172
1570265456.422
1570265456.672
1570265456.922
1570265457.172
1570265457.422
1570265457.672
1570265457.922
1570265458.172
1570265458.422
1570265458.672
1570265458.922
1570265459.172
1570265459.422
1570265459.672
1570265459.922
1570265460.172
1570265460.422
1570265460.672
1570265460.922
1570265461.172
1570265461.422
1570265461.672
1570265461.922
1570265462.172
1570265462.422
1570265462.672
1570265462.922
1570265463.172
1570265463.422
1570265463.672
1570265463.922
1570265464.172
1570265464.422
1570265464.672
1570265464.922
1570265465.172
1570265465.422
1570265465.672
1570265465.922
1570265466.172
1570265466.422
1570265466.672
1570265466.922
1570265467.172
1570265467.422
1570265467.672
1570265467.922
1570265468.172
1570265468.422
1570265468.672
1570265468.922
1570265469.172
1570265469.422
1570265469.672
1570265469.922
1570265470.172
1570265470.422
1570265470.672
1570265470.922
1570265471.172
1570265471.422
1570265471.672
1570265471.922
1570265472.172
1570265472.422
1570265472.672
1570265472.922
1570265473.172
1570265473.422
1570265473.672
1570265473.922
1570265474.172
1570265474.422
1570265474.672
1570265474.922
1570265475.172
1570265475.422
1570265475.672
1570265475.922
1570265476.172
1570265476.422
1570265476.672
1570265476.922
1570265477.172
1570265477.422
1570265477.672
1570265477.922
1570265478.172
1570265478.422
1570265478.672
1570265478.922
1570265479.172
1570265479.422
1570265479.672
1570265479.922
1570265480.172
1570265480.422
1570265480.672
1570265480.922
1570265481.172
1570265481.422
1570265481.672
1570265481.922
1570265482.172
1570265482.422
1570265482.672
1570265482.922
1570265483.172
1570265483.422
1570265483.672
1570265483.922
1570265484.172
1570265484.422
1570265484.672
1570265484.922
1570265485.172
1570265485.422
1570265485.672
1570265485.922
1570265486.172
1570265486.422
1570265486.672
1570265486.922
1570265487.172
1570265487.422
1570265487.672
1570265487.922
1570265488.172
1570265488.422
1570265488.672
1570265488.922
1570265489.172
1570265489.422
1570265489.672
1570265489.922
1570265490.172
1570265490.422
1570265490.672
1570265490.922
1570265491.172
1570265491.422
1570265491.672
1570265491.922
1570265492.172
1570265492.422
1570265492.672
1570265492.922
1570265493.172
1570265493.422
1570265493.672
1570265493.922
1570265494.172
1570265494.422
1570265494.672
1570265494.922
1570265495.172
1570265495.422
1570265495.672
1570265495.922
1570265496.172
1570265496.422
1570265496.672
1570265496.922
1570265497.172
1570265497.422
1570265497.672
1570265497.922
1570265498.172
1570265498.422
1570265498.672
1570265498.922
1570265499.172
1570265499.422
1570265499.672
1570265499.922
1570265500.172
1570265500.422
1570265500.672
1570265500.922
1570265501.172
1570265501.422
1570265501.672
1570265501.922
1570265502.172
1570265502.422
1570265502.672
1570265502.922
1570265503.172
1570265503.422
1570265503.672
1570265503.922
1570265504.172
1570265504.422
1570265504.672
1570265504.922
1570265505.172
1570265505.422
1570265505.672
1570265505.922
1570265506.172
1570265506.422
1570265506.672
1570265506.922
1570265507.172
1570265507.422
1570265507.672
1570265507.922
1570265508.172
1570265508.422
1570265508.672
1570265508.922
1570265509.172
1570265509.422
1570265509.672
1570265509.922
1570265510.172
1570265510.422
1570265510.672
1570265510.922
1570265511.172
1570265511.422
1570265511.672
1570265511.922
1570265512.172
1570265512.422
1570265512.672
1570265512.922
1570265513.172
1570265513.422
1570265513.672
1570265513.922
1570265514.172
1570265514.422
1570265514.672
1570265514.922
1570265515.172
1570265515.422
1570265515.672
1570265515.922
1570265516.172
1570265516.422
1570265516.672
1570265516.922
1570265517.172
1570265517.422
1570265517.672
1570265517.922
1570265518.172
1570265518.422
1570265518.672
1570265518.922
1570265519.172
1570265519.422
1570265519.672
1570265519.922
1570265520.172
1570265520.422
1570265520.672
1570265520.922
1570265521.172
1570265521.422
1570265521.672
1570265521.922
1570265522.172
1570265522.422
1570265522.672
1570265522.922
1570265523.172
1570265523.422
1570265523.672
1570265523.922
1570265524.172
1570265524.422
1570265524.672
1570265524.922
1570265525.172
1570265525.422
1570265525.672
1570265525.922
1570265526.172
1570265526.422
1570265526.672
1570265526.922
1570265527.172
1570265527.422
1570265527.672
1570265527.922
1570265528.172
1570265528.422
1570265528.672
1570265528.922
1570265529.172
1570265529.422
1570265529.672
1570265529.922
1570265530.172
1570265530.422
1570265530.672
1570265530.922
1570265531.172
1570265531.422
1570265531.672
1570265531.922
1570265532.172
1570265532.422
1570265532.672
1570265532.922
1570265533.172
1570265533.422
1570265533.672
1570265533.922
1570265534.172
1570265534.422
1570265534.672
1570265534.922
1570265535.172
1570265535.422
1570265535.672
1570265535.922
1570265536.172
1570265536.422
1570265536.672
1570265536.922
1570265537.172
1570265537.422
1570265537.672
1570265537.922
1570265538.172
1570265538.422
1570265538.672
1570265538.922
1570265539.172
1570265539.422
1570265539.672
1570265539.922
1570265540.172
1570265540.422
1570265540.672
1570265540.922
1570265541.172
1570265541.422
1570265541.672
1570265541.922
1570265542.172
1570265542.422
1570265542.672
1570265542.922
1570265543.172
1570265543.422
1570265543.672
1570265543.922
1570265544.172
1570265544.422
1570265544.672
1570265544.922
1570265545.172
1570265545.422
1570265545.672
1570265545.922
1570265546.172
1570265546.422
1570265546.672
1570265546.922
1570265547.172
1570265547.422
1570265547.672
1570265547.922
1570265548.172
1570265548.422
1570265548.672
1570265548.922
1570265549.172
1570265549.422
1570265549.672
1570265549.922
1570265550.172
1570265550.422
1570265550.672
1570265550.922
1570265551.172
1570265551.422
1570265551.672
1570265551.922
1570265552.172
1570265552.422
1570265552.672
1570265552.922
1570265553.172
1570265553.422
1570265553.672
1570265553.922
1570265554.172
1570265554.422
1570265554.672
1570265554.922
1570265555.172
1570265555.422
1570265555.672
1570265555.922
1570265556.172
1570265556.422
1570265556.672
1570265556.922
1570265557.172
1570265557.422
1570265557.672
1570265557.922
1570265558.172
1570265558.422
1570265558.672
1570265558.922
1570265559.172
1570265559.422
1570265559.672
1570265559.922
1570265560.172
1570265560.422
1570265560.672
1570265560.922
1570265561.172
1570265561.422
1570265561.672
1570265561.922
1570265562.172
1570265562.422
1570265562.672
1570265562.922
1570265563.172
1570265563.422
1570265563.672
1570265563.922
1570265564.172
1570265564.422
1570265564.672
1570265564.922
1570265565.172
1570265565.422
1570265565.672
1570265565.922
1570265566.172
1570265566.422
1570265566.672
1570265566.922
1570265567.172
1570265567.422
1570265567.672
1570265567.922
1570265568.172
1570265568.422
1570265568.672
1570265568.922
1570265569.172
1570265569.422
1570265569.672
1570265569.922
1570265570.172
1570265570.422
1570265570.672
1570265570.922
1570265571.172
1570265571.422
1570265571.672
1570265571.922
1570265572.172
1570265572.422
1570265572.672
1570265572.922
1570265573.172
1570265573.422
1570265573.672
1570265573.922
1570265574.172
1570265574.422
1570265574.672
1570265574.922
1570265575.172
1570265575.422
1570265575.672
1570265575.922
1570265576.172
1570265576.422
1570265576.672
1570265576.922
1570265577.172
1570265577.422
1570265577.672
1570265577.922
1570265578.172
1570265578.422
1570265578.672
1570265578.922
1570265579.172
1570265579.422
1570265579.672
1570265579.922
1570265580.172
1570265580.422
1570265580.672
1570265580.922
1570265581.172
1570265581.422
1570265581.672
1570265581.922
1570265582.172
1570265582.422
1570265582.672
1570265582.922
1570265583.172
1570265583.422
1570265583.672
1570265583.922
1570265584.172
1570265584.422
1570265584.672
1570265584.922
1570265585.172
1570265585.422
1570265585.672
1570265585.922
1570265586.172
1570265586.422
1570265586.672
1570265586.922
1570265587.172
1570265587.422
1570265587.672
1570265587.922
1570265588.172
1570265588.422
1570265588.672
1570265588.922
1570265589.172
1570265589.422
1570265589.672
1570265589.922
1570265590.172
1570265590.422
1570265590.672
1570265590.922
1570265591.172
1570265591.422
1570265591.672
1570265591.922
1570265592.172
1570265592.422
1570265592.672
1570265592.922
1570265593.172
1570265593.422
1570265593.672
1570265593.922
1570265594.172
1570265594.422
1570265594.672
1570265594.922
1570265595.172
1570265595.422
1570265595.672
1570265595.922
1570265596.172
1570265596.422
1570265596.672
1570265596.922
1570265597.172
1570265597.422
1570265597.672
1570265597.922
1570265598.172
1570265598.422
1570265598.672
1570265598.922
1570265599.172
1570265599.422
1570265599.672
1570265599.922
1570265600.172
1570265600.422
1570265600.672
1570265600.922
1570265601.172
1570265601.422
1570265601.672
1570265601.922
1570265602.172
1570265602.422
1570265602.672
1570265602.922
1570265603.172
1570265603.422
1570265603.672
1570265603.922
1570265604.172
1570265604.422
1570265604.672
1570265604.922
1570265605.172
1570265605.422
1570265605.672
1570265605.922
1570265606.172
1570265606.422
1570265606.672
1570265606.922
