1.112531
1.127907
1.139439
1.154815
1.174035
1.177879
1.185567
1.193255
1.215038
1.234258
1.248352
1.257322
1.258603
1.258603
1.253478
1.253478
1.250915
1.253478
1.239383
1.238102
1.241946
1.238102
1.254759
1.261166
1.279104
1.288074
1.3137
1.34189
1.375204
1.39058
1.411081
1.391862
1.414925
1.411081
1.399549
1.391862
1.380329
1.391862
1.422614
1.437989
1.449521
1.449521
1.455928
1.412462
1.413743
1.406055
1.403493
1.391961
1.390679
1.393242
1.399649
1.404774
1.413743
1.418869
1.429119
1.438089
1.45859
1.470122
1.467559
1.457309
1.464996
1.475247
1.47781
1.480372
1.493186
1.504718
1.514968
1.527782
1.527782
1.536751
1.536751
1.531626
1.521375
1.505999
1.491904
1.484216
1.484216
1.480372
1.503436
1.508562
1.51625
1.534188
1.552127
1.552127
1.547002
1.53547
1.523938
1.50728
1.490623
1.491904
1.480372
1.495748
1.51625
1.548283
1.559815
1.57391
1.58416
1.575191
1.562378
1.557252
1.561096
1.55469
1.54572
1.53547
1.5265
1.517531
1.50728
1.508562
1.494467
1.489342
1.491904
1.486779
1.493186
1.490623
1.489342
1.486779
1.482935
1.47781
1.472685
1.476528
1.47781
1.46884
1.473966
1.48806
1.50728
1.532907
1.563659
1.591848
1.596974
1.614912
1.607224
1.598255
1.60338
1.59313
1.582879
1.57391
1.563659
1.555971
1.541876
1.536751
1.534188
1.531626
1.523938
1.522656
1.532907
1.531626
1.563659
1.596974
1.649508
1.689229
1.731513
1.755859
1.766109
1.780204
1.773797
1.773797
1.775079
1.781485
1.800705
1.837864
1.860928
1.877585
1.900649
1.892961
1.87246
1.85324
1.837864
1.83402
1.84427
1.836582
1.831457
1.823769
1.813519
1.79558
1.77636
1.754577
1.791736
1.794299
1.796861
1.796861
1.798143
1.798143
1.778923
1.775079
1.80583
1.860928
1.908337
1.931401
1.929038
1.9316
1.934163
1.934163
1.935444
1.943132
1.944414
1.930319
1.916224
1.903411
1.87394
1.850876
1.818843
1.795779
1.776559
1.782966
1.80603
1.8355
1.858564
1.87394
1.89316
1.895723
1.900848
1.908536
1.889316
1.877784
1.858564
1.838063
1.822687
1.808593
1.79706
1.784247
1.773997
1.771434
1.757339
1.753495
1.757339
1.791935
1.85472
1.904692
1.936726
1.97004
2.000792
1.999511
2.012324
2.014887
2.016168
1.995667
1.994385
1.981572
2.011043
1.97004
1.944414
1.929038
1.922631
1.927756
1.993104
1.987979
1.97004
1.954664
1.9316
1.925194
1.913662
1.890598
1.871378
1.879066
1.899567
1.935444
2.009762
2.063577
2.116112
2.126363
2.140457
2.151989
2.125081
2.103299
2.067421
2.041795
2.012324
1.98926
1.975165
1.973884
1.980291
1.972603
1.971322
1.967478
1.957227
1.948258
1.941851
1.9316
1.938007
1.948258
1.97901
1.99823
2.025137
2.040514
2.045639
2.050764
2.055889
2.064859
2.078953
2.090485
2.099455
2.110987
2.114831
2.140457
2.180178
2.216056
2.195554
2.178897
2.169928
2.159677
2.159677
2.186585
2.23015
2.263465
2.27756
2.273716
2.257058
2.23912
2.227588
2.205805
2.189148
2.203243
2.253214
2.303186
2.339064
2.399286
2.432601
2.415292
2.376852
2.334568
2.306379
2.275627
2.241031
2.219248
2.198747
2.187215
2.18209
2.179527
2.179527
2.188496
2.191059
2.200028
2.20131
2.207716
2.198747
2.19234
2.212842
2.257688
2.32688
2.360195
2.387103
2.383259
2.38454
2.389665
2.389665
2.375571
2.36532
2.40376
2.380696
2.364039
2.347381
2.353788
2.338412
2.333287
2.323036
2.319192
2.306379
2.311504
2.320473
2.347381
2.361476
2.390947
2.390947
2.394791
2.398635
2.392228
2.38454
2.38454
2.408885
2.420417
2.443481
2.462701
2.469108
2.469108
2.476796
2.504985
2.57674
2.611336
2.610054
2.602366
2.578021
2.57674
2.619024
2.695903
2.775346
2.825318
2.83685
2.822755
2.820193
2.825318
2.811223
2.785597
2.752282
2.72153
2.709998
2.689497
2.681809
2.681809
2.672839
2.670277
2.68309
2.68309
2.680527
2.672839
2.66387
2.66387
2.686934
2.713842
2.766376
2.83685
2.909886
2.985484
3.070112
3.107271
3.11624
3.099583
3.086769
3.050892
3.040641
3.03936
3.066268
3.103427
3.13546
3.155961
3.200808
3.316128
3.386601
3.43401
3.463481
3.46233
3.476424
3.449517
3.403389
3.391857
3.371355
3.381606
3.413639
3.432859
3.475143
3.482831
3.473862
3.445673
3.394419
3.354698
3.325227
3.302163
3.309851
3.317539
3.313695
3.317539
3.304726
3.285506
3.272693
3.253473
3.241941
3.249629
3.297038
3.336759
3.367511
3.382887
3.381606
3.368793
3.358542
3.354698
3.363667
3.379043
3.398263
3.412358
3.420046
3.408514
3.405951
3.380325
3.393138
3.458486
3.541772
3.630184
3.651967
3.648123
3.639153
3.649404
3.62634
3.605839
3.580212
3.541772
3.51102
3.499488
3.503332
3.504614
3.505895
3.502051
3.482831
3.471299
3.461049
3.458486
3.452079
3.444391
3.44311
3.432859
3.417483
3.413639
3.407233
3.414921
3.427734
3.437984
3.437984
3.431578
3.427734
3.429015
3.429015
3.437984
3.480268
3.532803
3.581494
3.650686
3.718596
3.759599
3.789069
3.813415
3.819821
3.817259
3.815977
3.85698
3.954361
4.057338
4.141906
4.200847
4.226474
4.211098
4.171377
4.116279
4.056056
3.98174
3.92408
3.86642
3.821573
3.78954
3.752381
3.729317
3.704972
3.687033
3.67422
3.657563
3.646031
3.651156
3.633217
3.620404
3.605028
3.594778
3.593496
3.57812
3.566588
3.553775
3.547368
3.53968
3.533274
3.516616
3.543524
3.561463
3.569151
3.580683
3.574276
3.571713
3.596059
3.598622
3.610153
3.611435
3.612716
3.598622
3.610153
3.61656
3.615279
3.603747
3.58709
3.580683
3.57812
3.574276
3.581964
3.590934
3.584527
3.581964
3.580683
3.585808
3.592215
3.590934
3.599903
3.601184
3.613997
3.613997
3.620404
3.629374
3.62553
3.611435
3.606309
3.605028
3.615279
3.657563
3.713941
3.786977
3.861294
3.921517
3.949706
3.970207
3.961238
3.952269
3.916392
3.889484
3.874108
3.906141
3.998397
4.098341
4.162407
4.195722
4.212379
4.202128
4.179064
4.152156
4.12653
4.086809
4.089371
4.111154
4.139343
4.162407
4.171377
4.158563
4.14575
4.118842
4.091934
4.050931
4.111154
4.248256
4.349482
4.426362
4.471208
4.520247
4.520247
4.526654
4.574064
4.575345
4.562531
4.540749
4.517685
4.461307
4.401084
4.322923
4.2627
4.207603
4.165319
4.132004
4.09869
4.071782
4.055124
4.053843
4.073063
4.120472
4.161475
4.184539
4.184539
4.161475
4.157631
4.121754
4.076907
4.092283
4.157631
4.198634
4.001308
4.424148
4.585596
4.667601
4.744481
4.790608
4.770107
4.743199
4.693227
4.648381
4.576626
4.501028
4.444649
4.395958
4.285764
4.316516
4.296015
4.276795
4.222979
4.193508
4.211447
4.208884
4.189664
4.176851
4.15635
4.148662
4.124316
4.105096
4.085876
4.067938
4.065375
4.0705
4.052562
4.044874
4.064094
4.076907
4.07947
4.074345
4.066657
4.053843
4.052562
4.043592
4.037186
4.024373
4.029498
4.020528
4.017966
4.010278
4.007715
4.006434
4.008996
4.038467
4.078188
4.11791
4.173007
4.206322
4.219135
4.216572
4.210166
4.198634
4.183258
4.169163
4.151224
4.146099
4.134567
4.134567
4.121754
4.110222
4.110222
4.087158
4.073063
4.053843
4.065375
4.097408
4.144818
4.190946
4.230667
4.257575
4.276795
4.289608
4.306265
4.312672
4.317797
4.30114
4.272951
4.229385
4.210166
4.217854
4.214009
4.211447
4.188383
4.153787
4.129442
4.080751
4.116628
4.138411
4.152505
4.219135
4.307547
4.438242
4.575345
4.679132
4.736793
4.767545
4.79189
4.770107
4.756012
4.754731
4.725261
4.674007
4.609941
4.543312
4.483089
4.442086
4.412616
4.381864
4.347268
4.329329
4.312672
4.293452
4.270388
4.274232
4.272951
4.238355
4.203759
4.174288
4.169163
4.170444
4.20504
4.253731
4.334455
4.351112
4.356237
4.345987
4.338299
4.363925
4.343424
4.317797
4.322923
4.337018
4.367769
4.412616
4.427992
4.44593
4.46515
4.51256
4.61891
4.688102
4.759857
4.797015
4.808547
4.802141
4.786765
4.768826
4.761138
4.817516
4.899522
4.978964
5.051514
5.082266
5.111737
5.134801
5.119425
5.087391
5.045107
4.988729
4.908005
4.836251
4.764496
4.702992
4.65302
4.612018
4.587672
4.568452
4.558202
4.549232
4.528731
4.49926
4.46979
4.45057
4.44032
4.431836
4.407491
4.385708
4.376739
4.367769
4.369051
4.365207
4.356237
4.3588
4.372895
4.381864
4.384427
4.389552
4.37802
4.380582
4.381864
4.383145
4.37802
4.369051
4.352393
4.338299
4.319078
4.326766
4.308828
4.285764
4.272951
4.266544
4.2627
4.270388
4.294734
4.322923
4.347268
4.383145
4.389552
4.404928
4.394677
4.38827
4.372895
4.363925
4.404928
4.50359
4.639411
4.799578
4.930274
5.020762
5.055358
5.061765
5.045107
5.02845
5.03742
5.091236
5.156583
5.207837
5.266778
5.341095
5.359034
5.28856
5.255246
5.210399
5.151458
5.089954
5.032294
4.964384
4.910568
4.852908
4.800374
4.786279
4.801655
4.815749
4.832407
4.83497
4.827281
4.822156
4.802936
4.772184
4.740151
4.722212
4.696586
4.674803
4.636363
4.651739
4.664552
4.65302
4.65302
4.731182
4.765778
4.763215
4.776028
4.759371
4.884941
4.301936
4.911054
4.889271
4.894396
4.700915
4.918742
4.967432
4.865721
4.896473
4.964384
5.039982
5.125832
5.184772
5.21168
5.216806
5.173241
5.142489
5.111737
5.060483
5.007949
4.977197
4.97976
4.993855
4.987448
4.983603
4.96054
4.924663
4.892629
4.873409
4.892629
4.878535
4.847783
4.802936
4.770903
4.736307
4.697867
4.673522
4.641489
4.624831
4.610736
4.603048
4.601767
4.606893
4.618424
4.636363
4.646614
4.664552
4.683772
4.688898
4.683772
4.663271
4.64277
4.624831
4.626112
4.626112
4.612018
4.605611
4.596642
4.581266
4.559483
4.537701
4.523606
4.504386
4.496698
4.494135
4.481322
4.486447
4.486447
4.471071
4.468509
4.494135
4.517199
4.542826
4.568452
4.577422
4.571015
4.558202
4.551795
4.549232
4.542826
4.52745
4.515918
4.503105
4.480041
4.460821
4.444163
4.424943
4.442086
4.430554
4.433117
4.420304
4.420304
4.401084
4.389552
4.379301
4.367769
4.348549
4.338299
4.322923
4.308828
4.312672
4.315235
4.308828
4.329329
4.352393
4.362644
4.371613
4.357519
4.374176
4.374176
4.365207
4.365207
4.349831
4.33958
4.338299
4.324204
4.316516
4.304984
4.288327
4.272951
4.260138
4.255012
4.258856
4.24348
4.231948
4.228104
4.226823
4.23323
4.247324
4.265263
4.274232
4.283201
4.292171
4.316516
4.325485
4.338299
4.340861
4.351112
4.337018
4.343424
4.353674
4.369051
4.361362
4.360081
4.393396
4.456181
4.539468
4.620192
4.686821
4.718854
4.726542
4.731667
4.717573
4.686821
4.649662
4.603534
4.566376
4.543312
4.515122
4.502309
4.47412
4.451056
4.431836
4.407491
4.419023
4.447212
4.51256
4.612504
4.727823
4.803422
4.857238
4.889271
4.922585
4.931555
4.918256
4.900317
4.888785
4.932351
4.997698
5.116862
5.214243
5.260371
5.312906
5.327001
5.311625
5.260371
5.215525
5.177085
5.154021
5.171959
5.237307
5.241151
5.250121
5.234745
5.202711
5.115581
5.05664
5.00923
4.968228
4.934913
4.927225
4.91313
4.88366
4.859314
4.843939
4.842657
4.846501
4.878535
4.887504
4.897755
4.901598
4.955414
5.020762
5.082266
5.13352
5.209118
5.327001
5.398755
5.406443
5.446164
5.450325
5.417011
5.367039
5.311942
5.245313
5.188934
5.150494
5.092834
5.045425
5.003141
4.96342
4.926261
4.918256
4.891348
4.877253
4.859314
4.842657
4.820875
4.797811
4.788841
4.781153
4.786279
4.767059
4.755527
4.752964
4.760652
4.751683
4.745276
4.723494
4.722212
4.699148
4.69146
4.663271
4.644051
4.629956
4.61458
4.612018
4.60433
4.592798
4.579984
4.571015
4.577422
4.581266
4.579984
4.577422
4.567171
4.556921
4.559483
4.553076
4.560764
4.551795
4.542826
4.536419
4.531294
4.521043
4.521043
4.509511
4.49926
4.495417
4.473634
4.462102
4.451851
4.441601
4.452337
4.453619
4.452337
4.442086
4.443368
4.444649
4.442086
4.44593
4.447212
4.447212
4.458744
4.444649
4.452337
4.457462
4.447212
4.422866
4.404928
4.392115
4.380582
4.381864
4.38827
4.375457
4.370332
4.370332
4.363925
4.352393
4.347268
4.337018
4.326766
4.316516
4.313953
4.302422
4.290889
4.280639
4.280639
4.279357
4.306265
4.3588
4.406209
4.43568
4.442086
4.433117
4.426711
4.417741
4.422866
4.404928
4.385708
4.366488
4.334455
4.330611
4.33958
4.347268
4.342143
4.331892
4.322923
4.311391
4.299859
4.289608
4.280639
4.263981
4.246043
4.23323
4.246043
4.240918
4.231948
4.220416
4.212728
4.211447
4.225542
4.234511
4.249887
4.289608
4.304984
4.333173
4.390833
4.453619
4.498465
4.538186
4.558688
4.571501
4.58047
4.584314
4.586877
4.585596
4.563813
4.553562
4.549718
4.517685
4.499746
4.463869
4.442086
4.424148
4.411335
4.385708
4.369051
4.343424
4.333173
4.311391
4.30114
4.287045
4.274232
4.271669
4.303703
4.369051
4.443368
4.483089
4.513841
4.53178
4.54203
4.540749
4.533061
4.504872
4.479245
4.463869
4.456181
4.47412
4.507434
4.530499
4.553562
4.563813
4.563813
4.539468
4.513841
4.483089
4.460025
4.448493
4.430554
4.425429
4.412616
4.399803
4.381864
4.363925
4.356237
4.384427
4.44593
4.492058
4.524092
4.533061
4.540749
4.545874
4.52281
4.495903
4.488214
4.460025
4.4549
4.422866
4.401084
4.381864
4.384427
4.392115
4.426711
4.431836
4.433117
4.434399
4.438242
4.451056
4.453619
4.438242
4.430554
4.427992
4.466432
4.544593
4.643255
4.740636
4.818798
4.858519
4.880301
4.884146
4.870051
4.820079
4.78292
4.738074
4.691946
4.658631
4.631723
4.588158
4.557406
4.529217
4.508716
4.463869
4.456181
4.448493
4.433117
4.434399
4.431836
4.407491
4.39724
4.380582
4.370332
4.365207
4.347268
4.343424
4.321641
4.306265
4.292171
4.285764
4.2627
4.249887
4.257575
4.266544
4.253731
4.23323
4.225542
4.220416
4.217854
4.208884
4.215291
4.198634
4.197352
4.179414
4.1666
4.15635
4.146099
4.139692
4.130723
4.116628
4.108941
4.096127
4.085876
4.073063
4.066657
4.066657
4.066657
4.065375
4.069219
4.075626
4.062812
4.067938
4.058969
4.037186
4.034623
4.025654
4.05128
4.06025
4.069219
4.076907
4.083314
4.07947
4.085876
4.103815
4.112784
4.124316
4.158912
4.217854
4.293452
4.363925
4.429273
4.462588
4.483089
4.480526
4.468995
4.439524
4.411335
4.383145
4.352393
4.322923
4.302422
4.302422
4.296015
4.294734
4.30114
4.315235
4.330611
4.335736
4.348549
4.349831
4.345987
4.334455
4.326766
4.317797
4.303703
4.284483
4.263981
4.242199
4.222979
4.216572
4.206322
4.202477
4.207603
4.216572
4.215291
4.214009
4.208884
4.196071
4.178132
4.1666
4.15635
4.142255
4.12816
4.116628
4.124316
4.119191
4.125597
4.115347
4.107659
4.111503
4.124316
4.112784
4.108941
4.105096
4.087158
4.074345
4.067938
4.069219
4.075626
4.091002
4.110222
4.123035
4.134567
4.14738
4.1666
4.162756
4.155068
4.138411
4.106378
4.103815
4.08972
4.078188
4.071782
4.06025
4.055124
4.044874
4.047437
4.033342
4.025654
4.010278
4.006434
4.02181
4.053843
4.094846
4.155068
4.216572
4.271669
4.299859
4.325485
4.331892
4.328048
4.313953
4.289608
4.265263
4.246043
4.22426
4.202477
4.183258
4.179414
4.18582
