0.720444
0.7178814
0.7166001
0.7140374
0.7140374
0.7140374
0.7153187
0.7166001
0.7166001
0.7140374
0.7153187
0.7191627
0.7166001
0.7166001
0.7153187
0.712756
0.7140374
0.724288
0.7153187
0.7166001
0.712756
0.7166001
0.720444
0.7178814
0.712756
0.7140374
0.720444
0.7153187
0.708912
0.712756
0.712756
0.7153187
0.7191627
0.7140374
0.7217253
0.7191627
0.7166001
0.708912
0.7153187
0.712756
0.7191627
0.7178814
0.7166001
0.712756
0.7101934
0.7101934
0.7101934
0.7101934
0.7050681
0.7114747
0.7101934
0.7114747
0.712756
0.712756
0.7114747
0.7101934
0.7101934
0.7101934
0.7101934
0.7076307
0.7178814
0.7153187
0.7178814
0.7114747
0.712756
0.720444
0.7153187
0.7140374
0.7140374
0.7153187
0.7114747
0.7114747
0.7114747
0.7114747
0.7101934
0.7114747
0.7101934
0.708912
0.7076307
0.7063494
0.7063494
0.7050681
0.708912
0.712756
0.7076307
0.7076307
0.7076307
0.7101934
0.7076307
0.708912
0.7178814
0.7050681
0.7101934
0.7037867
0.7076307
0.708912
0.708912
0.7050681
0.708912
0.708912
0.7025054
0.7037867
0.7025054
0.6986614
0.701224
0.701224
0.7025054
0.7037867
0.7063494
0.701224
0.7076307
0.7025054
0.7025054
0.7025054
0.7037867
0.701224
0.701224
0.701224
0.6999427
0.6999427
0.701224
0.701224
0.7025054
0.701224
0.701224
0.6973801
0.6986614
0.6973801
0.701224
0.6973801
0.6986614
0.6999427
0.6999427
0.6986614
0.6973801
0.6986614
0.6986614
0.6999427
0.7050681
0.701224
0.6986614
0.6986614
0.6986614
0.701224
0.6973801
0.7037867
0.7025054
0.6960987
0.6973801
0.7050681
0.7025054
0.7025054
0.7025054
0.6973801
0.7050681
0.6960987
0.6960987
0.6922547
0.6960987
0.6973801
0.7050681
0.6999427
0.6948174
0.6960987
0.6960987
0.6973801
0.6986614
0.6948174
0.693536
0.6948174
0.7037867
0.6973801
0.6986614
0.6922547
0.6922547
0.6922547
0.6922547
0.693536
0.6948174
0.693536
0.6896921
0.6909734
0.693536
0.6909734
0.6896921
0.6909734
0.693536
0.6896921
0.6896921
0.6909734
0.6922547
0.6871294
0.693536
0.6896921
0.6922547
0.6896921
0.693536
0.6986614
0.6948174
0.6948174
0.6909734
0.6922547
0.693536
0.693536
0.6922547
0.6973801
0.6986614
0.6948174
0.6960987
0.6922547
0.693536
0.6909734
0.6922547
0.693536
0.6896921
0.6922547
0.6973801
0.693536
0.6973801
0.6884108
0.6884108
0.6871294
0.6909734
0.693536
0.6922547
0.6922547
0.6922547
0.6896921
0.6884108
0.6960987
0.6973801
0.6896921
0.6858481
0.6871294
0.6884108
0.6820041
0.6858481
0.6845667
0.6845667
0.6884108
0.6858481
0.6845667
0.6832854
0.6845667
0.6871294
0.6845667
0.6832854
0.6884108
0.6871294
0.693536
0.6858481
0.6884108
0.6845667
0.6845667
0.6845667
0.6832854
0.6858481
0.6832854
0.6884108
0.6858481
0.6820041
0.6832854
0.6832854
0.6820041
0.6832854
0.6832854
0.6858481
0.6858481
0.6794415
0.6896921
0.6884108
0.6871294
0.6858481
0.6871294
0.6832854
0.6845667
0.6832854
0.6858481
0.6794415
0.6768788
0.6807228
0.6832854
0.6820041
0.6820041
0.6807228
0.6832854
0.6832854
0.6820041
0.6820041
0.6832854
0.6755974
0.6807228
0.6807228
0.6807228
0.6807228
0.6794415
0.6820041
0.6820041
0.6807228
0.6794415
0.6820041
0.6768788
0.6871294
0.6832854
0.6794415
0.6807228
0.6896921
0.6845667
0.6781601
0.6794415
0.6845667
0.6781601
0.6755974
0.6768788
0.6807228
0.6781601
0.6871294
0.6794415
0.6807228
0.6794415
0.6794415
0.6807228
0.6858481
0.6768788
0.6768788
0.6781601
0.6781601
0.6807228
0.6820041
0.6832854
0.6884108
0.6794415
0.6832854
0.6858481
0.6755974
0.6768788
0.6781601
0.6781601
0.6768788
0.6768788
0.6794415
0.6794415
0.6768788
0.6832854
0.6781601
0.6704721
0.6794415
0.6781601
0.6781601
0.6768788
0.6845667
0.6755974
0.6781601
0.6794415
0.6768788
0.6781601
0.6820041
0.6781601
0.6858481
0.6794415
0.6845667
0.6768788
0.6807228
0.6743161
0.6781601
0.6768788
0.6845667
0.6743161
0.6781601
0.6730348
0.6743161
0.6755974
0.6730348
0.6755974
0.6794415
0.6755974
0.6755974
0.6755974
0.6730348
0.6755974
0.6781601
0.6743161
0.6743161
0.6717535
0.6730348
0.6768788
0.6781601
0.6755974
0.6768788
0.6666281
0.6717535
0.6691908
0.6717535
0.6717535
0.6717535
0.6730348
0.6717535
0.6704721
0.6691908
0.6704721
0.6704721
0.6704721
0.6717535
0.6704721
0.6704721
0.6704721
0.6717535
0.6691908
0.6704721
0.6704721
0.6704721
0.6666281
0.6691908
0.6691908
0.6704721
0.6704721
0.6691908
0.6679094
0.6691908
0.6691908
0.6704721
0.6691908
0.6666281
0.6691908
0.6704721
0.6717535
0.6691908
0.6704721
0.6691908
0.6691908
0.6691908
0.6679094
0.6679094
0.6653468
0.6691908
0.6679094
0.6691908
0.6704721
0.6691908
0.6691908
0.6691908
0.6691908
0.6768788
0.6704721
0.6717535
0.6755974
0.6691908
0.6717535
0.6743161
0.6755974
0.6704721
0.6704721
0.6717535
0.6679094
0.6704721
0.6627841
0.6679094
0.6653468
0.6717535
0.6653468
0.6691908
0.6679094
0.6704721
0.6691908
0.6679094
0.6666281
0.6640655
0.6666281
0.6691908
0.6666281
0.6666281
0.6666281
0.6679094
0.6679094
0.6691908
0.6704721
0.6704721
0.6653468
0.6666281
0.6691908
0.6717535
0.6730348
0.6691908
0.6679094
0.6717535
0.6691908
0.6717535
0.6653468
0.6640655
0.6627841
0.6640655
0.6653468
0.6640655
0.6627841
0.6640655
0.6627841
0.6653468
0.6640655
0.6627841
0.6615028
0.6615028
0.6640655
0.6653468
0.6615028
0.6615028
0.6615028
0.6615028
0.6615028
0.6627841
0.6615028
0.6602215
0.6615028
0.6653468
0.6615028
0.6679094
0.6615028
0.6615028
0.6627841
0.6640655
0.6640655
0.6640655
0.6627841
0.6627841
0.6653468
0.6653468
0.6615028
0.6653468
0.6615028
0.6627841
0.6602215
0.6627841
0.6615028
0.6602215
0.6640655
0.6627841
0.6653468
0.6653468
0.6627841
0.6640655
0.6627841
0.6627841
0.6627841
0.6615028
0.6563775
0.6627841
0.6691908
0.6602215
0.6615028
0.6615028
0.6627841
0.6589401
0.6615028
0.6730348
0.6627841
0.6589401
0.6602215
0.6640655
0.6691908
0.6666281
0.6653468
0.6640655
0.6679094
0.6704721
0.6615028
0.6589401
0.6602215
0.6602215
0.6615028
0.6640655
0.6653468
0.6627841
0.6615028
0.6627841
0.6640655
0.6653468
0.6627841
0.6627841
0.6627841
0.6640655
0.6627841
0.6627841
0.6653468
0.6615028
0.6627841
0.6615028
0.6627841
0.6679094
0.6640655
0.6691908
0.6602215
0.6589401
0.6576588
0.6602215
0.6615028
0.6563775
0.6589401
0.6602215
0.6576588
0.6550961
0.6589401
0.6589401
0.6589401
0.6602215
0.6602215
0.6576588
0.6589401
0.6602215
0.6563775
0.6589401
0.6563775
0.6615028
0.6602215
0.6589401
0.6550961
0.6563775
0.6576588
0.6576588
0.6576588
0.6563775
0.6576588
0.6538148
0.6563775
0.6576588
0.6576588
0.6550961
0.6563775
0.6576588
0.6589401
0.6576588
0.6550961
0.6576588
0.6550961
0.6576588
0.6576588
0.6563775
0.6563775
0.6576588
0.6563775
0.6550961
0.6563775
0.6576588
0.6563775
0.6525335
0.6550961
0.6602215
0.6576588
0.6563775
0.6550961
0.6576588
0.6563775
0.6576588
0.6576588
0.6589401
0.6576588
0.6563775
0.6550961
0.6538148
0.6563775
0.6602215
0.6602215
0.6550961
0.6563775
0.6550961
0.6550961
0.6525335
0.6550961
0.6563775
0.6538148
0.6538148
0.6563775
0.6563775
0.6550961
0.6550961
0.6576588
0.6576588
0.6525335
0.6589401
0.6563775
0.6525335
0.6550961
0.6589401
0.6589401
0.6576588
0.6563775
0.6538148
0.6563775
0.6538148
0.6538148
0.6627841
0.6550961
0.6589401
0.6550961
0.6615028
0.6576588
0.6563775
0.6550961
0.6563775
0.6550961
0.6576588
0.6525335
0.6589401
0.6589401
0.6615028
0.6563775
0.6563775
0.6602215
0.6576588
0.6525335
0.6538148
0.6576588
0.6576588
0.6550961
0.6615028
0.6602215
0.6576588
0.6550961
0.6576588
0.6589401
0.6576588
0.6550961
0.6550961
0.6589401
0.6550961
0.6563775
0.6615028
0.6550961
0.6563775
0.6563775
0.6615028
0.6563775
0.6512522
0.6563775
0.6550961
0.6525335
0.6615028
0.6563775
0.6589401
0.6550961
0.6576588
0.6576588
0.6538148
0.6563775
0.6589401
0.6589401
0.6525335
0.6563775
0.6563775
0.6538148
0.6538148
0.6550961
0.6538148
0.6525335
0.6512522
0.6538148
0.6525335
0.6550961
0.6525335
0.6525335
0.6525335
0.6525335
0.6550961
0.6512522
0.6525335
0.6512522
0.6538148
0.6550961
0.6512522
0.6538148
0.6538148
0.6538148
0.6525335
0.6525335
0.6525335
0.6589401
0.6512522
0.6538148
0.6512522
0.6563775
0.6563775
0.6525335
0.6589401
0.6538148
0.6538148
0.6499708
0.6576588
0.6538148
0.6538148
0.6563775
0.6563775
0.6550961
0.6615028
0.6576588
0.6550961
0.6576588
0.6538148
0.6563775
0.6499708
0.6525335
0.6538148
0.6525335
0.6525335
0.6576588
0.6576588
0.6550961
0.6538148
0.6499708
0.6589401
0.6499708
0.6512522
0.6499708
0.6512522
0.6512522
0.6499708
0.6512522
0.6499708
0.6499708
0.6512522
0.6512522
0.6461268
0.6499708
0.6512522
0.6512522
0.6499708
0.6499708
0.6499708
0.6576588
0.6538148
0.6512522
0.6499708
0.6461268
0.6512522
0.6525335
0.6512522
0.6538148
0.6538148
0.6563775
0.6538148
0.6512522
0.6525335
0.6550961
0.6499708
0.6563775
0.6550961
0.6538148
0.6525335
0.6538148
0.6486895
0.6499708
0.6563775
0.6486895
0.6550961
0.6422828
0.6499708
0.6550961
0.6538148
0.6525335
0.6563775
0.6499708
0.6538148
0.6512522
0.6512522
0.6538148
0.6448455
0.6486895
0.6512522
0.6538148
0.6499708
0.6512522
0.6512522
0.6525335
0.6525335
0.6512522
0.6538148
0.6474081
0.6512522
0.6499708
0.6512522
0.6486895
0.6525335
0.6461268
0.6512522
0.6448455
0.6499708
0.6512522
0.6499708
0.6499708
0.6512522
0.6448455
0.6550961
0.6525335
0.6525335
0.6486895
0.6525335
0.6512522
0.6525335
0.6474081
0.6512522
0.6486895
0.6563775
0.6499708
0.6563775
0.6486895
0.6499708
0.6486895
0.6474081
0.6448455
0.6410015
0.6474081
0.6474081
0.6448455
0.6448455
0.6461268
0.6461268
0.6499708
0.6461268
0.6461268
0.6486895
0.6435642
0.6474081
0.6448455
0.6461268
0.6435642
0.6461268
0.6448455
0.6448455
0.6435642
0.6448455
0.6435642
0.6422828
0.6461268
0.6474081
0.6448455
0.6461268
0.6474081
0.6474081
0.6461268
0.6461268
0.6486895
0.6461268
0.6435642
0.6486895
0.6461268
0.6525335
0.6461268
0.6512522
0.6538148
0.6461268
0.6474081
0.6486895
0.6486895
0.6486895
0.6499708
0.6576588
0.6538148
0.6499708
0.6474081
0.6512522
0.6486895
0.6461268
0.6448455
0.6448455
0.6448455
0.6486895
0.6499708
0.6538148
0.6512522
0.6499708
0.6461268
0.6448455
0.6499708
0.6486895
0.6461268
0.6461268
0.6525335
0.6525335
0.6499708
0.6474081
0.6486895
0.6512522
0.6486895
0.6474081
0.6461268
0.6499708
0.6448455
0.6461268
0.6448455
0.6448455
0.6448455
0.6448455
0.6435642
0.6461268
0.6461268
0.6448455
0.6448455
0.6397201
0.6448455
0.6461268
0.6448455
0.6435642
0.6435642
0.6435642
0.6435642
0.6461268
0.6499708
0.6461268
0.6422828
0.6512522
0.6461268
0.6461268
0.6422828
0.6474081
0.6499708
0.6512522
0.6461268
0.6448455
0.6448455
0.6435642
0.6486895
0.6538148
0.6448455
0.6525335
0.6461268
0.6448455
0.6461268
0.6461268
0.6461268
0.6435642
0.6435642
0.6525335
0.6474081
0.6422828
0.6435642
0.6422828
0.6448455
0.6435642
0.6435642
0.6448455
0.6435642
0.6410015
0.6499708
0.6448455
0.6422828
0.6410015
0.6474081
0.6448455
0.6435642
0.6499708
0.6461268
0.6474081
0.6448455
0.6461268
0.6486895
0.6525335
0.6512522
0.6461268
0.6474081
0.6461268
0.6525335
0.6461268
0.6422828
0.6410015
0.6461268
0.6435642
0.6461268
0.6435642
0.6512522
0.6474081
0.6474081
0.6448455
0.6448455
0.6499708
0.6371575
0.6410015
0.6422828
0.6422828
0.6422828
0.6448455
0.6422828
0.6422828
0.6435642
0.6486895
0.6435642
0.6397201
0.6410015
0.6448455
0.6474081
0.6461268
0.6448455
0.6397201
0.6435642
0.6486895
0.6448455
0.6448455
0.6461268
0.6448455
0.6448455
0.6448455
0.6448455
0.6486895
0.6435642
0.6486895
0.6422828
0.6422828
0.6422828
0.6397201
0.6448455
0.6461268
0.6448455
0.6486895
0.6448455
0.6435642
0.6448455
0.6474081
0.6538148
0.6448455
0.6371575
0.6410015
0.6422828
0.6422828
0.6422828
0.6410015
0.6461268
0.6435642
0.6448455
0.6410015
0.6422828
0.6410015
0.6448455
0.6474081
0.6410015
0.6397201
0.6422828
0.6384388
0.6397201
0.6397201
0.6435642
0.6422828
0.6410015
0.6461268
0.6410015
0.6422828
0.6486895
0.6397201
0.6435642
0.6461268
0.6448455
0.6435642
0.6448455
0.6397201
0.6422828
0.6448455
0.6435642
0.6435642
0.6499708
0.6486895
0.6435642
0.6448455
0.6461268
0.6448455
0.6358762
0.6410015
0.6422828
0.6448455
0.6422828
0.6448455
0.6435642
0.6435642
0.6397201
0.6422828
0.6410015
0.6397201
0.6422828
0.6435642
0.6397201
0.6384388
0.6422828
0.6397201
0.6474081
0.6410015
0.6410015
0.6410015
0.6435642
0.6422828
0.6448455
0.6435642
0.6448455
0.6474081
0.6448455
0.6525335
0.6448455
0.6435642
0.6410015
0.6461268
0.6512522
0.6435642
0.6410015
0.6422828
0.6474081
0.6435642
0.6461268
