1570268107.0265
1570268107.27651
1570268107.52652
1570268107.77653
1570268108.02654
1570268108.27655
1570268108.52657
1570268108.77658
1570268109.02659
1570268109.2766
1570268109.52661
1570268109.77662
1570268110.02664
1570268110.27665
1570268110.52666
1570268110.77667
1570268111.02668
1570268111.27669
1570268111.52671
1570268111.77672
1570268112.02673
1570268112.27674
1570268112.52675
1570268112.77676
1570268113.02677
1570268113.27679
1570268113.5268
1570268113.77681
1570268114.02682
1570268114.27683
1570268114.52684
1570268114.77686
1570268115.02687
1570268115.27688
1570268115.52689
1570268115.7769
1570268116.02691
1570268116.27693
1570268116.52694
1570268116.77695
1570268117.02696
1570268117.27697
1570268117.52698
1570268117.77699
1570268118.02701
1570268118.27702
1570268118.52703
1570268118.77704
1570268119.02705
1570268119.27706
1570268119.52708
1570268119.77709
1570268120.0271
1570268120.27711
1570268120.52712
1570268120.77713
1570268121.02715
1570268121.27716
1570268121.52717
1570268121.77718
1570268122.02719
1570268122.2772
1570268122.52721
1570268122.77723
1570268123.02724
1570268123.27725
1570268123.52726
1570268123.77727
1570268124.02728
1570268124.2773
1570268124.52731
1570268124.77732
1570268125.02733
1570268125.27734
1570268125.52735
1570268125.77737
1570268126.02738
1570268126.27739
1570268126.5274
1570268126.77741
1570268127.02742
1570268127.27743
1570268127.52745
1570268127.77746
1570268128.02747
1570268128.27748
1570268128.52749
1570268128.7775
1570268129.02752
1570268129.27753
1570268129.52754
1570268129.77755
1570268130.02756
1570268130.27757
1570268130.52759
1570268130.7776
1570268131.02761
1570268131.27762
1570268131.52763
1570268131.77764
1570268132.02765
1570268132.27767
1570268132.52768
1570268132.77769
1570268133.0277
1570268133.27771
1570268133.52772
1570268133.77774
1570268134.02775
1570268134.27776
1570268134.52777
1570268134.77778
1570268135.02779
1570268135.2778
1570268135.52782
1570268135.77783
1570268136.02784
1570268136.27785
1570268136.52786
1570268136.77787
1570268137.02789
1570268137.2779
1570268137.52791
1570268137.77792
1570268138.02793
1570268138.27794
1570268138.52796
1570268138.77797
1570268139.02798
1570268139.27799
1570268139.528
1570268139.77801
1570268140.02802
1570268140.27804
1570268140.52805
1570268140.77806
1570268141.02807
1570268141.27808
1570268141.52809
1570268141.77811
1570268142.02812
1570268142.27813
1570268142.52814
1570268142.77815
1570268143.02816
1570268143.27818
1570268143.52819
1570268143.7782
1570268144.02821
1570268144.27822
1570268144.52823
1570268144.77824
1570268145.02826
1570268145.27827
1570268145.52828
1570268145.77829
1570268146.0283
1570268146.27831
1570268146.52833
1570268146.77834
1570268147.02835
1570268147.27836
1570268147.52837
1570268147.77838
1570268148.0284
1570268148.27841
1570268148.52842
1570268148.77843
1570268149.02844
1570268149.27845
1570268149.52846
1570268149.77848
1570268150.02849
1570268150.2785
1570268150.52851
1570268150.77852
1570268151.02853
1570268151.27855
1570268151.52856
1570268151.77857
1570268152.02858
1570268152.27859
1570268152.5286
1570268152.77862
1570268153.02863
1570268153.27864
1570268153.52865
1570268153.77866
1570268154.02867
1570268154.27868
1570268154.5287
1570268154.77871
1570268155.02872
1570268155.27873
1570268155.52874
1570268155.77875
1570268156.02877
1570268156.27878
1570268156.52879
1570268156.7788
1570268157.02881
1570268157.27882
1570268157.52884
1570268157.77885
1570268158.02886
1570268158.27887
1570268158.52888
1570268158.77889
1570268159.0289
1570268159.27892
1570268159.52893
1570268159.77894
1570268160.02895
1570268160.27896
1570268160.52897
1570268160.77899
1570268161.029
1570268161.27901
1570268161.52902
1570268161.77903
1570268162.02904
1570268162.27906
1570268162.52907
1570268162.77908
1570268163.02909
1570268163.2791
1570268163.52911
1570268163.77912
1570268164.02914
1570268164.27915
1570268164.52916
1570268164.77917
1570268165.02918
1570268165.27919
1570268165.52921
1570268165.77922
1570268166.02923
1570268166.27924
1570268166.52925
1570268166.77926
1570268167.02927
1570268167.27929
1570268167.5293
1570268167.77931
1570268168.02932
1570268168.27933
1570268168.52934
1570268168.77936
1570268169.02937
1570268169.27938
1570268169.52939
1570268169.7794
1570268170.02941
1570268170.27943
1570268170.52944
1570268170.77945
1570268171.02946
1570268171.27947
1570268171.52948
1570268171.77949
1570268172.02951
1570268172.27952
1570268172.52953
1570268172.77954
1570268173.02955
1570268173.27956
1570268173.52958
1570268173.77959
1570268174.0296
1570268174.27961
1570268174.52962
1570268174.77963
1570268175.02965
1570268175.27966
1570268175.52967
1570268175.77968
1570268176.02969
1570268176.2797
1570268176.52971
1570268176.77973
1570268177.02974
1570268177.27975
1570268177.52976
1570268177.77977
1570268178.02978
1570268178.2798
1570268178.52981
1570268178.77982
1570268179.02983
1570268179.27984
1570268179.52985
1570268179.77987
1570268180.02988
1570268180.27989
1570268180.5299
1570268180.77991
1570268181.02992
1570268181.27993
1570268181.52995
1570268181.77996
1570268182.02997
1570268182.27998
1570268182.52999
1570268182.78
1570268183.03002
1570268183.28003
1570268183.53004
1570268183.78005
1570268184.03006
1570268184.28007
1570268184.53009
1570268184.7801
1570268185.03011
1570268185.28012
1570268185.53013
1570268185.78014
1570268186.03015
1570268186.28017
1570268186.53018
1570268186.78019
1570268187.0302
1570268187.28021
1570268187.53022
1570268187.78024
1570268188.03025
1570268188.28026
1570268188.53027
1570268188.78028
1570268189.03029
1570268189.28031
1570268189.53032
1570268189.78033
1570268190.03034
1570268190.28035
1570268190.53036
1570268190.78037
1570268191.03039
1570268191.2804
1570268191.53041
1570268191.78042
1570268192.03043
1570268192.28044
1570268192.53046
1570268192.78047
1570268193.03048
1570268193.28049
1570268193.5305
1570268193.78051
1570268194.03052
1570268194.28054
1570268194.53055
1570268194.78056
1570268195.03057
1570268195.28058
1570268195.53059
1570268195.78061
1570268196.03062
1570268196.28063
1570268196.53064
1570268196.78065
1570268197.03066
1570268197.28068
1570268197.53069
1570268197.7807
1570268198.03071
1570268198.28072
1570268198.53073
1570268198.78075
1570268199.03076
1570268199.28077
1570268199.53078
1570268199.78079
1570268200.0308
1570268200.28081
1570268200.53083
1570268200.78084
1570268201.03085
1570268201.28086
1570268201.53087
1570268201.78088
1570268202.0309
1570268202.28091
1570268202.53092
1570268202.78093
1570268203.03094
1570268203.28095
1570268203.53096
1570268203.78098
1570268204.03099
1570268204.281
1570268204.53101
1570268204.78102
1570268205.03103
1570268205.28105
1570268205.53106
1570268205.78107
1570268206.03108
1570268206.28109
1570268206.5311
1570268206.78112
1570268207.03113
1570268207.28114
1570268207.53115
1570268207.78116
1570268208.03117
1570268208.28118
1570268208.5312
1570268208.78121
1570268209.03122
1570268209.28123
1570268209.53124
1570268209.78125
1570268210.03127
1570268210.28128
1570268210.53129
1570268210.7813
1570268211.03131
1570268211.28132
1570268211.53134
1570268211.78135
1570268212.03136
1570268212.28137
1570268212.53138
1570268212.78139
1570268213.0314
1570268213.28142
1570268213.53143
1570268213.78144
1570268214.03145
1570268214.28146
1570268214.53147
1570268214.78149
1570268215.0315
1570268215.28151
1570268215.53152
1570268215.78153
1570268216.03154
1570268216.28156
1570268216.53157
1570268216.78158
1570268217.03159
1570268217.2816
1570268217.53161
1570268217.78162
1570268218.03164
1570268218.28165
1570268218.53166
1570268218.78167
1570268219.03168
1570268219.28169
1570268219.53171
1570268219.78172
1570268220.03173
1570268220.28174
1570268220.53175
1570268220.78176
1570268221.03178
1570268221.28179
1570268221.5318
1570268221.78181
1570268222.03182
1570268222.28183
1570268222.53184
1570268222.78186
1570268223.03187
1570268223.28188
1570268223.53189
1570268223.7819
1570268224.03191
1570268224.28193
1570268224.53194
1570268224.78195
1570268225.03196
1570268225.28197
1570268225.53198
1570268225.782
1570268226.03201
1570268226.28202
1570268226.53203
1570268226.78204
1570268227.03205
1570268227.28206
1570268227.53208
1570268227.78209
1570268228.0321
1570268228.28211
1570268228.53212
1570268228.78213
1570268229.03215
1570268229.28216
1570268229.53217
1570268229.78218
1570268230.03219
1570268230.2822
1570268230.53221
1570268230.78223
1570268231.03224
1570268231.28225
1570268231.53226
1570268231.78227
1570268232.03228
1570268232.2823
1570268232.53231
1570268232.78232
1570268233.03233
1570268233.28234
1570268233.53235
1570268233.78237
1570268234.03238
1570268234.28239
1570268234.5324
1570268234.78241
1570268235.03242
1570268235.28243
1570268235.53245
1570268235.78246
1570268236.03247
1570268236.28248
1570268236.53249
1570268236.7825
1570268237.03252
1570268237.28253
1570268237.53254
1570268237.78255
1570268238.03256
1570268238.28257
1570268238.53259
1570268238.7826
1570268239.03261
1570268239.28262
1570268239.53263
1570268239.78264
1570268240.03265
1570268240.28267
1570268240.53268
1570268240.78269
1570268241.0327
1570268241.28271
1570268241.53272
1570268241.78274
1570268242.03275
1570268242.28276
1570268242.53277
1570268242.78278
1570268243.03279
1570268243.28281
1570268243.53282
1570268243.78283
1570268244.03284
1570268244.28285
1570268244.53286
1570268244.78287
1570268245.03289
1570268245.2829
1570268245.53291
1570268245.78292
1570268246.03293
1570268246.28294
1570268246.53296
1570268246.78297
1570268247.03298
1570268247.28299
1570268247.533
1570268247.78301
1570268248.03303
1570268248.28304
1570268248.53305
1570268248.78306
1570268249.03307
1570268249.28308
1570268249.53309
1570268249.78311
1570268250.03312
1570268250.28313
1570268250.53314
1570268250.78315
1570268251.03316
1570268251.28318
1570268251.53319
1570268251.7832
1570268252.03321
1570268252.28322
1570268252.53323
1570268252.78325
1570268253.03326
1570268253.28327
1570268253.53328
1570268253.78329
1570268254.0333
1570268254.28331
1570268254.53333
1570268254.78334
1570268255.03335
1570268255.28336
1570268255.53337
1570268255.78338
1570268256.0334
1570268256.28341
1570268256.53342
1570268256.78343
1570268257.03344
1570268257.28345
1570268257.53346
1570268257.78348
1570268258.03349
1570268258.2835
1570268258.53351
1570268258.78352
1570268259.03353
1570268259.28355
1570268259.53356
1570268259.78357
1570268260.03358
1570268260.28359
1570268260.5336
1570268260.78362
1570268261.03363
1570268261.28364
1570268261.53365
1570268261.78366
1570268262.03367
1570268262.28368
1570268262.5337
1570268262.78371
1570268263.03372
1570268263.28373
1570268263.53374
1570268263.78375
1570268264.03377
1570268264.28378
1570268264.53379
1570268264.7838
1570268265.03381
1570268265.28382
1570268265.53384
1570268265.78385
1570268266.03386
1570268266.28387
1570268266.53388
1570268266.78389
1570268267.0339
1570268267.28392
1570268267.53393
1570268267.78394
1570268268.03395
1570268268.28396
1570268268.53397
1570268268.78399
1570268269.034
1570268269.28401
1570268269.53402
1570268269.78403
1570268270.03404
1570268270.28406
1570268270.53407
1570268270.78408
1570268271.03409
1570268271.2841
1570268271.53411
1570268271.78412
1570268272.03414
1570268272.28415
1570268272.53416
1570268272.78417
1570268273.03418
1570268273.28419
1570268273.53421
1570268273.78422
1570268274.03423
1570268274.28424
1570268274.53425
1570268274.78426
1570268275.03428
1570268275.28429
1570268275.5343
1570268275.78431
1570268276.03432
1570268276.28433
1570268276.53434
1570268276.78436
1570268277.03437
1570268277.28438
1570268277.53439
1570268277.7844
1570268278.03441
1570268278.28443
1570268278.53444
1570268278.78445
1570268279.03446
1570268279.28447
1570268279.53448
1570268279.7845
1570268280.03451
1570268280.28452
1570268280.53453
1570268280.78454
1570268281.03455
1570268281.28456
1570268281.53458
1570268281.78459
1570268282.0346
1570268282.28461
1570268282.53462
1570268282.78463
1570268283.03465
1570268283.28466
1570268283.53467
1570268283.78468
1570268284.03469
1570268284.2847
1570268284.53472
1570268284.78473
1570268285.03474
1570268285.28475
1570268285.53476
1570268285.78477
1570268286.03478
1570268286.2848
1570268286.53481
1570268286.78482
1570268287.03483
1570268287.28484
1570268287.53485
1570268287.78487
1570268288.03488
1570268288.28489
1570268288.5349
1570268288.78491
1570268289.03492
1570268289.28494
1570268289.53495
1570268289.78496
1570268290.03497
1570268290.28498
1570268290.53499
1570268290.785
1570268291.03502
1570268291.28503
1570268291.53504
1570268291.78505
1570268292.03506
1570268292.28507
1570268292.53509
1570268292.7851
1570268293.03511
1570268293.28512
1570268293.53513
1570268293.78514
1570268294.03515
1570268294.28517
1570268294.53518
1570268294.78519
1570268295.0352
1570268295.28521
1570268295.53522
1570268295.78524
1570268296.03525
1570268296.28526
1570268296.53527
1570268296.78528
1570268297.03529
1570268297.28531
1570268297.53532
1570268297.78533
1570268298.03534
1570268298.28535
1570268298.53536
1570268298.78537
1570268299.03539
1570268299.2854
1570268299.53541
1570268299.78542
1570268300.03543
1570268300.28544
1570268300.53546
1570268300.78547
1570268301.03548
1570268301.28549
1570268301.5355
1570268301.78551
1570268302.03553
1570268302.28554
1570268302.53555
1570268302.78556
1570268303.03557
1570268303.28558
1570268303.53559
1570268303.78561
1570268304.03562
1570268304.28563
1570268304.53564
1570268304.78565
1570268305.03566
1570268305.28568
1570268305.53569
1570268305.7857
1570268306.03571
1570268306.28572
1570268306.53573
1570268306.78575
1570268307.03576
1570268307.28577
1570268307.53578
1570268307.78579
1570268308.0358
1570268308.28581
1570268308.53583
1570268308.78584
1570268309.03585
1570268309.28586
1570268309.53587
1570268309.78588
1570268310.0359
1570268310.28591
1570268310.53592
1570268310.78593
1570268311.03594
1570268311.28595
1570268311.53597
1570268311.78598
1570268312.03599
1570268312.286
1570268312.53601
1570268312.78602
1570268313.03603
1570268313.28605
1570268313.53606
1570268313.78607
1570268314.03608
1570268314.28609
1570268314.5361
1570268314.78612
1570268315.03613
1570268315.28614
1570268315.53615
1570268315.78616
1570268316.03617
1570268316.28619
1570268316.5362
1570268316.78621
1570268317.03622
1570268317.28623
1570268317.53624
1570268317.78625
1570268318.03627
1570268318.28628
1570268318.53629
1570268318.7863
1570268319.03631
1570268319.28632
1570268319.53634
1570268319.78635
1570268320.03636
1570268320.28637
1570268320.53638
1570268320.78639
1570268321.03641
1570268321.28642
1570268321.53643
1570268321.78644
1570268322.03645
1570268322.28646
1570268322.53647
1570268322.78649
1570268323.0365
1570268323.28651
1570268323.53652
1570268323.78653
1570268324.03654
1570268324.28656
1570268324.53657
1570268324.78658
1570268325.03659
1570268325.2866
1570268325.53661
1570268325.78662
1570268326.03664
1570268326.28665
1570268326.53666
1570268326.78667
1570268327.03668
1570268327.28669
1570268327.53671
1570268327.78672
1570268328.03673
1570268328.28674
1570268328.53675
1570268328.78676
1570268329.03678
1570268329.28679
1570268329.5368
1570268329.78681
1570268330.03682
1570268330.28683
1570268330.53684
1570268330.78686
1570268331.03687
1570268331.28688
1570268331.53689
1570268331.7869
1570268332.03691
1570268332.28693
1570268332.53694
1570268332.78695
1570268333.03696
1570268333.28697
1570268333.53698
1570268333.787
1570268334.03701
1570268334.28702
1570268334.53703
1570268334.78704
1570268335.03705
1570268335.28706
1570268335.53708
1570268335.78709
1570268336.0371
1570268336.28711
1570268336.53712
1570268336.78713
1570268337.03715
1570268337.28716
1570268337.53717
1570268337.78718
1570268338.03719
1570268338.2872
1570268338.53722
1570268338.78723
1570268339.03724
1570268339.28725
1570268339.53726
1570268339.78727
1570268340.03728
1570268340.2873
1570268340.53731
1570268340.78732
1570268341.03733
1570268341.28734
1570268341.53735
1570268341.78737
1570268342.03738
1570268342.28739
1570268342.5374
1570268342.78741
1570268343.03742
1570268343.28744
1570268343.53745
1570268343.78746
1570268344.03747
1570268344.28748
1570268344.53749
1570268344.7875
1570268345.03752
1570268345.28753
1570268345.53754
1570268345.78755
1570268346.03756
1570268346.28757
1570268346.53759
1570268346.7876
1570268347.03761
1570268347.28762
1570268347.53763
1570268347.78764
1570268348.03766
1570268348.28767
1570268348.53768
1570268348.78769
1570268349.0377
1570268349.28771
1570268349.53772
1570268349.78774
1570268350.03775
1570268350.28776
1570268350.53777
1570268350.78778
1570268351.03779
1570268351.28781
1570268351.53782
1570268351.78783
1570268352.03784
1570268352.28785
1570268352.53786
1570268352.78787
1570268353.03789
1570268353.2879
1570268353.53791
1570268353.78792
1570268354.03793
1570268354.28794
1570268354.53796
1570268354.78797
1570268355.03798
1570268355.28799
1570268355.538
1570268355.78801
1570268356.03803
1570268356.28804
1570268356.53805
1570268356.78806
1570268357.03807
1570268357.28808
1570268357.5381
1570268357.78811
1570268358.03812
1570268358.28813
1570268358.53814
1570268358.78815
1570268359.03816
1570268359.28818
1570268359.53819
1570268359.7882
1570268360.03821
1570268360.28822
1570268360.53823
1570268360.78825
1570268361.03826
1570268361.28827
1570268361.53828
1570268361.78829
1570268362.0383
1570268362.28831
1570268362.53833
1570268362.78834
1570268363.03835
1570268363.28836
1570268363.53837
1570268363.78838
1570268364.0384
1570268364.28841
1570268364.53842
1570268364.78843
1570268365.03844
1570268365.28845
1570268365.53847
1570268365.78848
1570268366.03849
1570268366.2885
1570268366.53851
1570268366.78852
1570268367.03853
1570268367.28855
1570268367.53856
1570268367.78857
1570268368.03858
1570268368.28859
1570268368.5386
1570268368.78862
1570268369.03863
1570268369.28864
1570268369.53865
1570268369.78866
1570268370.03867
1570268370.28869
1570268370.5387
1570268370.78871
1570268371.03872
1570268371.28873
1570268371.53874
1570268371.78875
1570268372.03877
1570268372.28878
1570268372.53879
1570268372.7888
1570268373.03881
1570268373.28882
1570268373.53884
1570268373.78885
1570268374.03886
1570268374.28887
1570268374.53888
1570268374.78889
1570268375.03891
1570268375.28892
1570268375.53893
1570268375.78894
1570268376.03895
1570268376.28896
1570268376.53897
1570268376.78899
1570268377.039
1570268377.28901
1570268377.53902
1570268377.78903
1570268378.03904
1570268378.28906
1570268378.53907
1570268378.78908
1570268379.03909
1570268379.2891
1570268379.53911
1570268379.78912
1570268380.03914
1570268380.28915
1570268380.53916
1570268380.78917
1570268381.03918
1570268381.28919
1570268381.53921
1570268381.78922
1570268382.03923
1570268382.28924
1570268382.53925
1570268382.78926
1570268383.03928
1570268383.28929
1570268383.5393
1570268383.78931
1570268384.03932
1570268384.28933
1570268384.53935
1570268384.78936
1570268385.03937
1570268385.28938
1570268385.53939
1570268385.7894
1570268386.03941
1570268386.28943
1570268386.53944
1570268386.78945
1570268387.03946
1570268387.28947
1570268387.53948
1570268387.7895
1570268388.03951
1570268388.28952
1570268388.53953
1570268388.78954
1570268389.03955
1570268389.28956
1570268389.53958
1570268389.78959
1570268390.0396
1570268390.28961
1570268390.53962
1570268390.78963
1570268391.03965
1570268391.28966
1570268391.53967
1570268391.78968
1570268392.03969
1570268392.2897
1570268392.53972
1570268392.78973
1570268393.03974
1570268393.28975
1570268393.53976
1570268393.78977
1570268394.03978
1570268394.2898
1570268394.53981
1570268394.78982
1570268395.03983
1570268395.28984
1570268395.53985
1570268395.78987
1570268396.03988
1570268396.28989
1570268396.5399
1570268396.78991
1570268397.03992
1570268397.28994
1570268397.53995
1570268397.78996
1570268398.03997
1570268398.28998
1570268398.53999
1570268398.79
1570268399.04002
1570268399.29003
1570268399.54004
1570268399.79005
1570268400.04006
1570268400.29007
1570268400.54009
1570268400.7901
1570268401.04011
1570268401.29012
1570268401.54013
1570268401.79014
1570268402.04016
1570268402.29017
1570268402.54018
1570268402.79019
1570268403.0402
1570268403.29021
1570268403.54022
1570268403.79024
1570268404.04025
1570268404.29026
1570268404.54027
1570268404.79028
1570268405.04029
1570268405.29031
1570268405.54032
1570268405.79033
1570268406.04034
1570268406.29035
1570268406.54036
1570268406.79038
