1570263689.82199
1570263690.07201
1570263690.32202
1570263690.57203
1570263690.82204
1570263691.07205
1570263691.32206
1570263691.57208
1570263691.82209
1570263692.0721
1570263692.32211
1570263692.57212
1570263692.82213
1570263693.07214
1570263693.32216
1570263693.57217
1570263693.82218
1570263694.07219
1570263694.3222
1570263694.57221
1570263694.82223
1570263695.07224
1570263695.32225
1570263695.57226
1570263695.82227
1570263696.07228
1570263696.3223
1570263696.57231
1570263696.82232
1570263697.07233
1570263697.32234
1570263697.57235
1570263697.82236
1570263698.07238
1570263698.32239
1570263698.5724
1570263698.82241
1570263699.07242
1570263699.32243
1570263699.57245
1570263699.82246
1570263700.07247
1570263700.32248
1570263700.57249
1570263700.8225
1570263701.07252
1570263701.32253
1570263701.57254
1570263701.82255
1570263702.07256
1570263702.32257
1570263702.57258
1570263702.8226
1570263703.07261
1570263703.32262
1570263703.57263
1570263703.82264
1570263704.07265
1570263704.32267
1570263704.57268
1570263704.82269
1570263705.0727
1570263705.32271
1570263705.57272
1570263705.82274
1570263706.07275
1570263706.32276
1570263706.57277
1570263706.82278
1570263707.07279
1570263707.3228
1570263707.57282
1570263707.82283
1570263708.07284
1570263708.32285
1570263708.57286
1570263708.82287
1570263709.07289
1570263709.3229
1570263709.57291
1570263709.82292
1570263710.07293
1570263710.32294
1570263710.57295
1570263710.82297
1570263711.07298
1570263711.32299
1570263711.573
1570263711.82301
1570263712.07302
1570263712.32304
1570263712.57305
1570263712.82306
1570263713.07307
1570263713.32308
1570263713.57309
1570263713.82311
1570263714.07312
1570263714.32313
1570263714.57314
1570263714.82315
1570263715.07316
1570263715.32317
1570263715.57319
1570263715.8232
1570263716.07321
1570263716.32322
1570263716.57323
1570263716.82324
1570263717.07326
1570263717.32327
1570263717.57328
1570263717.82329
1570263718.0733
1570263718.32331
1570263718.57333
1570263718.82334
1570263719.07335
1570263719.32336
1570263719.57337
1570263719.82338
1570263720.07339
1570263720.32341
1570263720.57342
1570263720.82343
1570263721.07344
1570263721.32345
1570263721.57346
1570263721.82348
1570263722.07349
1570263722.3235
1570263722.57351
1570263722.82352
1570263723.07353
1570263723.32355
1570263723.57356
1570263723.82357
1570263724.07358
1570263724.32359
1570263724.5736
1570263724.82361
1570263725.07363
1570263725.32364
1570263725.57365
1570263725.82366
1570263726.07367
1570263726.32368
1570263726.5737
1570263726.82371
1570263727.07372
1570263727.32373
1570263727.57374
1570263727.82375
1570263728.07377
1570263728.32378
1570263728.57379
1570263728.8238
1570263729.07381
1570263729.32382
1570263729.57383
1570263729.82385
1570263730.07386
1570263730.32387
1570263730.57388
1570263730.82389
1570263731.0739
1570263731.32392
1570263731.57393
1570263731.82394
1570263732.07395
1570263732.32396
1570263732.57397
1570263732.82399
1570263733.074
1570263733.32401
1570263733.57402
1570263733.82403
1570263734.07404
1570263734.32405
1570263734.57407
1570263734.82408
1570263735.07409
1570263735.3241
1570263735.57411
1570263735.82412
1570263736.07414
1570263736.32415
1570263736.57416
1570263736.82417
1570263737.07418
1570263737.32419
1570263737.5742
1570263737.82422
1570263738.07423
1570263738.32424
1570263738.57425
1570263738.82426
1570263739.07427
1570263739.32429
1570263739.5743
1570263739.82431
1570263740.07432
1570263740.32433
1570263740.57434
1570263740.82436
1570263741.07437
1570263741.32438
1570263741.57439
1570263741.8244
1570263742.07441
1570263742.32442
1570263742.57444
1570263742.82445
1570263743.07446
1570263743.32447
1570263743.57448
1570263743.82449
1570263744.07451
1570263744.32452
1570263744.57453
1570263744.82454
1570263745.07455
1570263745.32456
1570263745.57458
1570263745.82459
1570263746.0746
1570263746.32461
1570263746.57462
1570263746.82463
1570263747.07464
1570263747.32466
1570263747.57467
1570263747.82468
1570263748.07469
1570263748.3247
1570263748.57471
1570263748.82473
1570263749.07474
1570263749.32475
1570263749.57476
1570263749.82477
1570263750.07478
1570263750.3248
1570263750.57481
1570263750.82482
1570263751.07483
1570263751.32484
1570263751.57485
1570263751.82486
1570263752.07488
1570263752.32489
1570263752.5749
1570263752.82491
1570263753.07492
1570263753.32493
1570263753.57495
1570263753.82496
1570263754.07497
1570263754.32498
1570263754.57499
1570263754.825
1570263755.07502
1570263755.32503
1570263755.57504
1570263755.82505
1570263756.07506
1570263756.32507
1570263756.57508
1570263756.8251
1570263757.07511
1570263757.32512
1570263757.57513
1570263757.82514
1570263758.07515
1570263758.32517
1570263758.57518
1570263758.82519
1570263759.0752
1570263759.32521
1570263759.57522
1570263759.82524
1570263760.07525
1570263760.32526
1570263760.57527
1570263760.82528
1570263761.07529
1570263761.3253
1570263761.57532
1570263761.82533
1570263762.07534
1570263762.32535
1570263762.57536
1570263762.82537
1570263763.07539
1570263763.3254
1570263763.57541
1570263763.82542
1570263764.07543
1570263764.32544
1570263764.57546
1570263764.82547
1570263765.07548
1570263765.32549
1570263765.5755
1570263765.82551
1570263766.07552
1570263766.32554
1570263766.57555
1570263766.82556
1570263767.07557
1570263767.32558
1570263767.57559
1570263767.82561
1570263768.07562
1570263768.32563
1570263768.57564
1570263768.82565
1570263769.07566
1570263769.32568
1570263769.57569
1570263769.8257
1570263770.07571
1570263770.32572
1570263770.57573
1570263770.82574
1570263771.07576
1570263771.32577
1570263771.57578
1570263771.82579
1570263772.0758
1570263772.32581
1570263772.57583
1570263772.82584
1570263773.07585
1570263773.32586
1570263773.57587
1570263773.82588
1570263774.07589
1570263774.32591
1570263774.57592
1570263774.82593
1570263775.07594
1570263775.32595
1570263775.57596
1570263775.82598
1570263776.07599
1570263776.326
1570263776.57601
1570263776.82602
1570263777.07603
1570263777.32605
1570263777.57606
1570263777.82607
1570263778.07608
1570263778.32609
1570263778.5761
1570263778.82611
1570263779.07613
1570263779.32614
1570263779.57615
1570263779.82616
1570263780.07617
1570263780.32618
1570263780.5762
1570263780.82621
1570263781.07622
1570263781.32623
1570263781.57624
1570263781.82625
1570263782.07627
1570263782.32628
1570263782.57629
1570263782.8263
1570263783.07631
1570263783.32632
1570263783.57633
1570263783.82635
1570263784.07636
1570263784.32637
1570263784.57638
1570263784.82639
1570263785.0764
1570263785.32642
1570263785.57643
1570263785.82644
1570263786.07645
1570263786.32646
1570263786.57647
1570263786.82649
1570263787.0765
1570263787.32651
1570263787.57652
1570263787.82653
1570263788.07654
1570263788.32655
1570263788.57657
1570263788.82658
1570263789.07659
1570263789.3266
1570263789.57661
1570263789.82662
1570263790.07664
1570263790.32665
1570263790.57666
1570263790.82667
1570263791.07668
1570263791.32669
1570263791.57671
1570263791.82672
1570263792.07673
1570263792.32674
1570263792.57675
1570263792.82676
1570263793.07677
1570263793.32679
1570263793.5768
1570263793.82681
1570263794.07682
1570263794.32683
1570263794.57684
1570263794.82686
1570263795.07687
1570263795.32688
1570263795.57689
1570263795.8269
1570263796.07691
1570263796.32693
1570263796.57694
1570263796.82695
1570263797.07696
1570263797.32697
1570263797.57698
1570263797.82699
1570263798.07701
1570263798.32702
1570263798.57703
1570263798.82704
1570263799.07705
1570263799.32706
1570263799.57708
1570263799.82709
1570263800.0771
1570263800.32711
1570263800.57712
1570263800.82713
1570263801.07715
1570263801.32716
1570263801.57717
1570263801.82718
1570263802.07719
1570263802.3272
1570263802.57721
1570263802.82723
1570263803.07724
1570263803.32725
1570263803.57726
1570263803.82727
1570263804.07728
1570263804.3273
1570263804.57731
1570263804.82732
1570263805.07733
1570263805.32734
1570263805.57735
1570263805.82736
1570263806.07738
1570263806.32739
1570263806.5774
1570263806.82741
1570263807.07742
1570263807.32743
1570263807.57745
1570263807.82746
1570263808.07747
1570263808.32748
1570263808.57749
1570263808.8275
1570263809.07752
1570263809.32753
1570263809.57754
1570263809.82755
1570263810.07756
1570263810.32757
1570263810.57758
1570263810.8276
1570263811.07761
1570263811.32762
1570263811.57763
1570263811.82764
1570263812.07765
1570263812.32767
1570263812.57768
1570263812.82769
1570263813.0777
1570263813.32771
1570263813.57772
1570263813.82774
1570263814.07775
1570263814.32776
1570263814.57777
1570263814.82778
1570263815.07779
1570263815.3278
1570263815.57782
1570263815.82783
1570263816.07784
1570263816.32785
1570263816.57786
1570263816.82787
1570263817.07789
1570263817.3279
1570263817.57791
1570263817.82792
1570263818.07793
1570263818.32794
1570263818.57796
1570263818.82797
1570263819.07798
1570263819.32799
1570263819.578
1570263819.82801
1570263820.07802
1570263820.32804
1570263820.57805
1570263820.82806
1570263821.07807
1570263821.32808
1570263821.57809
1570263821.82811
1570263822.07812
1570263822.32813
1570263822.57814
1570263822.82815
1570263823.07816
1570263823.32818
1570263823.57819
1570263823.8282
1570263824.07821
1570263824.32822
1570263824.57823
1570263824.82824
1570263825.07826
1570263825.32827
1570263825.57828
1570263825.82829
1570263826.0783
1570263826.32831
1570263826.57833
1570263826.82834
1570263827.07835
1570263827.32836
1570263827.57837
1570263827.82838
1570263828.0784
1570263828.32841
1570263828.57842
1570263828.82843
1570263829.07844
1570263829.32845
1570263829.57846
1570263829.82848
1570263830.07849
1570263830.3285
1570263830.57851
1570263830.82852
1570263831.07853
1570263831.32855
1570263831.57856
1570263831.82857
1570263832.07858
1570263832.32859
1570263832.5786
1570263832.82861
1570263833.07863
1570263833.32864
1570263833.57865
1570263833.82866
1570263834.07867
1570263834.32868
1570263834.5787
1570263834.82871
1570263835.07872
1570263835.32873
1570263835.57874
1570263835.82875
1570263836.07877
1570263836.32878
1570263836.57879
1570263836.8288
1570263837.07881
1570263837.32882
1570263837.57884
1570263837.82885
1570263838.07886
1570263838.32887
1570263838.57888
1570263838.82889
1570263839.0789
1570263839.32892
1570263839.57893
1570263839.82894
1570263840.07895
1570263840.32896
1570263840.57897
1570263840.82899
1570263841.079
1570263841.32901
1570263841.57902
1570263841.82903
1570263842.07904
1570263842.32905
1570263842.57907
1570263842.82908
1570263843.07909
1570263843.3291
1570263843.57911
1570263843.82912
1570263844.07914
1570263844.32915
1570263844.57916
1570263844.82917
1570263845.07918
1570263845.32919
1570263845.57921
1570263845.82922
1570263846.07923
1570263846.32924
1570263846.57925
1570263846.82926
1570263847.07927
1570263847.32929
1570263847.5793
1570263847.82931
1570263848.07932
1570263848.32933
1570263848.57934
1570263848.82936
1570263849.07937
1570263849.32938
1570263849.57939
1570263849.8294
1570263850.07941
1570263850.32943
1570263850.57944
1570263850.82945
1570263851.07946
1570263851.32947
1570263851.57948
1570263851.82949
1570263852.07951
1570263852.32952
1570263852.57953
1570263852.82954
1570263853.07955
1570263853.32956
1570263853.57958
1570263853.82959
1570263854.0796
1570263854.32961
1570263854.57962
1570263854.82963
1570263855.07965
1570263855.32966
1570263855.57967
1570263855.82968
1570263856.07969
1570263856.3297
1570263856.57971
1570263856.82973
1570263857.07974
1570263857.32975
1570263857.57976
1570263857.82977
1570263858.07978
1570263858.3298
1570263858.57981
1570263858.82982
1570263859.07983
1570263859.32984
1570263859.57985
1570263859.82986
1570263860.07988
1570263860.32989
1570263860.5799
1570263860.82991
1570263861.07992
1570263861.32993
1570263861.57995
1570263861.82996
1570263862.07997
1570263862.32998
1570263862.57999
1570263862.83
1570263863.08002
1570263863.33003
1570263863.58004
1570263863.83005
1570263864.08006
1570263864.33007
1570263864.58009
1570263864.8301
1570263865.08011
1570263865.33012
1570263865.58013
1570263865.83014
1570263866.08015
1570263866.33017
1570263866.58018
1570263866.83019
1570263867.0802
1570263867.33021
1570263867.58022
1570263867.83024
1570263868.08025
1570263868.33026
1570263868.58027
1570263868.83028
1570263869.08029
1570263869.3303
1570263869.58032
1570263869.83033
1570263870.08034
1570263870.33035
1570263870.58036
1570263870.83037
1570263871.08039
1570263871.3304
1570263871.58041
1570263871.83042
1570263872.08043
1570263872.33044
1570263872.58046
1570263872.83047
1570263873.08048
1570263873.33049
1570263873.5805
1570263873.83051
1570263874.08052
1570263874.33054
1570263874.58055
1570263874.83056
1570263875.08057
1570263875.33058
1570263875.58059
1570263875.83061
1570263876.08062
1570263876.33063
1570263876.58064
1570263876.83065
1570263877.08066
1570263877.33068
1570263877.58069
1570263877.8307
1570263878.08071
1570263878.33072
1570263878.58073
1570263878.83074
1570263879.08076
1570263879.33077
1570263879.58078
1570263879.83079
1570263880.0808
1570263880.33081
1570263880.58083
1570263880.83084
1570263881.08085
1570263881.33086
1570263881.58087
1570263881.83088
1570263882.0809
1570263882.33091
1570263882.58092
1570263882.83093
1570263883.08094
1570263883.33095
1570263883.58096
1570263883.83098
1570263884.08099
1570263884.331
1570263884.58101
1570263884.83102
1570263885.08103
1570263885.33105
1570263885.58106
1570263885.83107
1570263886.08108
1570263886.33109
1570263886.5811
1570263886.83112
1570263887.08113
1570263887.33114
1570263887.58115
1570263887.83116
1570263888.08117
1570263888.33118
1570263888.5812
1570263888.83121
1570263889.08122
1570263889.33123
1570263889.58124
1570263889.83125
1570263890.08127
1570263890.33128
1570263890.58129
1570263890.8313
1570263891.08131
1570263891.33132
1570263891.58134
1570263891.83135
1570263892.08136
1570263892.33137
1570263892.58138
1570263892.83139
1570263893.0814
1570263893.33142
1570263893.58143
1570263893.83144
1570263894.08145
1570263894.33146
1570263894.58147
1570263894.83149
1570263895.0815
1570263895.33151
1570263895.58152
1570263895.83153
1570263896.08154
1570263896.33155
1570263896.58157
1570263896.83158
1570263897.08159
1570263897.3316
1570263897.58161
1570263897.83162
1570263898.08164
1570263898.33165
1570263898.58166
1570263898.83167
1570263899.08168
1570263899.33169
1570263899.58171
1570263899.83172
1570263900.08173
1570263900.33174
1570263900.58175
1570263900.83176
1570263901.08177
1570263901.33179
1570263901.5818
1570263901.83181
1570263902.08182
1570263902.33183
1570263902.58184
1570263902.83186
1570263903.08187
1570263903.33188
1570263903.58189
1570263903.8319
1570263904.08191
1570263904.33193
1570263904.58194
1570263904.83195
1570263905.08196
1570263905.33197
1570263905.58198
1570263905.83199
1570263906.08201
1570263906.33202
1570263906.58203
1570263906.83204
1570263907.08205
1570263907.33206
1570263907.58208
1570263907.83209
1570263908.0821
1570263908.33211
1570263908.58212
1570263908.83213
1570263909.08215
1570263909.33216
1570263909.58217
1570263909.83218
1570263910.08219
1570263910.3322
1570263910.58221
1570263910.83223
1570263911.08224
1570263911.33225
1570263911.58226
1570263911.83227
1570263912.08228
1570263912.3323
1570263912.58231
1570263912.83232
1570263913.08233
1570263913.33234
1570263913.58235
1570263913.83237
1570263914.08238
1570263914.33239
1570263914.5824
1570263914.83241
1570263915.08242
1570263915.33243
1570263915.58245
1570263915.83246
1570263916.08247
1570263916.33248
1570263916.58249
1570263916.8325
1570263917.08252
1570263917.33253
1570263917.58254
1570263917.83255
1570263918.08256
1570263918.33257
1570263918.58259
1570263918.8326
1570263919.08261
1570263919.33262
1570263919.58263
1570263919.83264
1570263920.08265
1570263920.33267
1570263920.58268
1570263920.83269
1570263921.0827
1570263921.33271
1570263921.58272
1570263921.83274
1570263922.08275
1570263922.33276
1570263922.58277
1570263922.83278
1570263923.08279
1570263923.33281
1570263923.58282
1570263923.83283
1570263924.08284
1570263924.33285
1570263924.58286
1570263924.83287
1570263925.08289
1570263925.3329
1570263925.58291
1570263925.83292
1570263926.08293
1570263926.33294
1570263926.58296
1570263926.83297
1570263927.08298
1570263927.33299
1570263927.583
1570263927.83301
1570263928.08302
1570263928.33304
1570263928.58305
1570263928.83306
1570263929.08307
1570263929.33308
1570263929.58309
1570263929.83311
1570263930.08312
1570263930.33313
1570263930.58314
1570263930.83315
1570263931.08316
1570263931.33318
1570263931.58319
1570263931.8332
1570263932.08321
1570263932.33322
1570263932.58323
1570263932.83324
1570263933.08326
1570263933.33327
1570263933.58328
1570263933.83329
1570263934.0833
1570263934.33331
1570263934.58333
1570263934.83334
1570263935.08335
1570263935.33336
1570263935.58337
1570263935.83338
1570263936.0834
1570263936.33341
1570263936.58342
1570263936.83343
1570263937.08344
1570263937.33345
1570263937.58346
1570263937.83348
1570263938.08349
1570263938.3335
1570263938.58351
1570263938.83352
1570263939.08353
1570263939.33355
1570263939.58356
1570263939.83357
1570263940.08358
1570263940.33359
1570263940.5836
1570263940.83362
1570263941.08363
1570263941.33364
1570263941.58365
1570263941.83366
1570263942.08367
1570263942.33368
1570263942.5837
1570263942.83371
1570263943.08372
1570263943.33373
1570263943.58374
1570263943.83375
1570263944.08377
1570263944.33378
1570263944.58379
1570263944.8338
1570263945.08381
1570263945.33382
1570263945.58384
1570263945.83385
1570263946.08386
1570263946.33387
1570263946.58388
1570263946.83389
1570263947.0839
1570263947.33392
1570263947.58393
1570263947.83394
1570263948.08395
1570263948.33396
1570263948.58397
1570263948.83399
1570263949.084
1570263949.33401
1570263949.58402
1570263949.83403
1570263950.08404
1570263950.33406
1570263950.58407
1570263950.83408
1570263951.08409
1570263951.3341
1570263951.58411
1570263951.83412
1570263952.08414
1570263952.33415
1570263952.58416
1570263952.83417
1570263953.08418
1570263953.33419
1570263953.58421
1570263953.83422
1570263954.08423
1570263954.33424
1570263954.58425
1570263954.83426
1570263955.08428
1570263955.33429
1570263955.5843
1570263955.83431
1570263956.08432
1570263956.33433
1570263956.58434
1570263956.83436
1570263957.08437
1570263957.33438
1570263957.58439
1570263957.8344
1570263958.08441
1570263958.33443
1570263958.58444
1570263958.83445
1570263959.08446
1570263959.33447
1570263959.58448
1570263959.8345
1570263960.08451
1570263960.33452
1570263960.58453
1570263960.83454
1570263961.08455
1570263961.33456
1570263961.58458
1570263961.83459
1570263962.0846
1570263962.33461
1570263962.58462
1570263962.83463
1570263963.08465
1570263963.33466
1570263963.58467
1570263963.83468
1570263964.08469
1570263964.3347
1570263964.58471
1570263964.83473
1570263965.08474
1570263965.33475
1570263965.58476
1570263965.83477
1570263966.08478
1570263966.3348
1570263966.58481
1570263966.83482
1570263967.08483
1570263967.33484
1570263967.58485
1570263967.83487
1570263968.08488
1570263968.33489
1570263968.5849
1570263968.83491
1570263969.08492
1570263969.33493
1570263969.58495
1570263969.83496
1570263970.08497
1570263970.33498
1570263970.58499
1570263970.835
1570263971.08502
1570263971.33503
1570263971.58504
1570263971.83505
1570263972.08506
1570263972.33507
1570263972.58509
1570263972.8351
1570263973.08511
1570263973.33512
1570263973.58513
1570263973.83514
1570263974.08515
1570263974.33517
1570263974.58518
1570263974.83519
1570263975.0852
1570263975.33521
1570263975.58522
1570263975.83524
1570263976.08525
1570263976.33526
1570263976.58527
1570263976.83528
1570263977.08529
1570263977.33531
1570263977.58532
1570263977.83533
1570263978.08534
1570263978.33535
1570263978.58536
1570263978.83537
1570263979.08539
1570263979.3354
1570263979.58541
1570263979.83542
1570263980.08543
1570263980.33544
1570263980.58546
1570263980.83547
1570263981.08548
1570263981.33549
1570263981.5855
1570263981.83551
1570263982.08553
1570263982.33554
1570263982.58555
1570263982.83556
1570263983.08557
1570263983.33558
1570263983.58559
1570263983.83561
1570263984.08562
1570263984.33563
1570263984.58564
1570263984.83565
1570263985.08566
1570263985.33568
1570263985.58569
1570263985.8357
1570263986.08571
1570263986.33572
1570263986.58573
1570263986.83575
1570263987.08576
1570263987.33577
1570263987.58578
1570263987.83579
1570263988.0858
1570263988.33581
1570263988.58583
1570263988.83584
1570263989.08585
1570263989.33586
1570263989.58587
