1570264809.87385
1570264810.12386
1570264810.37387
1570264810.62388
1570264810.8739
1570264811.12391
1570264811.37392
1570264811.62393
1570264811.87394
1570264812.12395
1570264812.37396
1570264812.62398
1570264812.87399
1570264813.124
1570264813.37401
1570264813.62402
1570264813.87403
1570264814.12405
1570264814.37406
1570264814.62407
1570264814.87408
1570264815.12409
1570264815.3741
1570264815.62412
1570264815.87413
1570264816.12414
1570264816.37415
1570264816.62416
1570264816.87417
1570264817.12418
1570264817.3742
1570264817.62421
1570264817.87422
1570264818.12423
1570264818.37424
1570264818.62425
1570264818.87427
1570264819.12428
1570264819.37429
1570264819.6243
1570264819.87431
1570264820.12432
1570264820.37434
1570264820.62435
1570264820.87436
1570264821.12437
1570264821.37438
1570264821.62439
1570264821.8744
1570264822.12442
1570264822.37443
1570264822.62444
1570264822.87445
1570264823.12446
1570264823.37447
1570264823.62449
1570264823.8745
1570264824.12451
1570264824.37452
1570264824.62453
1570264824.87454
1570264825.12456
1570264825.37457
1570264825.62458
1570264825.87459
1570264826.1246
1570264826.37461
1570264826.62462
1570264826.87464
1570264827.12465
1570264827.37466
1570264827.62467
1570264827.87468
1570264828.12469
1570264828.37471
1570264828.62472
1570264828.87473
1570264829.12474
1570264829.37475
1570264829.62476
1570264829.87478
1570264830.12479
1570264830.3748
1570264830.62481
1570264830.87482
1570264831.12483
1570264831.37484
1570264831.62486
1570264831.87487
1570264832.12488
1570264832.37489
1570264832.6249
1570264832.87491
1570264833.12493
1570264833.37494
1570264833.62495
1570264833.87496
1570264834.12497
1570264834.37498
1570264834.62499
1570264834.87501
1570264835.12502
1570264835.37503
1570264835.62504
1570264835.87505
1570264836.12506
1570264836.37508
1570264836.62509
1570264836.8751
1570264837.12511
1570264837.37512
1570264837.62513
1570264837.87515
1570264838.12516
1570264838.37517
1570264838.62518
1570264838.87519
1570264839.1252
1570264839.37522
1570264839.62523
1570264839.87524
1570264840.12525
1570264840.37526
1570264840.62527
1570264840.87528
1570264841.1253
1570264841.37531
1570264841.62532
1570264841.87533
1570264842.12534
1570264842.37535
1570264842.62537
1570264842.87538
1570264843.12539
1570264843.3754
1570264843.62541
1570264843.87542
1570264844.12543
1570264844.37545
1570264844.62546
1570264844.87547
1570264845.12548
1570264845.37549
1570264845.6255
1570264845.87552
1570264846.12553
1570264846.37554
1570264846.62555
1570264846.87556
1570264847.12557
1570264847.37559
1570264847.6256
1570264847.87561
1570264848.12562
1570264848.37563
1570264848.62564
1570264848.87565
1570264849.12567
1570264849.37568
1570264849.62569
1570264849.8757
1570264850.12571
1570264850.37572
1570264850.62574
1570264850.87575
1570264851.12576
1570264851.37577
1570264851.62578
1570264851.87579
1570264852.12581
1570264852.37582
1570264852.62583
1570264852.87584
1570264853.12585
1570264853.37586
1570264853.62587
1570264853.87589
1570264854.1259
1570264854.37591
1570264854.62592
1570264854.87593
1570264855.12594
1570264855.37596
1570264855.62597
1570264855.87598
1570264856.12599
1570264856.376
1570264856.62601
1570264856.87603
1570264857.12604
1570264857.37605
1570264857.62606
1570264857.87607
1570264858.12608
1570264858.37609
1570264858.62611
1570264858.87612
1570264859.12613
1570264859.37614
1570264859.62615
1570264859.87616
1570264860.12618
1570264860.37619
1570264860.6262
1570264860.87621
1570264861.12622
1570264861.37623
1570264861.62625
1570264861.87626
1570264862.12627
1570264862.37628
1570264862.62629
1570264862.8763
1570264863.12631
1570264863.37633
1570264863.62634
1570264863.87635
1570264864.12636
1570264864.37637
1570264864.62638
1570264864.8764
1570264865.12641
1570264865.37642
1570264865.62643
1570264865.87644
1570264866.12645
1570264866.37647
1570264866.62648
1570264866.87649
1570264867.1265
1570264867.37651
1570264867.62652
1570264867.87653
1570264868.12655
1570264868.37656
1570264868.62657
1570264868.87658
1570264869.12659
1570264869.3766
1570264869.62662
1570264869.87663
1570264870.12664
1570264870.37665
1570264870.62666
1570264870.87667
1570264871.12668
1570264871.3767
1570264871.62671
1570264871.87672
1570264872.12673
1570264872.37674
1570264872.62675
1570264872.87677
1570264873.12678
1570264873.37679
1570264873.6268
1570264873.87681
1570264874.12682
1570264874.37684
1570264874.62685
1570264874.87686
1570264875.12687
1570264875.37688
1570264875.62689
1570264875.8769
1570264876.12692
1570264876.37693
1570264876.62694
1570264876.87695
1570264877.12696
1570264877.37697
1570264877.62699
1570264877.877
1570264878.12701
1570264878.37702
1570264878.62703
1570264878.87704
1570264879.12706
1570264879.37707
1570264879.62708
1570264879.87709
1570264880.1271
1570264880.37711
1570264880.62712
1570264880.87714
1570264881.12715
1570264881.37716
1570264881.62717
1570264881.87718
1570264882.12719
1570264882.37721
1570264882.62722
1570264882.87723
1570264883.12724
1570264883.37725
1570264883.62726
1570264883.87728
1570264884.12729
1570264884.3773
1570264884.62731
1570264884.87732
1570264885.12733
1570264885.37734
1570264885.62736
1570264885.87737
1570264886.12738
1570264886.37739
1570264886.6274
1570264886.87741
1570264887.12743
1570264887.37744
1570264887.62745
1570264887.87746
1570264888.12747
1570264888.37748
1570264888.6275
1570264888.87751
1570264889.12752
1570264889.37753
1570264889.62754
1570264889.87755
1570264890.12756
1570264890.37758
1570264890.62759
1570264890.8776
1570264891.12761
1570264891.37762
1570264891.62763
1570264891.87765
1570264892.12766
1570264892.37767
1570264892.62768
1570264892.87769
1570264893.1277
1570264893.37772
1570264893.62773
1570264893.87774
1570264894.12775
1570264894.37776
1570264894.62777
1570264894.87778
1570264895.1278
1570264895.37781
1570264895.62782
1570264895.87783
1570264896.12784
1570264896.37785
1570264896.62787
1570264896.87788
1570264897.12789
1570264897.3779
1570264897.62791
1570264897.87792
1570264898.12793
1570264898.37795
1570264898.62796
1570264898.87797
1570264899.12798
1570264899.37799
1570264899.628
1570264899.87802
1570264900.12803
1570264900.37804
1570264900.62805
1570264900.87806
1570264901.12807
1570264901.37809
1570264901.6281
1570264901.87811
1570264902.12812
1570264902.37813
1570264902.62814
1570264902.87815
1570264903.12817
1570264903.37818
1570264903.62819
1570264903.8782
1570264904.12821
1570264904.37822
1570264904.62824
1570264904.87825
1570264905.12826
1570264905.37827
1570264905.62828
1570264905.87829
1570264906.12831
1570264906.37832
1570264906.62833
1570264906.87834
1570264907.12835
1570264907.37836
1570264907.62837
1570264907.87839
1570264908.1284
1570264908.37841
1570264908.62842
1570264908.87843
1570264909.12844
1570264909.37846
1570264909.62847
1570264909.87848
1570264910.12849
1570264910.3785
1570264910.62851
1570264910.87853
1570264911.12854
1570264911.37855
1570264911.62856
1570264911.87857
1570264912.12858
1570264912.37859
1570264912.62861
1570264912.87862
1570264913.12863
1570264913.37864
1570264913.62865
1570264913.87866
1570264914.12868
1570264914.37869
1570264914.6287
1570264914.87871
1570264915.12872
1570264915.37873
1570264915.62875
1570264915.87876
1570264916.12877
1570264916.37878
1570264916.62879
1570264916.8788
1570264917.12881
1570264917.37883
1570264917.62884
1570264917.87885
1570264918.12886
1570264918.37887
1570264918.62888
1570264918.8789
1570264919.12891
1570264919.37892
1570264919.62893
1570264919.87894
1570264920.12895
1570264920.37897
1570264920.62898
1570264920.87899
1570264921.129
1570264921.37901
1570264921.62902
1570264921.87903
1570264922.12905
1570264922.37906
1570264922.62907
1570264922.87908
1570264923.12909
1570264923.3791
1570264923.62912
1570264923.87913
1570264924.12914
1570264924.37915
1570264924.62916
1570264924.87917
1570264925.12919
1570264925.3792
1570264925.62921
1570264925.87922
1570264926.12923
1570264926.37924
1570264926.62925
1570264926.87927
1570264927.12928
1570264927.37929
1570264927.6293
1570264927.87931
1570264928.12932
1570264928.37934
1570264928.62935
1570264928.87936
1570264929.12937
1570264929.37938
1570264929.62939
1570264929.87941
1570264930.12942
1570264930.37943
1570264930.62944
1570264930.87945
1570264931.12946
1570264931.37947
1570264931.62949
1570264931.8795
1570264932.12951
1570264932.37952
1570264932.62953
1570264932.87954
1570264933.12956
1570264933.37957
1570264933.62958
1570264933.87959
1570264934.1296
1570264934.37961
1570264934.62962
1570264934.87964
1570264935.12965
1570264935.37966
1570264935.62967
1570264935.87968
1570264936.12969
1570264936.37971
1570264936.62972
1570264936.87973
1570264937.12974
1570264937.37975
1570264937.62976
1570264937.87978
1570264938.12979
1570264938.3798
1570264938.62981
1570264938.87982
1570264939.12983
1570264939.37984
1570264939.62986
1570264939.87987
1570264940.12988
1570264940.37989
1570264940.6299
1570264940.87991
1570264941.12993
1570264941.37994
1570264941.62995
1570264941.87996
1570264942.12997
1570264942.37998
1570264942.63
1570264942.88001
1570264943.13002
1570264943.38003
1570264943.63004
1570264943.88005
1570264944.13006
1570264944.38008
1570264944.63009
1570264944.8801
1570264945.13011
1570264945.38012
1570264945.63013
1570264945.88015
1570264946.13016
1570264946.38017
1570264946.63018
1570264946.88019
1570264947.1302
1570264947.38022
1570264947.63023
1570264947.88024
1570264948.13025
1570264948.38026
1570264948.63027
1570264948.88028
1570264949.1303
1570264949.38031
1570264949.63032
1570264949.88033
1570264950.13034
1570264950.38035
1570264950.63037
1570264950.88038
1570264951.13039
1570264951.3804
1570264951.63041
1570264951.88042
1570264952.13044
1570264952.38045
1570264952.63046
1570264952.88047
1570264953.13048
1570264953.38049
1570264953.6305
1570264953.88052
1570264954.13053
1570264954.38054
1570264954.63055
1570264954.88056
1570264955.13057
1570264955.38059
1570264955.6306
1570264955.88061
1570264956.13062
1570264956.38063
1570264956.63064
1570264956.88066
1570264957.13067
1570264957.38068
1570264957.63069
1570264957.8807
1570264958.13071
1570264958.38072
1570264958.63074
1570264958.88075
1570264959.13076
1570264959.38077
1570264959.63078
1570264959.88079
1570264960.13081
1570264960.38082
1570264960.63083
1570264960.88084
1570264961.13085
1570264961.38086
1570264961.63088
1570264961.88089
1570264962.1309
1570264962.38091
1570264962.63092
1570264962.88093
1570264963.13094
1570264963.38096
1570264963.63097
1570264963.88098
1570264964.13099
1570264964.381
1570264964.63101
1570264964.88103
1570264965.13104
1570264965.38105
1570264965.63106
1570264965.88107
1570264966.13108
1570264966.38109
1570264966.63111
1570264966.88112
1570264967.13113
1570264967.38114
1570264967.63115
1570264967.88116
1570264968.13118
1570264968.38119
1570264968.6312
1570264968.88121
1570264969.13122
1570264969.38123
1570264969.63125
1570264969.88126
1570264970.13127
1570264970.38128
1570264970.63129
1570264970.8813
1570264971.13131
1570264971.38133
1570264971.63134
1570264971.88135
1570264972.13136
1570264972.38137
1570264972.63138
1570264972.8814
1570264973.13141
1570264973.38142
1570264973.63143
1570264973.88144
1570264974.13145
1570264974.38147
1570264974.63148
1570264974.88149
1570264975.1315
1570264975.38151
1570264975.63152
1570264975.88153
1570264976.13155
1570264976.38156
1570264976.63157
1570264976.88158
1570264977.13159
1570264977.3816
1570264977.63162
1570264977.88163
1570264978.13164
1570264978.38165
1570264978.63166
1570264978.88167
1570264979.13169
1570264979.3817
1570264979.63171
1570264979.88172
1570264980.13173
1570264980.38174
1570264980.63175
1570264980.88177
1570264981.13178
1570264981.38179
1570264981.6318
1570264981.88181
1570264982.13182
1570264982.38184
1570264982.63185
1570264982.88186
1570264983.13187
1570264983.38188
1570264983.63189
1570264983.88191
1570264984.13192
1570264984.38193
1570264984.63194
1570264984.88195
1570264985.13196
1570264985.38197
1570264985.63199
1570264985.882
1570264986.13201
1570264986.38202
1570264986.63203
1570264986.88204
1570264987.13206
1570264987.38207
1570264987.63208
1570264987.88209
1570264988.1321
1570264988.38211
1570264988.63213
1570264988.88214
1570264989.13215
1570264989.38216
1570264989.63217
1570264989.88218
1570264990.13219
1570264990.38221
1570264990.63222
1570264990.88223
1570264991.13224
1570264991.38225
1570264991.63226
1570264991.88228
1570264992.13229
1570264992.3823
1570264992.63231
1570264992.88232
1570264993.13233
1570264993.38234
1570264993.63236
1570264993.88237
1570264994.13238
1570264994.38239
1570264994.6324
1570264994.88241
1570264995.13243
1570264995.38244
1570264995.63245
1570264995.88246
1570264996.13247
1570264996.38248
1570264996.6325
1570264996.88251
1570264997.13252
1570264997.38253
1570264997.63254
1570264997.88255
1570264998.13257
1570264998.38258
1570264998.63259
1570264998.8826
1570264999.13261
1570264999.38262
1570264999.63263
1570264999.88265
1570265000.13266
1570265000.38267
1570265000.63268
1570265000.88269
1570265001.1327
1570265001.38272
1570265001.63273
1570265001.88274
1570265002.13275
1570265002.38276
1570265002.63277
1570265002.88278
1570265003.1328
1570265003.38281
1570265003.63282
1570265003.88283
1570265004.13284
1570265004.38285
1570265004.63287
1570265004.88288
1570265005.13289
1570265005.3829
1570265005.63291
1570265005.88292
1570265006.13294
1570265006.38295
1570265006.63296
1570265006.88297
1570265007.13298
1570265007.38299
1570265007.633
1570265007.88302
1570265008.13303
1570265008.38304
1570265008.63305
1570265008.88306
1570265009.13307
1570265009.38309
1570265009.6331
1570265009.88311
1570265010.13312
1570265010.38313
1570265010.63314
1570265010.88316
1570265011.13317
1570265011.38318
1570265011.63319
1570265011.8832
1570265012.13321
1570265012.38322
1570265012.63324
1570265012.88325
1570265013.13326
1570265013.38327
1570265013.63328
1570265013.88329
1570265014.13331
1570265014.38332
1570265014.63333
1570265014.88334
1570265015.13335
1570265015.38336
1570265015.63338
1570265015.88339
1570265016.1334
1570265016.38341
1570265016.63342
1570265016.88343
1570265017.13344
1570265017.38346
1570265017.63347
1570265017.88348
1570265018.13349
1570265018.3835
1570265018.63351
1570265018.88353
1570265019.13354
1570265019.38355
1570265019.63356
1570265019.88357
1570265020.13358
1570265020.38359
1570265020.63361
1570265020.88362
1570265021.13363
1570265021.38364
1570265021.63365
1570265021.88366
1570265022.13368
1570265022.38369
1570265022.6337
1570265022.88371
1570265023.13372
1570265023.38373
1570265023.63375
1570265023.88376
1570265024.13377
1570265024.38378
1570265024.63379
1570265024.8838
1570265025.13382
1570265025.38383
1570265025.63384
1570265025.88385
1570265026.13386
1570265026.38387
1570265026.63388
1570265026.8839
1570265027.13391
1570265027.38392
1570265027.63393
1570265027.88394
1570265028.13395
1570265028.38397
1570265028.63398
1570265028.88399
1570265029.134
1570265029.38401
1570265029.63402
1570265029.88403
1570265030.13405
1570265030.38406
1570265030.63407
1570265030.88408
1570265031.13409
1570265031.3841
1570265031.63412
1570265031.88413
1570265032.13414
1570265032.38415
1570265032.63416
1570265032.88417
1570265033.13419
1570265033.3842
1570265033.63421
1570265033.88422
1570265034.13423
1570265034.38424
1570265034.63425
1570265034.88427
1570265035.13428
1570265035.38429
1570265035.6343
1570265035.88431
1570265036.13432
1570265036.38434
1570265036.63435
1570265036.88436
1570265037.13437
1570265037.38438
1570265037.63439
1570265037.88441
1570265038.13442
1570265038.38443
1570265038.63444
1570265038.88445
1570265039.13446
1570265039.38447
1570265039.63449
1570265039.8845
1570265040.13451
1570265040.38452
1570265040.63453
1570265040.88454
1570265041.13456
1570265041.38457
1570265041.63458
1570265041.88459
1570265042.1346
1570265042.38461
1570265042.63463
1570265042.88464
1570265043.13465
1570265043.38466
1570265043.63467
1570265043.88468
1570265044.13469
1570265044.38471
1570265044.63472
1570265044.88473
1570265045.13474
1570265045.38475
1570265045.63476
1570265045.88478
1570265046.13479
1570265046.3848
1570265046.63481
1570265046.88482
1570265047.13483
1570265047.38485
1570265047.63486
1570265047.88487
1570265048.13488
1570265048.38489
1570265048.6349
1570265048.88491
1570265049.13493
1570265049.38494
1570265049.63495
1570265049.88496
1570265050.13497
1570265050.38498
1570265050.635
1570265050.88501
1570265051.13502
1570265051.38503
1570265051.63504
1570265051.88505
1570265052.13507
1570265052.38508
1570265052.63509
1570265052.8851
1570265053.13511
1570265053.38512
1570265053.63513
1570265053.88515
1570265054.13516
1570265054.38517
1570265054.63518
1570265054.88519
1570265055.1352
1570265055.38522
1570265055.63523
1570265055.88524
1570265056.13525
1570265056.38526
1570265056.63527
1570265056.88528
1570265057.1353
1570265057.38531
1570265057.63532
1570265057.88533
1570265058.13534
1570265058.38535
1570265058.63537
1570265058.88538
1570265059.13539
1570265059.3854
1570265059.63541
1570265059.88542
1570265060.13544
1570265060.38545
1570265060.63546
1570265060.88547
1570265061.13548
1570265061.38549
1570265061.6355
1570265061.88552
1570265062.13553
1570265062.38554
1570265062.63555
1570265062.88556
1570265063.13557
1570265063.38559
1570265063.6356
1570265063.88561
1570265064.13562
1570265064.38563
1570265064.63564
1570265064.88566
1570265065.13567
1570265065.38568
1570265065.63569
1570265065.8857
1570265066.13571
1570265066.38572
1570265066.63574
1570265066.88575
1570265067.13576
1570265067.38577
1570265067.63578
1570265067.88579
1570265068.13581
1570265068.38582
1570265068.63583
1570265068.88584
1570265069.13585
1570265069.38586
1570265069.63588
1570265069.88589
1570265070.1359
1570265070.38591
1570265070.63592
1570265070.88593
1570265071.13594
1570265071.38596
1570265071.63597
1570265071.88598
1570265072.13599
1570265072.386
1570265072.63601
1570265072.88603
1570265073.13604
1570265073.38605
1570265073.63606
1570265073.88607
1570265074.13608
1570265074.3861
1570265074.63611
1570265074.88612
1570265075.13613
1570265075.38614
1570265075.63615
1570265075.88616
1570265076.13618
1570265076.38619
1570265076.6362
1570265076.88621
1570265077.13622
1570265077.38623
1570265077.63625
1570265077.88626
1570265078.13627
1570265078.38628
1570265078.63629
1570265078.8863
1570265079.13632
1570265079.38633
1570265079.63634
1570265079.88635
1570265080.13636
1570265080.38637
1570265080.63638
1570265080.8864
1570265081.13641
1570265081.38642
1570265081.63643
1570265081.88644
1570265082.13645
1570265082.38647
1570265082.63648
1570265082.88649
1570265083.1365
1570265083.38651
1570265083.63652
1570265083.88654
1570265084.13655
1570265084.38656
1570265084.63657
1570265084.88658
1570265085.13659
1570265085.3866
1570265085.63662
1570265085.88663
1570265086.13664
1570265086.38665
1570265086.63666
1570265086.88667
1570265087.13669
1570265087.3867
1570265087.63671
1570265087.88672
1570265088.13673
1570265088.38674
1570265088.63675
1570265088.88677
1570265089.13678
1570265089.38679
1570265089.6368
1570265089.88681
1570265090.13682
1570265090.38684
1570265090.63685
1570265090.88686
1570265091.13687
1570265091.38688
1570265091.63689
1570265091.88691
1570265092.13692
1570265092.38693
1570265092.63694
1570265092.88695
1570265093.13696
1570265093.38697
1570265093.63699
1570265093.887
1570265094.13701
1570265094.38702
1570265094.63703
1570265094.88704
1570265095.13706
1570265095.38707
1570265095.63708
1570265095.88709
1570265096.1371
1570265096.38711
1570265096.63713
1570265096.88714
1570265097.13715
1570265097.38716
1570265097.63717
1570265097.88718
1570265098.13719
1570265098.38721
1570265098.63722
1570265098.88723
1570265099.13724
1570265099.38725
1570265099.63726
1570265099.88728
1570265100.13729
1570265100.3873
1570265100.63731
1570265100.88732
1570265101.13733
1570265101.38735
1570265101.63736
1570265101.88737
1570265102.13738
1570265102.38739
1570265102.6374
1570265102.88741
1570265103.13743
1570265103.38744
1570265103.63745
1570265103.88746
1570265104.13747
1570265104.38748
1570265104.6375
1570265104.88751
1570265105.13752
1570265105.38753
1570265105.63754
1570265105.88755
1570265106.13757
1570265106.38758
1570265106.63759
1570265106.8876
1570265107.13761
1570265107.38762
1570265107.63763
1570265107.88765
1570265108.13766
1570265108.38767
1570265108.63768
1570265108.88769
1570265109.1377
1570265109.38772
1570265109.63773
1570265109.88774
1570265110.13775
1570265110.38776
1570265110.63777
1570265110.88779
1570265111.1378
1570265111.38781
1570265111.63782
1570265111.88783
1570265112.13784
1570265112.38785
1570265112.63787
1570265112.88788
1570265113.13789
1570265113.3879
1570265113.63791
1570265113.88792
1570265114.13794
1570265114.38795
1570265114.63796
1570265114.88797
1570265115.13798
1570265115.38799
1570265115.63801
1570265115.88802
1570265116.13803
1570265116.38804
1570265116.63805
1570265116.88806
1570265117.13807
1570265117.38809
1570265117.6381
1570265117.88811
1570265118.13812
1570265118.38813
1570265118.63814
1570265118.88816
1570265119.13817
1570265119.38818
1570265119.63819
1570265119.8882
1570265120.13821
1570265120.38823
1570265120.63824
1570265120.88825
1570265121.13826
1570265121.38827
1570265121.63828
1570265121.88829
1570265122.13831
1570265122.38832
1570265122.63833
1570265122.88834
1570265123.13835
1570265123.38836
1570265123.63838
1570265123.88839
1570265124.1384
1570265124.38841
1570265124.63842
1570265124.88843
1570265125.13844
1570265125.38846
1570265125.63847
1570265125.88848
1570265126.13849
1570265126.3885
1570265126.63851
1570265126.88853
1570265127.13854
1570265127.38855
1570265127.63856
1570265127.88857
1570265128.13858
1570265128.3886
1570265128.63861
1570265128.88862
1570265129.13863
1570265129.38864
1570265129.63865
1570265129.88866
1570265130.13868
1570265130.38869
1570265130.6387
1570265130.88871
1570265131.13872
1570265131.38873
1570265131.63875
1570265131.88876
1570265132.13877
1570265132.38878
1570265132.63879
1570265132.8888
1570265133.13882
1570265133.38883
1570265133.63884
1570265133.88885
1570265134.13886
1570265134.38887
1570265134.63888
1570265134.8889
1570265135.13891
1570265135.38892
1570265135.63893
1570265135.88894
1570265136.13895
1570265136.38897
1570265136.63898
1570265136.88899
1570265137.139
1570265137.38901
1570265137.63902
1570265137.88904
1570265138.13905
1570265138.38906
1570265138.63907
1570265138.88908
1570265139.13909
1570265139.3891
1570265139.63912
1570265139.88913
1570265140.13914
1570265140.38915
1570265140.63916
1570265140.88917
1570265141.13919
1570265141.3892
1570265141.63921
1570265141.88922
1570265142.13923
1570265142.38924
1570265142.63926
1570265142.88927
1570265143.13928
1570265143.38929
1570265143.6393
1570265143.88931
1570265144.13932
1570265144.38934
1570265144.63935
1570265144.88936
1570265145.13937
1570265145.38938
1570265145.63939
1570265145.88941
1570265146.13942
1570265146.38943
1570265146.63944
1570265146.88945
1570265147.13946
1570265147.38948
1570265147.63949
1570265147.8895
1570265148.13951
1570265148.38952
1570265148.63953
1570265148.88954
1570265149.13956
1570265149.38957
1570265149.63958
1570265149.88959
1570265150.1396
1570265150.38961
1570265150.63963
1570265150.88964
1570265151.13965
1570265151.38966
1570265151.63967
1570265151.88968
1570265152.13969
1570265152.38971
1570265152.63972
1570265152.88973
1570265153.13974
1570265153.38975
1570265153.63976
1570265153.88978
1570265154.13979
1570265154.3898
1570265154.63981
1570265154.88982
1570265155.13983
1570265155.38985
1570265155.63986
1570265155.88987
1570265156.13988
1570265156.38989
1570265156.6399
1570265156.88991
1570265157.13993
1570265157.38994
1570265157.63995
1570265157.88996
1570265158.13997
1570265158.38998
1570265158.64
1570265158.89001
1570265159.14002
1570265159.39003
1570265159.64004
1570265159.89005
1570265160.14007
1570265160.39008
1570265160.64009
1570265160.8901
1570265161.14011
1570265161.39012
1570265161.64013
1570265161.89015
1570265162.14016
1570265162.39017
1570265162.64018
1570265162.89019
1570265163.1402
1570265163.39022
1570265163.64023
1570265163.89024
1570265164.14025
1570265164.39026
1570265164.64027
1570265164.89029
1570265165.1403
1570265165.39031
1570265165.64032
1570265165.89033
1570265166.14034
1570265166.39035
1570265166.64037
1570265166.89038
1570265167.14039
1570265167.3904
1570265167.64041
1570265167.89042
1570265168.14044
1570265168.39045
1570265168.64046
1570265168.89047
1570265169.14048
1570265169.39049
1570265169.64051
1570265169.89052
1570265170.14053
1570265170.39054
1570265170.64055
1570265170.89056
1570265171.14057
1570265171.39059
1570265171.6406
1570265171.89061
1570265172.14062
1570265172.39063
1570265172.64064
1570265172.89066
1570265173.14067
1570265173.39068
1570265173.64069
1570265173.8907
1570265174.14071
1570265174.39073
1570265174.64074
1570265174.89075
1570265175.14076
1570265175.39077
1570265175.64078
1570265175.89079
1570265176.14081
1570265176.39082
1570265176.64083
1570265176.89084
1570265177.14085
1570265177.39086
1570265177.64088
1570265177.89089
1570265178.1409
1570265178.39091
1570265178.64092
1570265178.89093
1570265179.14094
1570265179.39096
1570265179.64097
1570265179.89098
1570265180.14099
1570265180.391
1570265180.64101
1570265180.89103
1570265181.14104
1570265181.39105
1570265181.64106
1570265181.89107
1570265182.14108
1570265182.3911
1570265182.64111
1570265182.89112
1570265183.14113
1570265183.39114
1570265183.64115
1570265183.89117
1570265184.14118
1570265184.39119
1570265184.6412
1570265184.89121
1570265185.14122
1570265185.39123
1570265185.64125
1570265185.89126
1570265186.14127
1570265186.39128
1570265186.64129
1570265186.8913
1570265187.14132
1570265187.39133
1570265187.64134
1570265187.89135
1570265188.14136
1570265188.39137
1570265188.64138
1570265188.8914
1570265189.14141
1570265189.39142
1570265189.64143
1570265189.89144
1570265190.14145
1570265190.39147
1570265190.64148
1570265190.89149
1570265191.1415
1570265191.39151
1570265191.64152
1570265191.89154
1570265192.14155
1570265192.39156
1570265192.64157
1570265192.89158
1570265193.14159
1570265193.3916
1570265193.64162
1570265193.89163
1570265194.14164
1570265194.39165
1570265194.64166
1570265194.89167
1570265195.14169
1570265195.3917
1570265195.64171
1570265195.89172
1570265196.14173
1570265196.39174
1570265196.64176
1570265196.89177
1570265197.14178
1570265197.39179
1570265197.6418
1570265197.89181
1570265198.14182
1570265198.39184
1570265198.64185
1570265198.89186
1570265199.14187
1570265199.39188
1570265199.64189
1570265199.89191
1570265200.14192
1570265200.39193
1570265200.64194
1570265200.89195
1570265201.14196
1570265201.39198
1570265201.64199
1570265201.892
1570265202.14201
1570265202.39202
1570265202.64203
1570265202.89204
1570265203.14206
1570265203.39207
1570265203.64208
1570265203.89209
1570265204.1421
1570265204.39211
1570265204.64213
1570265204.89214
1570265205.14215
1570265205.39216
1570265205.64217
1570265205.89218
1570265206.1422
1570265206.39221
1570265206.64222
1570265206.89223
1570265207.14224
1570265207.39225
1570265207.64226
1570265207.89228
1570265208.14229
1570265208.3923
1570265208.64231
1570265208.89232
1570265209.14233
1570265209.39235
1570265209.64236
1570265209.89237
1570265210.14238
1570265210.39239
1570265210.6424
1570265210.89242
1570265211.14243
1570265211.39244
1570265211.64245
1570265211.89246
1570265212.14247
1570265212.39248
1570265212.6425
1570265212.89251
1570265213.14252
1570265213.39253
1570265213.64254
1570265213.89255
1570265214.14257
1570265214.39258
1570265214.64259
1570265214.8926
1570265215.14261
1570265215.39262
1570265215.64263
1570265215.89265
1570265216.14266
1570265216.39267
1570265216.64268
1570265216.89269
1570265217.1427
1570265217.39272
1570265217.64273
1570265217.89274
1570265218.14275
1570265218.39276
1570265218.64277
1570265218.89279
1570265219.1428
1570265219.39281
1570265219.64282
1570265219.89283
1570265220.14284
1570265220.39285
1570265220.64287
1570265220.89288
1570265221.14289
1570265221.3929
1570265221.64291
1570265221.89292
1570265222.14294
1570265222.39295
1570265222.64296
