30.47
30.47
30.47
30.47
30.47
30.47
30.47
30.47
30.47
30.47
30.47
30.47
30.45
30.45
30.45
30.45
30.47
30.47
30.47
30.47
30.49
30.49
30.49
30.49
30.45
30.45
30.45
30.45
30.47
30.47
30.47
30.47
30.47
30.47
30.47
30.47
30.49
30.49
30.49
30.49
30.49
30.49
30.49
30.49
30.49
30.49
30.49
30.49
30.47
30.47
30.47
30.47
30.49
30.49
30.49
30.49
30.49
30.49
30.49
30.49
30.49
30.49
30.49
30.49
30.51
30.51
30.51
30.51
30.49
30.49
30.49
30.49
30.53
30.53
30.53
30.53
30.51
30.51
30.51
30.51
30.51
30.51
30.51
30.51
30.51
30.51
30.51
30.51
30.49
30.49
30.49
30.49
30.53
30.53
30.53
30.53
30.53
30.53
30.53
30.53
30.51
30.51
30.51
30.51
30.53
30.53
30.53
30.53
30.51
30.51
30.51
30.51
30.53
30.53
30.53
30.53
30.53
30.53
30.53
30.53
30.53
30.53
30.53
30.53
30.55
30.55
30.55
30.55
30.55
30.55
30.55
30.55
30.53
30.53
30.53
30.53
30.55
30.55
30.55
30.55
30.53
30.53
30.53
30.53
30.55
30.55
30.55
30.55
30.55
30.55
30.55
30.55
30.57
30.57
30.57
30.57
30.55
30.55
30.55
30.55
30.55
30.55
30.55
30.55
30.55
30.55
30.55
30.55
30.57
30.57
30.57
30.57
30.55
30.55
30.55
30.55
30.57
30.57
30.57
30.57
30.55
30.55
30.55
30.55
30.55
30.55
30.55
30.55
30.57
30.57
30.57
30.57
30.55
30.55
30.55
30.55
30.57
30.57
30.57
30.57
30.59
30.59
30.59
30.59
30.59
30.59
30.59
30.59
30.57
30.57
30.57
30.57
30.59
30.59
30.59
30.59
30.57
30.57
30.57
30.57
30.61
30.61
30.61
30.61
30.59
30.59
30.59
30.59
30.59
30.59
30.59
30.59
30.59
30.59
30.59
30.59
30.61
30.61
30.61
30.61
30.59
30.59
30.59
30.59
30.59
30.59
30.59
30.59
30.61
30.61
30.61
30.61
30.61
30.61
30.61
30.61
30.63
30.63
30.63
30.63
30.61
30.61
30.61
30.61
30.61
30.61
30.61
30.61
30.59
30.59
30.59
30.59
30.63
30.63
30.63
30.63
30.63
30.63
30.63
30.63
30.63
30.63
30.63
30.63
30.63
30.63
30.63
30.63
30.61
30.61
30.61
30.61
30.63
30.63
30.63
30.63
30.63
30.63
30.63
30.63
30.63
30.63
30.63
30.63
30.63
30.63
30.63
30.63
30.65
30.65
30.65
30.65
30.65
30.65
30.65
30.65
30.63
30.63
30.63
30.63
30.65
30.65
30.65
30.65
30.65
30.65
30.65
30.65
30.65
30.65
30.65
30.65
30.65
30.65
30.65
30.65
30.63
30.63
30.63
30.63
30.65
30.65
30.65
30.65
30.65
30.65
30.65
30.65
30.69
30.69
30.69
30.69
30.67
30.67
30.67
30.67
30.65
30.65
30.65
30.65
30.67
30.67
30.67
30.67
30.67
30.67
30.67
30.67
30.67
30.67
30.67
30.67
30.67
30.67
30.67
30.67
30.67
30.67
30.67
30.67
30.69
30.69
30.69
30.69
30.67
30.67
30.67
30.67
30.69
30.69
30.69
30.69
30.69
30.69
30.69
30.69
30.67
30.67
30.67
30.67
30.69
30.69
30.69
30.69
30.69
30.69
30.69
30.69
30.69
30.69
30.69
30.69
30.69
30.69
30.69
30.69
30.69
30.69
30.69
30.69
30.69
30.69
30.69
30.69
30.69
30.69
30.69
30.69
30.71
30.71
30.71
30.71
30.71
30.71
30.71
30.71
30.73
30.73
30.73
30.73
30.71
30.71
30.71
30.71
30.71
30.71
30.71
30.71
30.71
30.71
30.71
30.71
30.71
30.71
30.71
30.71
30.71
30.71
30.71
30.71
30.71
30.71
30.71
30.71
30.71
30.71
30.71
30.71
30.71
30.71
30.71
30.71
30.71
30.71
30.71
30.71
30.73
30.73
30.73
30.73
30.71
30.71
30.71
30.71
30.71
30.71
30.71
30.71
30.73
30.73
30.73
30.73
30.75
30.75
30.75
30.75
30.73
30.73
30.73
30.73
30.73
30.73
30.73
30.73
30.73
30.73
30.73
30.73
30.73
30.73
30.73
30.73
30.75
30.75
30.75
30.75
30.75
30.75
30.75
30.75
30.75
30.75
30.75
30.75
30.75
30.75
30.75
30.75
30.73
30.73
30.73
30.73
30.75
30.75
30.75
30.75
30.75
30.75
30.75
30.75
30.75
30.75
30.75
30.75
30.77
30.77
30.77
30.77
30.77
30.77
30.77
30.77
30.79
30.79
30.79
30.79
30.75
30.75
30.75
30.75
30.77
30.77
30.77
30.77
30.77
30.77
30.77
30.77
30.77
30.77
30.77
30.77
30.75
30.75
30.75
30.75
30.77
30.77
30.77
30.77
30.77
30.77
30.77
30.77
30.77
30.77
30.77
30.77
30.77
30.77
30.77
30.77
30.79
30.79
30.79
30.79
30.79
30.79
30.79
30.79
30.79
30.79
30.79
30.79
30.79
30.79
30.79
30.79
30.79
30.79
30.79
30.79
30.79
30.79
30.79
30.79
30.79
30.79
30.79
30.79
30.77
30.77
30.77
30.77
30.81
30.81
30.81
30.81
30.81
30.81
30.81
30.81
30.81
30.81
30.81
30.81
30.81
30.81
30.81
30.81
30.81
30.81
30.81
30.81
30.83
30.83
30.83
30.83
30.81
30.81
30.81
30.81
30.81
30.81
30.81
30.81
30.83
30.83
30.83
30.83
30.81
30.81
30.81
30.81
30.81
30.81
30.81
30.81
30.83
30.83
30.83
30.83
30.83
30.83
30.83
30.83
30.83
30.83
30.83
30.83
30.85
30.85
30.85
30.85
30.87
30.87
30.87
30.87
30.81
30.81
30.81
30.81
30.85
30.85
30.85
30.85
30.83
30.83
30.83
30.83
30.85
30.85
30.85
30.85
30.85
30.85
30.85
30.85
30.85
30.85
30.85
30.85
30.85
30.85
30.85
30.85
30.85
30.85
30.85
30.85
30.85
30.85
30.85
30.85
30.85
30.85
30.85
30.85
30.87
30.87
30.87
30.87
30.85
30.85
30.85
30.85
30.85
30.85
30.85
30.85
30.85
30.85
30.85
30.85
30.87
30.87
30.87
30.87
30.83
30.83
30.83
30.83
30.89
30.89
30.89
30.89
30.85
30.85
30.85
30.85
30.87
30.87
30.87
30.87
30.87
30.87
30.87
30.87
30.87
30.87
30.87
30.87
30.87
30.87
30.87
30.87
30.89
30.89
30.89
30.89
30.87
30.87
30.87
30.87
30.89
30.89
30.89
30.89
30.89
30.89
30.89
30.89
30.87
30.87
30.87
30.87
30.89
30.89
30.89
30.89
30.91
30.91
30.91
30.91
30.91
30.91
30.91
30.91
30.91
30.91
30.91
30.91
30.91
30.91
30.91
30.91
30.93
30.93
30.93
30.93
30.91
30.91
30.91
30.91
30.91
30.91
30.91
30.91
30.91
30.91
30.91
30.91
30.91
30.91
30.91
30.91
30.89
30.89
30.89
30.89
30.93
30.93
30.93
30.93
30.93
30.93
30.93
30.93
30.93
30.93
30.93
30.93
30.93
30.93
30.93
30.93
30.95
30.95
30.95
30.95
30.93
30.93
30.93
30.93
30.93
30.93
30.93
30.93
30.91
30.91
30.91
30.91
30.93
30.93
30.93
30.93
30.95
30.95
30.95
30.95
30.95
30.95
30.95
30.95
30.97
30.97
30.97
30.97
30.97
30.97
30.97
30.97
30.95
30.95
30.95
30.95
30.97
30.97
30.97
30.97
30.97
30.97
30.97
30.97
30.95
30.95
30.95
30.95
30.97
30.97
30.97
30.97
30.95
30.95
30.95
30.95
30.97
30.97
30.97
30.97
30.97
30.97
30.97
30.97
30.95
30.95
30.95
30.95
30.97
30.97
30.97
30.97
30.99
30.99
30.99
30.99
30.95
30.95
30.95
30.95
31.01
31.01
31.01
31.01
30.99
30.99
30.99
30.99
30.99
30.99
30.99
30.99
31.01
31.01
31.01
31.01
31.01
31.01
31.01
31.01
31.01
31.01
31.01
31.01
31.01
31.01
31.01
31.01
31.01
31.01
31.01
31.01
31.01
31.01
31.01
31.01
30.99
30.99
30.99
30.99
31.01
31.01
31.01
31.01
31.03
31.03
31.03
31.03
31.01
31.01
31.01
31.01
31.01
31.01
31.01
31.01
31.03
31.03
31.03
31.03
31.03
31.03
31.03
31.03
31.01
31.01
31.01
31.01
31.03
31.03
31.03
31.03
31.03
31.03
31.03
31.03
31.03
31.03
31.03
31.03
31.03
31.03
31.03
31.03
31.05
31.05
31.05
31.05
31.03
31.03
31.03
31.03
31.03
31.03
31.03
31.03
31.07
31.07
31.07
31.07
31.05
31.05
31.05
31.05
31.09
31.09
31.09
31.09
31.07
31.07
31.07
31.07
31.05
31.05
31.05
31.05
31.07
31.07
31.07
31.07
31.07
31.07
31.07
31.07
31.05
31.05
31.05
31.05
31.05
31.05
31.05
31.05
31.09
31.09
31.09
31.09
31.07
31.07
31.07
31.07
31.09
31.09
31.09
31.09
31.07
31.07
31.07
31.07
31.07
31.07
31.07
31.07
31.07
31.07
31.07
31.07
31.09
31.09
31.09
31.09
31.09
31.09
31.09
31.09
31.09
31.09
31.09
31.09
31.11
31.11
31.11
31.11
31.11
31.11
31.11
31.11
31.11
31.11
31.11
31.11
31.11
31.11
31.11
31.11
31.11
31.11
31.11
31.11
31.11
31.11
31.11
31.11
31.09
31.09
31.09
31.09
31.11
31.11
31.11
31.11
31.11
31.11
31.11
31.11
31.13
31.13
31.13
31.13
31.09
31.09
31.09
31.09
31.11
31.11
31.11
31.11
31.11
31.11
31.11
31.11
31.13
31.13
31.13
31.13
31.13
31.13
31.13
31.13
31.13
31.13
31.13
31.13
31.11
31.11
31.11
31.11
31.13
31.13
31.13
31.13
31.15
31.15
31.15
31.15
31.13
31.13
31.13
31.13
31.15
31.15
31.15
31.15
31.15
31.15
31.15
31.15
31.15
31.15
31.15
31.15
