1570265793.91941
1570265794.16942
1570265794.41943
1570265794.66944
1570265794.91945
1570265795.16947
1570265795.41948
1570265795.66949
1570265795.9195
1570265796.16951
1570265796.41952
1570265796.66953
1570265796.91955
1570265797.16956
1570265797.41957
1570265797.66958
1570265797.91959
1570265798.1696
1570265798.41962
1570265798.66963
1570265798.91964
1570265799.16965
1570265799.41966
1570265799.66967
1570265799.91969
1570265800.1697
1570265800.41971
1570265800.66972
1570265800.91973
1570265801.16974
1570265801.41975
1570265801.66977
1570265801.91978
1570265802.16979
1570265802.4198
1570265802.66981
1570265802.91982
1570265803.16984
1570265803.41985
1570265803.66986
1570265803.91987
1570265804.16988
1570265804.41989
1570265804.66991
1570265804.91992
1570265805.16993
1570265805.41994
1570265805.66995
1570265805.91996
1570265806.16997
1570265806.41999
1570265806.67
1570265806.92001
1570265807.17002
1570265807.42003
1570265807.67004
1570265807.92006
1570265808.17007
1570265808.42008
1570265808.67009
1570265808.9201
1570265809.17011
1570265809.42013
1570265809.67014
1570265809.92015
1570265810.17016
1570265810.42017
1570265810.67018
1570265810.92019
1570265811.17021
1570265811.42022
1570265811.67023
1570265811.92024
1570265812.17025
1570265812.42026
1570265812.67028
1570265812.92029
1570265813.1703
1570265813.42031
1570265813.67032
1570265813.92033
1570265814.17034
1570265814.42036
1570265814.67037
1570265814.92038
1570265815.17039
1570265815.4204
1570265815.67041
1570265815.92043
1570265816.17044
1570265816.42045
1570265816.67046
1570265816.92047
1570265817.17048
1570265817.4205
1570265817.67051
1570265817.92052
1570265818.17053
1570265818.42054
1570265818.67055
1570265818.92056
1570265819.17058
1570265819.42059
1570265819.6706
1570265819.92061
1570265820.17062
1570265820.42063
1570265820.67065
1570265820.92066
1570265821.17067
1570265821.42068
1570265821.67069
1570265821.9207
1570265822.17072
1570265822.42073
1570265822.67074
1570265822.92075
1570265823.17076
1570265823.42077
1570265823.67078
1570265823.9208
1570265824.17081
1570265824.42082
1570265824.67083
1570265824.92084
1570265825.17085
1570265825.42087
1570265825.67088
1570265825.92089
1570265826.1709
1570265826.42091
1570265826.67092
1570265826.92094
1570265827.17095
1570265827.42096
1570265827.67097
1570265827.92098
1570265828.17099
1570265828.421
1570265828.67102
1570265828.92103
1570265829.17104
1570265829.42105
1570265829.67106
1570265829.92107
1570265830.17109
1570265830.4211
1570265830.67111
1570265830.92112
1570265831.17113
1570265831.42114
1570265831.67116
1570265831.92117
1570265832.17118
1570265832.42119
1570265832.6712
1570265832.92121
1570265833.17122
1570265833.42124
1570265833.67125
1570265833.92126
1570265834.17127
1570265834.42128
1570265834.67129
1570265834.92131
1570265835.17132
1570265835.42133
1570265835.67134
1570265835.92135
1570265836.17136
1570265836.42138
1570265836.67139
1570265836.9214
1570265837.17141
1570265837.42142
1570265837.67143
1570265837.92144
1570265838.17146
1570265838.42147
1570265838.67148
1570265838.92149
1570265839.1715
1570265839.42151
1570265839.67153
1570265839.92154
1570265840.17155
1570265840.42156
1570265840.67157
1570265840.92158
1570265841.1716
1570265841.42161
1570265841.67162
1570265841.92163
1570265842.17164
1570265842.42165
1570265842.67166
1570265842.92168
1570265843.17169
1570265843.4217
1570265843.67171
1570265843.92172
1570265844.17173
1570265844.42175
1570265844.67176
1570265844.92177
1570265845.17178
1570265845.42179
1570265845.6718
1570265845.92181
1570265846.17183
1570265846.42184
1570265846.67185
1570265846.92186
1570265847.17187
1570265847.42188
1570265847.6719
1570265847.92191
1570265848.17192
1570265848.42193
1570265848.67194
1570265848.92195
1570265849.17197
1570265849.42198
1570265849.67199
1570265849.922
1570265850.17201
1570265850.42202
1570265850.67203
1570265850.92205
1570265851.17206
1570265851.42207
1570265851.67208
1570265851.92209
1570265852.1721
1570265852.42212
1570265852.67213
1570265852.92214
1570265853.17215
1570265853.42216
1570265853.67217
1570265853.92219
1570265854.1722
1570265854.42221
1570265854.67222
1570265854.92223
1570265855.17224
1570265855.42225
1570265855.67227
1570265855.92228
1570265856.17229
1570265856.4223
1570265856.67231
1570265856.92232
1570265857.17234
1570265857.42235
1570265857.67236
1570265857.92237
1570265858.17238
1570265858.42239
1570265858.67241
1570265858.92242
1570265859.17243
1570265859.42244
1570265859.67245
1570265859.92246
1570265860.17247
1570265860.42249
1570265860.6725
1570265860.92251
1570265861.17252
1570265861.42253
1570265861.67254
1570265861.92256
1570265862.17257
1570265862.42258
1570265862.67259
1570265862.9226
1570265863.17261
1570265863.42263
1570265863.67264
1570265863.92265
1570265864.17266
1570265864.42267
1570265864.67268
1570265864.92269
1570265865.17271
1570265865.42272
1570265865.67273
1570265865.92274
1570265866.17275
1570265866.42276
1570265866.67278
1570265866.92279
1570265867.1728
1570265867.42281
1570265867.67282
1570265867.92283
1570265868.17285
1570265868.42286
1570265868.67287
1570265868.92288
1570265869.17289
1570265869.4229
1570265869.67291
1570265869.92293
1570265870.17294
1570265870.42295
1570265870.67296
1570265870.92297
1570265871.17298
1570265871.423
1570265871.67301
1570265871.92302
1570265872.17303
1570265872.42304
1570265872.67305
1570265872.92306
1570265873.17308
1570265873.42309
1570265873.6731
1570265873.92311
1570265874.17312
1570265874.42313
1570265874.67315
1570265874.92316
1570265875.17317
1570265875.42318
1570265875.67319
1570265875.9232
1570265876.17322
1570265876.42323
1570265876.67324
1570265876.92325
1570265877.17326
1570265877.42327
1570265877.67329
1570265877.9233
1570265878.17331
1570265878.42332
1570265878.67333
1570265878.92334
1570265879.17335
1570265879.42337
1570265879.67338
1570265879.92339
1570265880.1734
1570265880.42341
1570265880.67342
1570265880.92344
1570265881.17345
1570265881.42346
1570265881.67347
1570265881.92348
1570265882.17349
1570265882.4235
1570265882.67352
1570265882.92353
1570265883.17354
1570265883.42355
1570265883.67356
1570265883.92357
1570265884.17359
1570265884.4236
1570265884.67361
1570265884.92362
1570265885.17363
1570265885.42364
1570265885.67366
1570265885.92367
1570265886.17368
1570265886.42369
1570265886.6737
1570265886.92371
1570265887.17372
1570265887.42374
1570265887.67375
1570265887.92376
1570265888.17377
1570265888.42378
1570265888.67379
1570265888.92381
1570265889.17382
1570265889.42383
1570265889.67384
1570265889.92385
1570265890.17386
1570265890.42388
1570265890.67389
1570265890.9239
1570265891.17391
1570265891.42392
1570265891.67393
1570265891.92394
1570265892.17396
1570265892.42397
1570265892.67398
1570265892.92399
1570265893.174
1570265893.42401
1570265893.67403
1570265893.92404
1570265894.17405
1570265894.42406
1570265894.67407
1570265894.92408
1570265895.1741
1570265895.42411
1570265895.67412
1570265895.92413
1570265896.17414
1570265896.42415
1570265896.67416
1570265896.92418
1570265897.17419
1570265897.4242
1570265897.67421
1570265897.92422
1570265898.17423
1570265898.42425
1570265898.67426
1570265898.92427
1570265899.17428
1570265899.42429
1570265899.6743
1570265899.92431
1570265900.17433
1570265900.42434
1570265900.67435
1570265900.92436
1570265901.17437
1570265901.42438
1570265901.6744
1570265901.92441
1570265902.17442
1570265902.42443
1570265902.67444
1570265902.92445
1570265903.17447
1570265903.42448
1570265903.67449
1570265903.9245
1570265904.17451
1570265904.42452
1570265904.67454
1570265904.92455
1570265905.17456
1570265905.42457
1570265905.67458
1570265905.92459
1570265906.1746
1570265906.42462
1570265906.67463
1570265906.92464
1570265907.17465
1570265907.42466
1570265907.67467
1570265907.92469
1570265908.1747
1570265908.42471
1570265908.67472
1570265908.92473
1570265909.17474
1570265909.42475
1570265909.67477
1570265909.92478
1570265910.17479
1570265910.4248
1570265910.67481
1570265910.92482
1570265911.17484
1570265911.42485
1570265911.67486
1570265911.92487
1570265912.17488
1570265912.42489
1570265912.67491
1570265912.92492
1570265913.17493
1570265913.42494
1570265913.67495
1570265913.92496
1570265914.17497
1570265914.42499
1570265914.675
1570265914.92501
1570265915.17502
1570265915.42503
1570265915.67504
1570265915.92506
1570265916.17507
1570265916.42508
1570265916.67509
1570265916.9251
1570265917.17511
1570265917.42513
1570265917.67514
1570265917.92515
1570265918.17516
1570265918.42517
1570265918.67518
1570265918.92519
1570265919.17521
1570265919.42522
1570265919.67523
1570265919.92524
1570265920.17525
1570265920.42526
1570265920.67528
1570265920.92529
1570265921.1753
1570265921.42531
1570265921.67532
1570265921.92533
1570265922.17535
1570265922.42536
1570265922.67537
1570265922.92538
1570265923.17539
1570265923.4254
1570265923.67541
1570265923.92543
1570265924.17544
1570265924.42545
1570265924.67546
1570265924.92547
1570265925.17548
1570265925.4255
1570265925.67551
1570265925.92552
1570265926.17553
1570265926.42554
1570265926.67555
1570265926.92557
1570265927.17558
1570265927.42559
1570265927.6756
1570265927.92561
1570265928.17562
1570265928.42563
1570265928.67565
1570265928.92566
1570265929.17567
1570265929.42568
1570265929.67569
1570265929.9257
1570265930.17572
1570265930.42573
1570265930.67574
1570265930.92575
1570265931.17576
1570265931.42577
1570265931.67579
1570265931.9258
1570265932.17581
1570265932.42582
1570265932.67583
1570265932.92584
1570265933.17585
1570265933.42587
1570265933.67588
1570265933.92589
1570265934.1759
1570265934.42591
1570265934.67592
1570265934.92594
1570265935.17595
1570265935.42596
1570265935.67597
1570265935.92598
1570265936.17599
1570265936.426
1570265936.67602
1570265936.92603
1570265937.17604
1570265937.42605
1570265937.67606
1570265937.92607
1570265938.17609
1570265938.4261
1570265938.67611
1570265938.92612
1570265939.17613
1570265939.42614
1570265939.67616
1570265939.92617
1570265940.17618
1570265940.42619
1570265940.6762
1570265940.92621
1570265941.17622
1570265941.42624
1570265941.67625
1570265941.92626
1570265942.17627
1570265942.42628
1570265942.67629
1570265942.92631
1570265943.17632
1570265943.42633
1570265943.67634
1570265943.92635
1570265944.17636
1570265944.42638
1570265944.67639
1570265944.9264
1570265945.17641
1570265945.42642
1570265945.67643
1570265945.92644
1570265946.17646
1570265946.42647
1570265946.67648
1570265946.92649
1570265947.1765
1570265947.42651
1570265947.67653
1570265947.92654
1570265948.17655
1570265948.42656
1570265948.67657
1570265948.92658
1570265949.1766
1570265949.42661
1570265949.67662
1570265949.92663
1570265950.17664
1570265950.42665
1570265950.67666
1570265950.92668
1570265951.17669
1570265951.4267
1570265951.67671
1570265951.92672
1570265952.17673
1570265952.42675
1570265952.67676
1570265952.92677
1570265953.17678
1570265953.42679
1570265953.6768
1570265953.92682
1570265954.17683
1570265954.42684
1570265954.67685
1570265954.92686
1570265955.17687
1570265955.42688
1570265955.6769
1570265955.92691
1570265956.17692
1570265956.42693
1570265956.67694
1570265956.92695
1570265957.17697
1570265957.42698
1570265957.67699
1570265957.927
1570265958.17701
1570265958.42702
1570265958.67704
1570265958.92705
1570265959.17706
1570265959.42707
1570265959.67708
1570265959.92709
1570265960.1771
1570265960.42712
1570265960.67713
1570265960.92714
1570265961.17715
1570265961.42716
1570265961.67717
1570265961.92719
1570265962.1772
1570265962.42721
1570265962.67722
1570265962.92723
1570265963.17724
1570265963.42726
1570265963.67727
1570265963.92728
1570265964.17729
1570265964.4273
1570265964.67731
1570265964.92732
1570265965.17734
1570265965.42735
1570265965.67736
1570265965.92737
1570265966.17738
1570265966.42739
1570265966.67741
1570265966.92742
1570265967.17743
1570265967.42744
1570265967.67745
1570265967.92746
1570265968.17747
1570265968.42749
1570265968.6775
1570265968.92751
1570265969.17752
1570265969.42753
1570265969.67754
1570265969.92756
1570265970.17757
1570265970.42758
1570265970.67759
1570265970.9276
1570265971.17761
1570265971.42763
1570265971.67764
1570265971.92765
1570265972.17766
1570265972.42767
1570265972.67768
1570265972.92769
1570265973.17771
1570265973.42772
1570265973.67773
1570265973.92774
1570265974.17775
1570265974.42776
1570265974.67778
1570265974.92779
1570265975.1778
1570265975.42781
1570265975.67782
1570265975.92783
1570265976.17785
1570265976.42786
1570265976.67787
1570265976.92788
1570265977.17789
1570265977.4279
1570265977.67791
1570265977.92793
1570265978.17794
1570265978.42795
1570265978.67796
1570265978.92797
1570265979.17798
1570265979.428
1570265979.67801
1570265979.92802
1570265980.17803
1570265980.42804
1570265980.67805
1570265980.92807
1570265981.17808
1570265981.42809
1570265981.6781
1570265981.92811
1570265982.17812
1570265982.42813
1570265982.67815
1570265982.92816
1570265983.17817
1570265983.42818
1570265983.67819
1570265983.9282
1570265984.17822
1570265984.42823
1570265984.67824
1570265984.92825
1570265985.17826
1570265985.42827
1570265985.67829
1570265985.9283
1570265986.17831
1570265986.42832
1570265986.67833
1570265986.92834
1570265987.17835
1570265987.42837
1570265987.67838
1570265987.92839
1570265988.1784
1570265988.42841
1570265988.67842
1570265988.92844
1570265989.17845
1570265989.42846
1570265989.67847
1570265989.92848
1570265990.17849
1570265990.42851
1570265990.67852
1570265990.92853
1570265991.17854
1570265991.42855
1570265991.67856
1570265991.92857
1570265992.17859
1570265992.4286
1570265992.67861
1570265992.92862
1570265993.17863
1570265993.42864
1570265993.67866
1570265993.92867
1570265994.17868
1570265994.42869
1570265994.6787
1570265994.92871
1570265995.17873
1570265995.42874
1570265995.67875
1570265995.92876
1570265996.17877
1570265996.42878
1570265996.67879
1570265996.92881
1570265997.17882
1570265997.42883
1570265997.67884
1570265997.92885
1570265998.17886
1570265998.42888
1570265998.67889
1570265998.9289
1570265999.17891
1570265999.42892
1570265999.67893
1570265999.92895
1570266000.17896
1570266000.42897
1570266000.67898
1570266000.92899
1570266001.179
1570266001.42901
1570266001.67903
1570266001.92904
1570266002.17905
1570266002.42906
1570266002.67907
1570266002.92908
1570266003.1791
1570266003.42911
1570266003.67912
1570266003.92913
1570266004.17914
1570266004.42915
1570266004.67916
1570266004.92918
1570266005.17919
1570266005.4292
1570266005.67921
1570266005.92922
1570266006.17923
1570266006.42925
1570266006.67926
1570266006.92927
1570266007.17928
1570266007.42929
1570266007.6793
1570266007.92932
1570266008.17933
1570266008.42934
1570266008.67935
1570266008.92936
1570266009.17937
1570266009.42938
1570266009.6794
1570266009.92941
1570266010.17942
1570266010.42943
1570266010.67944
1570266010.92945
1570266011.17947
1570266011.42948
1570266011.67949
1570266011.9295
1570266012.17951
1570266012.42952
1570266012.67954
1570266012.92955
1570266013.17956
1570266013.42957
1570266013.67958
1570266013.92959
1570266014.1796
1570266014.42962
1570266014.67963
1570266014.92964
1570266015.17965
1570266015.42966
1570266015.67967
1570266015.92969
1570266016.1797
1570266016.42971
1570266016.67972
1570266016.92973
1570266017.17974
1570266017.42976
1570266017.67977
1570266017.92978
1570266018.17979
1570266018.4298
1570266018.67981
1570266018.92982
1570266019.17984
1570266019.42985
1570266019.67986
1570266019.92987
1570266020.17988
1570266020.42989
1570266020.67991
1570266020.92992
1570266021.17993
1570266021.42994
1570266021.67995
1570266021.92996
1570266022.17998
1570266022.42999
1570266022.68
1570266022.93001
1570266023.18002
1570266023.43003
1570266023.68004
1570266023.93006
1570266024.18007
1570266024.43008
1570266024.68009
1570266024.9301
1570266025.18011
1570266025.43013
1570266025.68014
1570266025.93015
1570266026.18016
1570266026.43017
1570266026.68018
1570266026.9302
1570266027.18021
1570266027.43022
1570266027.68023
1570266027.93024
1570266028.18025
1570266028.43026
1570266028.68028
1570266028.93029
1570266029.1803
1570266029.43031
1570266029.68032
1570266029.93033
1570266030.18035
1570266030.43036
1570266030.68037
1570266030.93038
1570266031.18039
1570266031.4304
1570266031.68041
1570266031.93043
1570266032.18044
1570266032.43045
1570266032.68046
1570266032.93047
1570266033.18048
1570266033.4305
1570266033.68051
1570266033.93052
1570266034.18053
1570266034.43054
1570266034.68055
1570266034.93057
1570266035.18058
1570266035.43059
1570266035.6806
1570266035.93061
1570266036.18062
1570266036.43063
1570266036.68065
1570266036.93066
1570266037.18067
1570266037.43068
1570266037.68069
1570266037.9307
1570266038.18072
1570266038.43073
1570266038.68074
1570266038.93075
1570266039.18076
1570266039.43077
1570266039.68079
1570266039.9308
1570266040.18081
1570266040.43082
1570266040.68083
1570266040.93084
1570266041.18085
1570266041.43087
1570266041.68088
1570266041.93089
1570266042.1809
1570266042.43091
1570266042.68092
1570266042.93094
1570266043.18095
1570266043.43096
1570266043.68097
1570266043.93098
1570266044.18099
1570266044.43101
1570266044.68102
1570266044.93103
1570266045.18104
1570266045.43105
1570266045.68106
1570266045.93107
1570266046.18109
1570266046.4311
1570266046.68111
1570266046.93112
1570266047.18113
1570266047.43114
1570266047.68116
1570266047.93117
1570266048.18118
1570266048.43119
1570266048.6812
1570266048.93121
1570266049.18123
1570266049.43124
1570266049.68125
1570266049.93126
1570266050.18127
1570266050.43128
1570266050.68129
1570266050.93131
1570266051.18132
1570266051.43133
1570266051.68134
1570266051.93135
1570266052.18136
1570266052.43138
1570266052.68139
1570266052.9314
1570266053.18141
1570266053.43142
1570266053.68143
1570266053.93145
1570266054.18146
1570266054.43147
1570266054.68148
1570266054.93149
1570266055.1815
1570266055.43151
1570266055.68153
1570266055.93154
1570266056.18155
1570266056.43156
1570266056.68157
1570266056.93158
1570266057.1816
1570266057.43161
1570266057.68162
1570266057.93163
1570266058.18164
1570266058.43165
1570266058.68166
1570266058.93168
1570266059.18169
1570266059.4317
1570266059.68171
1570266059.93172
1570266060.18173
1570266060.43175
1570266060.68176
1570266060.93177
1570266061.18178
1570266061.43179
1570266061.6818
1570266061.93182
1570266062.18183
1570266062.43184
1570266062.68185
1570266062.93186
1570266063.18187
1570266063.43189
1570266063.6819
1570266063.93191
1570266064.18192
1570266064.43193
1570266064.68194
1570266064.93195
1570266065.18197
1570266065.43198
1570266065.68199
1570266065.932
1570266066.18201
1570266066.43202
1570266066.68204
1570266066.93205
1570266067.18206
1570266067.43207
1570266067.68208
1570266067.93209
1570266068.1821
1570266068.43212
1570266068.68213
1570266068.93214
1570266069.18215
1570266069.43216
1570266069.68217
1570266069.93219
1570266070.1822
1570266070.43221
1570266070.68222
1570266070.93223
1570266071.18224
1570266071.43226
1570266071.68227
1570266071.93228
1570266072.18229
1570266072.4323
1570266072.68231
1570266072.93232
1570266073.18234
1570266073.43235
1570266073.68236
1570266073.93237
1570266074.18238
1570266074.43239
1570266074.68241
1570266074.93242
1570266075.18243
1570266075.43244
1570266075.68245
1570266075.93246
1570266076.18248
1570266076.43249
1570266076.6825
1570266076.93251
1570266077.18252
1570266077.43253
1570266077.68254
1570266077.93256
1570266078.18257
1570266078.43258
1570266078.68259
1570266078.9326
1570266079.18261
1570266079.43263
1570266079.68264
1570266079.93265
1570266080.18266
1570266080.43267
1570266080.68268
1570266080.9327
1570266081.18271
1570266081.43272
1570266081.68273
1570266081.93274
1570266082.18275
1570266082.43276
1570266082.68278
1570266082.93279
1570266083.1828
1570266083.43281
1570266083.68282
1570266083.93283
1570266084.18285
1570266084.43286
1570266084.68287
1570266084.93288
1570266085.18289
1570266085.4329
1570266085.68292
1570266085.93293
1570266086.18294
1570266086.43295
1570266086.68296
1570266086.93297
1570266087.18298
1570266087.433
1570266087.68301
1570266087.93302
1570266088.18303
1570266088.43304
1570266088.68305
1570266088.93307
1570266089.18308
1570266089.43309
1570266089.6831
1570266089.93311
1570266090.18312
1570266090.43314
1570266090.68315
1570266090.93316
1570266091.18317
1570266091.43318
1570266091.68319
1570266091.9332
1570266092.18322
1570266092.43323
1570266092.68324
1570266092.93325
1570266093.18326
1570266093.43327
1570266093.68329
1570266093.9333
1570266094.18331
1570266094.43332
1570266094.68333
1570266094.93334
1570266095.18335
1570266095.43337
1570266095.68338
1570266095.93339
1570266096.1834
1570266096.43341
1570266096.68342
1570266096.93344
1570266097.18345
1570266097.43346
1570266097.68347
1570266097.93348
1570266098.18349
1570266098.43351
1570266098.68352
1570266098.93353
1570266099.18354
1570266099.43355
1570266099.68356
1570266099.93357
1570266100.18359
1570266100.4336
1570266100.68361
1570266100.93362
1570266101.18363
1570266101.43364
1570266101.68366
1570266101.93367
1570266102.18368
1570266102.43369
1570266102.6837
1570266102.93371
1570266103.18373
1570266103.43374
1570266103.68375
1570266103.93376
1570266104.18377
1570266104.43378
1570266104.68379
1570266104.93381
1570266105.18382
1570266105.43383
1570266105.68384
1570266105.93385
1570266106.18386
1570266106.43388
1570266106.68389
1570266106.9339
1570266107.18391
1570266107.43392
1570266107.68393
1570266107.93395
1570266108.18396
1570266108.43397
1570266108.68398
1570266108.93399
1570266109.184
1570266109.43401
1570266109.68403
1570266109.93404
1570266110.18405
1570266110.43406
1570266110.68407
1570266110.93408
1570266111.1841
1570266111.43411
1570266111.68412
1570266111.93413
1570266112.18414
1570266112.43415
1570266112.68417
1570266112.93418
1570266113.18419
1570266113.4342
1570266113.68421
1570266113.93422
1570266114.18423
1570266114.43425
1570266114.68426
