1567682109.961
1567682110.211
1567682110.461
1567682110.711
1567682110.961
1567682111.211
1567682111.461
1567682111.711
1567682111.961
1567682112.211
1567682112.461
1567682112.711
1567682112.961
1567682113.211
1567682113.461
1567682113.711
1567682113.961
1567682114.211
1567682114.461
1567682114.711
1567682114.961
1567682115.211
1567682115.461
1567682115.711
1567682115.961
1567682116.211
1567682116.461
1567682116.711
1567682116.961
1567682117.211
1567682117.461
1567682117.711
1567682117.961
1567682118.211
1567682118.461
1567682118.711
1567682118.961
1567682119.211
1567682119.461
1567682119.711
1567682119.961
1567682120.211
1567682120.461
1567682120.711
1567682120.961
1567682121.211
1567682121.461
1567682121.711
1567682121.961
1567682122.211
1567682122.461
1567682122.711
1567682122.961
1567682123.211
1567682123.461
1567682123.711
1567682123.961
1567682124.211
1567682124.461
1567682124.711
1567682124.961
1567682125.211
1567682125.461
1567682125.711
1567682125.961
1567682126.211
1567682126.461
1567682126.711
1567682126.961
1567682127.211
1567682127.461
1567682127.711
1567682127.961
1567682128.211
1567682128.461
1567682128.711
1567682128.961
1567682129.211
1567682129.461
1567682129.711
1567682129.961
1567682130.211
1567682130.461
1567682130.711
1567682130.961
1567682131.211
1567682131.461
1567682131.711
1567682131.961
1567682132.211
1567682132.461
1567682132.711
1567682132.961
1567682133.211
1567682133.461
1567682133.711
1567682133.961
1567682134.211
1567682134.461
1567682134.711
1567682134.961
1567682135.211
1567682135.461
1567682135.711
1567682135.961
1567682136.211
1567682136.461
1567682136.711
1567682136.961
1567682137.211
1567682137.461
1567682137.711
1567682137.961
1567682138.211
1567682138.461
1567682138.711
1567682138.961
1567682139.211
1567682139.461
1567682139.711
1567682139.961
1567682140.211
1567682140.461
1567682140.711
1567682140.961
1567682141.211
1567682141.461
1567682141.711
1567682141.961
1567682142.211
1567682142.461
1567682142.711
1567682142.961
1567682143.211
1567682143.461
1567682143.711
1567682143.961
1567682144.211
1567682144.461
1567682144.711
1567682144.961
1567682145.211
1567682145.461
1567682145.711
1567682145.961
1567682146.211
1567682146.461
1567682146.711
1567682146.961
1567682147.211
1567682147.461
1567682147.711
1567682147.961
1567682148.211
1567682148.461
1567682148.711
1567682148.961
1567682149.211
1567682149.461
1567682149.711
1567682149.961
1567682150.211
1567682150.461
1567682150.711
1567682150.961
1567682151.211
1567682151.461
1567682151.711
1567682151.961
1567682152.211
1567682152.461
1567682152.711
1567682152.961
1567682153.211
1567682153.461
1567682153.711
1567682153.961
1567682154.211
1567682154.461
1567682154.711
1567682154.961
1567682155.211
1567682155.461
1567682155.711
1567682155.961
1567682156.211
1567682156.461
1567682156.711
1567682156.961
1567682157.211
1567682157.461
1567682157.711
1567682157.961
1567682158.211
1567682158.461
1567682158.711
1567682158.961
1567682159.211
1567682159.461
1567682159.711
1567682159.961
1567682160.211
1567682160.461
1567682160.711
1567682160.961
1567682161.211
1567682161.461
1567682161.711
1567682161.961
1567682162.211
1567682162.461
1567682162.711
1567682162.961
1567682163.211
1567682163.461
1567682163.711
1567682163.961
1567682164.211
1567682164.461
1567682164.711
1567682164.961
1567682165.211
1567682165.461
1567682165.711
1567682165.961
1567682166.211
1567682166.461
1567682166.711
1567682166.961
1567682167.211
1567682167.461
1567682167.711
1567682167.961
1567682168.211
1567682168.461
1567682168.711
1567682168.961
1567682169.211
1567682169.461
1567682169.711
1567682169.961
1567682170.211
1567682170.461
1567682170.711
1567682170.961
1567682171.211
1567682171.461
1567682171.711
1567682171.961
1567682172.211
1567682172.461
1567682172.711
1567682172.961
1567682173.211
1567682173.461
1567682173.711
1567682173.961
1567682174.211
1567682174.461
1567682174.711
1567682174.961
1567682175.211
1567682175.461
1567682175.711
1567682175.961
1567682176.211
1567682176.461
1567682176.711
1567682176.961
1567682177.211
1567682177.461
1567682177.711
1567682177.961
1567682178.211
1567682178.461
1567682178.711
1567682178.961
1567682179.211
1567682179.461
1567682179.711
1567682179.961
1567682180.211
1567682180.461
1567682180.711
1567682180.961
1567682181.211
1567682181.461
1567682181.711
1567682181.961
1567682182.211
1567682182.461
1567682182.711
1567682182.961
1567682183.211
1567682183.461
1567682183.711
1567682183.961
1567682184.211
1567682184.461
1567682184.711
1567682184.961
1567682185.211
1567682185.461
1567682185.711
1567682185.961
1567682186.211
1567682186.461
1567682186.711
1567682186.961
1567682187.211
1567682187.461
1567682187.711
1567682187.961
1567682188.211
1567682188.461
1567682188.711
1567682188.961
1567682189.211
1567682189.461
1567682189.711
1567682189.961
1567682190.211
1567682190.461
1567682190.711
1567682190.961
1567682191.211
1567682191.461
1567682191.711
1567682191.961
1567682192.211
1567682192.461
1567682192.711
1567682192.961
1567682193.211
1567682193.461
1567682193.711
1567682193.961
1567682194.211
1567682194.461
1567682194.711
1567682194.961
1567682195.211
1567682195.461
1567682195.711
1567682195.961
1567682196.211
1567682196.461
1567682196.711
1567682196.961
1567682197.211
1567682197.461
1567682197.711
1567682197.961
1567682198.211
1567682198.461
1567682198.711
1567682198.961
1567682199.211
1567682199.461
1567682199.711
1567682199.961
1567682200.211
1567682200.461
1567682200.711
1567682200.961
1567682201.211
1567682201.461
1567682201.711
1567682201.961
1567682202.211
1567682202.461
1567682202.711
1567682202.961
1567682203.211
1567682203.461
1567682203.711
1567682203.961
1567682204.211
1567682204.461
1567682204.711
1567682204.961
1567682205.211
1567682205.461
1567682205.711
1567682205.961
1567682206.211
1567682206.461
1567682206.711
1567682206.961
1567682207.211
1567682207.461
1567682207.711
1567682207.961
1567682208.211
1567682208.461
1567682208.711
1567682208.961
1567682209.211
1567682209.461
1567682209.711
1567682209.961
1567682210.211
1567682210.461
1567682210.711
1567682210.961
1567682211.211
1567682211.461
1567682211.711
1567682211.961
1567682212.211
1567682212.461
1567682212.711
1567682212.961
1567682213.211
1567682213.461
1567682213.711
1567682213.961
1567682214.211
1567682214.461
1567682214.711
1567682214.961
1567682215.211
1567682215.461
1567682215.711
1567682215.961
1567682216.211
1567682216.461
1567682216.711
1567682216.961
1567682217.211
1567682217.461
1567682217.711
1567682217.961
1567682218.211
1567682218.461
1567682218.711
1567682218.961
1567682219.211
1567682219.461
1567682219.711
1567682219.961
1567682220.211
1567682220.461
1567682220.711
1567682220.961
1567682221.211
1567682221.461
1567682221.711
1567682221.961
1567682222.211
1567682222.461
1567682222.711
1567682222.961
1567682223.211
1567682223.461
1567682223.711
1567682223.961
1567682224.211
1567682224.461
1567682224.711
1567682224.961
1567682225.211
1567682225.461
1567682225.711
1567682225.961
1567682226.211
1567682226.461
1567682226.711
1567682226.961
1567682227.211
1567682227.461
1567682227.711
1567682227.961
1567682228.211
1567682228.461
1567682228.711
1567682228.961
1567682229.211
1567682229.461
1567682229.711
1567682229.961
1567682230.211
1567682230.461
1567682230.711
1567682230.961
1567682231.211
1567682231.461
1567682231.711
1567682231.961
1567682232.211
1567682232.461
1567682232.711
1567682232.961
1567682233.211
1567682233.461
1567682233.711
1567682233.961
1567682234.211
1567682234.461
1567682234.711
1567682234.961
1567682235.211
1567682235.461
1567682235.711
1567682235.961
1567682236.211
1567682236.461
1567682236.711
1567682236.961
1567682237.211
1567682237.461
1567682237.711
1567682237.961
1567682238.211
1567682238.461
1567682238.711
1567682238.961
1567682239.211
1567682239.461
1567682239.711
1567682239.961
1567682240.211
1567682240.461
1567682240.711
1567682240.961
1567682241.211
1567682241.461
1567682241.711
1567682241.961
1567682242.211
1567682242.461
1567682242.711
1567682242.961
1567682243.211
1567682243.461
1567682243.711
1567682243.961
1567682244.211
1567682244.461
1567682244.711
1567682244.961
1567682245.211
1567682245.461
1567682245.711
1567682245.961
1567682246.211
1567682246.461
1567682246.711
1567682246.961
1567682247.211
1567682247.461
1567682247.711
1567682247.961
1567682248.211
1567682248.461
1567682248.711
1567682248.961
1567682249.211
1567682249.461
1567682249.711
1567682249.961
1567682250.211
1567682250.461
1567682250.711
1567682250.961
1567682251.211
1567682251.461
1567682251.711
1567682251.961
1567682252.211
1567682252.461
1567682252.711
1567682252.961
1567682253.211
1567682253.461
1567682253.711
1567682253.961
1567682254.211
1567682254.461
1567682254.711
1567682254.961
1567682255.211
1567682255.461
1567682255.711
1567682255.961
1567682256.211
1567682256.461
1567682256.711
1567682256.961
1567682257.211
1567682257.461
1567682257.711
1567682257.961
1567682258.211
1567682258.461
1567682258.711
1567682258.961
1567682259.211
1567682259.461
1567682259.711
1567682259.961
1567682260.211
1567682260.461
1567682260.711
1567682260.961
1567682261.211
1567682261.461
1567682261.711
1567682261.961
1567682262.211
1567682262.461
1567682262.711
1567682262.961
1567682263.211
1567682263.461
1567682263.711
1567682263.961
1567682264.211
1567682264.461
1567682264.711
1567682264.961
1567682265.211
1567682265.461
1567682265.711
1567682265.961
1567682266.211
1567682266.461
1567682266.711
1567682266.961
1567682267.211
1567682267.461
1567682267.711
1567682267.961
1567682268.211
1567682268.461
1567682268.711
1567682268.961
1567682269.211
1567682269.461
1567682269.711
1567682269.961
1567682270.211
1567682270.461
1567682270.711
1567682270.961
1567682271.211
1567682271.461
1567682271.711
1567682271.961
1567682272.211
1567682272.461
1567682272.711
1567682272.961
1567682273.211
1567682273.461
1567682273.711
1567682273.961
1567682274.211
1567682274.461
1567682274.711
1567682274.961
1567682275.211
1567682275.461
1567682275.711
1567682275.961
1567682276.211
1567682276.461
1567682276.711
1567682276.961
1567682277.211
1567682277.461
1567682277.711
1567682277.961
1567682278.211
1567682278.461
1567682278.711
1567682278.961
1567682279.211
1567682279.461
1567682279.711
1567682279.961
1567682280.211
1567682280.461
1567682280.711
1567682280.961
1567682281.211
1567682281.461
1567682281.711
1567682281.961
1567682282.211
1567682282.461
1567682282.711
1567682282.961
1567682283.211
1567682283.461
1567682283.711
1567682283.961
1567682284.211
1567682284.461
1567682284.711
1567682284.961
1567682285.211
1567682285.461
1567682285.711
1567682285.961
1567682286.211
1567682286.461
1567682286.711
1567682286.961
1567682287.211
1567682287.461
1567682287.711
1567682287.961
1567682288.211
1567682288.461
1567682288.711
1567682288.961
1567682289.211
1567682289.461
1567682289.711
1567682289.961
1567682290.211
1567682290.461
1567682290.711
1567682290.961
1567682291.211
1567682291.461
1567682291.711
1567682291.961
1567682292.211
1567682292.461
1567682292.711
1567682292.961
1567682293.211
1567682293.461
1567682293.711
1567682293.961
1567682294.211
1567682294.461
1567682294.711
1567682294.961
1567682295.211
1567682295.461
1567682295.711
1567682295.961
1567682296.211
1567682296.461
1567682296.711
1567682296.961
1567682297.211
1567682297.461
1567682297.711
1567682297.961
1567682298.211
1567682298.461
1567682298.711
1567682298.961
1567682299.211
1567682299.461
1567682299.711
1567682299.961
1567682300.211
1567682300.461
1567682300.711
1567682300.961
1567682301.211
1567682301.461
1567682301.711
1567682301.961
1567682302.211
1567682302.461
1567682302.711
1567682302.961
1567682303.211
1567682303.461
1567682303.711
1567682303.961
1567682304.211
1567682304.461
1567682304.711
1567682304.961
1567682305.211
1567682305.461
1567682305.711
1567682305.961
1567682306.211
1567682306.461
1567682306.711
1567682306.961
1567682307.211
1567682307.461
1567682307.711
1567682307.961
1567682308.211
1567682308.461
1567682308.711
1567682308.961
1567682309.211
1567682309.461
1567682309.711
1567682309.961
1567682310.211
1567682310.461
1567682310.711
1567682310.961
1567682311.211
1567682311.461
1567682311.711
1567682311.961
1567682312.211
1567682312.461
1567682312.711
1567682312.961
1567682313.211
1567682313.461
1567682313.711
1567682313.961
1567682314.211
1567682314.461
1567682314.711
1567682314.961
1567682315.211
1567682315.461
1567682315.711
1567682315.961
1567682316.211
1567682316.461
1567682316.711
1567682316.961
1567682317.211
1567682317.461
1567682317.711
1567682317.961
1567682318.211
1567682318.461
1567682318.711
1567682318.961
1567682319.211
1567682319.461
1567682319.711
1567682319.961
1567682320.211
1567682320.461
1567682320.711
1567682320.961
1567682321.211
1567682321.461
1567682321.711
1567682321.961
1567682322.211
1567682322.461
1567682322.711
1567682322.961
1567682323.211
1567682323.461
1567682323.711
1567682323.961
1567682324.211
1567682324.461
1567682324.711
1567682324.961
1567682325.211
1567682325.461
1567682325.711
1567682325.961
1567682326.211
1567682326.461
1567682326.711
1567682326.961
1567682327.211
1567682327.461
1567682327.711
1567682327.961
1567682328.211
1567682328.461
1567682328.711
1567682328.961
1567682329.211
1567682329.461
1567682329.711
1567682329.961
1567682330.211
1567682330.461
1567682330.711
1567682330.961
1567682331.211
1567682331.461
1567682331.711
1567682331.961
1567682332.211
1567682332.461
1567682332.711
1567682332.961
1567682333.211
1567682333.461
1567682333.711
1567682333.961
1567682334.211
1567682334.461
1567682334.711
1567682334.961
1567682335.211
1567682335.461
1567682335.711
1567682335.961
1567682336.211
1567682336.461
1567682336.711
1567682336.961
1567682337.211
1567682337.461
1567682337.711
1567682337.961
1567682338.211
1567682338.461
1567682338.711
1567682338.961
1567682339.211
1567682339.461
1567682339.711
1567682339.961
1567682340.211
1567682340.461
1567682340.711
1567682340.961
1567682341.211
1567682341.461
1567682341.711
1567682341.961
1567682342.211
1567682342.461
1567682342.711
1567682342.961
1567682343.211
1567682343.461
1567682343.711
1567682343.961
1567682344.211
1567682344.461
1567682344.711
1567682344.961
1567682345.211
1567682345.461
1567682345.711
1567682345.961
1567682346.211
1567682346.461
1567682346.711
1567682346.961
1567682347.211
1567682347.461
1567682347.711
1567682347.961
1567682348.211
1567682348.461
1567682348.711
1567682348.961
1567682349.211
1567682349.461
1567682349.711
1567682349.961
1567682350.211
1567682350.461
1567682350.711
1567682350.961
1567682351.211
1567682351.461
1567682351.711
1567682351.961
1567682352.211
1567682352.461
1567682352.711
1567682352.961
1567682353.211
1567682353.461
1567682353.711
1567682353.961
1567682354.211
1567682354.461
1567682354.711
1567682354.961
1567682355.211
1567682355.461
1567682355.711
1567682355.961
1567682356.211
1567682356.461
1567682356.711
1567682356.961
1567682357.211
1567682357.461
1567682357.711
1567682357.961
1567682358.211
1567682358.461
1567682358.711
1567682358.961
1567682359.211
1567682359.461
1567682359.711
1567682359.961
1567682360.211
1567682360.461
1567682360.711
1567682360.961
1567682361.211
1567682361.461
1567682361.711
1567682361.961
1567682362.211
1567682362.461
1567682362.711
1567682362.961
1567682363.211
1567682363.461
1567682363.711
1567682363.961
1567682364.211
1567682364.461
1567682364.711
1567682364.961
1567682365.211
1567682365.461
1567682365.711
1567682365.961
1567682366.211
1567682366.461
1567682366.711
1567682366.961
1567682367.211
1567682367.461
1567682367.711
1567682367.961
1567682368.211
1567682368.461
1567682368.711
1567682368.961
1567682369.211
1567682369.461
1567682369.711
1567682369.961
1567682370.211
1567682370.461
1567682370.711
1567682370.961
1567682371.211
1567682371.461
1567682371.711
1567682371.961
1567682372.211
1567682372.461
1567682372.711
1567682372.961
1567682373.211
1567682373.461
1567682373.711
1567682373.961
1567682374.211
1567682374.461
1567682374.711
1567682374.961
1567682375.211
1567682375.461
1567682375.711
1567682375.961
1567682376.211
1567682376.461
1567682376.711
1567682376.961
1567682377.211
1567682377.461
1567682377.711
1567682377.961
1567682378.211
1567682378.461
1567682378.711
1567682378.961
1567682379.211
1567682379.461
1567682379.711
1567682379.961
1567682380.211
1567682380.461
1567682380.711
1567682380.961
1567682381.211
1567682381.461
1567682381.711
1567682381.961
1567682382.211
1567682382.461
1567682382.711
1567682382.961
1567682383.211
1567682383.461
1567682383.711
1567682383.961
1567682384.211
1567682384.461
1567682384.711
1567682384.961
1567682385.211
1567682385.461
1567682385.711
1567682385.961
1567682386.211
1567682386.461
1567682386.711
1567682386.961
1567682387.211
1567682387.461
1567682387.711
1567682387.961
1567682388.211
1567682388.461
1567682388.711
1567682388.961
1567682389.211
1567682389.461
1567682389.711
1567682389.961
1567682390.211
1567682390.461
1567682390.711
1567682390.961
1567682391.211
1567682391.461
1567682391.711
1567682391.961
1567682392.211
1567682392.461
1567682392.711
1567682392.961
1567682393.211
1567682393.461
1567682393.711
1567682393.961
1567682394.211
1567682394.461
1567682394.711
1567682394.961
1567682395.211
1567682395.461
1567682395.711
1567682395.961
1567682396.211
1567682396.461
1567682396.711
1567682396.961
1567682397.211
1567682397.461
1567682397.711
1567682397.961
1567682398.211
1567682398.461
1567682398.711
1567682398.961
1567682399.211
1567682399.461
1567682399.711
1567682399.961
1567682400.211
1567682400.461
1567682400.711
1567682400.961
1567682401.211
1567682401.461
1567682401.711
1567682401.961
1567682402.211
1567682402.461
1567682402.711
1567682402.961
1567682403.211
1567682403.461
1567682403.711
1567682403.961
1567682404.211
1567682404.461
1567682404.711
1567682404.961
1567682405.211
1567682405.461
1567682405.711
1567682405.961
1567682406.211
1567682406.461
1567682406.711
1567682406.961
1567682407.211
1567682407.461
1567682407.711
1567682407.961
1567682408.211
1567682408.461
1567682408.711
1567682408.961
1567682409.211
1567682409.461
1567682409.711
1567682409.961
1567682410.211
1567682410.461
1567682410.711
1567682410.961
1567682411.211
1567682411.461
1567682411.711
1567682411.961
1567682412.211
1567682412.461
1567682412.711
1567682412.961
1567682413.211
1567682413.461
1567682413.711
