0.6383697
0.6345257
0.6332444
0.6306818
0.6294004
0.6268377
0.6281191
0.6294004
0.6306818
0.6306818
0.6345257
0.6319631
0.6319631
0.6294004
0.6268377
0.6242751
0.6229938
0.6165871
0.6178684
0.6165871
0.6153058
0.6165871
0.6242751
0.6306818
0.6370884
0.6434951
0.6447764
0.6434951
0.6447764
0.6396511
0.6358071
0.6306818
0.6281191
0.6255564
0.6229938
0.6204311
0.6191497
0.6229938
0.6319631
0.6434951
0.6537457
0.6575897
0.6601524
0.6691217
0.6729657
0.678091
0.681935
0.685779
0.6844977
0.6844977
0.6832163
0.6832163
0.681935
0.678091
0.681935
0.678091
0.6755283
0.6716843
0.6691217
0.6652777
0.6614337
0.6588711
0.6524644
0.6511831
0.6460577
0.6460577
0.6460577
0.6409324
0.6409324
0.6383697
0.6370884
0.6370884
0.6319631
0.6319631
0.6294004
0.6268377
0.6294004
0.6319631
0.6294004
0.6319631
0.6332444
0.6383697
0.6460577
0.6499017
0.6511831
0.6537457
0.6511831
0.6511831
0.6499017
0.6447764
0.6422138
0.6383697
0.6358071
0.6319631
0.6306818
0.6319631
0.6281191
0.6242751
0.6268377
0.6255564
0.6229938
0.6217124
0.6191497
0.6191497
0.6204311
0.6217124
0.6204311
0.6204311
0.6217124
0.6294004
0.6306818
0.6332444
0.6319631
0.6319631
0.6319631
0.6306818
0.6281191
0.6332444
0.6294004
0.6294004
0.6332444
0.6281191
0.6332444
0.6396511
0.6588711
0.6883417
0.7178122
0.7485642
0.7754722
0.8177561
0.8305694
0.8356947
0.8305694
0.8190374
0.8126308
0.8010988
0.7895668
0.7805975
0.7729095
0.7729095
0.7741908
0.7729095
0.7716281
0.7741908
0.7741908
0.7831602
0.7946921
0.8023801
0.8049428
0.8087867
0.8062241
0.8049428
0.7998174
0.7921295
0.7908481
0.7818788
0.7780348
0.7729095
0.7741908
0.7677842
0.7690655
0.7652215
0.7626588
0.7588149
0.7562522
0.7536895
0.7536895
0.7472829
0.7472829
0.7460015
0.7434389
0.7408762
0.7370322
0.7357509
0.7331882
0.7331882
0.7293442
0.7293442
0.7293442
0.7306256
0.7255002
0.7255002
0.7229376
0.7229376
0.7216563
0.7203749
0.7203749
0.7165309
0.7178122
0.7152496
0.7139683
0.712687
0.7114056
0.7101243
0.7075616
0.7101243
0.7062803
0.704999
0.7037176
0.7011549
0.7024363
0.6998736
0.6985923
0.6985923
0.6960297
0.693467
0.693467
0.6909043
0.6909043
0.689623
0.6883417
0.689623
0.6870603
0.6870603
0.685779
0.6844977
0.685779
0.6844977
0.6870603
0.681935
0.6832163
0.6832163
0.6806537
0.6806537
0.6768097
0.6755283
0.674247
0.674247
0.6716843
0.670403
0.674247
0.6755283
0.6716843
0.6716843
0.6729657
0.6729657
0.6716843
0.670403
0.6729657
0.6755283
0.6729657
0.6729657
0.678091
0.6793723
0.681935
0.6832163
0.6832163
0.6844977
0.685779
0.6844977
0.681935
0.6768097
0.678091
0.6755283
0.6729657
0.6716843
0.6691217
0.6691217
0.6678404
0.666559
0.6652777
0.662715
0.6614337
0.662715
0.6614337
0.6614337
0.6588711
0.6588711
0.6563084
0.6563084
0.6563084
0.6563084
0.6563084
0.6537457
0.6537457
0.6537457
0.6537457
0.6524644
0.6537457
0.6511831
0.6499017
0.6486204
0.6486204
0.6486204
0.6460577
0.6447764
0.6434951
0.6434951
0.6434951
0.6396511
0.6396511
0.6383697
0.6370884
0.6370884
0.6383697
0.6345257
0.6370884
0.6370884
0.6345257
0.6319631
0.6319631
0.6319631
0.6319631
0.6306818
0.6281191
0.6306818
0.6242751
0.6242751
0.6229938
0.6229938
0.6255564
0.6217124
0.6217124
0.6217124
0.6204311
0.6204311
0.6204311
0.6165871
0.6165871
0.6178684
0.6165871
0.6153058
0.6153058
0.6178684
0.6165871
0.6191497
0.6165871
0.6165871
0.6153058
0.6191497
0.6178684
0.6153058
0.6127431
0.6165871
0.6140245
0.6153058
0.6127431
0.6127431
0.6101804
0.6088991
0.6088991
0.6088991
0.6063365
0.6050552
0.6076178
0.6037738
0.6037738
0.6012111
0.6012111
0.6037738
0.6024925
0.5973672
0.5999298
0.6037738
0.6012111
0.6037738
0.6088991
0.6076178
0.6114618
0.6140245
0.6153058
0.6101804
0.6114618
0.6127431
0.6076178
0.6088991
0.6050552
0.6050552
0.6037738
0.6037738
0.6024925
0.5986485
0.5973672
0.5973672
0.5960858
0.5948045
0.5948045
0.5909605
0.5960858
0.5922418
0.5909605
0.5909605
0.5909605
0.5883978
0.5896792
0.5871165
0.5896792
0.5871165
0.5871165
0.5858352
0.5858352
0.5832725
0.5832725
0.5807098
0.5807098
0.5807098
0.5819912
0.5755845
0.5781472
0.5755845
0.5743032
0.5743032
0.5730218
0.5743032
0.5717405
0.5704592
0.5704592
0.5704592
0.5678965
0.5691779
0.5678965
0.5666152
0.5653338
0.5678965
0.5653338
0.5640525
0.5627712
0.5627712
0.5627712
0.5627712
0.5627712
0.5627712
0.5627712
0.5627712
0.5627712
0.5627712
0.5627712
0.5627712
0.5627712
0.5627712
0.5627712
0.5627712
0.5627712
0.5627712
0.5627712
0.5589272
0.5589272
0.5563645
0.5550832
0.5563645
0.5538019
0.5538019
0.5538019
0.5538019
0.5512393
0.5525206
0.5512393
0.5512393
0.5512393
0.5473952
0.5499579
0.5473952
0.5461139
0.5461139
0.5448326
0.5435513
0.5409886
0.5422699
0.5422699
0.5422699
0.5371446
0.5397072
0.5409886
0.5384259
0.5384259
0.5371446
0.5358633
0.5358633
0.5333006
0.5371446
0.5345819
0.5345819
0.5345819
0.5345819
0.5358633
0.5345819
0.5320193
0.5320193
0.5307379
0.5294566
0.5294566
0.5268939
0.5268939
0.5281753
0.5256126
0.5256126
0.5256126
0.5256126
0.52305
0.5243313
0.52305
0.5243313
0.5217686
0.5192059
0.5217686
0.5217686
0.5192059
0.5179246
0.515362
0.5179246
0.5166433
0.5166433
0.515362
0.5140806
0.5140806
0.5115179
0.5115179
0.5115179
0.5115179
0.5102366
0.5115179
0.5140806
0.5115179
0.5115179
0.5115179
0.5063927
0.5102366
0.5102366
0.5089553
0.507674
0.507674
0.507674
0.5051113
0.5063927
0.50383
0.50383
0.5051113
0.5063927
0.5063927
0.507674
0.5102366
0.5127993
0.5115179
0.5115179
0.5115179
0.5115179
0.5140806
0.5102366
0.5115179
0.5127993
0.5063927
0.507674
0.5051113
0.5051113
0.5051113
0.5025486
0.5012673
0.5025486
0.4987046
0.5012673
0.5025486
0.5025486
0.499986
0.4987046
0.4987046
0.4974233
0.4948606
0.496142
0.4948606
0.4948606
0.496142
0.496142
0.492298
0.492298
0.488454
0.4897353
0.4910167
0.4897353
0.488454
0.4871727
0.4858913
0.4871727
0.48461
0.488454
0.4910167
0.488454
0.4897353
0.488454
0.4871727
0.4871727
0.4858913
0.4820473
0.4833287
0.4833287
0.4820473
0.480766
0.4820473
0.4794847
0.4794847
0.4794847
0.4794847
0.476922
0.476922
0.476922
0.4782034
0.476922
0.4756407
0.4756407
0.4743594
0.4743594
0.473078
0.4743594
0.4743594
0.469234
0.4705154
0.4705154
0.469234
0.469234
0.4679527
0.469234
0.4679527
0.4666714
0.4666714
0.4653901
0.4615461
0.4641087
0.4653901
0.4641087
0.4615461
0.4615461
0.4628274
0.4628274
0.4602647
0.4602647
0.4577021
0.4589834
0.4615461
0.4641087
0.4641087
0.4589834
0.4602647
0.4589834
0.4577021
0.4615461
0.4628274
0.4602647
0.4538581
0.4564207
0.4564207
0.4564207
0.4551394
0.4551394
0.4551394
0.4525767
0.4525767
0.4525767
0.4512954
0.4500141
0.4500141
0.4512954
0.4487327
0.4512954
0.4487327
0.4487327
0.4474514
0.4487327
0.4474514
0.4461701
0.4474514
0.4461701
0.4474514
0.4461701
0.4461701
0.4461701
0.4461701
0.4474514
0.4474514
0.4461701
0.4474514
0.4448887
0.4448887
0.4410447
0.4423261
0.4423261
0.4448887
0.4461701
0.4397634
0.4397634
0.4423261
0.4410447
0.4384821
0.4397634
0.4397634
0.4397634
0.4372008
0.4372008
0.4359194
0.4359194
0.4384821
0.4346381
0.4372008
0.4359194
0.4359194
0.4372008
0.4346381
0.4346381
0.4320754
0.4333568
0.4359194
0.4307941
0.4333568
0.4320754
0.4333568
0.4307941
0.4320754
0.4307941
0.4333568
0.4295128
0.4307941
0.4282314
0.4295128
0.4295128
0.4256688
0.4282314
0.4307941
0.4307941
0.4282314
0.4256688
0.4269501
0.4256688
0.4282314
0.4243875
0.4243875
0.4243875
0.4218248
0.4243875
0.4243875
0.4231061
0.4243875
0.4218248
0.4231061
0.4243875
0.4218248
0.4218248
0.4192621
0.4218248
0.4218248
0.4256688
0.4205435
0.4179808
0.4166995
0.4166995
0.4179808
0.4166995
0.4166995
0.4141368
0.4141368
0.4141368
0.4141368
0.4154181
0.4166995
0.4128555
0.4128555
0.4128555
0.4115742
0.4102928
0.4115742
0.4102928
0.4128555
0.4128555
0.4115742
0.4102928
0.4102928
0.4090115
0.4077302
0.4090115
0.4102928
0.4090115
0.4051675
0.4077302
0.4102928
0.4090115
0.4102928
0.4102928
0.4077302
0.4064488
0.4051675
0.4064488
0.4051675
0.4000422
0.4051675
0.4038862
0.4051675
0.4026048
0.4026048
0.4026048
0.4013235
0.4026048
0.4038862
0.4026048
0.4026048
0.4026048
0.4026048
0.4026048
0.4013235
0.4051675
0.4038862
0.4026048
0.4013235
0.4038862
0.3987608
0.4013235
0.4000422
0.4013235
0.4000422
0.4013235
0.3974795
0.3974795
0.3987608
0.3974795
0.3974795
0.3987608
0.3961982
0.3974795
0.3949168
0.3987608
0.3961982
0.3961982
0.3961982
0.3949168
0.3949168
0.3961982
0.3936355
0.3936355
0.3936355
0.3923542
0.3936355
0.3923542
0.3910728
0.3923542
0.3910728
0.3936355
0.3923542
0.3885102
0.3910728
0.3897915
0.3859475
0.3897915
0.3910728
0.3872288
0.3897915
0.3885102
0.3897915
0.3885102
0.3872288
0.3859475
0.3872288
0.3872288
0.3897915
0.3859475
0.3846662
0.3859475
0.3859475
0.3872288
0.3872288
0.3859475
0.3833849
0.3833849
0.3846662
0.3846662
0.3833849
0.3833849
0.3821035
0.3833849
0.3821035
0.3808222
0.3821035
0.3744155
0.3821035
0.3808222
0.3808222
0.3808222
0.3795409
0.3782595
0.3808222
0.3821035
0.3808222
0.3808222
0.3795409
0.3821035
0.3821035
0.3782595
0.3795409
0.3782595
0.3795409
0.3795409
0.3782595
0.3756969
0.3769782
0.3731342
0.3756969
0.3731342
0.3744155
0.3744155
0.3744155
0.3744155
0.3756969
0.3731342
0.3756969
0.3756969
0.3718529
0.3731342
0.3756969
0.3705716
0.3705716
0.3705716
0.3692902
0.3718529
0.3718529
0.3718529
0.3731342
0.3667276
0.3705716
0.3718529
0.3718529
0.3692902
0.3718529
0.3680089
0.3654462
0.3680089
0.3667276
0.3667276
0.3654462
0.3654462
0.3654462
0.3654462
0.3654462
0.3641649
0.3641649
0.3654462
0.3769782
0.3628836
0.3641649
0.3590396
0.3641649
0.3667276
0.3628836
0.3616022
0.3628836
0.3616022
0.3616022
0.3628836
0.3667276
0.3628836
0.3564769
0.3616022
0.3616022
0.3628836
0.3628836
0.3616022
0.3616022
0.3603209
0.3590396
0.3603209
0.3603209
0.3564769
0.3590396
0.3628836
0.3603209
0.3577582
0.3577582
0.3590396
0.3577582
0.3590396
0.3577582
0.3577582
0.3539142
0.3577582
0.3590396
0.3577582
0.3577582
0.3577582
0.3564769
0.3551956
0.3577582
0.3577582
0.3577582
0.3526329
0.3539142
0.3551956
0.3539142
0.3551956
0.3564769
0.3539142
0.3513516
0.3526329
0.3526329
0.3526329
0.3462262
0.3526329
0.3513516
0.3513516
0.3526329
0.3500702
0.3500702
0.3526329
0.3539142
0.3526329
0.3526329
0.3449449
0.3539142
0.3500702
0.3500702
0.3487889
0.3487889
0.3500702
0.3513516
0.3487889
0.3487889
0.3487889
0.3436636
0.3487889
0.3500702
0.3462262
0.3513516
0.3475076
0.3487889
0.3487889
0.3487889
0.3475076
0.3475076
0.3462262
0.3475076
0.3475076
0.3462262
0.3462262
0.3449449
0.3462262
0.3436636
0.3462262
0.3449449
0.3436636
0.3411009
0.3436636
0.3462262
0.3436636
0.3462262
0.3462262
0.3475076
0.3462262
0.3487889
0.3475076
0.3500702
0.3449449
0.3487889
0.3487889
0.3462262
0.3449449
0.3475076
0.3423823
0.3436636
0.3423823
0.3411009
0.3411009
0.3385383
0.3436636
0.3436636
0.3385383
0.3411009
0.3398196
0.3385383
0.3385383
0.3346943
0.3359756
0.3359756
0.3321316
0.3346943
0.3372569
0.3359756
0.3346943
0.3321316
0.3346943
0.3359756
0.3359756
0.3385383
0.3372569
0.3359756
0.3359756
0.3359756
0.3359756
0.3359756
0.3334129
0.3334129
0.3346943
0.3321316
0.3334129
0.3308503
0.3282876
0.3334129
0.3346943
0.3346943
0.3385383
0.3359756
0.3321316
0.3321316
0.3346943
0.3321316
0.3334129
0.3334129
0.3346943
0.3359756
0.3308503
0.3321316
0.3321316
0.3308503
0.329569
0.3308503
0.3321316
0.329569
0.3244436
0.329569
0.3270063
0.329569
0.329569
0.329569
0.3282876
0.329569
0.3282876
0.3270063
0.3270063
0.3282876
0.3282876
0.3270063
0.3270063
0.3282876
0.3282876
0.325725
0.3270063
0.325725
0.325725
0.3244436
0.3205996
0.3244436
0.3244436
0.3244436
0.3205996
0.3244436
0.3231623
0.321881
0.3244436
0.3231623
0.3231623
0.3193183
0.3193183
0.3193183
0.3205996
0.3193183
0.318037
0.321881
0.321881
0.3372569
0.3244436
0.321881
0.3205996
0.3231623
0.321881
0.318037
0.3205996
0.321881
0.3231623
0.3205996
0.318037
0.3193183
0.3205996
0.3205996
0.318037
0.3205996
0.3193183
0.3193183
0.318037
0.3154743
0.3167557
0.3193183
0.3167557
0.3167557
0.314193
0.3167557
0.3154743
0.314193
0.3154743
0.3116303
0.3129117
0.3116303
0.314193
0.3129117
0.3116303
0.3077863
0.314193
0.3129117
0.3116303
0.310349
0.3116303
0.3129117
0.3116303
0.314193
0.314193
0.314193
0.3090677
0.310349
0.3129117
0.310349
0.3116303
0.3090677
0.3116303
0.3090677
0.310349
0.3116303
0.3116303
0.310349
0.3116303
0.3116303
0.3077863
0.306505
0.306505
0.306505
0.3052237
0.3090677
0.3077863
0.306505
0.3000983
0.3039423
0.3052237
0.310349
0.3090677
0.306505
0.3077863
0.3077863
0.3039423
0.306505
0.3077863
0.3013797
0.306505
0.3052237
0.3039423
0.302661
0.3052237
0.3052237
0.3039423
0.3077863
0.3090677
0.3039423
0.3000983
0.302661
0.3039423
0.3000983
0.3013797
0.3013797
0.3013797
0.3013797
0.298817
0.3000983
0.3013797
0.294973
0.3000983
0.298817
0.2975357
0.3039423
0.302661
0.302661
0.3039423
0.3013797
0.3000983
0.3013797
0.298817
0.298817
0.3013797
0.302661
0.3013797
0.3013797
0.3000983
0.2962543
0.298817
0.298817
0.298817
0.2962543
0.2975357
0.2975357
0.2975357
0.298817
0.2975357
