0.2385944
0.2373131
0.2373131
0.2347504
0.2321878
0.2309065
0.2244998
0.2309065
0.2296251
0.2283438
0.2283438
0.2257811
0.2257811
0.2257811
0.2309065
0.2283438
0.2296251
0.2270625
0.2257811
0.2244998
0.2244998
0.2232185
0.2219371
0.2244998
0.2232185
0.2206558
0.2219371
0.2232185
0.2155305
0.2206558
0.2193745
0.2206558
0.2168118
0.2155305
0.2168118
0.2155305
0.2142492
0.2168118
0.2155305
0.2129678
0.2155305
0.2116865
0.2142492
0.2104052
0.2129678
0.2129678
0.2116865
0.2168118
0.2168118
0.2142492
0.2104052
0.2104052
0.2104052
0.2129678
0.2142492
0.2129678
0.2142492
0.2129678
0.2155305
0.2155305
0.2104052
0.2116865
0.2142492
0.2155305
0.2155305
0.2155305
0.2142492
0.2129678
0.2116865
0.2116865
0.2091238
0.2104052
0.2104052
0.2091238
0.2091238
0.2078425
0.2065612
0.2104052
0.2052798
0.2078425
0.2091238
0.2091238
0.2091238
0.2039985
0.2078425
0.2091238
0.2091238
0.2065612
0.2039985
0.2052798
0.2052798
0.2065612
0.2052798
0.2027172
0.1975919
0.2027172
0.2027172
0.2039985
0.2052798
0.2001545
0.2001545
0.2001545
0.1988732
0.1975919
0.1975919
0.1937479
0.2001545
0.2001545
0.1950292
0.1963105
0.1963105
0.1975919
0.2001545
0.2001545
0.1988732
0.1924665
0.1975919
0.1975919
0.1988732
0.2014358
0.1975919
0.1963105
0.1988732
0.1963105
0.1950292
0.1963105
0.1937479
0.1924665
0.1937479
0.1937479
0.1924665
0.1924665
0.1924665
0.1924665
0.1924665
0.1937479
0.1963105
0.1886225
0.1911852
0.1937479
0.1899039
0.1899039
0.1950292
0.1937479
0.1950292
0.1937479
0.1924665
0.1963105
0.1963105
0.1924665
0.1963105
0.1975919
0.1950292
0.1963105
0.1924665
0.1963105
0.1937479
0.1937479
0.1950292
0.1950292
0.1911852
0.1886225
0.1873412
0.1899039
0.1924665
0.1924665
0.1924665
0.1911852
0.1886225
0.1911852
0.1899039
0.1860599
0.1886225
0.1924665
0.1911852
0.1911852
0.1911852
0.1911852
0.1873412
0.1899039
0.1899039
0.1899039
0.1847785
0.1899039
0.1899039
0.1886225
0.1899039
0.1860599
0.1860599
0.1847785
0.1886225
0.1860599
0.1834972
0.1783719
0.1847785
0.1809345
0.1809345
0.1809345
0.1822159
0.1860599
0.1860599
0.1860599
0.1847785
0.1860599
0.1783719
0.1847785
0.1847785
0.1873412
0.1873412
0.1886225
0.1899039
0.1886225
0.1886225
0.1834972
0.1847785
0.1809345
0.1822159
0.1847785
0.1809345
0.1822159
0.1822159
0.1809345
0.1834972
0.1847785
0.1822159
0.1834972
0.1809345
0.1822159
0.1847785
0.1809345
0.1809345
0.1834972
0.1809345
0.1809345
0.1809345
0.1783719
0.1796532
0.1770906
0.1796532
0.1770906
0.1796532
0.1783719
0.1770906
0.1770906
0.1770906
0.1770906
0.1809345
0.1822159
0.1783719
0.1809345
0.1834972
0.1822159
0.1783719
0.1796532
0.1783719
0.1796532
0.1770906
0.1796532
0.1770906
0.1758092
0.1783719
0.1783719
0.1796532
0.1758092
0.1758092
0.1770906
0.1758092
0.1758092
0.1783719
0.1745279
0.1719652
0.1745279
0.1758092
0.1783719
0.1758092
0.1796532
0.1809345
0.1796532
0.1745279
0.1783719
0.1770906
0.1719652
0.1745279
0.1758092
0.1758092
0.1758092
0.1732466
0.1745279
0.1706839
0.1719652
0.1745279
0.1732466
0.1655586
0.1694026
0.1732466
0.1706839
0.1706839
0.1694026
0.1681212
0.1694026
0.1899039
0.1719652
0.1719652
0.1706839
0.1719652
0.1745279
0.1694026
0.1706839
0.1732466
0.1732466
0.1719652
0.1694026
0.1732466
0.1706839
0.1655586
0.1681212
0.1681212
0.1668399
0.1681212
0.1668399
0.1655586
0.1642772
0.1655586
0.1655586
0.1642772
0.1604332
0.1642772
0.1668399
0.1642772
0.1642772
0.1629959
0.1655586
0.1681212
0.1668399
0.1694026
0.1668399
0.1655586
0.1681212
0.1668399
0.1655586
0.1655586
0.1629959
0.1642772
0.1681212
0.1668399
0.1655586
0.1642772
0.1591519
0.1617146
0.1591519
0.1617146
0.1642772
0.1617146
0.1617146
0.1604332
0.1604332
0.1604332
0.1642772
0.1642772
0.1655586
0.1642772
0.1642772
0.1629959
0.1642772
0.1655586
0.1642772
0.1642772
0.1604332
0.1604332
0.1578706
0.1604332
0.1604332
0.1578706
0.1578706
0.1604332
0.1578706
0.1591519
0.1578706
0.1578706
0.1565893
0.1540266
0.1578706
0.1591519
0.1565893
0.1565893
0.1565893
0.1604332
0.1604332
0.1617146
0.1629959
0.1591519
0.1565893
0.1578706
0.1591519
0.1591519
0.1617146
0.1591519
0.1604332
0.1617146
0.1604332
0.1604332
0.1578706
0.1565893
0.1565893
0.1604332
0.1578706
0.1578706
0.1604332
0.1565893
0.1553079
0.1565893
0.1565893
0.1565893
0.1527453
0.1565893
0.1553079
0.1540266
0.1553079
0.1578706
0.1578706
0.1578706
0.1565893
0.1540266
0.1565893
0.1527453
0.1540266
0.1565893
0.1553079
0.1553079
0.1540266
0.1540266
0.1553079
0.1540266
0.1527453
0.1540266
0.1450573
0.1527453
0.1527453
0.1527453
0.1540266
0.1501826
0.1540266
0.1565893
0.1565893
0.1553079
0.1553079
0.1527453
0.1553079
0.1553079
0.1527453
0.1527453
0.1540266
0.1489013
0.1527453
0.1514639
0.1514639
0.1514639
0.1463386
0.1501826
0.1489013
0.1501826
0.1501826
0.1501826
0.1476199
0.1463386
0.1476199
0.1463386
0.1501826
0.1450573
0.1514639
0.1527453
0.1514639
0.1514639
0.1501826
0.1501826
0.1527453
0.1489013
0.1489013
0.1501826
0.1463386
0.1489013
0.1476199
0.1501826
0.1476199
0.1450573
0.1476199
0.1463386
0.1450573
0.1463386
0.1463386
0.143776
0.1463386
0.1489013
0.1501826
0.1476199
0.1501826
0.1514639
0.1489013
0.1476199
0.1489013
0.1476199
0.1463386
0.1489013
0.1527453
0.1501826
0.1514639
0.1514639
0.1514639
0.1501826
0.1501826
0.1527453
0.1514639
0.1489013
0.1501826
0.1527453
0.1514639
0.1540266
0.1514639
0.1501826
0.1540266
0.1540266
0.1527453
0.1514639
0.1527453
0.1540266
0.1514639
0.1540266
0.1527453
0.1501826
0.1501826
0.1501826
0.1501826
0.1501826
0.1489013
0.1424946
0.1463386
0.1476199
0.1476199
0.1463386
0.1463386
0.1463386
0.143776
0.1514639
0.1476199
0.1514639
0.1489013
0.1450573
0.1476199
0.1489013
0.1489013
0.1476199
0.1489013
0.1450573
0.1463386
0.1476199
0.143776
0.1424946
0.143776
0.1450573
0.143776
0.143776
0.1450573
0.143776
0.1450573
0.1489013
0.1463386
0.1476199
0.143776
0.1476199
0.1450573
0.1489013
0.1450573
0.1476199
0.1450573
0.1463386
0.1463386
0.1450573
0.143776
0.1386506
0.1424946
0.1412133
0.1424946
0.143776
0.143776
0.139932
0.1424946
0.1450573
0.1463386
0.1463386
0.1412133
0.1450573
0.143776
0.143776
0.1424946
0.1424946
0.143776
0.1424946
0.1450573
0.1424946
0.143776
0.1386506
0.1373693
0.1412133
0.1424946
0.139932
0.139932
0.139932
0.139932
0.139932
0.139932
0.1373693
0.139932
0.1450573
0.1412133
0.1412133
0.143776
0.136088
0.139932
0.1412133
0.1412133
0.139932
0.1424946
0.1373693
0.1412133
0.139932
0.136088
0.1386506
0.1373693
0.1386506
0.1373693
0.1386506
0.136088
0.1373693
0.1373693
0.1386506
0.136088
0.136088
0.1348066
0.136088
0.1412133
0.139932
0.139932
0.1386506
0.1386506
0.1386506
0.1386506
0.139932
0.139932
0.139932
0.1373693
0.1412133
0.1386506
0.1386506
0.1373693
0.1373693
0.136088
0.1373693
0.139932
0.136088
0.136088
0.1348066
0.1348066
0.1373693
0.1386506
0.136088
0.136088
0.1335253
0.136088
0.136088
0.136088
0.136088
0.136088
0.1373693
0.1348066
0.136088
0.136088
0.136088
0.132244
0.1348066
0.1373693
0.1386506
0.1386506
0.139932
0.143776
0.1386506
0.1386506
0.1386506
0.1386506
0.1386506
0.1386506
0.1386506
0.1386506
0.1386506
0.1386506
0.1386506
0.1386506
0.1386506
0.1386506
0.1386506
0.1386506
0.1386506
0.1386506
0.1386506
0.1386506
0.139932
0.1386506
0.1424946
0.139932
0.139932
0.1386506
0.139932
0.139932
0.1424946
0.143776
0.1450573
0.139932
0.1424946
0.1424946
0.143776
0.1424946
0.1424946
0.139932
0.1424946
0.143776
0.1412133
0.139932
0.139932
0.139932
0.139932
0.1412133
0.1424946
0.1412133
0.132244
0.1386506
0.1348066
0.1373693
0.1386506
0.1386506
0.139932
0.1373693
0.136088
0.1386506
0.136088
0.1373693
0.1412133
0.139932
0.1412133
0.136088
0.139932
0.139932
0.139932
0.1412133
0.139932
0.1386506
0.139932
0.139932
0.1373693
0.1412133
0.139932
0.1373693
0.1373693
0.136088
0.1348066
0.136088
0.136088
0.1296813
0.1348066
0.136088
0.1373693
0.1373693
0.1424946
0.139932
0.1386506
0.1386506
0.1386506
0.1373693
0.1335253
0.1412133
0.1412133
0.1386506
0.139932
0.136088
0.1348066
0.1373693
0.1348066
0.1373693
0.1373693
0.1309626
0.1373693
0.1335253
0.1348066
0.1348066
0.136088
0.1335253
0.1348066
0.1348066
0.1373693
0.136088
0.136088
0.1373693
0.1373693
0.136088
0.1373693
0.136088
0.136088
0.136088
0.1348066
0.1348066
0.1348066
0.132244
0.1335253
0.1348066
0.1335253
0.136088
0.1348066
0.132244
0.132244
0.1335253
0.1309626
0.1348066
0.1284
0.1373693
0.136088
0.136088
0.1309626
0.1335253
0.1348066
0.1348066
0.136088
0.1335253
0.1348066
0.1296813
0.136088
0.1348066
0.132244
0.132244
0.136088
0.1348066
0.1335253
0.1309626
0.132244
0.132244
0.1284
0.1296813
0.1309626
0.1335253
0.1335253
0.1348066
0.1348066
0.1335253
0.1348066
0.132244
0.1348066
0.1284
0.136088
0.1348066
0.1348066
0.1309626
0.1335253
0.132244
0.1296813
0.1296813
0.1309626
0.132244
0.1258373
0.1296813
0.1284
0.136088
0.1335253
0.1335253
0.132244
0.132244
0.132244
0.1296813
0.132244
0.1296813
0.1284
0.132244
0.1309626
0.1335253
0.1284
0.1309626
0.1284
0.1284
0.1309626
0.1271186
0.124556
0.1296813
0.132244
0.1296813
0.132244
0.132244
0.1309626
0.132244
0.1296813
0.1335253
0.132244
0.1258373
0.1296813
0.1309626
0.1296813
0.1296813
0.1284
0.1258373
0.1284
0.1284
0.1271186
0.1284
0.124556
0.1296813
0.1335253
0.1296813
0.1296813
0.1296813
0.1296813
0.1309626
0.1296813
0.1271186
0.1296813
0.124556
0.1296813
0.1296813
0.1284
0.124556
0.1271186
0.1258373
0.1271186
0.1258373
0.1271186
0.1271186
0.1219933
0.1258373
0.1232747
0.1284
0.1284
0.1284
0.1296813
0.1296813
0.1296813
0.1296813
0.1284
0.1271186
0.1284
0.1271186
0.1309626
0.1296813
0.1309626
0.1309626
0.1296813
0.1296813
0.1271186
0.1258373
0.124556
0.1258373
0.1258373
0.1258373
0.124556
0.1258373
0.1232747
0.1258373
0.1232747
0.1271186
0.1271186
0.1232747
0.1284
0.1271186
0.1284
0.1296813
0.1258373
0.1284
0.1296813
0.1271186
0.1258373
0.1271186
0.1219933
0.1271186
0.1284
0.1258373
0.1258373
0.124556
0.1232747
0.1258373
0.139932
0.124556
0.124556
0.120712
0.1232747
0.1271186
0.1258373
0.1271186
0.1258373
0.1271186
0.1284
0.1258373
0.1284
0.1258373
0.1232747
0.1271186
0.1309626
0.1271186
0.1271186
0.1271186
0.1271186
0.1284
0.124556
0.1258373
0.124556
0.1219933
0.1219933
0.1258373
0.1232747
0.1219933
0.1232747
0.1219933
0.1219933
0.1232747
0.1232747
0.120712
0.1181493
0.1271186
0.1258373
0.124556
0.1271186
0.1258373
0.1232747
0.124556
0.1219933
0.124556
0.1258373
0.120712
0.1271186
0.1284
0.1271186
0.1258373
0.1271186
0.124556
0.1232747
0.1232747
0.1232747
0.1219933
0.1194307
0.1219933
0.120712
0.1219933
0.1219933
0.1258373
0.1284
0.1258373
0.1284
0.124556
0.124556
0.1219933
0.1258373
0.1232747
0.1258373
0.1232747
0.1232747
0.1232747
0.120712
0.120712
0.1219933
0.1232747
0.1194307
0.120712
0.1232747
0.1219933
0.120712
0.1232747
0.1181493
0.1194307
0.120712
0.1194307
0.1194307
0.1155867
0.1258373
0.124556
0.124556
0.1232747
0.1232747
0.1219933
0.1219933
0.1232747
0.1232747
0.1219933
0.1143053
0.1232747
0.124556
0.120712
0.124556
0.1232747
0.1232747
0.1219933
0.1232747
0.1232747
0.116868
0.116868
0.1194307
0.1181493
0.120712
0.1194307
0.1181493
0.120712
0.124556
0.1194307
0.1194307
0.1181493
0.116868
0.1181493
0.1194307
0.120712
0.1232747
0.124556
0.1219933
0.1219933
0.1232747
0.124556
0.120712
0.1155867
0.1219933
0.1181493
0.1219933
0.1219933
0.1194307
0.120712
0.1219933
0.1219933
0.120712
0.1181493
0.1143053
0.1219933
0.116868
0.116868
0.1181493
0.1181493
0.1181493
0.1181493
0.1181493
0.1181493
0.116868
0.1143053
0.116868
0.1219933
0.1181493
0.116868
0.1155867
0.1155867
0.1219933
0.1194307
0.1219933
0.1194307
0.116868
0.120712
0.120712
0.1194307
0.116868
0.1194307
0.1194307
0.1194307
0.1181493
0.1194307
0.1181493
0.113024
0.1181493
0.116868
0.1194307
0.1181493
0.116868
0.116868
0.120712
0.1194307
0.1181493
0.116868
0.1143053
0.1181493
0.1181493
0.1181493
0.120712
0.116868
0.116868
0.1155867
0.1155867
0.1155867
0.1155867
0.1181493
0.120712
0.1219933
0.120712
0.1219933
0.124556
0.124556
0.1194307
0.120712
0.1219933
0.1219933
0.1181493
0.120712
0.1219933
0.1181493
0.1181493
0.1181493
0.1194307
0.1194307
0.1181493
0.1181493
0.1181493
0.1155867
0.116868
0.116868
0.116868
0.1155867
0.1194307
0.1194307
0.1219933
0.1194307
0.116868
0.1155867
