1.336863
1.327894
1.330457
1.326613
1.329175
1.320206
1.321487
1.316362
1.315081
1.309955
1.308674
1.312518
1.313799
1.315081
1.317643
1.317643
1.320206
1.317643
1.317643
1.312518
1.318925
1.317643
1.32405
1.34327
1.386835
1.44962
1.514968
1.580316
1.636695
1.66104
1.681541
1.691792
1.723825
1.771235
1.84427
1.931401
1.987979
2.036669
2.090485
2.114831
2.117393
2.098173
2.075109
2.036669
2.004636
1.966196
1.939288
1.916224
1.889316
1.86369
1.848314
1.831656
1.814999
1.803467
1.788091
1.777841
1.763746
1.756058
1.741963
1.735557
1.726587
1.718899
1.715055
1.708649
1.704805
1.695835
1.69071
1.680459
1.675334
1.667646
1.656114
1.654833
1.649707
1.647145
1.656114
1.668927
1.689429
1.694554
1.697117
1.702242
1.702242
1.69071
1.680459
1.667646
1.656114
1.648426
1.634331
1.630487
1.620237
1.611268
1.608705
1.604861
1.59461
1.592048
1.59461
1.598454
1.601017
1.607424
1.609986
1.612549
1.602298
1.60358
1.6228
1.675334
1.750933
1.832938
1.918787
1.987979
2.040514
2.073828
2.077672
2.064859
2.031544
2.000792
1.967478
1.935444
1.908536
1.880347
1.866252
1.849595
1.831656
1.820125
1.802186
1.79706
1.785529
1.772715
1.766309
1.759902
1.753495
1.744526
1.739401
1.734275
1.726587
1.721462
1.716337
1.713774
1.703523
1.702242
1.699679
1.698398
1.691991
1.699679
1.726587
1.765027
1.813718
1.87394
1.923912
1.962352
1.986698
1.99823
1.990541
1.973884
1.948258
1.923912
1.897004
1.87394
1.859846
1.841907
1.82525
1.813718
1.803467
1.791935
1.780403
1.777841
1.770153
1.758621
1.749651
1.74837
1.740682
1.741963
1.735557
1.730431
1.726587
1.718899
1.713774
1.711211
1.706086
1.698398
1.698398
1.694554
1.69071
1.689429
1.684303
1.677897
1.679178
1.676615
1.672771
1.672771
1.659958
1.662521
1.662521
1.661239
1.654833
1.654833
1.65227
1.648426
1.643301
1.639457
1.636894
1.630487
1.630487
1.629206
1.629206
1.620237
1.618955
1.621518
1.617674
1.620237
1.6228
1.621518
1.620237
1.616393
1.61383
1.61383
1.558733
1.558733
1.558733
1.558733
1.558733
1.558733
1.558733
1.558733
1.558733
1.558733
1.558733
1.558733
1.558733
1.558733
1.558733
1.558733
1.558733
1.558733
1.558733
1.55617
1.552326
1.551045
1.547201
1.54592
1.543357
1.540794
1.53695
1.533106
1.530544
1.522856
1.527981
1.524137
1.525418
1.525418
1.51773
1.51773
1.515168
1.515168
1.513886
1.508761
1.508761
1.510042
1.510042
1.50748
1.504917
1.501073
1.502354
1.495948
1.495948
1.494666
1.490822
1.483134
1.483134
1.481853
1.476728
1.476728
1.472884
1.46904
1.466477
1.466477
1.463914
1.461352
1.46007
1.46007
1.458789
1.458789
1.456226
1.451101
1.452382
1.451101
1.44982
1.447257
1.444695
1.439569
1.438288
1.437006
1.437006
1.438288
1.434444
1.433162
1.448339
1.450902
1.44962
1.450902
1.448339
1.44962
1.453465
1.459871
1.484216
1.5265
1.575191
1.621319
1.655915
1.672572
1.684104
1.682823
1.68026
1.670009
1.658477
1.639257
1.63157
1.618756
1.605943
1.59313
1.58416
1.572628
1.570066
1.561096
1.555971
1.549564
1.544439
1.539314
1.534188
1.525219
1.5265
1.514968
1.513687
1.513687
1.511124
1.503436
1.500874
1.49703
1.495748
1.490623
1.48806
1.482935
1.480372
1.472685
1.470122
1.466278
1.463715
1.45859
1.457309
1.457309
1.44962
1.445776
1.44962
1.452183
1.456027
1.452183
1.453465
1.452183
1.44962
1.445776
1.444495
1.441933
1.438089
1.4304
1.429119
1.426557
1.42015
1.418869
1.418869
1.416306
1.413743
1.409899
1.406055
1.40093
1.395805
1.397086
1.393242
1.388117
1.386835
1.385554
1.385554
1.379147
1.38171
1.372741
1.372741
1.366334
1.370178
1.367615
1.359927
1.36249
1.361209
1.356083
1.354802
1.353521
1.353521
1.349677
1.347114
1.345833
1.341989
1.334301
1.339426
1.339426
1.331738
1.327894
1.327894
1.321487
1.321487
1.318925
1.316362
1.313799
1.311237
1.312518
1.312518
1.306111
1.306111
1.300986
1.303549
1.300986
1.297142
1.298423
1.297142
1.294579
1.306111
1.30483
1.302267
1.300986
1.302267
1.302267
1.303549
1.297142
1.297142
1.294579
1.288173
1.289454
1.28561
1.279203
1.280485
1.276641
1.27536
1.270234
1.268953
1.26639
1.26639
1.265109
1.261265
1.258702
1.25614
1.249733
1.245889
1.248451
1.245889
1.240764
1.239482
1.239482
1.229232
1.233075
1.233075
1.22795
1.229232
1.22795
1.22795
1.225388
1.22795
1.224106
1.220262
1.211293
1.216418
1.2177
1.2177
1.216418
1.210012
1.210012
1.206168
1.203605
1.202324
1.199761
1.194636
1.195917
1.197198
1.195917
1.199761
1.202324
1.19848
1.199761
1.194636
1.19848
1.195917
1.185666
1.193354
1.186948
1.184385
1.183104
1.180541
1.17926
1.175416
1.175416
1.175416
1.176697
1.176697
1.181822
1.181822
1.180541
1.175416
1.176697
1.174134
1.17029
1.17029
1.161321
1.157477
1.154914
1.158758
1.154914
1.152352
1.15107
1.147226
1.144664
1.142101
1.144664
1.143382
1.14082
1.142101
1.139538
1.134413
1.136976
1.136976
1.135694
1.13185
1.130569
1.128006
1.128006
1.122881
1.119037
1.129288
1.145945
1.171572
1.201042
1.234357
1.263827
1.294579
1.313799
1.306111
1.298423
1.288173
1.277922
1.263827
1.249733
1.239482
1.229232
1.221544
1.210012
1.203605
1.199761
1.195917
1.188229
1.185666
1.17926
1.172853
1.171572
1.171572
1.163884
1.162602
1.157477
1.157477
1.157477
1.153633
1.157477
1.152352
1.153633
1.15107
1.145945
1.142101
1.14082
1.138257
1.134413
1.130569
1.125444
1.125444
1.124162
1.126725
1.1216
1.122881
1.120318
1.1216
1.120318
1.128006
1.129288
1.125444
1.128006
1.129288
1.122881
1.122881
1.120318
1.115193
1.11263
1.108786
1.10238
1.098536
1.098536
1.097254
1.089566
1.09341
1.092129
1.088285
1.089566
1.087004
1.087004
1.080597
1.080597
1.07419
1.075472
1.07419
1.071628
1.069065
1.067784
1.065221
1.06394
1.062659
1.065221
1.062659
1.056252
1.061377
1.058815
1.060096
1.057533
1.058815
1.061377
1.056252
1.054971
1.053689
1.052408
1.043439
1.046001
1.047283
1.042157
1.042157
1.040876
1.040876
1.035751
1.034469
1.034469
1.028063
1.0255
1.028063
1.026781
1.0255
1.024219
1.021656
1.0255
1.038313
1.06394
1.097254
1.129288
1.156196
1.188229
1.207449
1.216418
1.22795
1.218981
1.218981
1.206168
1.195917
1.175416
1.165165
1.154914
1.143382
1.142101
1.133132
1.128006
1.1216
1.117756
1.116474
1.110068
1.107505
1.106224
1.101098
1.101098
1.098536
1.095973
1.090848
1.084441
1.087004
1.087004
1.084441
1.079316
1.075472
1.075472
1.08316
1.090848
1.101098
1.108786
1.115193
1.115193
1.116474
1.115193
1.111349
1.10238
1.092129
1.09341
1.089566
1.084441
1.072909
1.072909
1.070346
1.066502
1.061377
1.060096
1.057533
1.053689
1.054971
1.052408
1.047283
1.047283
1.042157
1.040876
1.040876
1.037032
1.035751
1.033188
1.026781
1.029344
1.028063
1.0255
1.0255
1.0255
1.017812
1.017812
1.015249
1.020375
1.016531
1.010124
1.011405
1.008843
1.007561
1.007561
1.00628
1.002436
1.003717
0.998592
0.998592
0.998592
0.990904
0.9921853
0.9947479
0.9883413
0.9883413
0.9896227
0.98706
0.9857786
0.983216
0.983216
0.983216
0.9806533
0.98706
0.9857786
0.975528
0.990904
0.9960293
0.9998733
1.002436
1.007561
1.00628
1.004999
0.9998733
0.9998733
0.9973106
0.9921853
0.98706
0.98706
0.9819347
0.9806533
0.9780906
0.9780906
0.9742467
0.96784
0.971684
0.96784
0.9665587
0.9652774
0.9665587
0.9652774
0.9614334
0.9614334
0.9627147
0.960152
0.952464
0.9550267
0.9614334
0.9550267
0.9550267
0.952464
0.94862
0.9511827
0.9511827
0.9550267
0.952464
0.94862
0.952464
0.956308
0.94862
0.9473387
0.94862
0.9460574
0.9434947
0.9715849
0.9754289
0.9728662
0.9728662
0.9741476
0.9767103
0.9741476
0.9728662
0.9715849
0.9728662
0.9715849
0.9677409
0.9664596
0.9638969
0.9638969
0.9626156
0.9587716
0.9613343
0.9574903
0.9574903
0.9651783
0.9895235
1.021557
1.063841
1.102281
1.135595
1.170191
1.197099
1.206069
1.209913
1.206069
1.194537
1.177879
1.166347
1.158659
1.144565
1.136877
1.13047
1.120219
1.115094
1.108687
1.103562
1.100999
1.094593
1.090749
1.086905
1.088186
1.083061
1.089467
1.088186
1.085623
1.083061
1.079217
1.075373
1.07281
1.071529
1.065122
1.062559
1.056153
1.05359
1.052309
1.048465
1.045902
1.044621
1.042058
1.040777
1.036933
1.031807
1.030526
1.026682
1.027964
1.025401
1.021557
1.020275
1.021557
1.018994
1.020275
1.024119
1.030526
1.039495
1.043339
1.052309
1.05359
1.051027
1.045902
1.047183
1.040777
1.035651
1.029245
1.025401
1.020275
1.017713
1.012588
1.011306
1.007462
1.006181
1.002337
1.0049
1.001055
0.9997742
1.002337
1.018994
1.040777
1.063841
1.079217
1.089467
1.100999
1.103562
1.103562
1.102281
1.09203
1.084342
1.077935
1.065122
1.058715
1.054871
1.049746
1.043339
1.042058
1.038214
1.038214
1.031807
1.029245
1.024119
1.022838
1.017713
1.016431
1.012588
1.011306
1.008744
1.008744
1.006181
1.002337
0.9997742
0.9972115
0.9946489
0.9933676
0.9933676
0.9920862
0.9882422
0.9856796
0.9856796
0.9818355
0.9843982
0.9805542
0.9843982
0.9818355
0.9831169
0.9831169
0.9818355
0.9779916
0.9754289
0.9741476
0.9754289
0.9690223
0.9677409
0.9677409
0.9638969
0.9626156
0.9613343
0.9587716
0.9600529
0.9574903
0.9536463
0.9536463
0.9523649
0.9523649
0.9498023
0.9459583
0.9510836
0.9510836
0.9523649
0.948521
0.948521
0.9472396
0.9459583
0.9421143
0.9421143
0.940833
0.9369889
0.9421143
0.9433956
0.9446769
0.948521
0.9459583
0.9446769
0.9421143
0.9421143
0.9382703
0.940833
0.9357076
0.933145
0.9318637
0.9267383
0.9280196
0.9241757
0.921613
0.9203317
0.9190503
0.9190503
0.9190503
0.917769
0.9203317
0.921613
0.9203317
0.9203317
0.9190503
0.9190503
0.9164877
0.9164877
0.9152064
0.913925
0.9087997
0.910081
0.9087997
0.9075184
0.9049557
0.9036744
0.902393
0.9049557
0.9036744
0.9087997
0.906237
0.9075184
0.9087997
0.9075184
0.9087997
0.9075184
0.9049557
0.9036744
0.8998304
0.898549
0.898549
0.898549
0.8921424
0.8921424
0.8895797
0.8921424
0.8934237
0.8947051
0.8959864
0.8998304
0.898549
0.898549
0.8959864
0.8921424
0.8947051
0.8934237
0.8870171
0.8882984
0.8870171
0.8844544
0.8780478
0.8793291
0.8780478
0.8780478
0.8677971
0.8742037
0.8716411
0.8703598
0.8690784
0.8690784
0.8665158
0.8677971
0.8677971
0.8652344
0.8652344
0.8601091
0.8626718
0.8665158
0.8677971
0.8690784
0.8665158
0.8677971
0.8742037
0.8729224
0.8690784
0.8742037
0.8665158
0.8677971
0.8665158
0.8665158
0.8639531
0.8652344
0.8601091
0.8588278
0.8588278
0.8549838
0.8549838
0.8472958
0.8511398
0.8472958
0.8460144
0.8447331
0.8460144
0.8421705
0.8396078
0.8408892
0.8370451
0.8396078
0.8344825
0.8370451
0.8357638
0.8357638
0.8293571
0.8344825
0.8280758
0.8306385
0.8293571
0.8319198
0.8319198
0.8255132
0.8255132
0.8280758
0.8280758
0.8293571
0.8408892
0.8626718
0.883173
0.8998304
0.910081
0.9190503
0.9228944
0.9357076
0.9382703
0.9498023
0.9587716
0.9664596
0.9664596
0.9703036
0.9690223
0.9613343
0.9562089
0.9421143
0.940833
0.9344263
0.9280196
0.9203317
0.9203317
0.9126437
0.9049557
0.9087997
0.9126437
0.9113623
0.910081
0.9126437
0.9126437
0.910081
0.9075184
0.9049557
0.9011117
0.8972677
0.8921424
0.8895797
0.8870171
0.8844544
0.890861
0.8959864
0.902393
0.902393
0.910081
0.933145
0.9651783
1.008744
1.054871
1.11125
1.150971
1.183004
1.200943
1.2176
1.2176
1.209913
1.197099
1.181723
1.171473
1.158659
1.143283
1.129189
1.118938
1.118938
1.118938
1.118938
1.118938
1.118938
1.118938
1.118938
1.118938
1.118938
1.118938
1.118938
1.118938
1.118938
1.109969
1.103562
1.097155
1.093311
1.085623
1.080498
1.076654
1.071529
1.062559
1.066403
1.058715
1.057434
1.052309
1.049746
1.047183
1.054871
1.093311
1.154815
1.22657
1.325232
1.435427
1.530245
1.562378
1.621319
1.652071
1.663603
1.646945
1.618756
1.586723
1.562378
1.531626
1.512406
1.486779
1.470122
1.450902
1.435526
1.423994
1.41118
1.404774
1.40093
1.398367
1.391961
1.388117
1.382991
1.379147
1.377866
1.372741
1.361209
1.363771
1.374022
1.377866
1.375303
1.376585
1.371459
1.368897
1.361209
1.357365
1.345833
1.336863
1.336863
1.331738
1.326613
1.321487
1.317643
1.312518
1.307393
1.306111
1.300986
1.292017
1.28561
1.281766
1.277922
1.270234
1.265109
1.26639
1.262546
1.258702
1.258702
1.259984
1.254858
1.254858
1.252295
1.251014
1.248451
1.242045
1.243326
1.23692
1.239482
1.243326
1.257421
1.26639
1.271515
1.277922
1.28561
1.309955
1.336863
1.366334
1.389398
1.399649
1.402211
1.402211
1.394523
1.388117
1.377866
1.366334
1.352239
1.335582
1.350958
1.382991
1.427838
1.476528
1.527782
1.585442
1.626444
1.644383
1.64182
1.627725
1.602099
1.57391
1.550846
1.532907
1.514968
1.502155
1.490623
1.481654
1.481654
1.473966
1.470122
1.462434
1.459871
1.456027
1.448339
1.445776
1.43937
1.434245
1.427838
1.423994
1.421431
1.416306
1.408618
1.409899
1.406055
1.404774
1.399649
1.394523
1.391961
1.390679
1.388117
1.384273
1.377866
1.375303
1.375303
1.371459
1.370178
1.363771
1.365053
1.359927
1.356083
1.358646
1.357365
1.352239
1.345833
1.354802
1.365053
1.380429
1.389398
1.403493
1.408618
1.41118
1.408618
1.40093
1.402211
1.391961
1.386835
1.384273
1.375303
1.366334
1.367615
1.36249
1.357365
1.357365
1.354802
1.353521
1.347114
1.345833
1.348395
1.34327
1.339426
1.331738
1.333019
1.326613
1.325331
1.320206
1.322769
1.315081
1.312518
1.312518
1.309955
1.313799
1.326613
1.339426
1.350958
1.359927
1.36249
1.365053
1.363771
1.354802
1.352239
1.34327
1.339426
1.338145
1.334301
1.329175
1.326613
1.321487
1.318925
1.312518
1.308674
1.306111
1.302267
1.300986
1.299705
1.292017
1.294579
1.290735
1.289454
1.284329
1.279203
1.277922
1.281766
1.276641
1.274078
1.270234
1.268953
1.265109
1.262546
1.259984
1.258702
1.257421
1.254858
1.253577
1.25614
1.251014
1.254858
1.253577
1.253577
1.252295
1.252295
1.245889
1.244608
1.249733
