0.4500141
0.4423261
0.4461701
0.4423261
0.4423261
0.4397634
0.4423261
0.4384821
0.4384821
0.4397634
0.4397634
0.4346381
0.4397634
0.4410447
0.4397634
0.4359194
0.4372008
0.4346381
0.4333568
0.4320754
0.4307941
0.4307941
0.4269501
0.4295128
0.4320754
0.4295128
0.4269501
0.4243875
0.4231061
0.4218248
0.4205435
0.4192621
0.4179808
0.4141368
0.4154181
0.4141368
0.4179808
0.4154181
0.4154181
0.4115742
0.4141368
0.4115742
0.4090115
0.4077302
0.4102928
0.4115742
0.4154181
0.4179808
0.4192621
0.4192621
0.4205435
0.4243875
0.4282314
0.4243875
0.4205435
0.4166995
0.4179808
0.4141368
0.4115742
0.4077302
0.4090115
0.4077302
0.4090115
0.4179808
0.4051675
0.4064488
0.4038862
0.4064488
0.4000422
0.4000422
0.4013235
0.4013235
0.3974795
0.3961982
0.3987608
0.3987608
0.3961982
0.3923542
0.3974795
0.3974795
0.3936355
0.3923542
0.3885102
0.3885102
0.3885102
0.3859475
0.3885102
0.3897915
0.3897915
0.3885102
0.3885102
0.3923542
0.3936355
0.3897915
0.3910728
0.3910728
0.3897915
0.3833849
0.3846662
0.3782595
0.3833849
0.3821035
0.3808222
0.3846662
0.3795409
0.3782595
0.3782595
0.3795409
0.3782595
0.3756969
0.3731342
0.3769782
0.3680089
0.3705716
0.3705716
0.3705716
0.3680089
0.3680089
0.3680089
0.3667276
0.3641649
0.3616022
0.3667276
0.3641649
0.3641649
0.3628836
0.3667276
0.3603209
0.3616022
0.3590396
0.3487889
0.3487889
0.3487889
0.3487889
0.3487889
0.3487889
0.3487889
0.3487889
0.3487889
0.3487889
0.3487889
0.3487889
0.3487889
0.3500702
0.3487889
0.3513516
0.3500702
0.3539142
0.3513516
0.3500702
0.3513516
0.3500702
0.3500702
0.3475076
0.3423823
0.3423823
0.3411009
0.3423823
0.3423823
0.3398196
0.3385383
0.3398196
0.3411009
0.3385383
0.3385383
0.3359756
0.3423823
0.3411009
0.3372569
0.3346943
0.3346943
0.3372569
0.3346943
0.3321316
0.3359756
0.3398196
0.3334129
0.3321316
0.3321316
0.3334129
0.3334129
0.329569
0.3334129
0.3321316
0.3282876
0.3282876
0.3270063
0.3231623
0.3244436
0.3205996
0.325725
0.3244436
0.325725
0.3244436
0.3244436
0.3244436
0.325725
0.3231623
0.3205996
0.318037
0.3193183
0.3193183
0.3193183
0.3167557
0.3154743
0.3154743
0.3167557
0.3167557
0.3154743
0.310349
0.314193
0.3154743
0.3154743
0.3116303
0.3090677
0.3077863
0.3116303
0.3090677
0.306505
0.3090677
0.3039423
0.3090677
0.3077863
0.3077863
0.3077863
0.306505
0.306505
0.298817
0.298817
0.298817
0.298817
0.2962543
0.3013797
0.3000983
0.298817
0.3000983
0.3013797
0.294973
0.2962543
0.2962543
0.294973
0.2962543
0.294973
0.2924103
0.291129
0.2924103
0.2885664
0.2898477
0.291129
0.2924103
0.294973
0.2924103
0.2924103
0.2898477
0.2885664
0.2847224
0.287285
0.287285
0.2885664
0.2885664
0.283441
0.283441
0.283441
0.2821597
0.2808784
0.283441
0.2847224
0.283441
0.2808784
0.2808784
0.283441
0.2847224
0.2924103
0.2808784
0.2808784
0.2731904
0.2757531
0.2757531
0.2757531
0.2757531
0.2744717
0.2770344
0.2744717
0.2744717
0.2744717
0.2744717
0.2693464
0.2731904
0.2731904
0.2731904
0.2719091
0.2719091
0.2693464
0.2693464
0.2680651
0.2693464
0.2680651
0.2655024
0.2693464
0.2706277
0.2680651
0.2667837
0.2642211
0.2642211
0.2655024
0.2642211
0.2655024
0.2680651
0.2590958
0.2616584
0.2590958
0.2616584
0.2590958
0.2603771
0.2590958
0.2578144
0.2590958
0.2552518
0.2565331
0.2552518
0.2590958
0.2565331
0.2552518
0.2552518
0.2526891
0.2501264
0.2501264
0.2488451
0.2526891
0.2514078
0.2501264
0.2514078
0.2526891
0.2526891
0.2501264
0.2501264
0.2501264
0.2488451
0.2462824
0.2450011
0.2450011
0.2398758
0.2411571
0.2450011
0.2437198
0.2437198
0.2450011
0.2462824
0.2462824
0.2437198
0.2424384
0.2450011
0.2411571
0.2437198
0.2373131
0.2398758
0.2398758
0.2385944
0.2385944
0.2385944
0.2411571
0.2411571
0.2411571
0.2398758
0.2398758
0.2385944
0.2385944
0.2385944
0.2411571
0.2385944
0.2347504
0.2360318
0.2309065
0.2321878
0.2283438
0.2309065
0.2347504
0.2321878
0.2321878
0.2334691
0.2334691
0.2309065
0.2334691
0.2321878
0.2321878
0.2270625
0.2283438
0.2270625
0.2244998
0.2244998
0.2257811
0.2244998
0.2257811
0.2244998
0.2244998
0.2257811
0.2180932
0.2244998
0.2244998
0.2257811
0.2244998
0.2232185
0.2257811
0.2244998
0.2206558
0.2219371
0.2180932
0.2142492
0.2180932
0.2180932
0.2180932
0.2180932
0.2180932
0.2168118
0.2193745
0.2193745
0.2193745
0.2193745
0.2180932
0.2168118
0.2206558
0.2155305
0.2116865
0.2129678
0.2129678
0.2129678
0.2142492
0.2104052
0.2116865
0.2078425
0.2116865
0.2129678
0.2104052
0.2104052
0.2116865
0.2091238
0.2104052
0.2116865
0.2104052
0.2091238
0.2039985
0.2065612
0.2065612
0.2039985
0.2039985
0.2052798
0.2052798
0.2078425
0.2091238
0.2091238
0.2078425
0.2052798
0.2052798
0.2065612
0.2065612
0.2078425
0.2078425
0.2027172
0.2014358
0.2027172
0.2014358
0.2014358
0.1988732
0.2027172
0.2027172
0.2014358
0.2014358
0.2001545
0.2014358
0.2014358
0.2027172
0.2014358
0.2014358
0.2001545
0.1988732
0.1975919
0.1988732
0.1988732
0.1988732
0.1975919
0.1988732
0.1963105
0.1963105
0.1988732
0.1950292
0.1963105
0.1988732
0.1988732
0.1963105
0.1963105
0.1924665
0.1911852
0.1911852
0.1937479
0.1937479
0.1924665
0.1950292
0.1950292
0.1963105
0.1937479
0.1950292
0.1950292
0.1937479
0.1937479
0.1950292
0.1937479
0.1873412
0.1924665
0.1899039
0.1873412
0.1886225
0.1873412
0.1899039
0.1924665
0.2027172
0.1911852
0.1924665
0.1847785
0.1937479
0.1911852
0.1899039
0.1886225
0.1886225
0.1860599
0.1911852
0.1834972
0.1834972
0.1809345
0.1796532
0.1809345
0.1809345
0.1847785
0.1834972
0.1834972
0.1847785
0.1809345
0.1822159
0.1822159
0.1834972
0.1809345
0.1834972
0.1847785
0.1822159
0.1758092
0.1783719
0.1758092
0.1770906
0.1783719
0.1745279
0.1796532
0.1758092
0.1796532
0.1783719
0.1783719
0.1783719
0.1732466
0.1758092
0.1745279
0.1745279
0.1719652
0.1719652
0.1681212
0.1694026
0.1706839
0.1706839
0.1694026
0.1694026
0.1706839
0.1719652
0.1732466
0.1719652
0.1706839
0.1655586
0.1732466
0.1681212
0.1668399
0.1681212
0.1706839
0.1694026
0.1719652
0.1655586
0.1694026
0.1655586
0.1655586
0.1694026
0.1694026
0.1668399
0.1681212
0.1655586
0.1655586
0.1655586
0.1629959
0.1617146
0.1629959
0.1617146
0.1642772
0.1629959
0.1642772
0.1655586
0.1668399
0.1655586
0.1655586
0.1668399
0.1655586
0.1642772
0.1578706
0.1617146
0.1617146
0.1591519
0.1591519
0.1540266
0.1540266
0.1540266
0.1540266
0.1540266
0.1540266
0.1540266
0.1540266
0.1540266
0.1540266
0.1540266
0.1540266
0.1540266
0.1553079
0.1578706
0.1540266
0.1540266
0.1514639
0.1527453
0.1565893
0.1578706
0.1565893
0.1565893
0.1514639
0.1565893
0.1540266
0.1553079
0.1514639
0.1489013
0.1514639
0.1514639
0.1489013
0.1501826
0.1501826
0.1514639
0.1501826
0.1514639
0.1514639
0.1527453
0.1476199
0.1501826
0.1514639
0.1527453
0.1501826
0.1501826
0.1514639
0.1463386
0.1463386
0.1463386
0.1463386
0.143776
0.1463386
0.1476199
0.1463386
0.1476199
0.1476199
0.1501826
0.1463386
0.1489013
0.1501826
0.1476199
0.1450573
0.1450573
0.1476199
0.1412133
0.143776
0.143776
0.143776
0.1424946
0.1424946
0.1424946
0.1424946
0.143776
0.1476199
0.1489013
0.1450573
0.1476199
0.143776
0.1450573
0.139932
0.139932
0.139932
0.1424946
0.1348066
0.139932
0.1386506
0.1424946
0.1424946
0.143776
0.1424946
0.1424946
0.143776
0.139932
0.1412133
0.136088
0.1424946
0.136088
0.1373693
0.136088
0.1373693
0.1386506
0.136088
0.1386506
0.1373693
0.139932
0.1335253
0.1386506
0.1386506
0.1386506
0.1386506
0.136088
0.1386506
0.1348066
0.1348066
0.1335253
0.1348066
0.132244
0.1335253
0.1386506
0.1348066
0.136088
0.1373693
0.136088
0.1335253
0.136088
0.1348066
0.132244
0.1335253
0.136088
0.1296813
0.1309626
0.1296813
0.1335253
0.1296813
0.1284
0.1296813
0.1309626
0.1348066
0.1296813
0.1309626
0.1335253
0.1309626
0.1309626
0.1309626
0.132244
0.132244
0.132244
0.132244
0.1258373
0.1232747
0.1258373
0.1258373
0.1258373
0.1258373
0.124556
0.1284
0.1258373
0.1258373
0.1284
0.1271186
0.124556
0.1284
0.1258373
0.1296813
0.1284
0.1284
0.1232747
0.1232747
0.124556
0.1232747
0.1232747
0.1194307
0.1232747
0.1271186
0.124556
0.1232747
0.1258373
0.124556
0.124556
0.1258373
0.124556
0.1232747
0.1181493
0.124556
0.124556
0.1232747
0.1219933
0.116868
0.1181493
0.1194307
0.1181493
0.1181493
0.116868
0.1155867
0.1194307
0.1181493
0.120712
0.1194307
0.1181493
0.1194307
0.116868
0.1194307
0.1181493
0.1194307
0.113024
0.1155867
0.116868
0.116868
0.116868
0.116868
0.1155867
0.1194307
0.116868
0.116868
0.1155867
0.1117427
0.116868
0.1181493
0.1194307
0.116868
0.116868
0.116868
0.116868
0.1104613
0.113024
0.1104613
0.10918
0.1117427
0.1104613
0.1104613
0.1143053
0.113024
0.113024
0.113024
0.1143053
0.1143053
0.113024
0.1104613
0.113024
0.1078987
0.1117427
0.1104613
0.113024
0.1078987
0.1078987
0.1078987
0.1117427
0.10918
0.1078987
0.1078987
0.1117427
0.1117427
0.10918
0.113024
0.1117427
0.1104613
0.1117427
0.113024
0.1117427
0.1078987
0.10918
0.1104613
0.1066173
0.105336
0.1040547
0.1066173
0.1040547
0.105336
0.1040547
0.1040547
0.1002107
0.105336
0.10918
0.10918
0.1066173
0.1066173
0.105336
0.1066173
0.10918
0.1078987
0.1066173
0.1040547
0.1078987
0.101492
0.1040547
0.1040547
0.1040547
0.1027734
0.1027734
0.101492
0.1040547
0.1040547
0.09892936
0.105336
0.105336
0.1040547
0.105336
0.105336
0.105336
0.1027734
0.1040547
0.105336
0.1002107
0.09508537
0.1002107
0.1027734
0.1002107
0.1002107
0.1002107
0.101492
0.1027734
0.1040547
0.1040547
0.1040547
0.1027734
0.1040547
0.101492
0.1002107
0.101492
0.101492
0.1002107
0.1002107
0.101492
0.1002107
0.101492
0.09508537
0.09764803
0.0963667
0.09764803
0.09764803
0.0963667
0.09764803
0.09764803
0.09764803
0.101492
0.09764803
0.09380404
0.09892936
0.09892936
0.1002107
0.09764803
0.09764803
0.09892936
0.1002107
0.09892936
0.09508537
0.09508537
0.08867872
0.09252271
0.09508537
0.09380404
0.09380404
0.09380404
0.09764803
0.09508537
0.09508537
0.09508537
0.0963667
0.09380404
0.09508537
0.09892936
0.0963667
0.09764803
0.0963667
0.09508537
0.09124137
0.09124137
0.09124137
0.09252271
0.08739738
0.08996005
0.09252271
0.09124137
0.09380404
0.09380404
0.09124137
0.09508537
0.09380404
0.09508537
0.09252271
0.08996005
0.09252271
0.09252271
0.09252271
0.09252271
0.08739738
0.08996005
0.08996005
0.08867872
0.09252271
0.08996005
0.08483472
0.09124137
0.09508537
0.09252271
0.09124137
0.09380404
0.09380404
0.09380404
0.09124137
0.09124137
0.08867872
0.08996005
0.09124137
0.09252271
0.08996005
0.08611605
0.08483472
0.08483472
0.08483472
0.08739738
0.08611605
0.08611605
0.08739738
0.08611605
0.08611605
0.08739738
0.08739738
0.08611605
0.08739738
0.08611605
0.08867872
0.08739738
0.08867872
0.08611605
0.09124137
0.08867872
0.08867872
0.08996005
0.08739738
0.08996005
0.09124137
0.08611605
0.08739738
0.08355339
0.07842807
0.08355339
0.08227206
0.08227206
0.08355339
0.08483472
0.08355339
0.08611605
0.08739738
0.08483472
0.08611605
0.08099072
0.08483472
0.08867872
0.08739738
0.08483472
0.08739738
0.08739738
0.08739738
0.08739738
0.08611605
0.08611605
0.08099072
0.08355339
0.07842807
0.08227206
0.08355339
0.08227206
0.08355339
0.08227206
0.08355339
0.08611605
0.08355339
0.08099072
0.08483472
0.08483472
0.08611605
0.08483472
0.08611605
0.08483472
0.08483472
0.08483472
0.08611605
0.08611605
0.0797094
0.0797094
0.0797094
0.0797094
0.0797094
0.0797094
0.0797094
0.0797094
0.0797094
0.0797094
0.0797094
0.0797094
0.0797094
0.0797094
0.0797094
0.0797094
0.0797094
0.0797094
0.0797094
0.0797094
0.07714673
0.0797094
0.07202141
0.07714673
0.0797094
0.07842807
0.07842807
0.07714673
0.07714673
0.0797094
0.0797094
0.0797094
0.07842807
0.0758654
0.0797094
0.0797094
0.07842807
0.07842807
0.0797094
0.08099072
0.08099072
0.07714673
0.0797094
0.0797094
0.07842807
0.08099072
0.0758654
0.0758654
0.0758654
0.07458407
0.0797094
0.0758654
0.08739738
0.07458407
0.0758654
0.0758654
0.07714673
0.07842807
0.0758654
0.07842807
0.07842807
0.07842807
0.0797094
0.07714673
0.07842807
0.0797094
0.07458407
0.08099072
0.07842807
0.07842807
0.0758654
0.07842807
0.0758654
0.07458407
0.07458407
0.07202141
0.07714673
0.07458407
0.07842807
0.07458407
0.07458407
0.07458407
0.07330274
0.07458407
0.07458407
0.07714673
0.07458407
0.07842807
0.07330274
0.0758654
0.0797094
0.07714673
0.07714673
0.07842807
0.07842807
0.0758654
0.0758654
0.0797094
0.07714673
0.07330274
0.07458407
0.07330274
0.07330274
0.07458407
0.07458407
0.07330274
0.07330274
0.07330274
0.07714673
0.07714673
0.07714673
