1567678526.961
1567678527.211
1567678527.461
1567678527.711
1567678527.961
1567678528.211
1567678528.461
1567678528.711
1567678528.961
1567678529.211
1567678529.461
1567678529.711
1567678529.961
1567678530.211
1567678530.461
1567678530.711
1567678530.961
1567678531.211
1567678531.461
1567678531.711
1567678531.961
1567678532.211
1567678532.461
1567678532.711
1567678532.961
1567678533.211
1567678533.461
1567678533.711
1567678533.961
1567678534.211
1567678534.461
1567678534.711
1567678534.961
1567678535.211
1567678535.461
1567678535.711
1567678535.961
1567678536.211
1567678536.461
1567678536.711
1567678536.961
1567678537.211
1567678537.461
1567678537.711
1567678537.961
1567678538.211
1567678538.461
1567678538.711
1567678538.961
1567678539.211
1567678539.461
1567678539.711
1567678539.961
1567678540.211
1567678540.461
1567678540.711
1567678540.961
1567678541.211
1567678541.461
1567678541.711
1567678541.961
1567678542.211
1567678542.461
1567678542.711
1567678542.961
1567678543.211
1567678543.461
1567678543.711
1567678543.961
1567678544.211
1567678544.461
1567678544.711
1567678544.961
1567678545.211
1567678545.461
1567678545.711
1567678545.961
1567678546.211
1567678546.461
1567678546.711
1567678546.961
1567678547.211
1567678547.461
1567678547.711
1567678547.961
1567678548.211
1567678548.461
1567678548.711
1567678548.961
1567678549.211
1567678549.461
1567678549.711
1567678549.961
1567678550.211
1567678550.461
1567678550.711
1567678550.961
1567678551.211
1567678551.461
1567678551.711
1567678551.961
1567678552.211
1567678552.461
1567678552.711
1567678552.961
1567678553.211
1567678553.461
1567678553.711
1567678553.961
1567678554.211
1567678554.461
1567678554.711
1567678554.961
1567678555.211
1567678555.461
1567678555.711
1567678555.961
1567678556.211
1567678556.461
1567678556.711
1567678556.961
1567678557.211
1567678557.461
1567678557.711
1567678557.961
1567678558.211
1567678558.461
1567678558.711
1567678558.961
1567678559.211
1567678559.461
1567678559.711
1567678559.961
1567678560.211
1567678560.461
1567678560.711
1567678560.961
1567678561.211
1567678561.461
1567678561.711
1567678561.961
1567678562.211
1567678562.461
1567678562.711
1567678562.961
1567678563.211
1567678563.461
1567678563.711
1567678563.961
1567678564.211
1567678564.461
1567678564.711
1567678564.961
1567678565.211
1567678565.461
1567678565.711
1567678565.961
1567678566.211
1567678566.461
1567678566.711
1567678566.961
1567678567.211
1567678567.461
1567678567.711
1567678567.961
1567678568.211
1567678568.461
1567678568.711
1567678568.961
1567678569.211
1567678569.461
1567678569.711
1567678569.961
1567678570.211
1567678570.461
1567678570.711
1567678570.961
1567678571.211
1567678571.461
1567678571.711
1567678571.961
1567678572.211
1567678572.461
1567678572.711
1567678572.961
1567678573.211
1567678573.461
1567678573.711
1567678573.961
1567678574.211
1567678574.461
1567678574.711
1567678574.961
1567678575.211
1567678575.461
1567678575.711
1567678575.961
1567678576.211
1567678576.461
1567678576.711
1567678576.961
1567678577.211
1567678577.461
1567678577.711
1567678577.961
1567678578.211
1567678578.461
1567678578.711
1567678578.961
1567678579.211
1567678579.461
1567678579.711
1567678579.961
1567678580.211
1567678580.461
1567678580.711
1567678580.961
1567678581.211
1567678581.461
1567678581.711
1567678581.961
1567678582.211
1567678582.461
1567678582.711
1567678582.961
1567678583.211
1567678583.461
1567678583.711
1567678583.961
1567678584.211
1567678584.461
1567678584.711
1567678584.961
1567678585.211
1567678585.461
1567678585.711
1567678585.961
1567678586.211
1567678586.461
1567678586.711
1567678586.961
1567678587.211
1567678587.461
1567678587.711
1567678587.961
1567678588.211
1567678588.461
1567678588.711
1567678588.961
1567678589.211
1567678589.461
1567678589.711
1567678589.961
1567678590.211
1567678590.461
1567678590.711
1567678590.961
1567678591.211
1567678591.461
1567678591.711
1567678591.961
1567678592.211
1567678592.461
1567678592.711
1567678592.961
1567678593.211
1567678593.461
1567678593.711
1567678593.961
1567678594.211
1567678594.461
1567678594.711
1567678594.961
1567678595.211
1567678595.461
1567678595.711
1567678595.961
1567678596.211
1567678596.461
1567678596.711
1567678596.961
1567678597.211
1567678597.461
1567678597.711
1567678597.961
1567678598.211
1567678598.461
1567678598.711
1567678598.961
1567678599.211
1567678599.461
1567678599.711
1567678599.961
1567678600.211
1567678600.461
1567678600.711
1567678600.961
1567678601.211
1567678601.461
1567678601.711
1567678601.961
1567678602.211
1567678602.461
1567678602.711
1567678602.961
1567678603.211
1567678603.461
1567678603.711
1567678603.961
1567678604.211
1567678604.461
1567678604.711
1567678604.961
1567678605.211
1567678605.461
1567678605.711
1567678605.961
1567678606.211
1567678606.461
1567678606.711
1567678606.961
1567678607.211
1567678607.461
1567678607.711
1567678607.961
1567678608.211
1567678608.461
1567678608.711
1567678608.961
1567678609.211
1567678609.461
1567678609.711
1567678609.961
1567678610.211
1567678610.461
1567678610.711
1567678610.961
1567678611.211
1567678611.461
1567678611.711
1567678611.961
1567678612.211
1567678612.461
1567678612.711
1567678612.961
1567678613.211
1567678613.461
1567678613.711
1567678613.961
1567678614.211
1567678614.461
1567678614.711
1567678614.961
1567678615.211
1567678615.461
1567678615.711
1567678615.961
1567678616.211
1567678616.461
1567678616.711
1567678616.961
1567678617.211
1567678617.461
1567678617.711
1567678617.961
1567678618.211
1567678618.461
1567678618.711
1567678618.961
1567678619.211
1567678619.461
1567678619.711
1567678619.961
1567678620.211
1567678620.461
1567678620.711
1567678620.961
1567678621.211
1567678621.461
1567678621.711
1567678621.961
1567678622.211
1567678622.461
1567678622.711
1567678622.961
1567678623.211
1567678623.461
1567678623.711
1567678623.961
1567678624.211
1567678624.461
1567678624.711
1567678624.961
1567678625.211
1567678625.461
1567678625.711
1567678625.961
1567678626.211
1567678626.461
1567678626.711
1567678626.961
1567678627.211
1567678627.461
1567678627.711
1567678627.961
1567678628.211
1567678628.461
1567678628.711
1567678628.961
1567678629.211
1567678629.461
1567678629.711
1567678629.961
1567678630.211
1567678630.461
1567678630.711
1567678630.961
1567678631.211
1567678631.461
1567678631.711
1567678631.961
1567678632.211
1567678632.461
1567678632.711
1567678632.961
1567678633.211
1567678633.461
1567678633.711
1567678633.961
1567678634.211
1567678634.461
1567678634.711
1567678634.961
1567678635.211
1567678635.461
1567678635.711
1567678635.961
1567678636.211
1567678636.461
1567678636.711
1567678636.961
1567678637.211
1567678637.461
1567678637.711
1567678637.961
1567678638.211
1567678638.461
1567678638.711
1567678638.961
1567678639.211
1567678639.461
1567678639.711
1567678639.961
1567678640.211
1567678640.461
1567678640.711
1567678640.961
1567678641.211
1567678641.461
1567678641.711
1567678641.961
1567678642.211
1567678642.461
1567678642.711
1567678642.961
1567678643.211
1567678643.461
1567678643.711
1567678643.961
1567678644.211
1567678644.461
1567678644.711
1567678644.961
1567678645.211
1567678645.461
1567678645.711
1567678645.961
1567678646.211
1567678646.461
1567678646.711
1567678646.961
1567678647.211
1567678647.461
1567678647.711
1567678647.961
1567678648.211
1567678648.461
1567678648.711
1567678648.961
1567678649.211
1567678649.461
1567678649.711
1567678649.961
1567678650.211
1567678650.461
1567678650.711
1567678650.961
1567678651.211
1567678651.461
1567678651.711
1567678651.961
1567678652.211
1567678652.461
1567678652.711
1567678652.961
1567678653.211
1567678653.461
1567678653.711
1567678653.961
1567678654.211
1567678654.461
1567678654.711
1567678654.961
1567678655.211
1567678655.461
1567678655.711
1567678655.961
1567678656.211
1567678656.461
1567678656.711
1567678656.961
1567678657.211
1567678657.461
1567678657.711
1567678657.961
1567678658.211
1567678658.461
1567678658.711
1567678658.961
1567678659.211
1567678659.461
1567678659.711
1567678659.961
1567678660.211
1567678660.461
1567678660.711
1567678660.961
1567678661.211
1567678661.461
1567678661.711
1567678661.961
1567678662.211
1567678662.461
1567678662.711
1567678662.961
1567678663.211
1567678663.461
1567678663.711
1567678663.961
1567678664.211
1567678664.461
1567678664.711
1567678664.961
1567678665.211
1567678665.461
1567678665.711
1567678665.961
1567678666.211
1567678666.461
1567678666.711
1567678666.961
1567678667.211
1567678667.461
1567678667.711
1567678667.961
1567678668.211
1567678668.461
1567678668.711
1567678668.961
1567678669.211
1567678669.461
1567678669.711
1567678669.961
1567678670.211
1567678670.461
1567678670.711
1567678670.961
1567678671.211
1567678671.461
1567678671.711
1567678671.961
1567678672.211
1567678672.461
1567678672.711
1567678672.961
1567678673.211
1567678673.461
1567678673.711
1567678673.961
1567678674.211
1567678674.461
1567678674.711
1567678674.961
1567678675.211
1567678675.461
1567678675.711
1567678675.961
1567678676.211
1567678676.461
1567678676.711
1567678676.961
1567678677.211
1567678677.461
1567678677.711
1567678677.961
1567678678.211
1567678678.461
1567678678.711
1567678678.961
1567678679.211
1567678679.461
1567678679.711
1567678679.961
1567678680.211
1567678680.461
1567678680.711
1567678680.961
1567678681.211
1567678681.461
1567678681.711
1567678681.961
1567678682.211
1567678682.461
1567678682.711
1567678682.961
1567678683.211
1567678683.461
1567678683.711
1567678683.961
1567678684.211
1567678684.461
1567678684.711
1567678684.961
1567678685.211
1567678685.461
1567678685.711
1567678685.961
1567678686.211
1567678686.461
1567678686.711
1567678686.961
1567678687.211
1567678687.461
1567678687.711
1567678687.961
1567678688.211
1567678688.461
1567678688.711
1567678688.961
1567678689.211
1567678689.461
1567678689.711
1567678689.961
1567678690.211
1567678690.461
1567678690.711
1567678690.961
1567678691.211
1567678691.461
1567678691.711
1567678691.961
1567678692.211
1567678692.461
1567678692.711
1567678692.961
1567678693.211
1567678693.461
1567678693.711
1567678693.961
1567678694.211
1567678694.461
1567678694.711
1567678694.961
1567678695.211
1567678695.461
1567678695.711
1567678695.961
1567678696.211
1567678696.461
1567678696.711
1567678696.961
1567678697.211
1567678697.461
1567678697.711
1567678697.961
1567678698.211
1567678698.461
1567678698.711
1567678698.961
1567678699.211
1567678699.461
1567678699.711
1567678699.961
1567678700.211
1567678700.461
1567678700.711
1567678700.961
1567678701.211
1567678701.461
1567678701.711
1567678701.961
1567678702.211
1567678702.461
1567678702.711
1567678702.961
1567678703.211
1567678703.461
1567678703.711
1567678703.961
1567678704.211
1567678704.461
1567678704.711
1567678704.961
1567678705.211
1567678705.461
1567678705.711
1567678705.961
1567678706.211
1567678706.461
1567678706.711
1567678706.961
1567678707.211
1567678707.461
1567678707.711
1567678707.961
1567678708.211
1567678708.461
1567678708.711
1567678708.961
1567678709.211
1567678709.461
1567678709.711
1567678709.961
1567678710.211
1567678710.461
1567678710.711
1567678710.961
1567678711.211
1567678711.461
1567678711.711
1567678711.961
1567678712.211
1567678712.461
1567678712.711
1567678712.961
1567678713.211
1567678713.461
1567678713.711
1567678713.961
1567678714.211
1567678714.461
1567678714.711
1567678714.961
1567678715.211
1567678715.461
1567678715.711
1567678715.961
1567678716.211
1567678716.461
1567678716.711
1567678716.961
1567678717.211
1567678717.461
1567678717.711
1567678717.961
1567678718.211
1567678718.461
1567678718.711
1567678718.961
1567678719.211
1567678719.461
1567678719.711
1567678719.961
1567678720.211
1567678720.461
1567678720.711
1567678720.961
1567678721.211
1567678721.461
1567678721.711
1567678721.961
1567678722.211
1567678722.461
1567678722.711
1567678722.961
1567678723.211
1567678723.461
1567678723.711
1567678723.961
1567678724.211
1567678724.461
1567678724.711
1567678724.961
1567678725.211
1567678725.461
1567678725.711
1567678725.961
1567678726.211
1567678726.461
1567678726.711
1567678726.961
1567678727.211
1567678727.461
1567678727.711
1567678727.961
1567678728.211
1567678728.461
1567678728.711
1567678728.961
1567678729.211
1567678729.461
1567678729.711
1567678729.961
1567678730.211
1567678730.461
1567678730.711
1567678730.961
1567678731.211
1567678731.461
1567678731.711
1567678731.961
1567678732.211
1567678732.461
1567678732.711
1567678732.961
1567678733.211
1567678733.461
1567678733.711
1567678733.961
1567678734.211
1567678734.461
1567678734.711
1567678734.961
1567678735.211
1567678735.461
1567678735.711
1567678735.961
1567678736.211
1567678736.461
1567678736.711
1567678736.961
1567678737.211
1567678737.461
1567678737.711
1567678737.961
1567678738.211
1567678738.461
1567678738.711
1567678738.961
1567678739.211
1567678739.461
1567678739.711
1567678739.961
1567678740.211
1567678740.461
1567678740.711
1567678740.961
1567678741.211
1567678741.461
1567678741.711
1567678741.961
1567678742.211
1567678742.461
1567678742.711
1567678742.961
1567678743.211
1567678743.461
1567678743.711
1567678743.961
1567678744.211
1567678744.461
1567678744.711
1567678744.961
1567678745.211
1567678745.461
1567678745.711
1567678745.961
1567678746.211
1567678746.461
1567678746.711
1567678746.961
1567678747.211
1567678747.461
1567678747.711
1567678747.961
1567678748.211
1567678748.461
1567678748.711
1567678748.961
1567678749.211
1567678749.461
1567678749.711
1567678749.961
1567678750.211
1567678750.461
1567678750.711
1567678750.961
1567678751.211
1567678751.461
1567678751.711
1567678751.961
1567678752.211
1567678752.461
1567678752.711
1567678752.961
1567678753.211
1567678753.461
1567678753.711
1567678753.961
1567678754.211
1567678754.461
1567678754.711
1567678754.961
1567678755.211
1567678755.461
1567678755.711
1567678755.961
1567678756.211
1567678756.461
1567678756.711
1567678756.961
1567678757.211
1567678757.461
1567678757.711
1567678757.961
1567678758.211
1567678758.461
1567678758.711
1567678758.961
1567678759.211
1567678759.461
1567678759.711
1567678759.961
1567678760.211
1567678760.461
1567678760.711
1567678760.961
1567678761.211
1567678761.461
1567678761.711
1567678761.961
1567678762.211
1567678762.461
1567678762.711
1567678762.961
1567678763.211
1567678763.461
1567678763.711
1567678763.961
1567678764.211
1567678764.461
1567678764.711
1567678764.961
1567678765.211
1567678765.461
1567678765.711
1567678765.961
1567678766.211
1567678766.461
1567678766.711
1567678766.961
1567678767.211
1567678767.461
1567678767.711
1567678767.961
1567678768.211
1567678768.461
1567678768.711
1567678768.961
1567678769.211
1567678769.461
1567678769.711
1567678769.961
1567678770.211
1567678770.461
1567678770.711
1567678770.961
1567678771.211
1567678771.461
1567678771.711
1567678771.961
1567678772.211
1567678772.461
1567678772.711
1567678772.961
1567678773.211
1567678773.461
1567678773.711
1567678773.961
1567678774.211
1567678774.461
1567678774.711
1567678774.961
1567678775.211
1567678775.461
1567678775.711
1567678775.961
1567678776.211
1567678776.461
1567678776.711
1567678776.961
1567678777.211
1567678777.461
1567678777.711
1567678777.961
1567678778.211
1567678778.461
1567678778.711
1567678778.961
1567678779.211
1567678779.461
1567678779.711
1567678779.961
1567678780.211
1567678780.461
1567678780.711
1567678780.961
1567678781.211
1567678781.461
1567678781.711
1567678781.961
1567678782.211
1567678782.461
1567678782.711
1567678782.961
1567678783.211
1567678783.461
1567678783.711
1567678783.961
1567678784.211
1567678784.461
1567678784.711
1567678784.961
1567678785.211
1567678785.461
1567678785.711
1567678785.961
1567678786.211
1567678786.461
1567678786.711
1567678786.961
1567678787.211
1567678787.461
1567678787.711
1567678787.961
1567678788.211
1567678788.461
1567678788.711
1567678788.961
1567678789.211
1567678789.461
1567678789.711
1567678789.961
1567678790.211
1567678790.461
1567678790.711
1567678790.961
1567678791.211
1567678791.461
1567678791.711
1567678791.961
1567678792.211
1567678792.461
1567678792.711
1567678792.961
1567678793.211
1567678793.461
1567678793.711
1567678793.961
1567678794.211
1567678794.461
1567678794.711
1567678794.961
1567678795.211
1567678795.461
1567678795.711
1567678795.961
1567678796.211
1567678796.461
1567678796.711
1567678796.961
1567678797.211
1567678797.461
1567678797.711
1567678797.961
1567678798.211
1567678798.461
1567678798.711
1567678798.961
1567678799.211
1567678799.461
1567678799.711
1567678799.961
1567678800.211
1567678800.461
1567678800.711
1567678800.961
1567678801.211
1567678801.461
1567678801.711
1567678801.961
1567678802.211
1567678802.461
1567678802.711
1567678802.961
1567678803.211
1567678803.461
1567678803.711
1567678803.961
1567678804.211
1567678804.461
1567678804.711
1567678804.961
1567678805.211
1567678805.461
1567678805.711
1567678805.961
1567678806.211
1567678806.461
1567678806.711
1567678806.961
1567678807.211
1567678807.461
1567678807.711
1567678807.961
1567678808.211
1567678808.461
1567678808.711
1567678808.961
1567678809.211
1567678809.461
1567678809.711
1567678809.961
1567678810.211
1567678810.461
1567678810.711
1567678810.961
1567678811.211
1567678811.461
1567678811.711
1567678811.961
1567678812.211
1567678812.461
1567678812.711
1567678812.961
1567678813.211
1567678813.461
1567678813.711
1567678813.961
1567678814.211
1567678814.461
1567678814.711
1567678814.961
1567678815.211
1567678815.461
1567678815.711
1567678815.961
1567678816.211
1567678816.461
1567678816.711
1567678816.961
1567678817.211
1567678817.461
1567678817.711
1567678817.961
1567678818.211
1567678818.461
1567678818.711
1567678818.961
1567678819.211
1567678819.461
1567678819.711
1567678819.961
1567678820.211
1567678820.461
1567678820.711
1567678820.961
1567678821.211
1567678821.461
1567678821.711
1567678821.961
1567678822.211
1567678822.461
1567678822.711
1567678822.961
1567678823.211
1567678823.461
1567678823.711
1567678823.961
1567678824.211
1567678824.461
1567678824.711
1567678824.961
1567678825.211
1567678825.461
1567678825.711
1567678825.961
1567678826.211
1567678826.461
1567678826.711
1567678826.961
1567678827.211
1567678827.461
1567678827.711
1567678827.961
1567678828.211
1567678828.461
1567678828.711
1567678828.961
1567678829.211
1567678829.461
1567678829.711
1567678829.961
1567678830.211
1567678830.461
1567678830.711
1567678830.961
1567678831.211
1567678831.461
1567678831.711
1567678831.961
1567678832.211
1567678832.461
1567678832.711
1567678832.961
1567678833.211
1567678833.461
1567678833.711
1567678833.961
1567678834.211
1567678834.461
1567678834.711
1567678834.961
1567678835.211
1567678835.461
1567678835.711
1567678835.961
1567678836.211
1567678836.461
1567678836.711
1567678836.961
1567678837.211
1567678837.461
1567678837.711
1567678837.961
1567678838.211
1567678838.461
1567678838.711
1567678838.961
1567678839.211
1567678839.461
1567678839.711
1567678839.961
1567678840.211
1567678840.461
1567678840.711
1567678840.961
1567678841.211
1567678841.461
1567678841.711
1567678841.961
1567678842.211
1567678842.461
1567678842.711
1567678842.961
1567678843.211
1567678843.461
1567678843.711
1567678843.961
1567678844.211
1567678844.461
1567678844.711
1567678844.961
1567678845.211
1567678845.461
1567678845.711
1567678845.961
1567678846.211
1567678846.461
1567678846.711
1567678846.961
1567678847.211
1567678847.461
1567678847.711
1567678847.961
1567678848.211
1567678848.461
1567678848.711
1567678848.961
1567678849.211
1567678849.461
1567678849.711
1567678849.961
1567678850.211
1567678850.461
1567678850.711
1567678850.961
1567678851.211
1567678851.461
1567678851.711
1567678851.961
1567678852.211
1567678852.461
1567678852.711
1567678852.961
1567678853.211
1567678853.461
1567678853.711
1567678853.961
1567678854.211
1567678854.461
1567678854.711
1567678854.961
1567678855.211
1567678855.461
1567678855.711
1567678855.961
1567678856.211
1567678856.461
1567678856.711
1567678856.961
1567678857.211
1567678857.461
1567678857.711
1567678857.961
1567678858.211
1567678858.461
1567678858.711
1567678858.961
1567678859.211
1567678859.461
1567678859.711
1567678859.961
1567678860.211
1567678860.461
1567678860.711
1567678860.961
1567678861.211
1567678861.461
1567678861.711
1567678861.961
1567678862.211
1567678862.461
1567678862.711
1567678862.961
1567678863.211
1567678863.461
1567678863.711
1567678863.961
1567678864.211
1567678864.461
1567678864.711
1567678864.961
1567678865.211
1567678865.461
1567678865.711
1567678865.961
1567678866.211
1567678866.461
1567678866.711
1567678866.961
1567678867.211
1567678867.461
1567678867.711
1567678867.961
1567678868.211
1567678868.461
1567678868.711
1567678868.961
1567678869.211
1567678869.461
1567678869.711
1567678869.961
1567678870.211
1567678870.461
1567678870.711
1567678870.961
1567678871.211
1567678871.461
1567678871.711
1567678871.961
1567678872.211
1567678872.461
1567678872.711
1567678872.961
1567678873.211
1567678873.461
1567678873.711
1567678873.961
1567678874.211
1567678874.461
1567678874.711
1567678874.961
1567678875.211
1567678875.461
1567678875.711
1567678875.961
1567678876.211
1567678876.461
1567678876.711
1567678876.961
1567678877.211
1567678877.461
1567678877.711
1567678877.961
1567678878.211
1567678878.461
1567678878.711
1567678878.961
1567678879.211
1567678879.461
1567678879.711
1567678879.961
1567678880.211
1567678880.461
1567678880.711
1567678880.961
1567678881.211
1567678881.461
1567678881.711
1567678881.961
1567678882.211
1567678882.461
1567678882.711
1567678882.961
1567678883.211
1567678883.461
1567678883.711
1567678883.961
1567678884.211
1567678884.461
1567678884.711
1567678884.961
1567678885.211
1567678885.461
1567678885.711
1567678885.961
1567678886.211
1567678886.461
1567678886.711
1567678886.961
1567678887.211
1567678887.461
1567678887.711
1567678887.961
1567678888.211
1567678888.461
1567678888.711
1567678888.961
1567678889.211
1567678889.461
1567678889.711
1567678889.961
1567678890.211
1567678890.461
1567678890.711
1567678890.961
1567678891.211
1567678891.461
1567678891.711
1567678891.961
1567678892.211
1567678892.461
1567678892.711
1567678892.961
1567678893.211
1567678893.461
1567678893.711
1567678893.961
1567678894.211
1567678894.461
1567678894.711
1567678894.961
1567678895.211
1567678895.461
1567678895.711
1567678895.961
1567678896.211
1567678896.461
1567678896.711
1567678896.961
1567678897.211
1567678897.461
1567678897.711
1567678897.961
1567678898.211
1567678898.461
1567678898.711
1567678898.961
1567678899.211
1567678899.461
1567678899.711
1567678899.961
1567678900.211
1567678900.461
1567678900.711
1567678900.961
1567678901.211
1567678901.461
1567678901.711
1567678901.961
1567678902.211
1567678902.461
1567678902.711
1567678902.961
1567678903.211
1567678903.461
1567678903.711
1567678903.961
1567678904.211
1567678904.461
1567678904.711
1567678904.961
1567678905.211
1567678905.461
1567678905.711
1567678905.961
1567678906.211
1567678906.461
1567678906.711
1567678906.961
1567678907.211
1567678907.461
1567678907.711
1567678907.961
1567678908.211
1567678908.461
1567678908.711
1567678908.961
1567678909.211
1567678909.461
1567678909.711
1567678909.961
1567678910.211
1567678910.461
1567678910.711
1567678910.961
1567678911.211
1567678911.461
1567678911.711
1567678911.961
1567678912.211
1567678912.461
1567678912.711
1567678912.961
1567678913.211
1567678913.461
1567678913.711
1567678913.961
1567678914.211
1567678914.461
1567678914.711
1567678914.961
1567678915.211
1567678915.461
1567678915.711
1567678915.961
1567678916.211
1567678916.461
1567678916.711
1567678916.961
1567678917.211
1567678917.461
1567678917.711
1567678917.961
1567678918.211
1567678918.461
1567678918.711
1567678918.961
1567678919.211
1567678919.461
1567678919.711
1567678919.961
1567678920.211
1567678920.461
1567678920.711
