1567680983.961
1567680984.211
1567680984.461
1567680984.711
1567680984.961
1567680985.211
1567680985.461
1567680985.711
1567680985.961
1567680986.211
1567680986.461
1567680986.711
1567680986.961
1567680987.211
1567680987.461
1567680987.711
1567680987.961
1567680988.211
1567680988.461
1567680988.711
1567680988.961
1567680989.211
1567680989.461
1567680989.711
1567680989.961
1567680990.211
1567680990.461
1567680990.711
1567680990.961
1567680991.211
1567680991.461
1567680991.711
1567680991.961
1567680992.211
1567680992.461
1567680992.711
1567680992.961
1567680993.211
1567680993.461
1567680993.711
1567680993.961
1567680994.211
1567680994.461
1567680994.711
1567680994.961
1567680995.211
1567680995.461
1567680995.711
1567680995.961
1567680996.211
1567680996.461
1567680996.711
1567680996.961
1567680997.211
1567680997.461
1567680997.711
1567680997.961
1567680998.211
1567680998.461
1567680998.711
1567680998.961
1567680999.211
1567680999.461
1567680999.711
1567680999.961
1567681000.211
1567681000.461
1567681000.711
1567681000.961
1567681001.211
1567681001.461
1567681001.711
1567681001.961
1567681002.211
1567681002.461
1567681002.711
1567681002.961
1567681003.211
1567681003.461
1567681003.711
1567681003.961
1567681004.211
1567681004.461
1567681004.711
1567681004.961
1567681005.211
1567681005.461
1567681005.711
1567681005.961
1567681006.211
1567681006.461
1567681006.711
1567681006.961
1567681007.211
1567681007.461
1567681007.711
1567681007.961
1567681008.211
1567681008.461
1567681008.711
1567681008.961
1567681009.211
1567681009.461
1567681009.711
1567681009.961
1567681010.211
1567681010.461
1567681010.711
1567681010.961
1567681011.211
1567681011.461
1567681011.711
1567681011.961
1567681012.211
1567681012.461
1567681012.711
1567681012.961
1567681013.211
1567681013.461
1567681013.711
1567681013.961
1567681014.211
1567681014.461
1567681014.711
1567681014.961
1567681015.211
1567681015.461
1567681015.711
1567681015.961
1567681016.211
1567681016.461
1567681016.711
1567681016.961
1567681017.211
1567681017.461
1567681017.711
1567681017.961
1567681018.211
1567681018.461
1567681018.711
1567681018.961
1567681019.211
1567681019.461
1567681019.711
1567681019.961
1567681020.211
1567681020.461
1567681020.711
1567681020.961
1567681021.211
1567681021.461
1567681021.711
1567681021.961
1567681022.211
1567681022.461
1567681022.711
1567681022.961
1567681023.211
1567681023.461
1567681023.711
1567681023.961
1567681024.211
1567681024.461
1567681024.711
1567681024.961
1567681025.211
1567681025.461
1567681025.711
1567681025.961
1567681026.211
1567681026.461
1567681026.711
1567681026.961
1567681027.211
1567681027.461
1567681027.711
1567681027.961
1567681028.211
1567681028.461
1567681028.711
1567681028.961
1567681029.211
1567681029.461
1567681029.711
1567681029.961
1567681030.211
1567681030.461
1567681030.711
1567681030.961
1567681031.211
1567681031.461
1567681031.711
1567681031.961
1567681032.211
1567681032.461
1567681032.711
1567681032.961
1567681033.211
1567681033.461
1567681033.711
1567681033.961
1567681034.211
1567681034.461
1567681034.711
1567681034.961
1567681035.211
1567681035.461
1567681035.711
1567681035.961
1567681036.211
1567681036.461
1567681036.711
1567681036.961
1567681037.211
1567681037.461
1567681037.711
1567681037.961
1567681038.211
1567681038.461
1567681038.711
1567681038.961
1567681039.211
1567681039.461
1567681039.711
1567681039.961
1567681040.211
1567681040.461
1567681040.711
1567681040.961
1567681041.211
1567681041.461
1567681041.711
1567681041.961
1567681042.211
1567681042.461
1567681042.711
1567681042.961
1567681043.211
1567681043.461
1567681043.711
1567681043.961
1567681044.211
1567681044.461
1567681044.711
1567681044.961
1567681045.211
1567681045.461
1567681045.711
1567681045.961
1567681046.211
1567681046.461
1567681046.711
1567681046.961
1567681047.211
1567681047.461
1567681047.711
1567681047.961
1567681048.211
1567681048.461
1567681048.711
1567681048.961
1567681049.211
1567681049.461
1567681049.711
1567681049.961
1567681050.211
1567681050.461
1567681050.711
1567681050.961
1567681051.211
1567681051.461
1567681051.711
1567681051.961
1567681052.211
1567681052.461
1567681052.711
1567681052.961
1567681053.211
1567681053.461
1567681053.711
1567681053.961
1567681054.211
1567681054.461
1567681054.711
1567681054.961
1567681055.211
1567681055.461
1567681055.711
1567681055.961
1567681056.211
1567681056.461
1567681056.711
1567681056.961
1567681057.211
1567681057.461
1567681057.711
1567681057.961
1567681058.211
1567681058.461
1567681058.711
1567681058.961
1567681059.211
1567681059.461
1567681059.711
1567681059.961
1567681060.211
1567681060.461
1567681060.711
1567681060.961
1567681061.211
1567681061.461
1567681061.711
1567681061.961
1567681062.211
1567681062.461
1567681062.711
1567681062.961
1567681063.211
1567681063.461
1567681063.711
1567681063.961
1567681064.211
1567681064.461
1567681064.711
1567681064.961
1567681065.211
1567681065.461
1567681065.711
1567681065.961
1567681066.211
1567681066.461
1567681066.711
1567681066.961
1567681067.211
1567681067.461
1567681067.711
1567681067.961
1567681068.211
1567681068.461
1567681068.711
1567681068.961
1567681069.211
1567681069.461
1567681069.711
1567681069.961
1567681070.211
1567681070.461
1567681070.711
1567681070.961
1567681071.211
1567681071.461
1567681071.711
1567681071.961
1567681072.211
1567681072.461
1567681072.711
1567681072.961
1567681073.211
1567681073.461
1567681073.711
1567681073.961
1567681074.211
1567681074.461
1567681074.711
1567681074.961
1567681075.211
1567681075.461
1567681075.711
1567681075.961
1567681076.211
1567681076.461
1567681076.711
1567681076.961
1567681077.211
1567681077.461
1567681077.711
1567681077.961
1567681078.211
1567681078.461
1567681078.711
1567681078.961
1567681079.211
1567681079.461
1567681079.711
1567681079.961
1567681080.211
1567681080.461
1567681080.711
1567681080.961
1567681081.211
1567681081.461
1567681081.711
1567681081.961
1567681082.211
1567681082.461
1567681082.711
1567681082.961
1567681083.211
1567681083.461
1567681083.711
1567681083.961
1567681084.211
1567681084.461
1567681084.711
1567681084.961
1567681085.211
1567681085.461
1567681085.711
1567681085.961
1567681086.211
1567681086.461
1567681086.711
1567681086.961
1567681087.211
1567681087.461
1567681087.711
1567681087.961
1567681088.211
1567681088.461
1567681088.711
1567681088.961
1567681089.211
1567681089.461
1567681089.711
1567681089.961
1567681090.211
1567681090.461
1567681090.711
1567681090.961
1567681091.211
1567681091.461
1567681091.711
1567681091.961
1567681092.211
1567681092.461
1567681092.711
1567681092.961
1567681093.211
1567681093.461
1567681093.711
1567681093.961
1567681094.211
1567681094.461
1567681094.711
1567681094.961
1567681095.211
1567681095.461
1567681095.711
1567681095.961
1567681096.211
1567681096.461
1567681096.711
1567681096.961
1567681097.211
1567681097.461
1567681097.711
1567681097.961
1567681098.211
1567681098.461
1567681098.711
1567681098.961
1567681099.211
1567681099.461
1567681099.711
1567681099.961
1567681100.211
1567681100.461
1567681100.711
1567681100.961
1567681101.211
1567681101.461
1567681101.711
1567681101.961
1567681102.211
1567681102.461
1567681102.711
1567681102.961
1567681103.211
1567681103.461
1567681103.711
1567681103.961
1567681104.211
1567681104.461
1567681104.711
1567681104.961
1567681105.211
1567681105.461
1567681105.711
1567681105.961
1567681106.211
1567681106.461
1567681106.711
1567681106.961
1567681107.211
1567681107.461
1567681107.711
1567681107.961
1567681108.211
1567681108.461
1567681108.711
1567681108.961
1567681109.211
1567681109.461
1567681109.711
1567681109.961
1567681110.211
1567681110.461
1567681110.711
1567681110.961
1567681111.211
1567681111.461
1567681111.711
1567681111.961
1567681112.211
1567681112.461
1567681112.711
1567681112.961
1567681113.211
1567681113.461
1567681113.711
1567681113.961
1567681114.211
1567681114.461
1567681114.711
1567681114.961
1567681115.211
1567681115.461
1567681115.711
1567681115.961
1567681116.211
1567681116.461
1567681116.711
1567681116.961
1567681117.211
1567681117.461
1567681117.711
1567681117.961
1567681118.211
1567681118.461
1567681118.711
1567681118.961
1567681119.211
1567681119.461
1567681119.711
1567681119.961
1567681120.211
1567681120.461
1567681120.711
1567681120.961
1567681121.211
1567681121.461
1567681121.711
1567681121.961
1567681122.211
1567681122.461
1567681122.711
1567681122.961
1567681123.211
1567681123.461
1567681123.711
1567681123.961
1567681124.211
1567681124.461
1567681124.711
1567681124.961
1567681125.211
1567681125.461
1567681125.711
1567681125.961
1567681126.211
1567681126.461
1567681126.711
1567681126.961
1567681127.211
1567681127.461
1567681127.711
1567681127.961
1567681128.211
1567681128.461
1567681128.711
1567681128.961
1567681129.211
1567681129.461
1567681129.711
1567681129.961
1567681130.211
1567681130.461
1567681130.711
1567681130.961
1567681131.211
1567681131.461
1567681131.711
1567681131.961
1567681132.211
1567681132.461
1567681132.711
1567681132.961
1567681133.211
1567681133.461
1567681133.711
1567681133.961
1567681134.211
1567681134.461
1567681134.711
1567681134.961
1567681135.211
1567681135.461
1567681135.711
1567681135.961
1567681136.211
1567681136.461
1567681136.711
1567681136.961
1567681137.211
1567681137.461
1567681137.711
1567681137.961
1567681138.211
1567681138.461
1567681138.711
1567681138.961
1567681139.211
1567681139.461
1567681139.711
1567681139.961
1567681140.211
1567681140.461
1567681140.711
1567681140.961
1567681141.211
1567681141.461
1567681141.711
1567681141.961
1567681142.211
1567681142.461
1567681142.711
1567681142.961
1567681143.211
1567681143.461
1567681143.711
1567681143.961
1567681144.211
1567681144.461
1567681144.711
1567681144.961
1567681145.211
1567681145.461
1567681145.711
1567681145.961
1567681146.211
1567681146.461
1567681146.711
1567681146.961
1567681147.211
1567681147.461
1567681147.711
1567681147.961
1567681148.211
1567681148.461
1567681148.711
1567681148.961
1567681149.211
1567681149.461
1567681149.711
1567681149.961
1567681150.211
1567681150.461
1567681150.711
1567681150.961
1567681151.211
1567681151.461
1567681151.711
1567681151.961
1567681152.211
1567681152.461
1567681152.711
1567681152.961
1567681153.211
1567681153.461
1567681153.711
1567681153.961
1567681154.211
1567681154.461
1567681154.711
1567681154.961
1567681155.211
1567681155.461
1567681155.711
1567681155.961
1567681156.211
1567681156.461
1567681156.711
1567681156.961
1567681157.211
1567681157.461
1567681157.711
1567681157.961
1567681158.211
1567681158.461
1567681158.711
1567681158.961
1567681159.211
1567681159.461
1567681159.711
1567681159.961
1567681160.211
1567681160.461
1567681160.711
1567681160.961
1567681161.211
1567681161.461
1567681161.711
1567681161.961
1567681162.211
1567681162.461
1567681162.711
1567681162.961
1567681163.211
1567681163.461
1567681163.711
1567681163.961
1567681164.211
1567681164.461
1567681164.711
1567681164.961
1567681165.211
1567681165.461
1567681165.711
1567681165.961
1567681166.211
1567681166.461
1567681166.711
1567681166.961
1567681167.211
1567681167.461
1567681167.711
1567681167.961
1567681168.211
1567681168.461
1567681168.711
1567681168.961
1567681169.211
1567681169.461
1567681169.711
1567681169.961
1567681170.211
1567681170.461
1567681170.711
1567681170.961
1567681171.211
1567681171.461
1567681171.711
1567681171.961
1567681172.211
1567681172.461
1567681172.711
1567681172.961
1567681173.211
1567681173.461
1567681173.711
1567681173.961
1567681174.211
1567681174.461
1567681174.711
1567681174.961
1567681175.211
1567681175.461
1567681175.711
1567681175.961
1567681176.211
1567681176.461
1567681176.711
1567681176.961
1567681177.211
1567681177.461
1567681177.711
1567681177.961
1567681178.211
1567681178.461
1567681178.711
1567681178.961
1567681179.211
1567681179.461
1567681179.711
1567681179.961
1567681180.211
1567681180.461
1567681180.711
1567681180.961
1567681181.211
1567681181.461
1567681181.711
1567681181.961
1567681182.211
1567681182.461
1567681182.711
1567681182.961
1567681183.211
1567681183.461
1567681183.711
1567681183.961
1567681184.211
1567681184.461
1567681184.711
1567681184.961
1567681185.211
1567681185.461
1567681185.711
1567681185.961
1567681186.211
1567681186.461
1567681186.711
1567681186.961
1567681187.211
1567681187.461
1567681187.711
1567681187.961
1567681188.211
1567681188.461
1567681188.711
1567681188.961
1567681189.211
1567681189.461
1567681189.711
1567681189.961
1567681190.211
1567681190.461
1567681190.711
1567681190.961
1567681191.211
1567681191.461
1567681191.711
1567681191.961
1567681192.211
1567681192.461
1567681192.711
1567681192.961
1567681193.211
1567681193.461
1567681193.711
1567681193.961
1567681194.211
1567681194.461
1567681194.711
1567681194.961
1567681195.211
1567681195.461
1567681195.711
1567681195.961
1567681196.211
1567681196.461
1567681196.711
1567681196.961
1567681197.211
1567681197.461
1567681197.711
1567681197.961
1567681198.211
1567681198.461
1567681198.711
1567681198.961
1567681199.211
1567681199.461
1567681199.711
1567681199.961
1567681200.211
1567681200.461
1567681200.711
1567681200.961
1567681201.211
1567681201.461
1567681201.711
1567681201.961
1567681202.211
1567681202.461
1567681202.711
1567681202.961
1567681203.211
1567681203.461
1567681203.711
1567681203.961
1567681204.211
1567681204.461
1567681204.711
1567681204.961
1567681205.211
1567681205.461
1567681205.711
1567681205.961
1567681206.211
1567681206.461
1567681206.711
1567681206.961
1567681207.211
1567681207.461
1567681207.711
1567681207.961
1567681208.211
1567681208.461
1567681208.711
1567681208.961
1567681209.211
1567681209.461
1567681209.711
1567681209.961
1567681210.211
1567681210.461
1567681210.711
1567681210.961
1567681211.211
1567681211.461
1567681211.711
1567681211.961
1567681212.211
1567681212.461
1567681212.711
1567681212.961
1567681213.211
1567681213.461
1567681213.711
1567681213.961
1567681214.211
1567681214.461
1567681214.711
1567681214.961
1567681215.211
1567681215.461
1567681215.711
1567681215.961
1567681216.211
1567681216.461
1567681216.711
1567681216.961
1567681217.211
1567681217.461
1567681217.711
1567681217.961
1567681218.211
1567681218.461
1567681218.711
1567681218.961
1567681219.211
1567681219.461
1567681219.711
1567681219.961
1567681220.211
1567681220.461
1567681220.711
1567681220.961
1567681221.211
1567681221.461
1567681221.711
1567681221.961
1567681222.211
1567681222.461
1567681222.711
1567681222.961
1567681223.211
1567681223.461
1567681223.711
1567681223.961
1567681224.211
1567681224.461
1567681224.711
1567681224.961
1567681225.211
1567681225.461
1567681225.711
1567681225.961
1567681226.211
1567681226.461
1567681226.711
1567681226.961
1567681227.211
1567681227.461
1567681227.711
1567681227.961
1567681228.211
1567681228.461
1567681228.711
1567681228.961
1567681229.211
1567681229.461
1567681229.711
1567681229.961
1567681230.211
1567681230.461
1567681230.711
1567681230.961
1567681231.211
1567681231.461
1567681231.711
1567681231.961
1567681232.211
1567681232.461
1567681232.711
1567681232.961
1567681233.211
1567681233.461
1567681233.711
1567681233.961
1567681234.211
1567681234.461
1567681234.711
1567681234.961
1567681235.211
1567681235.461
1567681235.711
1567681235.961
1567681236.211
1567681236.461
1567681236.711
1567681236.961
1567681237.211
1567681237.461
1567681237.711
1567681237.961
1567681238.211
1567681238.461
1567681238.711
1567681238.961
1567681239.211
1567681239.461
1567681239.711
1567681239.961
1567681240.211
1567681240.461
1567681240.711
1567681240.961
1567681241.211
1567681241.461
1567681241.711
1567681241.961
1567681242.211
1567681242.461
1567681242.711
1567681242.961
1567681243.211
1567681243.461
1567681243.711
1567681243.961
1567681244.211
1567681244.461
1567681244.711
1567681244.961
1567681245.211
1567681245.461
1567681245.711
1567681245.961
1567681246.211
1567681246.461
1567681246.711
1567681246.961
1567681247.211
1567681247.461
1567681247.711
1567681247.961
1567681248.211
1567681248.461
1567681248.711
1567681248.961
1567681249.211
1567681249.461
1567681249.711
1567681249.961
1567681250.211
1567681250.461
1567681250.711
1567681250.961
1567681251.211
1567681251.461
1567681251.711
1567681251.961
1567681252.211
1567681252.461
1567681252.711
1567681252.961
1567681253.211
1567681253.461
1567681253.711
1567681253.961
1567681254.211
1567681254.461
1567681254.711
1567681254.961
1567681255.211
1567681255.461
1567681255.711
1567681255.961
1567681256.211
1567681256.461
1567681256.711
1567681256.961
1567681257.211
1567681257.461
1567681257.711
1567681257.961
1567681258.211
1567681258.461
1567681258.711
1567681258.961
1567681259.211
1567681259.461
1567681259.711
1567681259.961
1567681260.211
1567681260.461
1567681260.711
1567681260.961
1567681261.211
1567681261.461
1567681261.711
1567681261.961
1567681262.211
1567681262.461
1567681262.711
1567681262.961
1567681263.211
1567681263.461
1567681263.711
1567681263.961
1567681264.211
1567681264.461
1567681264.711
1567681264.961
1567681265.211
1567681265.461
1567681265.711
1567681265.961
1567681266.211
1567681266.461
1567681266.711
1567681266.961
1567681267.211
1567681267.461
1567681267.711
1567681267.961
1567681268.211
1567681268.461
1567681268.711
1567681268.961
1567681269.211
1567681269.461
1567681269.711
1567681269.961
1567681270.211
1567681270.461
1567681270.711
1567681270.961
1567681271.211
1567681271.461
1567681271.711
1567681271.961
1567681272.211
1567681272.461
1567681272.711
1567681272.961
1567681273.211
1567681273.461
1567681273.711
1567681273.961
1567681274.211
1567681274.461
1567681274.711
1567681274.961
1567681275.211
1567681275.461
1567681275.711
1567681275.961
1567681276.211
1567681276.461
1567681276.711
1567681276.961
1567681277.211
1567681277.461
1567681277.711
1567681277.961
1567681278.211
1567681278.461
1567681278.711
1567681278.961
1567681279.211
1567681279.461
1567681279.711
1567681279.961
1567681280.211
1567681280.461
1567681280.711
1567681280.961
1567681281.211
1567681281.461
1567681281.711
1567681281.961
1567681282.211
1567681282.461
1567681282.711
1567681282.961
1567681283.211
1567681283.461
1567681283.711
