0.6329775
0.6470721
0.6598855
0.6650108
0.6701361
0.5883978
0.5089553
0.5051113
0.5025486
0.496142
0.4948606
0.4910167
0.4910167
0.4897353
0.492298
0.496142
0.4948606
0.4974233
0.4987046
0.5012673
0.5127993
0.5179246
0.5268939
0.5307379
0.5371446
0.5345819
0.5333006
0.5345819
0.5397072
0.5409886
0.5448326
0.5473952
0.5461139
0.5448326
0.5435513
0.5409886
0.5409886
0.5371446
0.5397072
0.5473952
0.5589272
0.5704592
0.5743032
0.5781472
0.5832725
0.5871165
0.5883978
0.5960858
0.6037738
0.5973672
0.5948045
0.5896792
0.5819912
0.5781472
0.5730218
0.5691779
0.5691779
0.5653338
0.5666152
0.5678965
0.5666152
0.5691779
0.5743032
0.5743032
0.5755845
0.5768659
0.5832725
0.5819912
0.5819912
0.5794285
0.5768659
0.5704592
0.5717405
0.5768659
0.5743032
0.5730218
0.5678965
0.5640525
0.5627712
0.5640525
0.5627712
0.5614899
0.5589272
0.5614899
0.5653338
0.5640525
0.5614899
0.5627712
0.5614899
0.5576459
0.5550832
0.5550832
0.5538019
0.5499579
0.5473952
0.5486766
0.5461139
0.5461139
0.5473952
0.5473952
0.5473952
0.5461139
0.5409886
0.5422699
0.5397072
0.5409886
0.5422699
0.5448326
0.5435513
0.5397072
0.5422699
0.5397072
0.5409886
0.5409886
0.5409886
0.5422699
0.5422699
0.5397072
0.5435513
0.5397072
0.5384259
0.5384259
0.5384259
0.5384259
0.5409886
0.5397072
0.5384259
0.5422699
0.5384259
0.5384259
0.5409886
0.5409886
0.5358633
0.5371446
0.5371446
0.5397072
0.5358633
0.5358633
0.5345819
0.5345819
0.5345819
0.5320193
0.5294566
0.5281753
0.5268939
0.5384259
0.5281753
0.5281753
0.5243313
0.5268939
0.5294566
0.5294566
0.5294566
0.5268939
0.5268939
0.5268939
0.5281753
0.5294566
0.5320193
0.5307379
0.5333006
0.5384259
0.5422699
0.5409886
0.5422699
0.5435513
0.5473952
0.5461139
0.5448326
0.5409886
0.5358633
0.5358633
0.5358633
0.5358633
0.5397072
0.5384259
0.5371446
0.5409886
0.5384259
0.5397072
0.5397072
0.5358633
0.5409886
0.5473952
0.5563645
0.5627712
0.5691779
0.5717405
0.5730218
0.5717405
0.5666152
0.5666152
0.5602086
0.5627712
0.5614899
0.5614899
0.5589272
0.5589272
0.5563645
0.5538019
0.5538019
0.5512393
0.5486766
0.5409886
0.5461139
0.5448326
0.5435513
0.5461139
0.5653338
0.5935231
0.6281191
0.6486204
0.6678404
0.6806537
0.6793723
0.6844977
0.6883417
0.6832163
0.6806537
0.6870603
0.693467
0.704999
0.7165309
0.7255002
0.7267816
0.7216563
0.7165309
0.704999
0.693467
0.6793723
0.6691217
0.6588711
0.6511831
0.6447764
0.6396511
0.6345257
0.6319631
0.6294004
0.6294004
0.6255564
0.6255564
0.6255564
0.6229938
0.6204311
0.6178684
0.6153058
0.6178684
0.6114618
0.6088991
0.6037738
0.6063365
0.6024925
0.5999298
0.5986485
0.5948045
0.5948045
0.5948045
0.5922418
0.5871165
0.5858352
0.5832725
0.5845538
0.5807098
0.5819912
0.5832725
0.5832725
0.5819912
0.5794285
0.5781472
0.5743032
0.5768659
0.5730218
0.5743032
0.5717405
0.5704592
0.5704592
0.5666152
0.5640525
0.5627712
0.5602086
0.5576459
0.5602086
0.5602086
0.5653338
0.5691779
0.5717405
0.5781472
0.5807098
0.5832725
0.5832725
0.5832725
0.5768659
0.5794285
0.5730218
0.5691779
0.5653338
0.5678965
0.5640525
0.5602086
0.5576459
0.5576459
0.5576459
0.5550832
0.5589272
0.5691779
0.5768659
0.5896792
0.6012111
0.6076178
0.6165871
0.6217124
0.6229938
0.6191497
0.6140245
0.6114618
0.6050552
0.5986485
0.5909605
0.5883978
0.5832725
0.5819912
0.5883978
0.5730218
0.5743032
0.5730218
0.5743032
0.5755845
0.5768659
0.5781472
0.5781472
0.5768659
0.5768659
0.5781472
0.5743032
0.5717405
0.5691779
0.5704592
0.5666152
0.5640525
0.5627712
0.5653338
0.5653338
0.5653338
0.5666152
0.5627712
0.5640525
0.5576459
0.5627712
0.5640525
0.5743032
0.5781472
0.5819912
0.5832725
0.5858352
0.5845538
0.5845538
0.5832725
0.5781472
0.5871165
0.5999298
0.6050552
0.6114618
0.6140245
0.6165871
0.6178684
0.6165871
0.6127431
0.6127431
0.6165871
0.6229938
0.6434951
0.6511831
0.6614337
0.6716843
0.6832163
0.6844977
0.678091
0.674247
0.670403
0.6563084
0.6524644
0.6486204
0.6447764
0.6422138
0.6447764
0.6460577
0.6499017
0.6499017
0.6524644
0.6524644
0.6524644
0.6524644
0.6524644
0.6447764
0.6422138
0.6409324
0.6409324
0.6460577
0.647339
0.6511831
0.6524644
0.6511831
0.6537457
0.6499017
0.6460577
0.6434951
0.6396511
0.6370884
0.6345257
0.6306818
0.6294004
0.6268377
0.6242751
0.6229938
0.6229938
0.6242751
0.6255564
0.6242751
0.6242751
0.6255564
0.6255564
0.6281191
0.6332444
0.6370884
0.6460577
0.6499017
0.6588711
0.6691217
0.6806537
0.6909043
0.6985923
0.7024363
0.6998736
0.697311
0.6947483
0.6870603
0.6832163
0.6768097
0.6729657
0.6691217
0.6652777
0.6614337
0.6691217
0.6870603
0.712687
0.7319069
0.7460015
0.7536895
0.7524082
0.7511269
0.7472829
0.7485642
0.7383136
0.7370322
0.7395949
0.7472829
0.7639402
0.7844415
0.7972548
0.8062241
0.8113495
0.8126308
0.8126308
0.8049428
0.7998174
0.7870041
0.7831602
0.7716281
0.7677842
0.7652215
0.7626588
0.7562522
0.7549708
0.7511269
0.7485642
0.7460015
0.7447202
0.7408762
0.7421576
0.7434389
0.7575336
0.7805975
0.8139121
0.8408201
0.856196
0.8664467
0.8690093
0.8664467
0.8766973
0.9100119
0.9497332
1.026613
0.9946489
1.018994
1.029245
1.03437
1.016431
1.011306
0.9933676
0.9792729
0.9651783
0.9549276
0.9472396
0.9280196
0.9126437
0.9011117
0.8818917
0.8690784
0.8549838
0.8434518
0.8332012
0.8242319
0.8203878
0.8165439
0.8126999
0.8191065
0.8267945
0.8460144
0.8601091
0.8652344
0.8677971
0.8652344
0.8549838
0.8601091
0.8613904
0.8742037
0.8857358
0.8947051
0.9011117
0.8972677
0.890861
0.883173
0.8729224
0.8588278
0.8549838
0.8511398
0.8447331
0.8396078
0.8383265
0.8357638
0.8306385
0.8293571
0.8229505
0.8229505
0.8216692
0.8370451
0.8626718
0.898549
0.9318637
0.9574903
0.9703036
0.9805542
0.9805542
0.9715849
0.9600529
0.9421143
0.933145
0.925457
0.9203317
0.9203317
0.929301
0.9305823
0.9305823
0.9318637
0.929301
0.9241757
0.9164877
0.9113623
0.9049557
0.8947051
0.8895797
0.8818917
0.8780478
0.8780478
0.890861
0.9190503
0.9587716
1.002337
1.040777
1.065122
1.070247
1.068966
1.063841
1.052309
1.039495
1.038214
1.038214
1.05359
1.074091
1.112531
1.145846
1.174035
1.191974
1.190693
1.184286
1.171473
1.162503
1.150971
1.133033
1.116375
1.106125
1.097155
1.084342
1.077935
1.070247
1.067685
1.062559
1.062559
1.056153
1.052309
1.051027
1.059997
1.088186
1.127907
1.167629
1.19838
1.215038
1.222726
1.22657
1.2176
1.215038
1.204787
1.19838
1.2176
1.268854
1.361109
1.443115
1.504619
1.529063
1.558534
1.562378
1.566222
1.541876
1.511124
1.472685
1.445776
1.416306
1.388117
1.372741
1.36249
1.353521
1.347114
1.334301
1.321487
1.320206
1.311237
1.30483
1.299705
1.297142
1.292017
1.289454
1.283047
1.286891
1.307393
1.352239
1.415025
1.47781
1.518812
1.532907
1.534188
1.532907
1.517531
1.502155
1.472685
1.450902
1.434245
1.417587
1.403493
1.395805
1.382991
1.380429
1.372741
1.372741
1.368897
1.366334
1.368897
1.36249
1.361209
1.354802
1.354802
1.354802
1.350958
1.365053
1.377866
1.40093
1.431682
1.46884
1.493186
1.525219
1.54572
1.562378
1.558534
1.559815
1.550846
1.544439
1.534188
1.521375
1.50728
1.494467
1.489342
1.480372
1.470122
1.464996
1.463715
1.461152
1.461152
1.480372
1.486779
1.495748
1.503436
1.511124
1.514968
1.513687
1.512406
1.508562
1.504718
1.499592
1.490623
1.490623
1.491904
1.493186
1.489342
1.489342
1.491904
1.504718
1.518812
1.541876
1.559815
1.567503
1.572628
1.571347
1.566222
1.562378
1.557252
1.553408
1.552127
1.549564
1.54572
1.544439
1.543158
1.544439
1.541876
1.538032
1.53547
1.53547
1.5265
1.521375
1.514968
1.513687
1.505999
1.502155
1.499592
1.500874
1.499592
1.499592
1.500874
1.500874
1.511124
1.532907
1.55469
1.585442
1.611068
1.635414
1.650789
1.655915
1.653352
1.646945
1.634132
1.626444
1.616194
1.609787
1.604662
1.616194
1.617475
1.616194
1.618756
1.611068
1.604662
1.600818
1.59313
1.586723
1.579035
1.571347
1.567503
1.559815
1.55469
1.549564
1.552127
1.566222
1.602099
1.64182
1.682823
1.721263
1.750733
1.782767
1.816081
1.868616
1.926276
2.005718
2.067421
2.118675
2.177616
2.272434
2.346751
2.381347
2.377503
2.365972
2.330094
2.278841
2.228869
2.175053
2.128925
2.098173
2.06614
2.037951
2.017449
2.000792
1.984135
1.972603
1.957227
1.948258
1.941851
1.936726
1.930319
1.934163
1.968759
2.039232
2.146864
2.262184
2.351877
2.413381
2.430038
2.406322
2.388384
2.351225
2.315348
2.274345
2.232062
2.205154
2.178246
2.161588
2.137243
2.128274
2.121867
2.137243
2.166714
2.212842
2.278189
2.320473
2.347381
2.361476
2.358913
2.340975
2.315348
2.287159
2.261532
2.247437
2.225655
2.206435
2.193622
2.178246
2.164151
2.151338
2.133399
2.121867
2.112898
2.101366
2.087271
2.078302
2.070614
2.060363
2.052675
2.04755
2.064207
2.11546
2.214123
2.3461
2.479358
2.572896
2.610054
2.626712
2.603647
2.56777
2.517798
2.476796
2.42298
2.378133
2.338412
2.303816
2.275627
2.251281
2.241031
2.223092
2.203872
2.189778
2.174402
2.161588
2.155182
2.147494
2.135962
2.130836
2.126992
2.14365
2.176964
2.228218
2.28844
2.343537
2.373008
2.397353
2.401197
2.394791
2.387103
2.381977
2.383259
2.375571
2.364039
2.342256
2.328161
2.30766
2.289721
2.275627
2.287159
2.348663
2.448606
2.545988
2.608773
2.639525
2.640806
2.630555
2.58699
2.540862
2.493453
2.449888
2.410167
2.383259
2.362757
2.3461
2.328161
2.323036
2.324317
2.316629
2.308941
2.302535
2.292284
2.280752
2.266658
2.256407
2.235906
2.223092
2.215404
2.198747
2.189778
2.183371
2.176964
2.17312
2.16287
2.157744
2.151338
2.147494
2.14365
2.138524
2.14365
2.142368
2.180808
2.237187
2.302535
2.358913
2.405041
2.437074
2.449888
2.447325
2.4422
2.415292
2.392228
2.375571
2.361476
2.342256
2.352507
2.434512
2.598522
2.811223
2.975234
3.03936
3.080363
3.104708
3.080363
3.026547
2.957355
2.8856
2.830503
2.784375
2.75106
2.730559
2.710058
2.698526
2.729278
2.792063
2.857411
2.902258
2.920196
2.915071
2.906102
2.952229
3.093176
3.26103
3.378913
3.439135
3.477706
3.51102
3.504614
3.448235
3.355979
3.265005
3.170186
3.088181
3.036928
3.002332
3.006176
3.04846
3.084337
3.122777
3.13559
3.136872
3.122777
3.112526
3.092025
3.072805
3.057429
3.018989
2.994644
2.960048
2.943391
2.950948
2.921478
2.909946
2.90482
2.899695
2.906102
2.903539
2.898414
2.91379
2.930447
2.944542
2.967606
3.006046
3.070112
3.152117
3.198245
3.213621
3.239248
3.340473
3.432729
3.500639
3.544335
3.567399
3.586619
3.555867
3.498207
3.432859
3.370074
3.317539
3.271411
3.239378
3.194532
3.165061
3.141997
3.126621
3.113808
3.107401
3.108682
3.098432
3.103557
3.097151
3.093307
3.090744
3.075368
3.097151
3.20222
3.36623
3.53921
3.669905
3.745504
3.772412
3.769849
3.74166
3.677593
3.599432
3.528959
3.471299
3.409795
3.371355
3.341885
3.317539
3.299601
3.313695
3.323946
3.306007
3.302163
3.297038
3.302163
3.294476
3.280381
3.263724
3.245785
3.232972
3.224002
3.271411
3.361105
3.452079
3.516146
3.54946
3.562274
3.562274
3.53921
3.576368
3.686563
3.849292
3.985113
4.080402
4.125248
4.141906
4.122686
4.054775
3.954832
3.860013
3.774164
3.701128
3.626811
3.579401
3.533274
3.50124
3.461519
3.432049
3.422609
3.396982
3.373918
3.358542
3.34701
3.335478
3.338041
3.344447
3.349573
3.345729
3.350854
3.389294
3.47258
3.593026
3.72244
3.812133
3.873637
3.900545
3.906952
3.881325
3.841604
3.789069
3.736535
3.686563
3.640435
3.601995
3.566118
3.541772
3.522552
3.504614
3.494363
3.476424
3.450798
3.431578
3.417483
3.396982
3.372637
3.359823
3.358542
3.358542
3.349573
3.336759
3.322665
3.309851
3.299601
3.28935
3.272693
3.262442
3.252192
3.239378
3.23169
3.225284
3.225284
3.215033
3.211189
3.204782
3.195813
3.194532
3.184281
3.175312
3.166342
3.165061
3.152248
3.143278
3.140716
3.12534
3.115089
3.107401
3.100995
3.100995
3.108682
3.11637
3.122777
3.120214
3.122777
3.130465
3.120214
3.143278
3.234253
3.393138
3.584056
3.786507
3.93386
3.986865
3.99199
3.98174
3.956113
3.903578
3.842074
3.776726
3.721629
3.669095
3.622967
3.575557
3.542243
3.507647
3.47177
3.446143
3.426923
3.437984
3.439266
3.441828
3.446954
3.441828
3.435422
3.432859
3.426453
3.408514
3.393138
3.379043
3.355979
3.339322
3.322665
3.306007
3.291913
3.276537
3.263724
3.249629
3.239378
3.229128
3.21247
3.203501
3.188125
3.177874
3.166342
3.149685
3.147122
3.183
3.247066
3.326509
3.381606
3.427734
3.44311
3.444391
3.449517
3.444391
3.430297
3.413639
3.389294
3.364949
3.339322
3.312414
3.293194
3.27013
3.247066
3.224002
3.208626
3.20222
3.177874
3.165061
3.158654
3.147122
3.133028
3.117652
3.103557
3.102276
3.098432
3.131747
3.204782
3.30857
3.417483
3.518708
3.557148
3.575087
3.566118
3.532803
3.491801
3.441828
3.393138
3.357261
3.312414
3.273974
3.248348
3.217596
3.195813
3.175312
3.159936
3.14456
3.133028
3.124058
3.109964
3.100995
3.090744
3.074086
3.063836
3.049741
3.036928
3.022833
3.026677
3.053585
3.085618
3.113808
3.121496
3.120214
3.111245
3.093307
3.075368
3.047179
3.025396
3.012583
2.984393
2.975424
2.967736
2.958767
2.944672
2.956074
2.94326
2.926603
2.917634
2.908664
2.89457
2.883038
2.872787
2.880475
2.883038
2.877912
2.876631
2.867662
2.868943
2.892007
2.953511
3.044485
3.13546
3.207214
3.275125
3.316128
3.335348
3.321253
3.298189
3.248217
3.207214
3.172618
3.143148
3.120084
3.081644
3.054736
3.029109
3.009889
3.003483
3.00092
3.022703
3.047048
3.067549
3.076519
3.079081
3.081644
3.063705
3.03936
3.016296
2.999639
2.970168
2.948385
2.931728
2.920196
2.909946
2.89457
2.876631
2.861255
2.845879
2.845879
2.844598
2.852286
2.874068
2.915071
3.004764
3.125209
3.258468
3.377631
3.496795
3.598151
3.690407
3.746785
3.753192
3.718596
3.65453
3.578931
3.498207
3.426453
3.359823
3.29832
3.25091
3.215033
3.183
3.148404
3.127903
3.118933
3.115089
3.117652
3.118933
3.109964
3.103557
3.0869
3.074086
3.054867
3.043334
3.020271
3.002332
2.988237
2.975424
2.967736
2.957485
2.949797
2.930578
2.940698
2.925322
2.918915
2.91379
2.899695
2.908664
2.950948
3.043204
3.158524
3.266156
3.360974
3.432729
3.467325
3.463611
3.437984
3.395701
3.334197
3.285506
3.234253
3.194532
3.156092
3.122777
3.10612
3.093307
3.076649
3.065117
3.047179
3.033084
3.015145
2.997207
2.985675
2.988237
2.984393
2.988237
2.984393
2.983112
2.974143
2.967736
2.958767
2.953641
2.944672
2.945823
2.938135
2.920196
2.912508
2.920196
2.965043
3.023984
3.084207
3.121365
3.153399
3.162368
3.158524
3.13546
3.108552
3.0778
3.041923
3.026547
3.02014
3.027828
3.031672
3.032954
3.036798
3.030391
3.022703
2.997076
2.974012
2.961199
2.940698
2.935572
2.930447
2.934291
2.936854
2.929166
2.917634
2.899695
2.890726
2.874068
2.859974
2.862536
2.881756
2.929166
2.976575
3.012452
3.036798
3.050892
3.054736
3.044485
3.027828
3.007327
2.976575
2.954792
2.927884
2.911227
2.89457
2.8856
2.876631
2.868943
2.85613
2.845879
2.839473
2.835629
2.834347
2.835629
2.835629
2.867662
2.941979
3.041923
3.139304
3.217465
3.281532
3.309721
3.322534
3.304596
3.267437
3.227716
3.182869
3.149554
3.123928
3.102145
3.072675
3.056017
3.038079
3.009889
2.995795
2.975294
2.963762
2.954792
2.945823
2.950948
2.972731
3.008608
3.031672
3.035516
2.804877
2.804877
2.804877
2.804877
2.804877
2.804877
