1567678046.961
1567678047.211
1567678047.461
1567678047.711
1567678047.961
1567678048.211
1567678048.461
1567678048.711
1567678048.961
1567678049.211
1567678049.461
1567678049.711
1567678049.961
1567678050.211
1567678050.461
1567678050.711
1567678050.961
1567678051.211
1567678051.461
1567678051.711
1567678051.961
1567678052.211
1567678052.461
1567678052.711
1567678052.961
1567678053.211
1567678053.461
1567678053.711
1567678053.961
1567678054.211
1567678054.461
1567678054.711
1567678054.961
1567678055.211
1567678055.461
1567678055.711
1567678055.961
1567678056.211
1567678056.461
1567678056.711
1567678056.961
1567678057.211
1567678057.461
1567678057.711
1567678057.961
1567678058.211
1567678058.461
1567678058.711
1567678058.961
1567678059.211
1567678059.461
1567678059.711
1567678059.961
1567678060.211
1567678060.461
1567678060.711
1567678060.961
1567678061.211
1567678061.461
1567678061.711
1567678061.961
1567678062.211
1567678062.461
1567678062.711
1567678062.961
1567678063.211
1567678063.461
1567678063.711
1567678063.961
1567678064.211
1567678064.461
1567678064.711
1567678064.961
1567678065.211
1567678065.461
1567678065.711
1567678065.961
1567678066.211
1567678066.461
1567678066.711
1567678066.961
1567678067.211
1567678067.461
1567678067.711
1567678067.961
1567678068.211
1567678068.461
1567678068.711
1567678068.961
1567678069.211
1567678069.461
1567678069.711
1567678069.961
1567678070.211
1567678070.461
1567678070.711
1567678070.961
1567678071.211
1567678071.461
1567678071.711
1567678071.961
1567678072.211
1567678072.461
1567678072.711
1567678072.961
1567678073.211
1567678073.461
1567678073.711
1567678073.961
1567678074.211
1567678074.461
1567678074.711
1567678074.961
1567678075.211
1567678075.461
1567678075.711
1567678075.961
1567678076.211
1567678076.461
1567678076.711
1567678076.961
1567678077.211
1567678077.461
1567678077.711
1567678077.961
1567678078.211
1567678078.461
1567678078.711
1567678078.961
1567678079.211
1567678079.461
1567678079.711
1567678079.961
1567678080.211
1567678080.461
1567678080.711
1567678080.961
1567678081.211
1567678081.461
1567678081.711
1567678081.961
1567678082.211
1567678082.461
1567678082.711
1567678082.961
1567678083.211
1567678083.461
1567678083.711
1567678083.961
1567678084.211
1567678084.461
1567678084.711
1567678084.961
1567678085.211
1567678085.461
1567678085.711
1567678085.961
1567678086.211
1567678086.461
1567678086.711
1567678086.961
1567678087.211
1567678087.461
1567678087.711
1567678087.961
1567678088.211
1567678088.461
1567678088.711
1567678088.961
1567678089.211
1567678089.461
1567678089.711
1567678089.961
1567678090.211
1567678090.461
1567678090.711
1567678090.961
1567678091.211
1567678091.461
1567678091.711
1567678091.961
1567678092.211
1567678092.461
1567678092.711
1567678092.961
1567678093.211
1567678093.461
1567678093.711
1567678093.961
1567678094.211
1567678094.461
1567678094.711
1567678094.961
1567678095.211
1567678095.461
1567678095.711
1567678095.961
1567678096.211
1567678096.461
1567678096.711
1567678096.961
1567678097.211
1567678097.461
1567678097.711
1567678097.961
1567678098.211
1567678098.461
1567678098.711
1567678098.961
1567678099.211
1567678099.461
1567678099.711
1567678099.961
1567678100.211
1567678100.461
1567678100.711
1567678100.961
1567678101.211
1567678101.461
1567678101.711
1567678101.961
1567678102.211
1567678102.461
1567678102.711
1567678102.961
1567678103.211
1567678103.461
1567678103.711
1567678103.961
1567678104.211
1567678104.461
1567678104.711
1567678104.961
1567678105.211
1567678105.461
1567678105.711
1567678105.961
1567678106.211
1567678106.461
1567678106.711
1567678106.961
1567678107.211
1567678107.461
1567678107.711
1567678107.961
1567678108.211
1567678108.461
1567678108.711
1567678108.961
1567678109.211
1567678109.461
1567678109.711
1567678109.961
1567678110.211
1567678110.461
1567678110.711
1567678110.961
1567678111.211
1567678111.461
1567678111.711
1567678111.961
1567678112.211
1567678112.461
1567678112.711
1567678112.961
1567678113.211
1567678113.461
1567678113.711
1567678113.961
1567678114.211
1567678114.461
1567678114.711
1567678114.961
1567678115.211
1567678115.461
1567678115.711
1567678115.961
1567678116.211
1567678116.461
1567678116.711
1567678116.961
1567678117.211
1567678117.461
1567678117.711
1567678117.961
1567678118.211
1567678118.461
1567678118.711
1567678118.961
1567678119.211
1567678119.461
1567678119.711
1567678119.961
1567678120.211
1567678120.461
1567678120.711
1567678120.961
1567678121.211
1567678121.461
1567678121.711
1567678121.961
1567678122.211
1567678122.461
1567678122.711
1567678122.961
1567678123.211
1567678123.461
1567678123.711
1567678123.961
1567678124.211
1567678124.461
1567678124.711
1567678124.961
1567678125.211
1567678125.461
1567678125.711
1567678125.961
1567678126.211
1567678126.461
1567678126.711
1567678126.961
1567678127.211
1567678127.461
1567678127.711
1567678127.961
1567678128.211
1567678128.461
1567678128.711
1567678128.961
1567678129.211
1567678129.461
1567678129.711
1567678129.961
1567678130.211
1567678130.461
1567678130.711
1567678130.961
1567678131.211
1567678131.461
1567678131.711
1567678131.961
1567678132.211
1567678132.461
1567678132.711
1567678132.961
1567678133.211
1567678133.461
1567678133.711
1567678133.961
1567678134.211
1567678134.461
1567678134.711
1567678134.961
1567678135.211
1567678135.461
1567678135.711
1567678135.961
1567678136.211
1567678136.461
1567678136.711
1567678136.961
1567678137.211
1567678137.461
1567678137.711
1567678137.961
1567678138.211
1567678138.461
1567678138.711
1567678138.961
1567678139.211
1567678139.461
1567678139.711
1567678139.961
1567678140.211
1567678140.461
1567678140.711
1567678140.961
1567678141.211
1567678141.461
1567678141.711
1567678141.961
1567678142.211
1567678142.461
1567678142.711
1567678142.961
1567678143.211
1567678143.461
1567678143.711
1567678143.961
1567678144.211
1567678144.461
1567678144.711
1567678144.961
1567678145.211
1567678145.461
1567678145.711
1567678145.961
1567678146.211
1567678146.461
1567678146.711
1567678146.961
1567678147.211
1567678147.461
1567678147.711
1567678147.961
1567678148.211
1567678148.461
1567678148.711
1567678148.961
1567678149.211
1567678149.461
1567678149.711
1567678149.961
1567678150.211
1567678150.461
1567678150.711
1567678150.961
1567678151.211
1567678151.461
1567678151.711
1567678151.961
1567678152.211
1567678152.461
1567678152.711
1567678152.961
1567678153.211
1567678153.461
1567678153.711
1567678153.961
1567678154.211
1567678154.461
1567678154.711
1567678154.961
1567678155.211
1567678155.461
1567678155.711
1567678155.961
1567678156.211
1567678156.461
1567678156.711
1567678156.961
1567678157.211
1567678157.461
1567678157.711
1567678157.961
1567678158.211
1567678158.461
1567678158.711
1567678158.961
1567678159.211
1567678159.461
1567678159.711
1567678159.961
1567678160.211
1567678160.461
1567678160.711
1567678160.961
1567678161.211
1567678161.461
1567678161.711
1567678161.961
1567678162.211
1567678162.461
1567678162.711
1567678162.961
1567678163.211
1567678163.461
1567678163.711
1567678163.961
1567678164.211
1567678164.461
1567678164.711
1567678164.961
1567678165.211
1567678165.461
1567678165.711
1567678165.961
1567678166.211
1567678166.461
1567678166.711
1567678166.961
1567678167.211
1567678167.461
1567678167.711
1567678167.961
1567678168.211
1567678168.461
1567678168.711
1567678168.961
1567678169.211
1567678169.461
1567678169.711
1567678169.961
1567678170.211
1567678170.461
1567678170.711
1567678170.961
1567678171.211
1567678171.461
1567678171.711
1567678171.961
1567678172.211
1567678172.461
1567678172.711
1567678172.961
1567678173.211
1567678173.461
1567678173.711
1567678173.961
1567678174.211
1567678174.461
1567678174.711
1567678174.961
1567678175.211
1567678175.461
1567678175.711
1567678175.961
1567678176.211
1567678176.461
1567678176.711
1567678176.961
1567678177.211
1567678177.461
1567678177.711
1567678177.961
1567678178.211
1567678178.461
1567678178.711
1567678178.961
1567678179.211
1567678179.461
1567678179.711
1567678179.961
1567678180.211
1567678180.461
1567678180.711
1567678180.961
1567678181.211
1567678181.461
1567678181.711
1567678181.961
1567678182.211
1567678182.461
1567678182.711
1567678182.961
1567678183.211
1567678183.461
1567678183.711
1567678183.961
1567678184.211
1567678184.461
1567678184.711
1567678184.961
1567678185.211
1567678185.461
1567678185.711
1567678185.961
1567678186.211
1567678186.461
1567678186.711
1567678186.961
1567678187.211
1567678187.461
1567678187.711
1567678187.961
1567678188.211
1567678188.461
1567678188.711
1567678188.961
1567678189.211
1567678189.461
1567678189.711
1567678189.961
1567678190.211
1567678190.461
1567678190.711
1567678190.961
1567678191.211
1567678191.461
1567678191.711
1567678191.961
1567678192.211
1567678192.461
1567678192.711
1567678192.961
1567678193.211
1567678193.461
1567678193.711
1567678193.961
1567678194.211
1567678194.461
1567678194.711
1567678194.961
1567678195.211
1567678195.461
1567678195.711
1567678195.961
1567678196.211
1567678196.461
1567678196.711
1567678196.961
1567678197.211
1567678197.461
1567678197.711
1567678197.961
1567678198.211
1567678198.461
1567678198.711
1567678198.961
1567678199.211
1567678199.461
1567678199.711
1567678199.961
1567678200.211
1567678200.461
1567678200.711
1567678200.961
1567678201.211
1567678201.461
1567678201.711
1567678201.961
1567678202.211
1567678202.461
1567678202.711
1567678202.961
1567678203.211
1567678203.461
1567678203.711
1567678203.961
1567678204.211
1567678204.461
1567678204.711
1567678204.961
1567678205.211
1567678205.461
1567678205.711
1567678205.961
1567678206.211
1567678206.461
1567678206.711
1567678206.961
1567678207.211
1567678207.461
1567678207.711
1567678207.961
1567678208.211
1567678208.461
1567678208.711
1567678208.961
1567678209.211
1567678209.461
1567678209.711
1567678209.961
1567678210.211
1567678210.461
1567678210.711
1567678210.961
1567678211.211
1567678211.461
1567678211.711
1567678211.961
1567678212.211
1567678212.461
1567678212.711
1567678212.961
1567678213.211
1567678213.461
1567678213.711
1567678213.961
1567678214.211
1567678214.461
1567678214.711
1567678214.961
1567678215.211
1567678215.461
1567678215.711
1567678215.961
1567678216.211
1567678216.461
1567678216.711
1567678216.961
1567678217.211
1567678217.461
1567678217.711
1567678217.961
1567678218.211
1567678218.461
1567678218.711
1567678218.961
1567678219.211
1567678219.461
1567678219.711
1567678219.961
1567678220.211
1567678220.461
1567678220.711
1567678220.961
1567678221.211
1567678221.461
1567678221.711
1567678221.961
1567678222.211
1567678222.461
1567678222.711
1567678222.961
1567678223.211
1567678223.461
1567678223.711
1567678223.961
1567678224.211
1567678224.461
1567678224.711
1567678224.961
1567678225.211
1567678225.461
1567678225.711
1567678225.961
1567678226.211
1567678226.461
1567678226.711
1567678226.961
1567678227.211
1567678227.461
1567678227.711
1567678227.961
1567678228.211
1567678228.461
1567678228.711
1567678228.961
1567678229.211
1567678229.461
1567678229.711
1567678229.961
1567678230.211
1567678230.461
1567678230.711
1567678230.961
1567678231.211
1567678231.461
1567678231.711
1567678231.961
1567678232.211
1567678232.461
1567678232.711
1567678232.961
1567678233.211
1567678233.461
1567678233.711
1567678233.961
1567678234.211
1567678234.461
1567678234.711
1567678234.961
1567678235.211
1567678235.461
1567678235.711
1567678235.961
1567678236.211
1567678236.461
1567678236.711
1567678236.961
1567678237.211
1567678237.461
1567678237.711
1567678237.961
1567678238.211
1567678238.461
1567678238.711
1567678238.961
1567678239.211
1567678239.461
1567678239.711
1567678239.961
1567678240.211
1567678240.461
1567678240.711
1567678240.961
1567678241.211
1567678241.461
1567678241.711
1567678241.961
1567678242.211
1567678242.461
1567678242.711
1567678242.961
1567678243.211
1567678243.461
1567678243.711
1567678243.961
1567678244.211
1567678244.461
1567678244.711
1567678244.961
1567678245.211
1567678245.461
1567678245.711
1567678245.961
1567678246.211
1567678246.461
1567678246.711
1567678246.961
1567678247.211
1567678247.461
1567678247.711
1567678247.961
1567678248.211
1567678248.461
1567678248.711
1567678248.961
1567678249.211
1567678249.461
1567678249.711
1567678249.961
1567678250.211
1567678250.461
1567678250.711
1567678250.961
1567678251.211
1567678251.461
1567678251.711
1567678251.961
1567678252.211
1567678252.461
1567678252.711
1567678252.961
1567678253.211
1567678253.461
1567678253.711
1567678253.961
1567678254.211
1567678254.461
1567678254.711
1567678254.961
1567678255.211
1567678255.461
1567678255.711
1567678255.961
1567678256.211
1567678256.461
1567678256.711
1567678256.961
1567678257.211
1567678257.461
1567678257.711
1567678257.961
1567678258.211
1567678258.461
1567678258.711
1567678258.961
1567678259.211
1567678259.461
1567678259.711
1567678259.961
1567678260.211
1567678260.461
1567678260.711
1567678260.961
1567678261.211
1567678261.461
1567678261.711
1567678261.961
1567678262.211
1567678262.461
1567678262.711
1567678262.961
1567678263.211
1567678263.461
1567678263.711
1567678263.961
1567678264.211
1567678264.461
1567678264.711
1567678264.961
1567678265.211
1567678265.461
1567678265.711
1567678265.961
1567678266.211
1567678266.461
1567678266.711
1567678266.961
1567678267.211
1567678267.461
1567678267.711
1567678267.961
1567678268.211
1567678268.461
1567678268.711
1567678268.961
1567678269.211
1567678269.461
1567678269.711
1567678269.961
1567678270.211
1567678270.461
1567678270.711
1567678270.961
1567678271.211
1567678271.461
1567678271.711
1567678271.961
1567678272.211
1567678272.461
1567678272.711
1567678272.961
1567678273.211
1567678273.461
1567678273.711
1567678273.961
1567678274.211
1567678274.461
1567678274.711
1567678274.961
1567678275.211
1567678275.461
1567678275.711
1567678275.961
1567678276.211
1567678276.461
1567678276.711
1567678276.961
1567678277.211
1567678277.461
1567678277.711
1567678277.961
1567678278.211
1567678278.461
1567678278.711
1567678278.961
1567678279.211
1567678279.461
1567678279.711
1567678279.961
1567678280.211
1567678280.461
1567678280.711
1567678280.961
1567678281.211
1567678281.461
1567678281.711
1567678281.961
1567678282.211
1567678282.461
1567678282.711
1567678282.961
1567678283.211
1567678283.461
1567678283.711
1567678283.961
1567678284.211
1567678284.461
1567678284.711
1567678284.961
1567678285.211
1567678285.461
1567678285.711
1567678285.961
1567678286.211
1567678286.461
1567678286.711
1567678286.961
1567678287.211
1567678287.461
1567678287.711
1567678287.961
1567678288.211
1567678288.461
1567678288.711
1567678288.961
1567678289.211
1567678289.461
1567678289.711
1567678289.961
1567678290.211
1567678290.461
1567678290.711
1567678290.961
1567678291.211
1567678291.461
1567678291.711
1567678291.961
1567678292.211
1567678292.461
1567678292.711
1567678292.961
1567678293.211
1567678293.461
1567678293.711
1567678293.961
1567678294.211
1567678294.461
1567678294.711
1567678294.961
1567678295.211
1567678295.461
1567678295.711
1567678295.961
1567678296.211
1567678296.461
1567678296.711
1567678296.961
1567678297.211
1567678297.461
1567678297.711
1567678297.961
1567678298.211
1567678298.461
1567678298.711
1567678298.961
1567678299.211
1567678299.461
1567678299.711
1567678299.961
1567678300.211
1567678300.461
1567678300.711
1567678300.961
1567678301.211
1567678301.461
1567678301.711
1567678301.961
1567678302.211
1567678302.461
1567678302.711
1567678302.961
1567678303.211
1567678303.461
1567678303.711
1567678303.961
1567678304.211
1567678304.461
1567678304.711
1567678304.961
1567678305.211
1567678305.461
1567678305.711
1567678305.961
1567678306.211
1567678306.461
1567678306.711
1567678306.961
1567678307.211
1567678307.461
1567678307.711
1567678307.961
1567678308.211
1567678308.461
1567678308.711
1567678308.961
1567678309.211
1567678309.461
1567678309.711
1567678309.961
1567678310.211
1567678310.461
1567678310.711
1567678310.961
1567678311.211
1567678311.461
1567678311.711
1567678311.961
1567678312.211
1567678312.461
1567678312.711
1567678312.961
1567678313.211
1567678313.461
1567678313.711
1567678313.961
1567678314.211
1567678314.461
1567678314.711
1567678314.961
1567678315.211
1567678315.461
1567678315.711
1567678315.961
1567678316.211
1567678316.461
1567678316.711
1567678316.961
1567678317.211
1567678317.461
1567678317.711
1567678317.961
1567678318.211
1567678318.461
1567678318.711
1567678318.961
1567678319.211
1567678319.461
1567678319.711
1567678319.961
1567678320.211
1567678320.461
1567678320.711
1567678320.961
1567678321.211
1567678321.461
1567678321.711
1567678321.961
1567678322.211
1567678322.461
1567678322.711
1567678322.961
1567678323.211
1567678323.461
1567678323.711
1567678323.961
1567678324.211
1567678324.461
1567678324.711
1567678324.961
1567678325.211
1567678325.461
1567678325.711
1567678325.961
1567678326.211
1567678326.461
1567678326.711
1567678326.961
1567678327.211
1567678327.461
1567678327.711
1567678327.961
1567678328.211
1567678328.461
1567678328.711
1567678328.961
1567678329.211
1567678329.461
1567678329.711
1567678329.961
1567678330.211
1567678330.461
1567678330.711
1567678330.961
1567678331.211
1567678331.461
1567678331.711
1567678331.961
1567678332.211
1567678332.461
1567678332.711
1567678332.961
1567678333.211
1567678333.461
1567678333.711
1567678333.961
1567678334.211
1567678334.461
1567678334.711
1567678334.961
1567678335.211
1567678335.461
1567678335.711
1567678335.961
1567678336.211
1567678336.461
1567678336.711
1567678336.961
1567678337.211
1567678337.461
1567678337.711
1567678337.961
1567678338.211
1567678338.461
1567678338.711
1567678338.961
1567678339.211
1567678339.461
1567678339.711
1567678339.961
1567678340.211
1567678340.461
1567678340.711
1567678340.961
1567678341.211
1567678341.461
1567678341.711
1567678341.961
1567678342.211
1567678342.461
1567678342.711
1567678342.961
1567678343.211
1567678343.461
1567678343.711
1567678343.961
1567678344.211
1567678344.461
1567678344.711
1567678344.961
1567678345.211
1567678345.461
1567678345.711
1567678345.961
1567678346.211
1567678346.461
1567678346.711
