1567682110.29513
1567682110.54514
1567682110.79515
1567682111.04516
1567682111.29517
1567682111.54518
1567682111.79519
1567682112.04521
1567682112.29522
1567682112.54523
1567682112.79524
1567682113.04525
1567682113.29526
1567682113.54528
1567682113.79529
1567682114.0453
1567682114.29531
1567682114.54532
1567682114.79533
1567682115.04535
1567682115.29536
1567682115.54537
1567682115.79538
1567682116.04539
1567682116.2954
1567682116.54541
1567682116.79543
1567682117.04544
1567682117.29545
1567682117.54546
1567682117.79547
1567682118.04548
1567682118.2955
1567682118.54551
1567682118.79552
1567682119.04553
1567682119.29554
1567682119.54555
1567682119.79557
1567682120.04558
1567682120.29559
1567682120.5456
1567682120.79561
1567682121.04562
1567682121.29563
1567682121.54565
1567682121.79566
1567682122.04567
1567682122.29568
1567682122.54569
1567682122.7957
1567682123.04572
1567682123.29573
1567682123.54574
1567682123.79575
1567682124.04576
1567682124.29577
1567682124.54579
1567682124.7958
1567682125.04581
1567682125.29582
1567682125.54583
1567682125.79584
1567682126.04585
1567682126.29587
1567682126.54588
1567682126.79589
1567682127.0459
1567682127.29591
1567682127.54592
1567682127.79594
1567682128.04595
1567682128.29596
1567682128.54597
1567682128.79598
1567682129.04599
1567682129.29601
1567682129.54602
1567682129.79603
1567682130.04604
1567682130.29605
1567682130.54606
1567682130.79607
1567682131.04609
1567682131.2961
1567682131.54611
1567682131.79612
1567682132.04613
1567682132.29614
1567682132.54616
1567682132.79617
1567682133.04618
1567682133.29619
1567682133.5462
1567682133.79621
1567682134.04623
1567682134.29624
1567682134.54625
1567682134.79626
1567682135.04627
1567682135.29628
1567682135.54629
1567682135.79631
1567682136.04632
1567682136.29633
1567682136.54634
1567682136.79635
1567682137.04636
1567682137.29638
1567682137.54639
1567682137.7964
1567682138.04641
1567682138.29642
1567682138.54643
1567682138.79644
1567682139.04646
1567682139.29647
1567682139.54648
1567682139.79649
1567682140.0465
1567682140.29651
1567682140.54653
1567682140.79654
1567682141.04655
1567682141.29656
1567682141.54657
1567682141.79658
1567682142.0466
1567682142.29661
1567682142.54662
1567682142.79663
1567682143.04664
1567682143.29665
1567682143.54666
1567682143.79668
1567682144.04669
1567682144.2967
1567682144.54671
1567682144.79672
1567682145.04673
1567682145.29675
1567682145.54676
1567682145.79677
1567682146.04678
1567682146.29679
1567682146.5468
1567682146.79682
1567682147.04683
1567682147.29684
1567682147.54685
1567682147.79686
1567682148.04687
1567682148.29688
1567682148.5469
1567682148.79691
1567682149.04692
1567682149.29693
1567682149.54694
1567682149.79695
1567682150.04697
1567682150.29698
1567682150.54699
1567682150.797
1567682151.04701
1567682151.29702
1567682151.54704
1567682151.79705
1567682152.04706
1567682152.29707
1567682152.54708
1567682152.79709
1567682153.0471
1567682153.29712
1567682153.54713
1567682153.79714
1567682154.04715
1567682154.29716
1567682154.54717
1567682154.79719
1567682155.0472
1567682155.29721
1567682155.54722
1567682155.79723
1567682156.04724
1567682156.29726
1567682156.54727
1567682156.79728
1567682157.04729
1567682157.2973
1567682157.54731
1567682157.79732
1567682158.04734
1567682158.29735
1567682158.54736
1567682158.79737
1567682159.04738
1567682159.29739
1567682159.54741
1567682159.79742
1567682160.04743
1567682160.29744
1567682160.54745
1567682160.79746
1567682161.04748
1567682161.29749
1567682161.5475
1567682161.79751
1567682162.04752
1567682162.29753
1567682162.54754
1567682162.79756
1567682163.04757
1567682163.29758
1567682163.54759
1567682163.7976
1567682164.04761
1567682164.29763
1567682164.54764
1567682164.79765
1567682165.04766
1567682165.29767
1567682165.54768
1567682165.7977
1567682166.04771
1567682166.29772
1567682166.54773
1567682166.79774
1567682167.04775
1567682167.29776
1567682167.54778
1567682167.79779
1567682168.0478
1567682168.29781
1567682168.54782
1567682168.79783
1567682169.04785
1567682169.29786
1567682169.54787
1567682169.79788
1567682170.04789
1567682170.2979
1567682170.54791
1567682170.79793
1567682171.04794
1567682171.29795
1567682171.54796
1567682171.79797
1567682172.04798
1567682172.298
1567682172.54801
1567682172.79802
1567682173.04803
1567682173.29804
1567682173.54805
1567682173.79807
1567682174.04808
1567682174.29809
1567682174.5481
1567682174.79811
1567682175.04812
1567682175.29813
1567682175.54815
1567682175.79816
1567682176.04817
1567682176.29818
1567682176.54819
1567682176.7982
1567682177.04822
1567682177.29823
1567682177.54824
1567682177.79825
1567682178.04826
1567682178.29827
1567682178.54829
1567682178.7983
1567682179.04831
1567682179.29832
1567682179.54833
1567682179.79834
1567682180.04835
1567682180.29837
1567682180.54838
1567682180.79839
1567682181.0484
1567682181.29841
1567682181.54842
1567682181.79844
1567682182.04845
1567682182.29846
1567682182.54847
1567682182.79848
1567682183.04849
1567682183.29851
1567682183.54852
1567682183.79853
1567682184.04854
1567682184.29855
1567682184.54856
1567682184.79857
1567682185.04859
1567682185.2986
1567682185.54861
1567682185.79862
1567682186.04863
1567682186.29864
1567682186.54866
1567682186.79867
1567682187.04868
1567682187.29869
1567682187.5487
1567682187.79871
1567682188.04873
1567682188.29874
1567682188.54875
1567682188.79876
1567682189.04877
1567682189.29878
1567682189.54879
1567682189.79881
1567682190.04882
1567682190.29883
1567682190.54884
1567682190.79885
1567682191.04886
1567682191.29888
1567682191.54889
1567682191.7989
1567682192.04891
1567682192.29892
1567682192.54893
1567682192.79895
1567682193.04896
1567682193.29897
1567682193.54898
1567682193.79899
1567682194.049
1567682194.29901
1567682194.54903
1567682194.79904
1567682195.04905
1567682195.29906
1567682195.54907
1567682195.79908
1567682196.0491
1567682196.29911
1567682196.54912
1567682196.79913
1567682197.04914
1567682197.29915
1567682197.54917
1567682197.79918
1567682198.04919
1567682198.2992
1567682198.54921
1567682198.79922
1567682199.04923
1567682199.29925
1567682199.54926
1567682199.79927
1567682200.04928
1567682200.29929
1567682200.5493
1567682200.79932
1567682201.04933
1567682201.29934
1567682201.54935
1567682201.79936
1567682202.04937
1567682202.29939
1567682202.5494
1567682202.79941
1567682203.04942
1567682203.29943
1567682203.54944
1567682203.79945
1567682204.04947
1567682204.29948
1567682204.54949
1567682204.7995
1567682205.04951
1567682205.29952
1567682205.54954
1567682205.79955
1567682206.04956
1567682206.29957
1567682206.54958
1567682206.79959
1567682207.0496
1567682207.29962
1567682207.54963
1567682207.79964
1567682208.04965
1567682208.29966
1567682208.54967
1567682208.79969
1567682209.0497
1567682209.29971
1567682209.54972
1567682209.79973
1567682210.04974
1567682210.29976
1567682210.54977
1567682210.79978
1567682211.04979
1567682211.2998
1567682211.54981
1567682211.79982
1567682212.04984
1567682212.29985
1567682212.54986
1567682212.79987
1567682213.04988
1567682213.29989
1567682213.54991
1567682213.79992
1567682214.04993
1567682214.29994
1567682214.54995
1567682214.79996
1567682215.04998
1567682215.29999
1567682215.55
1567682215.80001
1567682216.05002
1567682216.30003
1567682216.55004
1567682216.80006
1567682217.05007
1567682217.30008
1567682217.55009
1567682217.8001
1567682218.05011
1567682218.30013
1567682218.55014
1567682218.80015
1567682219.05016
1567682219.30017
1567682219.55018
1567682219.8002
1567682220.05021
1567682220.30022
1567682220.55023
1567682220.80024
1567682221.05025
1567682221.30026
1567682221.55028
1567682221.80029
1567682222.0503
1567682222.30031
1567682222.55032
1567682222.80033
1567682223.05035
1567682223.30036
1567682223.55037
1567682223.80038
1567682224.05039
1567682224.3004
1567682224.55042
1567682224.80043
1567682225.05044
1567682225.30045
1567682225.55046
1567682225.80047
1567682226.05048
1567682226.3005
1567682226.55051
1567682226.80052
1567682227.05053
1567682227.30054
1567682227.55055
1567682227.80057
1567682228.05058
1567682228.30059
1567682228.5506
1567682228.80061
1567682229.05062
1567682229.30064
1567682229.55065
1567682229.80066
1567682230.05067
1567682230.30068
1567682230.55069
1567682230.8007
1567682231.05072
1567682231.30073
1567682231.55074
1567682231.80075
1567682232.05076
1567682232.30077
1567682232.55079
1567682232.8008
1567682233.05081
1567682233.30082
1567682233.55083
1567682233.80084
1567682234.05085
1567682234.30087
1567682234.55088
1567682234.80089
1567682235.0509
1567682235.30091
1567682235.55092
1567682235.80094
1567682236.05095
1567682236.30096
1567682236.55097
1567682236.80098
1567682237.05099
1567682237.30101
1567682237.55102
1567682237.80103
1567682238.05104
1567682238.30105
1567682238.55106
1567682238.80107
1567682239.05109
1567682239.3011
1567682239.55111
1567682239.80112
1567682240.05113
1567682240.30114
1567682240.55116
1567682240.80117
1567682241.05118
1567682241.30119
1567682241.5512
1567682241.80121
1567682242.05123
1567682242.30124
1567682242.55125
1567682242.80126
1567682243.05127
1567682243.30128
1567682243.55129
1567682243.80131
1567682244.05132
1567682244.30133
1567682244.55134
1567682244.80135
1567682245.05136
1567682245.30138
1567682245.55139
1567682245.8014
1567682246.05141
1567682246.30142
1567682246.55143
1567682246.80145
1567682247.05146
1567682247.30147
1567682247.55148
1567682247.80149
1567682248.0515
1567682248.30151
1567682248.55153
1567682248.80154
1567682249.05155
1567682249.30156
1567682249.55157
1567682249.80158
1567682250.0516
1567682250.30161
1567682250.55162
1567682250.80163
1567682251.05164
1567682251.30165
1567682251.55167
1567682251.80168
1567682252.05169
1567682252.3017
1567682252.55171
1567682252.80172
1567682253.05173
1567682253.30175
1567682253.55176
1567682253.80177
1567682254.05178
1567682254.30179
1567682254.5518
1567682254.80182
1567682255.05183
1567682255.30184
1567682255.55185
1567682255.80186
1567682256.05187
1567682256.30189
1567682256.5519
1567682256.80191
1567682257.05192
1567682257.30193
1567682257.55194
1567682257.80195
1567682258.05197
1567682258.30198
1567682258.55199
1567682258.802
1567682259.05201
1567682259.30202
1567682259.55204
1567682259.80205
1567682260.05206
1567682260.30207
1567682260.55208
1567682260.80209
1567682261.0521
1567682261.30212
1567682261.55213
1567682261.80214
1567682262.05215
1567682262.30216
1567682262.55217
1567682262.80219
1567682263.0522
1567682263.30221
1567682263.55222
1567682263.80223
1567682264.05224
1567682264.30226
1567682264.55227
1567682264.80228
1567682265.05229
1567682265.3023
1567682265.55231
1567682265.80233
1567682266.05234
1567682266.30235
1567682266.55236
1567682266.80237
1567682267.05238
1567682267.30239
1567682267.55241
1567682267.80242
1567682268.05243
1567682268.30244
1567682268.55245
1567682268.80246
1567682269.05248
1567682269.30249
1567682269.5525
1567682269.80251
1567682270.05252
1567682270.30253
1567682270.55254
1567682270.80256
1567682271.05257
1567682271.30258
1567682271.55259
1567682271.8026
1567682272.05261
1567682272.30263
1567682272.55264
1567682272.80265
1567682273.05266
1567682273.30267
1567682273.55268
1567682273.8027
1567682274.05271
1567682274.30272
1567682274.55273
1567682274.80274
1567682275.05275
1567682275.30276
1567682275.55278
1567682275.80279
1567682276.0528
1567682276.30281
1567682276.55282
1567682276.80283
1567682277.05285
1567682277.30286
1567682277.55287
1567682277.80288
1567682278.05289
1567682278.3029
1567682278.55292
1567682278.80293
1567682279.05294
1567682279.30295
1567682279.55296
1567682279.80297
1567682280.05298
1567682280.303
1567682280.55301
1567682280.80302
1567682281.05303
1567682281.30304
1567682281.55305
1567682281.80307
1567682282.05308
1567682282.30309
1567682282.5531
1567682282.80311
1567682283.05312
1567682283.30314
1567682283.55315
1567682283.80316
1567682284.05317
1567682284.30318
1567682284.55319
1567682284.8032
1567682285.05322
1567682285.30323
1567682285.55324
1567682285.80325
1567682286.05326
1567682286.30327
1567682286.55329
1567682286.8033
1567682287.05331
1567682287.30332
1567682287.55333
1567682287.80334
1567682288.05336
1567682288.30337
1567682288.55338
1567682288.80339
1567682289.0534
1567682289.30341
1567682289.55342
1567682289.80344
1567682290.05345
1567682290.30346
1567682290.55347
1567682290.80348
1567682291.05349
1567682291.30351
1567682291.55352
1567682291.80353
1567682292.05354
1567682292.30355
1567682292.55356
1567682292.80358
1567682293.05359
1567682293.3036
1567682293.55361
1567682293.80362
1567682294.05363
1567682294.30364
1567682294.55366
1567682294.80367
1567682295.05368
1567682295.30369
1567682295.5537
1567682295.80371
1567682296.05373
1567682296.30374
1567682296.55375
1567682296.80376
1567682297.05377
1567682297.30378
1567682297.55379
1567682297.80381
1567682298.05382
1567682298.30383
1567682298.55384
1567682298.80385
1567682299.05386
1567682299.30388
1567682299.55389
1567682299.8039
1567682300.05391
1567682300.30392
1567682300.55393
1567682300.80395
1567682301.05396
1567682301.30397
1567682301.55398
1567682301.80399
1567682302.054
1567682302.30401
1567682302.55403
1567682302.80404
1567682303.05405
1567682303.30406
1567682303.55407
1567682303.80408
1567682304.0541
1567682304.30411
1567682304.55412
1567682304.80413
1567682305.05414
1567682305.30415
1567682305.55417
1567682305.80418
1567682306.05419
1567682306.3042
1567682306.55421
1567682306.80422
1567682307.05423
1567682307.30425
1567682307.55426
1567682307.80427
1567682308.05428
1567682308.30429
1567682308.5543
1567682308.80432
1567682309.05433
1567682309.30434
1567682309.55435
1567682309.80436
1567682310.05437
1567682310.30439
1567682310.5544
1567682310.80441
1567682311.05442
1567682311.30443
1567682311.55444
1567682311.80445
1567682312.05447
1567682312.30448
1567682312.55449
1567682312.8045
1567682313.05451
1567682313.30452
1567682313.55454
1567682313.80455
1567682314.05456
1567682314.30457
1567682314.55458
1567682314.80459
1567682315.05461
1567682315.30462
1567682315.55463
1567682315.80464
1567682316.05465
1567682316.30466
1567682316.55467
1567682316.80469
1567682317.0547
1567682317.30471
1567682317.55472
1567682317.80473
1567682318.05474
1567682318.30476
1567682318.55477
1567682318.80478
1567682319.05479
1567682319.3048
1567682319.55481
1567682319.80483
1567682320.05484
1567682320.30485
1567682320.55486
1567682320.80487
1567682321.05488
1567682321.30489
1567682321.55491
1567682321.80492
1567682322.05493
1567682322.30494
1567682322.55495
1567682322.80496
1567682323.05498
1567682323.30499
1567682323.555
1567682323.80501
1567682324.05502
1567682324.30503
1567682324.55505
1567682324.80506
1567682325.05507
1567682325.30508
1567682325.55509
1567682325.8051
1567682326.05511
1567682326.30513
1567682326.55514
1567682326.80515
1567682327.05516
1567682327.30517
1567682327.55518
1567682327.8052
1567682328.05521
1567682328.30522
1567682328.55523
1567682328.80524
1567682329.05525
1567682329.30526
1567682329.55528
1567682329.80529
1567682330.0553
1567682330.30531
1567682330.55532
1567682330.80533
1567682331.05535
1567682331.30536
1567682331.55537
1567682331.80538
1567682332.05539
1567682332.3054
1567682332.55542
1567682332.80543
1567682333.05544
1567682333.30545
1567682333.55546
1567682333.80547
1567682334.05548
1567682334.3055
1567682334.55551
1567682334.80552
1567682335.05553
1567682335.30554
1567682335.55555
1567682335.80557
1567682336.05558
1567682336.30559
1567682336.5556
1567682336.80561
1567682337.05562
1567682337.30564
1567682337.55565
1567682337.80566
1567682338.05567
1567682338.30568
1567682338.55569
1567682338.8057
1567682339.05572
1567682339.30573
1567682339.55574
1567682339.80575
1567682340.05576
1567682340.30577
1567682340.55579
1567682340.8058
1567682341.05581
1567682341.30582
1567682341.55583
1567682341.80584
1567682342.05586
1567682342.30587
1567682342.55588
1567682342.80589
1567682343.0559
1567682343.30591
1567682343.55592
1567682343.80594
1567682344.05595
1567682344.30596
1567682344.55597
1567682344.80598
1567682345.05599
1567682345.30601
1567682345.55602
1567682345.80603
1567682346.05604
1567682346.30605
1567682346.55606
1567682346.80608
1567682347.05609
1567682347.3061
1567682347.55611
1567682347.80612
1567682348.05613
1567682348.30614
1567682348.55616
1567682348.80617
1567682349.05618
1567682349.30619
1567682349.5562
1567682349.80621
1567682350.05623
1567682350.30624
1567682350.55625
1567682350.80626
1567682351.05627
1567682351.30628
1567682351.5563
1567682351.80631
1567682352.05632
1567682352.30633
1567682352.55634
1567682352.80635
1567682353.05636
1567682353.30638
1567682353.55639
1567682353.8064
1567682354.05641
1567682354.30642
1567682354.55643
1567682354.80645
1567682355.05646
1567682355.30647
1567682355.55648
1567682355.80649
1567682356.0565
1567682356.30651
1567682356.55653
1567682356.80654
1567682357.05655
1567682357.30656
1567682357.55657
1567682357.80658
1567682358.0566
1567682358.30661
1567682358.55662
1567682358.80663
1567682359.05664
1567682359.30665
1567682359.55667
1567682359.80668
1567682360.05669
1567682360.3067
1567682360.55671
1567682360.80672
1567682361.05674
1567682361.30675
1567682361.55676
1567682361.80677
1567682362.05678
1567682362.30679
1567682362.5568
1567682362.80682
1567682363.05683
1567682363.30684
1567682363.55685
1567682363.80686
1567682364.05687
1567682364.30689
1567682364.5569
1567682364.80691
1567682365.05692
1567682365.30693
1567682365.55694
1567682365.80695
1567682366.05697
1567682366.30698
1567682366.55699
1567682366.807
1567682367.05701
1567682367.30702
1567682367.55704
1567682367.80705
1567682368.05706
1567682368.30707
1567682368.55708
1567682368.80709
1567682369.05711
1567682369.30712
1567682369.55713
1567682369.80714
1567682370.05715
1567682370.30716
1567682370.55717
1567682370.80719
1567682371.0572
1567682371.30721
1567682371.55722
1567682371.80723
1567682372.05724
1567682372.30726
1567682372.55727
1567682372.80728
1567682373.05729
1567682373.3073
1567682373.55731
1567682373.80733
1567682374.05734
1567682374.30735
1567682374.55736
1567682374.80737
1567682375.05738
1567682375.30739
1567682375.55741
1567682375.80742
1567682376.05743
1567682376.30744
1567682376.55745
1567682376.80746
1567682377.05748
1567682377.30749
1567682377.5575
1567682377.80751
1567682378.05752
1567682378.30753
1567682378.55755
1567682378.80756
1567682379.05757
1567682379.30758
1567682379.55759
1567682379.8076
1567682380.05761
1567682380.30763
1567682380.55764
1567682380.80765
1567682381.05766
1567682381.30767
1567682381.55768
1567682381.8077
1567682382.05771
1567682382.30772
1567682382.55773
1567682382.80774
1567682383.05775
1567682383.30777
1567682383.55778
1567682383.80779
1567682384.0578
1567682384.30781
1567682384.55782
1567682384.80783
1567682385.05785
1567682385.30786
1567682385.55787
1567682385.80788
1567682386.05789
1567682386.3079
1567682386.55792
1567682386.80793
1567682387.05794
1567682387.30795
1567682387.55796
1567682387.80797
1567682388.05799
1567682388.308
1567682388.55801
1567682388.80802
1567682389.05803
1567682389.30804
1567682389.55805
1567682389.80807
1567682390.05808
1567682390.30809
1567682390.5581
1567682390.80811
1567682391.05812
1567682391.30814
1567682391.55815
1567682391.80816
1567682392.05817
1567682392.30818
1567682392.55819
1567682392.8082
1567682393.05822
1567682393.30823
1567682393.55824
1567682393.80825
1567682394.05826
1567682394.30827
1567682394.55829
1567682394.8083
1567682395.05831
1567682395.30832
1567682395.55833
1567682395.80834
1567682396.05836
1567682396.30837
1567682396.55838
1567682396.80839
1567682397.0584
1567682397.30841
1567682397.55842
1567682397.80844
1567682398.05845
1567682398.30846
1567682398.55847
1567682398.80848
1567682399.05849
1567682399.30851
1567682399.55852
1567682399.80853
1567682400.05854
1567682400.30855
1567682400.55856
1567682400.80858
1567682401.05859
1567682401.3086
1567682401.55861
1567682401.80862
1567682402.05863
1567682402.30864
1567682402.55866
1567682402.80867
1567682403.05868
1567682403.30869
1567682403.5587
1567682403.80871
1567682404.05873
1567682404.30874
1567682404.55875
1567682404.80876
1567682405.05877
1567682405.30878
1567682405.5588
1567682405.80881
1567682406.05882
1567682406.30883
1567682406.55884
1567682406.80885
1567682407.05886
1567682407.30888
1567682407.55889
1567682407.8089
1567682408.05891
1567682408.30892
1567682408.55893
1567682408.80895
1567682409.05896
1567682409.30897
1567682409.55898
1567682409.80899
1567682410.059
1567682410.30902
1567682410.55903
1567682410.80904
1567682411.05905
1567682411.30906
1567682411.55907
1567682411.80908
1567682412.0591
1567682412.30911
1567682412.55912
1567682412.80913
1567682413.05914
1567682413.30915
1567682413.55917
1567682413.80918
1567682414.05919
