1567678527.12924
1567678527.37925
1567678527.62926
1567678527.87927
1567678528.12928
1567678528.37929
1567678528.62931
1567678528.87932
1567678529.12933
1567678529.37934
1567678529.62935
1567678529.87936
1567678530.12937
1567678530.37939
1567678530.6294
1567678530.87941
1567678531.12942
1567678531.37943
1567678531.62944
1567678531.87946
1567678532.12947
1567678532.37948
1567678532.62949
1567678532.8795
1567678533.12951
1567678533.37953
1567678533.62954
1567678533.87955
1567678534.12956
1567678534.37957
1567678534.62958
1567678534.87959
1567678535.12961
1567678535.37962
1567678535.62963
1567678535.87964
1567678536.12965
1567678536.37966
1567678536.62968
1567678536.87969
1567678537.1297
1567678537.37971
1567678537.62972
1567678537.87973
1567678538.12975
1567678538.37976
1567678538.62977
1567678538.87978
1567678539.12979
1567678539.3798
1567678539.62981
1567678539.87983
1567678540.12984
1567678540.37985
1567678540.62986
1567678540.87987
1567678541.12988
1567678541.3799
1567678541.62991
1567678541.87992
1567678542.12993
1567678542.37994
1567678542.62995
1567678542.87997
1567678543.12998
1567678543.37999
1567678543.63
1567678543.88001
1567678544.13002
1567678544.38003
1567678544.63005
1567678544.88006
1567678545.13007
1567678545.38008
1567678545.63009
1567678545.8801
1567678546.13012
1567678546.38013
1567678546.63014
1567678546.88015
1567678547.13016
1567678547.38017
1567678547.63019
1567678547.8802
1567678548.13021
1567678548.38022
1567678548.63023
1567678548.88024
1567678549.13025
1567678549.38027
1567678549.63028
1567678549.88029
1567678550.1303
1567678550.38031
1567678550.63032
1567678550.88034
1567678551.13035
1567678551.38036
1567678551.63037
1567678551.88038
1567678552.13039
1567678552.38041
1567678552.63042
1567678552.88043
1567678553.13044
1567678553.38045
1567678553.63046
1567678553.88047
1567678554.13049
1567678554.3805
1567678554.63051
1567678554.88052
1567678555.13053
1567678555.38054
1567678555.63056
1567678555.88057
1567678556.13058
1567678556.38059
1567678556.6306
1567678556.88061
1567678557.13063
1567678557.38064
1567678557.63065
1567678557.88066
1567678558.13067
1567678558.38068
1567678558.63069
1567678558.88071
1567678559.13072
1567678559.38073
1567678559.63074
1567678559.88075
1567678560.13076
1567678560.38078
1567678560.63079
1567678560.8808
1567678561.13081
1567678561.38082
1567678561.63083
1567678561.88085
1567678562.13086
1567678562.38087
1567678562.63088
1567678562.88089
1567678563.1309
1567678563.38091
1567678563.63093
1567678563.88094
1567678564.13095
1567678564.38096
1567678564.63097
1567678564.88098
1567678565.131
1567678565.38101
1567678565.63102
1567678565.88103
1567678566.13104
1567678566.38105
1567678566.63106
1567678566.88108
1567678567.13109
1567678567.3811
1567678567.63111
1567678567.88112
1567678568.13113
1567678568.38115
1567678568.63116
1567678568.88117
1567678569.13118
1567678569.38119
1567678569.6312
1567678569.88122
1567678570.13123
1567678570.38124
1567678570.63125
1567678570.88126
1567678571.13127
1567678571.38128
1567678571.6313
1567678571.88131
1567678572.13132
1567678572.38133
1567678572.63134
1567678572.88135
1567678573.13137
1567678573.38138
1567678573.63139
1567678573.8814
1567678574.13141
1567678574.38142
1567678574.63144
1567678574.88145
1567678575.13146
1567678575.38147
1567678575.63148
1567678575.88149
1567678576.1315
1567678576.38152
1567678576.63153
1567678576.88154
1567678577.13155
1567678577.38156
1567678577.63157
1567678577.88159
1567678578.1316
1567678578.38161
1567678578.63162
1567678578.88163
1567678579.13164
1567678579.38166
1567678579.63167
1567678579.88168
1567678580.13169
1567678580.3817
1567678580.63171
1567678580.88172
1567678581.13174
1567678581.38175
1567678581.63176
1567678581.88177
1567678582.13178
1567678582.38179
1567678582.63181
1567678582.88182
1567678583.13183
1567678583.38184
1567678583.63185
1567678583.88186
1567678584.13188
1567678584.38189
1567678584.6319
1567678584.88191
1567678585.13192
1567678585.38193
1567678585.63194
1567678585.88196
1567678586.13197
1567678586.38198
1567678586.63199
1567678586.882
1567678587.13201
1567678587.38203
1567678587.63204
1567678587.88205
1567678588.13206
1567678588.38207
1567678588.63208
1567678588.8821
1567678589.13211
1567678589.38212
1567678589.63213
1567678589.88214
1567678590.13215
1567678590.38216
1567678590.63218
1567678590.88219
1567678591.1322
1567678591.38221
1567678591.63222
1567678591.88223
1567678592.13225
1567678592.38226
1567678592.63227
1567678592.88228
1567678593.13229
1567678593.3823
1567678593.63231
1567678593.88233
1567678594.13234
1567678594.38235
1567678594.63236
1567678594.88237
1567678595.13238
1567678595.3824
1567678595.63241
1567678595.88242
1567678596.13243
1567678596.38244
1567678596.63245
1567678596.88247
1567678597.13248
1567678597.38249
1567678597.6325
1567678597.88251
1567678598.13252
1567678598.38253
1567678598.63255
1567678598.88256
1567678599.13257
1567678599.38258
1567678599.63259
1567678599.8826
1567678600.13262
1567678600.38263
1567678600.63264
1567678600.88265
1567678601.13266
1567678601.38267
1567678601.63269
1567678601.8827
1567678602.13271
1567678602.38272
1567678602.63273
1567678602.88274
1567678603.13275
1567678603.38277
1567678603.63278
1567678603.88279
1567678604.1328
1567678604.38281
1567678604.63282
1567678604.88284
1567678605.13285
1567678605.38286
1567678605.63287
1567678605.88288
1567678606.13289
1567678606.38291
1567678606.63292
1567678606.88293
1567678607.13294
1567678607.38295
1567678607.63296
1567678607.88297
1567678608.13299
1567678608.383
1567678608.63301
1567678608.88302
1567678609.13303
1567678609.38304
1567678609.63306
1567678609.88307
1567678610.13308
1567678610.38309
1567678610.6331
1567678610.88311
1567678611.13313
1567678611.38314
1567678611.63315
1567678611.88316
1567678612.13317
1567678612.38318
1567678612.63319
1567678612.88321
1567678613.13322
1567678613.38323
1567678613.63324
1567678613.88325
1567678614.13326
1567678614.38328
1567678614.63329
1567678614.8833
1567678615.13331
1567678615.38332
1567678615.63333
1567678615.88335
1567678616.13336
1567678616.38337
1567678616.63338
1567678616.88339
1567678617.1334
1567678617.38341
1567678617.63343
1567678617.88344
1567678618.13345
1567678618.38346
1567678618.63347
1567678618.88348
1567678619.1335
1567678619.38351
1567678619.63352
1567678619.88353
1567678620.13354
1567678620.38355
1567678620.63356
1567678620.88358
1567678621.13359
1567678621.3836
1567678621.63361
1567678621.88362
1567678622.13363
1567678622.38365
1567678622.63366
1567678622.88367
1567678623.13368
1567678623.38369
1567678623.6337
1567678623.88372
1567678624.13373
1567678624.38374
1567678624.63375
1567678624.88376
1567678625.13377
1567678625.38379
1567678625.6338
1567678625.88381
1567678626.13382
1567678626.38383
1567678626.63384
1567678626.88385
1567678627.13387
1567678627.38388
1567678627.63389
1567678627.8839
1567678628.13391
1567678628.38392
1567678628.63394
1567678628.88395
1567678629.13396
1567678629.38397
1567678629.63398
1567678629.88399
1567678630.134
1567678630.38402
1567678630.63403
1567678630.88404
1567678631.13405
1567678631.38406
1567678631.63407
1567678631.88409
1567678632.1341
1567678632.38411
1567678632.63412
1567678632.88413
1567678633.13414
1567678633.38416
1567678633.63417
1567678633.88418
1567678634.13419
1567678634.3842
1567678634.63421
1567678634.88422
1567678635.13424
1567678635.38425
1567678635.63426
1567678635.88427
1567678636.13428
1567678636.38429
1567678636.63431
1567678636.88432
1567678637.13433
1567678637.38434
1567678637.63435
1567678637.88436
1567678638.13438
1567678638.38439
1567678638.6344
1567678638.88441
1567678639.13442
1567678639.38443
1567678639.63444
1567678639.88446
1567678640.13447
1567678640.38448
1567678640.63449
1567678640.8845
1567678641.13451
1567678641.38453
1567678641.63454
1567678641.88455
1567678642.13456
1567678642.38457
1567678642.63458
1567678642.8846
1567678643.13461
1567678643.38462
1567678643.63463
1567678643.88464
1567678644.13465
1567678644.38466
1567678644.63468
1567678644.88469
1567678645.1347
1567678645.38471
1567678645.63472
1567678645.88473
1567678646.13475
1567678646.38476
1567678646.63477
1567678646.88478
1567678647.13479
1567678647.3848
1567678647.63482
1567678647.88483
1567678648.13484
1567678648.38485
1567678648.63486
1567678648.88487
1567678649.13488
1567678649.3849
1567678649.63491
1567678649.88492
1567678650.13493
1567678650.38494
1567678650.63495
1567678650.88497
1567678651.13498
1567678651.38499
1567678651.635
1567678651.88501
1567678652.13502
1567678652.38504
1567678652.63505
1567678652.88506
1567678653.13507
1567678653.38508
1567678653.63509
1567678653.8851
1567678654.13512
1567678654.38513
1567678654.63514
1567678654.88515
1567678655.13516
1567678655.38517
1567678655.63519
1567678655.8852
1567678656.13521
1567678656.38522
1567678656.63523
1567678656.88524
1567678657.13525
1567678657.38527
1567678657.63528
1567678657.88529
1567678658.1353
1567678658.38531
1567678658.63532
1567678658.88534
1567678659.13535
1567678659.38536
1567678659.63537
1567678659.88538
1567678660.13539
1567678660.38541
1567678660.63542
1567678660.88543
1567678661.13544
1567678661.38545
1567678661.63546
1567678661.88547
1567678662.13549
1567678662.3855
1567678662.63551
1567678662.88552
1567678663.13553
1567678663.38554
1567678663.63556
1567678663.88557
1567678664.13558
1567678664.38559
1567678664.6356
1567678664.88561
1567678665.13563
1567678665.38564
1567678665.63565
1567678665.88566
1567678666.13567
1567678666.38568
1567678666.63569
1567678666.88571
1567678667.13572
1567678667.38573
1567678667.63574
1567678667.88575
1567678668.13576
1567678668.38578
1567678668.63579
1567678668.8858
1567678669.13581
1567678669.38582
1567678669.63583
1567678669.88585
1567678670.13586
1567678670.38587
1567678670.63588
1567678670.88589
1567678671.1359
1567678671.38591
1567678671.63593
1567678671.88594
1567678672.13595
1567678672.38596
1567678672.63597
1567678672.88598
1567678673.136
1567678673.38601
1567678673.63602
1567678673.88603
1567678674.13604
1567678674.38605
1567678674.63607
1567678674.88608
1567678675.13609
1567678675.3861
1567678675.63611
1567678675.88612
1567678676.13613
1567678676.38615
1567678676.63616
1567678676.88617
1567678677.13618
1567678677.38619
1567678677.6362
1567678677.88622
1567678678.13623
1567678678.38624
1567678678.63625
1567678678.88626
1567678679.13627
1567678679.38629
1567678679.6363
1567678679.88631
1567678680.13632
1567678680.38633
1567678680.63634
1567678680.88635
1567678681.13637
1567678681.38638
1567678681.63639
1567678681.8864
1567678682.13641
1567678682.38642
1567678682.63644
1567678682.88645
1567678683.13646
1567678683.38647
1567678683.63648
1567678683.88649
1567678684.13651
1567678684.38652
1567678684.63653
1567678684.88654
1567678685.13655
1567678685.38656
1567678685.63657
1567678685.88659
1567678686.1366
1567678686.38661
1567678686.63662
1567678686.88663
1567678687.13664
1567678687.38666
1567678687.63667
1567678687.88668
1567678688.13669
1567678688.3867
1567678688.63671
1567678688.88672
1567678689.13674
1567678689.38675
1567678689.63676
1567678689.88677
1567678690.13678
1567678690.38679
1567678690.63681
1567678690.88682
1567678691.13683
1567678691.38684
1567678691.63685
1567678691.88686
1567678692.13688
1567678692.38689
1567678692.6369
1567678692.88691
1567678693.13692
1567678693.38693
1567678693.63694
1567678693.88696
1567678694.13697
1567678694.38698
1567678694.63699
1567678694.887
1567678695.13701
1567678695.38703
1567678695.63704
1567678695.88705
1567678696.13706
1567678696.38707
1567678696.63708
1567678696.8871
1567678697.13711
1567678697.38712
1567678697.63713
1567678697.88714
1567678698.13715
1567678698.38716
1567678698.63718
1567678698.88719
1567678699.1372
1567678699.38721
1567678699.63722
1567678699.88723
1567678700.13725
1567678700.38726
1567678700.63727
1567678700.88728
1567678701.13729
1567678701.3873
1567678701.63732
1567678701.88733
1567678702.13734
1567678702.38735
1567678702.63736
1567678702.88737
1567678703.13738
1567678703.3874
1567678703.63741
1567678703.88742
1567678704.13743
1567678704.38744
1567678704.63745
1567678704.88747
1567678705.13748
1567678705.38749
1567678705.6375
1567678705.88751
1567678706.13752
1567678706.38754
1567678706.63755
1567678706.88756
1567678707.13757
1567678707.38758
1567678707.63759
1567678707.8876
1567678708.13762
1567678708.38763
1567678708.63764
1567678708.88765
1567678709.13766
1567678709.38767
1567678709.63769
1567678709.8877
1567678710.13771
1567678710.38772
1567678710.63773
1567678710.88774
1567678711.13776
1567678711.38777
1567678711.63778
1567678711.88779
1567678712.1378
1567678712.38781
1567678712.63782
1567678712.88784
1567678713.13785
1567678713.38786
1567678713.63787
1567678713.88788
1567678714.13789
1567678714.38791
1567678714.63792
1567678714.88793
1567678715.13794
1567678715.38795
1567678715.63796
1567678715.88797
1567678716.13799
1567678716.388
1567678716.63801
1567678716.88802
1567678717.13803
1567678717.38804
1567678717.63806
1567678717.88807
1567678718.13808
1567678718.38809
1567678718.6381
1567678718.88811
1567678719.13813
1567678719.38814
1567678719.63815
1567678719.88816
1567678720.13817
1567678720.38818
1567678720.6382
1567678720.88821
1567678721.13822
1567678721.38823
1567678721.63824
1567678721.88825
1567678722.13826
1567678722.38828
1567678722.63829
1567678722.8883
1567678723.13831
1567678723.38832
1567678723.63833
1567678723.88835
1567678724.13836
1567678724.38837
1567678724.63838
1567678724.88839
1567678725.1384
1567678725.38841
1567678725.63843
1567678725.88844
1567678726.13845
1567678726.38846
1567678726.63847
1567678726.88848
1567678727.1385
1567678727.38851
1567678727.63852
1567678727.88853
1567678728.13854
1567678728.38855
1567678728.63857
1567678728.88858
1567678729.13859
1567678729.3886
1567678729.63861
1567678729.88862
1567678730.13863
1567678730.38865
1567678730.63866
1567678730.88867
1567678731.13868
1567678731.38869
1567678731.6387
1567678731.88872
1567678732.13873
1567678732.38874
1567678732.63875
1567678732.88876
1567678733.13877
1567678733.38879
1567678733.6388
1567678733.88881
1567678734.13882
1567678734.38883
1567678734.63884
1567678734.88885
1567678735.13887
1567678735.38888
1567678735.63889
1567678735.8889
1567678736.13891
1567678736.38892
1567678736.63894
1567678736.88895
1567678737.13896
1567678737.38897
1567678737.63898
1567678737.88899
1567678738.13901
1567678738.38902
1567678738.63903
1567678738.88904
1567678739.13905
1567678739.38906
1567678739.63907
1567678739.88909
1567678740.1391
1567678740.38911
1567678740.63912
1567678740.88913
1567678741.13914
1567678741.38916
1567678741.63917
1567678741.88918
1567678742.13919
1567678742.3892
1567678742.63921
1567678742.88923
1567678743.13924
1567678743.38925
1567678743.63926
1567678743.88927
1567678744.13928
1567678744.38929
1567678744.63931
1567678744.88932
1567678745.13933
1567678745.38934
1567678745.63935
1567678745.88936
1567678746.13938
1567678746.38939
1567678746.6394
1567678746.88941
1567678747.13942
1567678747.38943
1567678747.63945
1567678747.88946
1567678748.13947
1567678748.38948
1567678748.63949
1567678748.8895
1567678749.13951
1567678749.38953
1567678749.63954
1567678749.88955
1567678750.13956
1567678750.38957
1567678750.63958
1567678750.8896
1567678751.13961
1567678751.38962
1567678751.63963
1567678751.88964
1567678752.13965
1567678752.38966
1567678752.63968
1567678752.88969
1567678753.1397
1567678753.38971
1567678753.63972
1567678753.88973
1567678754.13975
1567678754.38976
1567678754.63977
1567678754.88978
1567678755.13979
1567678755.3898
1567678755.63982
1567678755.88983
1567678756.13984
1567678756.38985
1567678756.63986
1567678756.88987
1567678757.13988
1567678757.3899
1567678757.63991
1567678757.88992
1567678758.13993
1567678758.38994
1567678758.63995
1567678758.88997
1567678759.13998
1567678759.38999
1567678759.64
1567678759.89001
1567678760.14002
1567678760.39004
1567678760.64005
1567678760.89006
1567678761.14007
1567678761.39008
1567678761.64009
1567678761.8901
1567678762.14012
1567678762.39013
1567678762.64014
1567678762.89015
1567678763.14016
1567678763.39017
1567678763.64019
1567678763.8902
1567678764.14021
1567678764.39022
1567678764.64023
1567678764.89024
1567678765.14026
1567678765.39027
1567678765.64028
1567678765.89029
1567678766.1403
1567678766.39031
1567678766.64032
1567678766.89034
1567678767.14035
1567678767.39036
1567678767.64037
1567678767.89038
1567678768.14039
1567678768.39041
1567678768.64042
1567678768.89043
1567678769.14044
1567678769.39045
1567678769.64046
1567678769.89048
1567678770.14049
1567678770.3905
1567678770.64051
1567678770.89052
1567678771.14053
1567678771.39054
1567678771.64056
1567678771.89057
1567678772.14058
1567678772.39059
1567678772.6406
1567678772.89061
1567678773.14063
1567678773.39064
1567678773.64065
1567678773.89066
1567678774.14067
1567678774.39068
1567678774.6407
1567678774.89071
1567678775.14072
1567678775.39073
1567678775.64074
1567678775.89075
1567678776.14076
1567678776.39078
1567678776.64079
1567678776.8908
1567678777.14081
1567678777.39082
1567678777.64083
1567678777.89085
1567678778.14086
1567678778.39087
1567678778.64088
1567678778.89089
1567678779.1409
1567678779.39091
1567678779.64093
1567678779.89094
1567678780.14095
1567678780.39096
1567678780.64097
1567678780.89098
1567678781.141
1567678781.39101
1567678781.64102
1567678781.89103
1567678782.14104
1567678782.39105
1567678782.64107
1567678782.89108
1567678783.14109
1567678783.3911
1567678783.64111
1567678783.89112
1567678784.14113
1567678784.39115
1567678784.64116
1567678784.89117
1567678785.14118
1567678785.39119
1567678785.6412
1567678785.89122
1567678786.14123
1567678786.39124
1567678786.64125
1567678786.89126
1567678787.14127
1567678787.39129
1567678787.6413
1567678787.89131
1567678788.14132
1567678788.39133
1567678788.64134
1567678788.89135
1567678789.14137
1567678789.39138
1567678789.64139
1567678789.8914
1567678790.14141
1567678790.39142
1567678790.64144
1567678790.89145
1567678791.14146
1567678791.39147
1567678791.64148
1567678791.89149
1567678792.14151
1567678792.39152
1567678792.64153
1567678792.89154
1567678793.14155
1567678793.39156
1567678793.64157
1567678793.89159
1567678794.1416
1567678794.39161
1567678794.64162
1567678794.89163
1567678795.14164
1567678795.39166
1567678795.64167
1567678795.89168
1567678796.14169
1567678796.3917
1567678796.64171
1567678796.89173
1567678797.14174
1567678797.39175
1567678797.64176
1567678797.89177
1567678798.14178
1567678798.39179
1567678798.64181
1567678798.89182
1567678799.14183
1567678799.39184
1567678799.64185
1567678799.89186
1567678800.14188
1567678800.39189
1567678800.6419
1567678800.89191
1567678801.14192
1567678801.39193
1567678801.64195
1567678801.89196
1567678802.14197
1567678802.39198
1567678802.64199
1567678802.892
1567678803.14201
1567678803.39203
1567678803.64204
1567678803.89205
1567678804.14206
1567678804.39207
1567678804.64208
1567678804.8921
1567678805.14211
1567678805.39212
1567678805.64213
1567678805.89214
1567678806.14215
1567678806.39217
1567678806.64218
1567678806.89219
1567678807.1422
1567678807.39221
1567678807.64222
1567678807.89223
1567678808.14225
1567678808.39226
1567678808.64227
1567678808.89228
1567678809.14229
1567678809.3923
1567678809.64232
1567678809.89233
1567678810.14234
1567678810.39235
1567678810.64236
1567678810.89237
1567678811.14239
1567678811.3924
1567678811.64241
1567678811.89242
1567678812.14243
1567678812.39244
1567678812.64245
1567678812.89247
1567678813.14248
1567678813.39249
1567678813.6425
1567678813.89251
1567678814.14252
1567678814.39254
1567678814.64255
1567678814.89256
1567678815.14257
1567678815.39258
1567678815.64259
1567678815.8926
1567678816.14262
1567678816.39263
1567678816.64264
1567678816.89265
1567678817.14266
1567678817.39267
1567678817.64269
1567678817.8927
1567678818.14271
1567678818.39272
1567678818.64273
1567678818.89274
1567678819.14276
1567678819.39277
1567678819.64278
1567678819.89279
1567678820.1428
1567678820.39281
1567678820.64282
1567678820.89284
1567678821.14285
1567678821.39286
1567678821.64287
1567678821.89288
1567678822.14289
1567678822.39291
1567678822.64292
1567678822.89293
1567678823.14294
1567678823.39295
1567678823.64296
1567678823.89298
1567678824.14299
1567678824.393
1567678824.64301
1567678824.89302
1567678825.14303
1567678825.39304
1567678825.64306
1567678825.89307
1567678826.14308
1567678826.39309
1567678826.6431
1567678826.89311
1567678827.14313
1567678827.39314
1567678827.64315
1567678827.89316
1567678828.14317
1567678828.39318
1567678828.6432
1567678828.89321
1567678829.14322
1567678829.39323
1567678829.64324
1567678829.89325
1567678830.14326
1567678830.39328
1567678830.64329
1567678830.8933
1567678831.14331
1567678831.39332
1567678831.64333
1567678831.89335
1567678832.14336
1567678832.39337
1567678832.64338
1567678832.89339
1567678833.1434
1567678833.39342
1567678833.64343
1567678833.89344
1567678834.14345
1567678834.39346
1567678834.64347
1567678834.89348
1567678835.1435
1567678835.39351
1567678835.64352
1567678835.89353
1567678836.14354
1567678836.39355
1567678836.64357
1567678836.89358
1567678837.14359
1567678837.3936
1567678837.64361
1567678837.89362
1567678838.14364
1567678838.39365
1567678838.64366
1567678838.89367
1567678839.14368
1567678839.39369
1567678839.6437
1567678839.89372
1567678840.14373
1567678840.39374
1567678840.64375
1567678840.89376
1567678841.14377
1567678841.39379
1567678841.6438
1567678841.89381
1567678842.14382
1567678842.39383
1567678842.64384
1567678842.89386
1567678843.14387
1567678843.39388
1567678843.64389
1567678843.8939
1567678844.14391
1567678844.39392
1567678844.64394
1567678844.89395
1567678845.14396
1567678845.39397
1567678845.64398
1567678845.89399
1567678846.14401
1567678846.39402
1567678846.64403
1567678846.89404
1567678847.14405
1567678847.39406
1567678847.64407
1567678847.89409
1567678848.1441
1567678848.39411
1567678848.64412
1567678848.89413
1567678849.14414
1567678849.39416
1567678849.64417
1567678849.89418
1567678850.14419
1567678850.3942
1567678850.64421
1567678850.89423
1567678851.14424
1567678851.39425
1567678851.64426
1567678851.89427
1567678852.14428
1567678852.39429
1567678852.64431
1567678852.89432
1567678853.14433
1567678853.39434
1567678853.64435
1567678853.89436
1567678854.14438
1567678854.39439
1567678854.6444
1567678854.89441
1567678855.14442
1567678855.39443
1567678855.64445
1567678855.89446
1567678856.14447
1567678856.39448
1567678856.64449
1567678856.8945
1567678857.14451
1567678857.39453
1567678857.64454
1567678857.89455
1567678858.14456
1567678858.39457
1567678858.64458
1567678858.8946
1567678859.14461
1567678859.39462
1567678859.64463
1567678859.89464
1567678860.14465
1567678860.39467
1567678860.64468
1567678860.89469
1567678861.1447
1567678861.39471
1567678861.64472
1567678861.89473
1567678862.14475
1567678862.39476
1567678862.64477
1567678862.89478
1567678863.14479
1567678863.3948
1567678863.64482
1567678863.89483
1567678864.14484
1567678864.39485
1567678864.64486
1567678864.89487
1567678865.14489
1567678865.3949
1567678865.64491
1567678865.89492
1567678866.14493
1567678866.39494
1567678866.64495
1567678866.89497
1567678867.14498
1567678867.39499
1567678867.645
1567678867.89501
1567678868.14502
1567678868.39504
1567678868.64505
1567678868.89506
1567678869.14507
1567678869.39508
1567678869.64509
1567678869.89511
1567678870.14512
1567678870.39513
1567678870.64514
1567678870.89515
1567678871.14516
1567678871.39517
1567678871.64519
1567678871.8952
1567678872.14521
1567678872.39522
1567678872.64523
1567678872.89524
1567678873.14526
1567678873.39527
1567678873.64528
1567678873.89529
1567678874.1453
1567678874.39531
1567678874.64532
1567678874.89534
1567678875.14535
1567678875.39536
1567678875.64537
1567678875.89538
1567678876.14539
1567678876.39541
1567678876.64542
1567678876.89543
1567678877.14544
1567678877.39545
1567678877.64546
1567678877.89548
1567678878.14549
1567678878.3955
1567678878.64551
1567678878.89552
1567678879.14553
1567678879.39555
1567678879.64556
1567678879.89557
1567678880.14558
1567678880.39559
1567678880.6456
1567678880.89561
1567678881.14563
1567678881.39564
1567678881.64565
1567678881.89566
1567678882.14567
1567678882.39568
1567678882.6457
1567678882.89571
1567678883.14572
1567678883.39573
1567678883.64574
1567678883.89575
1567678884.14576
1567678884.39578
1567678884.64579
1567678884.8958
1567678885.14581
1567678885.39582
1567678885.64583
1567678885.89585
1567678886.14586
1567678886.39587
1567678886.64588
1567678886.89589
1567678887.1459
1567678887.39592
1567678887.64593
1567678887.89594
1567678888.14595
1567678888.39596
1567678888.64597
1567678888.89598
1567678889.146
1567678889.39601
1567678889.64602
1567678889.89603
1567678890.14604
1567678890.39605
1567678890.64607
1567678890.89608
1567678891.14609
1567678891.3961
1567678891.64611
1567678891.89612
1567678892.14614
1567678892.39615
1567678892.64616
1567678892.89617
1567678893.14618
1567678893.39619
1567678893.6462
1567678893.89622
1567678894.14623
1567678894.39624
1567678894.64625
1567678894.89626
1567678895.14627
1567678895.39629
1567678895.6463
1567678895.89631
1567678896.14632
1567678896.39633
1567678896.64634
1567678896.89636
1567678897.14637
1567678897.39638
1567678897.64639
1567678897.8964
1567678898.14641
1567678898.39642
1567678898.64644
1567678898.89645
1567678899.14646
1567678899.39647
1567678899.64648
1567678899.89649
1567678900.14651
1567678900.39652
1567678900.64653
1567678900.89654
1567678901.14655
1567678901.39656
1567678901.64657
1567678901.89659
1567678902.1466
1567678902.39661
1567678902.64662
1567678902.89663
1567678903.14664
1567678903.39666
1567678903.64667
1567678903.89668
1567678904.14669
1567678904.3967
1567678904.64671
1567678904.89673
1567678905.14674
1567678905.39675
1567678905.64676
1567678905.89677
1567678906.14678
1567678906.3968
1567678906.64681
1567678906.89682
1567678907.14683
1567678907.39684
1567678907.64685
1567678907.89686
1567678908.14688
1567678908.39689
1567678908.6469
1567678908.89691
1567678909.14692
1567678909.39693
1567678909.64695
1567678909.89696
1567678910.14697
1567678910.39698
1567678910.64699
1567678910.897
1567678911.14701
1567678911.39703
1567678911.64704
1567678911.89705
1567678912.14706
1567678912.39707
1567678912.64708
1567678912.8971
1567678913.14711
1567678913.39712
1567678913.64713
1567678913.89714
1567678914.14715
1567678914.39717
1567678914.64718
1567678914.89719
1567678915.1472
1567678915.39721
1567678915.64722
1567678915.89723
1567678916.14725
1567678916.39726
1567678916.64727
1567678916.89728
1567678917.14729
1567678917.3973
1567678917.64732
1567678917.89733
1567678918.14734
1567678918.39735
1567678918.64736
1567678918.89737
1567678919.14739
1567678919.3974
1567678919.64741
1567678919.89742
1567678920.14743
1567678920.39744
1567678920.64745
1567678920.89747
