1567678047.10701
1567678047.35702
1567678047.60704
1567678047.85705
1567678048.10706
1567678048.35707
1567678048.60708
1567678048.85709
1567678049.10711
1567678049.35712
1567678049.60713
1567678049.85714
1567678050.10715
1567678050.35716
1567678050.60717
1567678050.85719
1567678051.1072
1567678051.35721
1567678051.60722
1567678051.85723
1567678052.10724
1567678052.35726
1567678052.60727
1567678052.85728
1567678053.10729
1567678053.3573
1567678053.60731
1567678053.85733
1567678054.10734
1567678054.35735
1567678054.60736
1567678054.85737
1567678055.10738
1567678055.35739
1567678055.60741
1567678055.85742
1567678056.10743
1567678056.35744
1567678056.60745
1567678056.85746
1567678057.10748
1567678057.35749
1567678057.6075
1567678057.85751
1567678058.10752
1567678058.35753
1567678058.60754
1567678058.85756
1567678059.10757
1567678059.35758
1567678059.60759
1567678059.8576
1567678060.10761
1567678060.35763
1567678060.60764
1567678060.85765
1567678061.10766
1567678061.35767
1567678061.60768
1567678061.8577
1567678062.10771
1567678062.35772
1567678062.60773
1567678062.85774
1567678063.10775
1567678063.35776
1567678063.60778
1567678063.85779
1567678064.1078
1567678064.35781
1567678064.60782
1567678064.85783
1567678065.10785
1567678065.35786
1567678065.60787
1567678065.85788
1567678066.10789
1567678066.3579
1567678066.60792
1567678066.85793
1567678067.10794
1567678067.35795
1567678067.60796
1567678067.85797
1567678068.10798
1567678068.358
1567678068.60801
1567678068.85802
1567678069.10803
1567678069.35804
1567678069.60805
1567678069.85807
1567678070.10808
1567678070.35809
1567678070.6081
1567678070.85811
1567678071.10812
1567678071.35814
1567678071.60815
1567678071.85816
1567678072.10817
1567678072.35818
1567678072.60819
1567678072.8582
1567678073.10822
1567678073.35823
1567678073.60824
1567678073.85825
1567678074.10826
1567678074.35827
1567678074.60829
1567678074.8583
1567678075.10831
1567678075.35832
1567678075.60833
1567678075.85834
1567678076.10836
1567678076.35837
1567678076.60838
1567678076.85839
1567678077.1084
1567678077.35841
1567678077.60842
1567678077.85844
1567678078.10845
1567678078.35846
1567678078.60847
1567678078.85848
1567678079.10849
1567678079.35851
1567678079.60852
1567678079.85853
1567678080.10854
1567678080.35855
1567678080.60856
1567678080.85858
1567678081.10859
1567678081.3586
1567678081.60861
1567678081.85862
1567678082.10863
1567678082.35864
1567678082.60866
1567678082.85867
1567678083.10868
1567678083.35869
1567678083.6087
1567678083.85871
1567678084.10873
1567678084.35874
1567678084.60875
1567678084.85876
1567678085.10877
1567678085.35878
1567678085.6088
1567678085.85881
1567678086.10882
1567678086.35883
1567678086.60884
1567678086.85885
1567678087.10886
1567678087.35888
1567678087.60889
1567678087.8589
1567678088.10891
1567678088.35892
1567678088.60893
1567678088.85895
1567678089.10896
1567678089.35897
1567678089.60898
1567678089.85899
1567678090.109
1567678090.35901
1567678090.60903
1567678090.85904
1567678091.10905
1567678091.35906
1567678091.60907
1567678091.85908
1567678092.1091
1567678092.35911
1567678092.60912
1567678092.85913
1567678093.10914
1567678093.35915
1567678093.60917
1567678093.85918
1567678094.10919
1567678094.3592
1567678094.60921
1567678094.85922
1567678095.10923
1567678095.35925
1567678095.60926
1567678095.85927
1567678096.10928
1567678096.35929
1567678096.6093
1567678096.85932
1567678097.10933
1567678097.35934
1567678097.60935
1567678097.85936
1567678098.10937
1567678098.35939
1567678098.6094
1567678098.85941
1567678099.10942
1567678099.35943
1567678099.60944
1567678099.85945
1567678100.10947
1567678100.35948
1567678100.60949
1567678100.8595
1567678101.10951
1567678101.35952
1567678101.60954
1567678101.85955
1567678102.10956
1567678102.35957
1567678102.60958
1567678102.85959
1567678103.10961
1567678103.35962
1567678103.60963
1567678103.85964
1567678104.10965
1567678104.35966
1567678104.60967
1567678104.85969
1567678105.1097
1567678105.35971
1567678105.60972
1567678105.85973
1567678106.10974
1567678106.35976
1567678106.60977
1567678106.85978
1567678107.10979
1567678107.3598
1567678107.60981
1567678107.85983
1567678108.10984
1567678108.35985
1567678108.60986
1567678108.85987
1567678109.10988
1567678109.35989
1567678109.60991
1567678109.85992
1567678110.10993
1567678110.35994
1567678110.60995
1567678110.85996
1567678111.10998
1567678111.35999
1567678111.61
1567678111.86001
1567678112.11002
1567678112.36003
1567678112.61005
1567678112.86006
1567678113.11007
1567678113.36008
1567678113.61009
1567678113.8601
1567678114.11011
1567678114.36013
1567678114.61014
1567678114.86015
1567678115.11016
1567678115.36017
1567678115.61018
1567678115.8602
1567678116.11021
1567678116.36022
1567678116.61023
1567678116.86024
1567678117.11025
1567678117.36027
1567678117.61028
1567678117.86029
1567678118.1103
1567678118.36031
1567678118.61032
1567678118.86033
1567678119.11035
1567678119.36036
1567678119.61037
1567678119.86038
1567678120.11039
1567678120.3604
1567678120.61042
1567678120.86043
1567678121.11044
1567678121.36045
1567678121.61046
1567678121.86047
1567678122.11049
1567678122.3605
1567678122.61051
1567678122.86052
1567678123.11053
1567678123.36054
1567678123.61055
1567678123.86057
1567678124.11058
1567678124.36059
1567678124.6106
1567678124.86061
1567678125.11062
1567678125.36064
1567678125.61065
1567678125.86066
1567678126.11067
1567678126.36068
1567678126.61069
1567678126.8607
1567678127.11072
1567678127.36073
1567678127.61074
1567678127.86075
1567678128.11076
1567678128.36077
1567678128.61079
1567678128.8608
1567678129.11081
1567678129.36082
1567678129.61083
1567678129.86084
1567678130.11086
1567678130.36087
1567678130.61088
1567678130.86089
1567678131.1109
1567678131.36091
1567678131.61092
1567678131.86094
1567678132.11095
1567678132.36096
1567678132.61097
1567678132.86098
1567678133.11099
1567678133.36101
1567678133.61102
1567678133.86103
1567678134.11104
1567678134.36105
1567678134.61106
1567678134.86108
1567678135.11109
1567678135.3611
1567678135.61111
1567678135.86112
1567678136.11113
1567678136.36114
1567678136.61116
1567678136.86117
1567678137.11118
1567678137.36119
1567678137.6112
1567678137.86121
1567678138.11123
1567678138.36124
1567678138.61125
1567678138.86126
1567678139.11127
1567678139.36128
1567678139.6113
1567678139.86131
1567678140.11132
1567678140.36133
1567678140.61134
1567678140.86135
1567678141.11136
1567678141.36138
1567678141.61139
1567678141.8614
1567678142.11141
1567678142.36142
1567678142.61143
1567678142.86145
1567678143.11146
1567678143.36147
1567678143.61148
1567678143.86149
1567678144.1115
1567678144.36152
1567678144.61153
1567678144.86154
1567678145.11155
1567678145.36156
1567678145.61157
1567678145.86158
1567678146.1116
1567678146.36161
1567678146.61162
1567678146.86163
1567678147.11164
1567678147.36165
1567678147.61167
1567678147.86168
1567678148.11169
1567678148.3617
1567678148.61171
1567678148.86172
1567678149.11174
1567678149.36175
1567678149.61176
1567678149.86177
1567678150.11178
1567678150.36179
1567678150.6118
1567678150.86182
1567678151.11183
1567678151.36184
1567678151.61185
1567678151.86186
1567678152.11187
1567678152.36189
1567678152.6119
1567678152.86191
1567678153.11192
1567678153.36193
1567678153.61194
1567678153.86195
1567678154.11197
1567678154.36198
1567678154.61199
1567678154.862
1567678155.11201
1567678155.36202
1567678155.61204
1567678155.86205
1567678156.11206
1567678156.36207
1567678156.61208
1567678156.86209
1567678157.11211
1567678157.36212
1567678157.61213
1567678157.86214
1567678158.11215
1567678158.36216
1567678158.61217
1567678158.86219
1567678159.1122
1567678159.36221
1567678159.61222
1567678159.86223
1567678160.11224
1567678160.36226
1567678160.61227
1567678160.86228
1567678161.11229
1567678161.3623
1567678161.61231
1567678161.86233
1567678162.11234
1567678162.36235
1567678162.61236
1567678162.86237
1567678163.11238
1567678163.36239
1567678163.61241
1567678163.86242
1567678164.11243
1567678164.36244
1567678164.61245
1567678164.86246
1567678165.11248
1567678165.36249
1567678165.6125
1567678165.86251
1567678166.11252
1567678166.36253
1567678166.61255
1567678166.86256
1567678167.11257
1567678167.36258
1567678167.61259
1567678167.8626
1567678168.11261
1567678168.36263
1567678168.61264
1567678168.86265
1567678169.11266
1567678169.36267
1567678169.61268
1567678169.8627
1567678170.11271
1567678170.36272
1567678170.61273
1567678170.86274
1567678171.11275
1567678171.36277
1567678171.61278
1567678171.86279
1567678172.1128
1567678172.36281
1567678172.61282
1567678172.86283
1567678173.11285
1567678173.36286
1567678173.61287
1567678173.86288
1567678174.11289
1567678174.3629
1567678174.61292
1567678174.86293
1567678175.11294
1567678175.36295
1567678175.61296
1567678175.86297
1567678176.11299
1567678176.363
1567678176.61301
1567678176.86302
1567678177.11303
1567678177.36304
1567678177.61305
1567678177.86307
1567678178.11308
1567678178.36309
1567678178.6131
1567678178.86311
1567678179.11312
1567678179.36314
1567678179.61315
1567678179.86316
1567678180.11317
1567678180.36318
1567678180.61319
1567678180.8632
1567678181.11322
1567678181.36323
1567678181.61324
1567678181.86325
1567678182.11326
1567678182.36327
1567678182.61329
1567678182.8633
1567678183.11331
1567678183.36332
1567678183.61333
1567678183.86334
1567678184.11336
1567678184.36337
1567678184.61338
1567678184.86339
1567678185.1134
1567678185.36341
1567678185.61343
1567678185.86344
1567678186.11345
1567678186.36346
1567678186.61347
1567678186.86348
1567678187.11349
1567678187.36351
1567678187.61352
1567678187.86353
1567678188.11354
1567678188.36355
1567678188.61356
1567678188.86358
1567678189.11359
1567678189.3636
1567678189.61361
1567678189.86362
1567678190.11363
1567678190.36364
1567678190.61366
1567678190.86367
1567678191.11368
1567678191.36369
1567678191.6137
1567678191.86371
1567678192.11373
1567678192.36374
1567678192.61375
1567678192.86376
1567678193.11377
1567678193.36378
1567678193.6138
1567678193.86381
1567678194.11382
1567678194.36383
1567678194.61384
1567678194.86385
1567678195.11386
1567678195.36388
1567678195.61389
1567678195.8639
1567678196.11391
1567678196.36392
1567678196.61393
1567678196.86395
1567678197.11396
1567678197.36397
1567678197.61398
1567678197.86399
1567678198.114
1567678198.36402
1567678198.61403
1567678198.86404
1567678199.11405
1567678199.36406
1567678199.61407
1567678199.86408
1567678200.1141
1567678200.36411
1567678200.61412
1567678200.86413
1567678201.11414
1567678201.36415
1567678201.61417
1567678201.86418
1567678202.11419
1567678202.3642
1567678202.61421
1567678202.86422
1567678203.11424
1567678203.36425
1567678203.61426
1567678203.86427
1567678204.11428
1567678204.36429
1567678204.6143
1567678204.86432
1567678205.11433
1567678205.36434
1567678205.61435
1567678205.86436
1567678206.11437
1567678206.36439
1567678206.6144
1567678206.86441
1567678207.11442
1567678207.36443
1567678207.61444
1567678207.86446
1567678208.11447
1567678208.36448
1567678208.61449
1567678208.8645
1567678209.11451
1567678209.36452
1567678209.61454
1567678209.86455
1567678210.11456
1567678210.36457
1567678210.61458
1567678210.86459
1567678211.11461
1567678211.36462
1567678211.61463
1567678211.86464
1567678212.11465
1567678212.36466
1567678212.61468
1567678212.86469
1567678213.1147
1567678213.36471
1567678213.61472
1567678213.86473
1567678214.11474
1567678214.36476
1567678214.61477
1567678214.86478
1567678215.11479
1567678215.3648
1567678215.61481
1567678215.86483
1567678216.11484
1567678216.36485
1567678216.61486
1567678216.86487
1567678217.11488
1567678217.36489
1567678217.61491
1567678217.86492
1567678218.11493
1567678218.36494
1567678218.61495
1567678218.86496
1567678219.11498
1567678219.36499
1567678219.615
1567678219.86501
1567678220.11502
1567678220.36503
1567678220.61505
1567678220.86506
1567678221.11507
1567678221.36508
1567678221.61509
1567678221.8651
1567678222.11511
1567678222.36513
1567678222.61514
1567678222.86515
1567678223.11516
1567678223.36517
1567678223.61518
1567678223.8652
1567678224.11521
1567678224.36522
1567678224.61523
1567678224.86524
1567678225.11525
1567678225.36527
1567678225.61528
1567678225.86529
1567678226.1153
1567678226.36531
1567678226.61532
1567678226.86533
1567678227.11535
1567678227.36536
1567678227.61537
1567678227.86538
1567678228.11539
1567678228.3654
1567678228.61542
1567678228.86543
1567678229.11544
1567678229.36545
1567678229.61546
1567678229.86547
1567678230.11549
1567678230.3655
1567678230.61551
1567678230.86552
1567678231.11553
1567678231.36554
1567678231.61555
1567678231.86557
1567678232.11558
1567678232.36559
1567678232.6156
1567678232.86561
1567678233.11562
1567678233.36564
1567678233.61565
1567678233.86566
1567678234.11567
1567678234.36568
1567678234.61569
1567678234.86571
1567678235.11572
1567678235.36573
1567678235.61574
1567678235.86575
1567678236.11576
1567678236.36577
1567678236.61579
1567678236.8658
1567678237.11581
1567678237.36582
1567678237.61583
1567678237.86584
1567678238.11586
1567678238.36587
1567678238.61588
1567678238.86589
1567678239.1159
1567678239.36591
1567678239.61593
1567678239.86594
1567678240.11595
1567678240.36596
1567678240.61597
1567678240.86598
1567678241.11599
1567678241.36601
1567678241.61602
1567678241.86603
1567678242.11604
1567678242.36605
1567678242.61606
1567678242.86608
1567678243.11609
1567678243.3661
1567678243.61611
1567678243.86612
1567678244.11613
1567678244.36615
1567678244.61616
1567678244.86617
1567678245.11618
1567678245.36619
1567678245.6162
1567678245.86621
1567678246.11623
1567678246.36624
1567678246.61625
1567678246.86626
1567678247.11627
1567678247.36628
1567678247.6163
1567678247.86631
1567678248.11632
1567678248.36633
1567678248.61634
1567678248.86635
1567678249.11636
1567678249.36638
1567678249.61639
1567678249.8664
1567678250.11641
1567678250.36642
1567678250.61643
1567678250.86645
1567678251.11646
1567678251.36647
1567678251.61648
1567678251.86649
1567678252.1165
1567678252.36652
1567678252.61653
1567678252.86654
1567678253.11655
1567678253.36656
1567678253.61657
1567678253.86658
1567678254.1166
1567678254.36661
1567678254.61662
1567678254.86663
1567678255.11664
1567678255.36665
1567678255.61667
1567678255.86668
1567678256.11669
1567678256.3667
1567678256.61671
1567678256.86672
1567678257.11674
1567678257.36675
1567678257.61676
1567678257.86677
1567678258.11678
1567678258.36679
1567678258.6168
1567678258.86682
1567678259.11683
1567678259.36684
1567678259.61685
1567678259.86686
1567678260.11687
1567678260.36689
1567678260.6169
1567678260.86691
1567678261.11692
1567678261.36693
1567678261.61694
1567678261.86696
1567678262.11697
1567678262.36698
1567678262.61699
1567678262.867
1567678263.11701
1567678263.36702
1567678263.61704
1567678263.86705
1567678264.11706
1567678264.36707
1567678264.61708
1567678264.86709
1567678265.11711
1567678265.36712
1567678265.61713
1567678265.86714
1567678266.11715
1567678266.36716
1567678266.61718
1567678266.86719
1567678267.1172
1567678267.36721
1567678267.61722
1567678267.86723
1567678268.11724
1567678268.36726
1567678268.61727
1567678268.86728
1567678269.11729
1567678269.3673
1567678269.61731
1567678269.86733
1567678270.11734
1567678270.36735
1567678270.61736
1567678270.86737
1567678271.11738
1567678271.3674
1567678271.61741
1567678271.86742
1567678272.11743
1567678272.36744
1567678272.61745
1567678272.86746
1567678273.11748
1567678273.36749
1567678273.6175
1567678273.86751
1567678274.11752
1567678274.36753
1567678274.61755
1567678274.86756
1567678275.11757
1567678275.36758
1567678275.61759
1567678275.8676
1567678276.11761
1567678276.36763
1567678276.61764
1567678276.86765
1567678277.11766
1567678277.36767
1567678277.61768
1567678277.8677
1567678278.11771
1567678278.36772
1567678278.61773
1567678278.86774
1567678279.11775
1567678279.36777
1567678279.61778
1567678279.86779
1567678280.1178
1567678280.36781
1567678280.61782
1567678280.86784
1567678281.11785
1567678281.36786
1567678281.61787
1567678281.86788
1567678282.11789
1567678282.3679
1567678282.61792
1567678282.86793
1567678283.11794
1567678283.36795
1567678283.61796
1567678283.86797
1567678284.11799
1567678284.368
1567678284.61801
1567678284.86802
1567678285.11803
1567678285.36804
1567678285.61805
1567678285.86807
1567678286.11808
1567678286.36809
1567678286.6181
1567678286.86811
1567678287.11812
1567678287.36814
1567678287.61815
1567678287.86816
1567678288.11817
1567678288.36818
1567678288.61819
1567678288.86821
1567678289.11822
1567678289.36823
1567678289.61824
1567678289.86825
1567678290.11826
1567678290.36827
1567678290.61829
1567678290.8683
1567678291.11831
1567678291.36832
1567678291.61833
1567678291.86834
1567678292.11836
1567678292.36837
1567678292.61838
1567678292.86839
1567678293.1184
1567678293.36841
1567678293.61843
1567678293.86844
1567678294.11845
1567678294.36846
1567678294.61847
1567678294.86848
1567678295.11849
1567678295.36851
1567678295.61852
1567678295.86853
1567678296.11854
1567678296.36855
1567678296.61856
1567678296.86858
1567678297.11859
1567678297.3686
1567678297.61861
1567678297.86862
1567678298.11863
1567678298.36865
1567678298.61866
1567678298.86867
1567678299.11868
1567678299.36869
1567678299.6187
1567678299.86871
1567678300.11873
1567678300.36874
1567678300.61875
1567678300.86876
1567678301.11877
1567678301.36878
1567678301.6188
1567678301.86881
1567678302.11882
1567678302.36883
1567678302.61884
1567678302.86885
1567678303.11887
1567678303.36888
1567678303.61889
1567678303.8689
1567678304.11891
1567678304.36892
1567678304.61893
1567678304.86895
1567678305.11896
1567678305.36897
1567678305.61898
1567678305.86899
1567678306.119
1567678306.36902
1567678306.61903
1567678306.86904
1567678307.11905
1567678307.36906
1567678307.61907
1567678307.86909
1567678308.1191
1567678308.36911
1567678308.61912
1567678308.86913
1567678309.11914
1567678309.36915
1567678309.61917
1567678309.86918
1567678310.11919
1567678310.3692
1567678310.61921
1567678310.86922
1567678311.11924
1567678311.36925
1567678311.61926
1567678311.86927
1567678312.11928
1567678312.36929
1567678312.6193
1567678312.86932
1567678313.11933
1567678313.36934
1567678313.61935
1567678313.86936
1567678314.11937
1567678314.36939
1567678314.6194
1567678314.86941
1567678315.11942
1567678315.36943
1567678315.61944
1567678315.86946
1567678316.11947
1567678316.36948
1567678316.61949
1567678316.8695
1567678317.11951
1567678317.36952
1567678317.61954
1567678317.86955
1567678318.11956
1567678318.36957
1567678318.61958
1567678318.86959
1567678319.11961
1567678319.36962
1567678319.61963
1567678319.86964
1567678320.11965
1567678320.36966
1567678320.61968
1567678320.86969
1567678321.1197
1567678321.36971
1567678321.61972
1567678321.86973
1567678322.11974
1567678322.36976
1567678322.61977
1567678322.86978
1567678323.11979
1567678323.3698
1567678323.61981
1567678323.86983
1567678324.11984
1567678324.36985
1567678324.61986
1567678324.86987
1567678325.11988
1567678325.3699
1567678325.61991
1567678325.86992
1567678326.11993
1567678326.36994
1567678326.61995
1567678326.86996
1567678327.11998
1567678327.36999
1567678327.62
1567678327.87001
1567678328.12002
1567678328.37003
1567678328.62005
1567678328.87006
1567678329.12007
1567678329.37008
1567678329.62009
1567678329.8701
1567678330.12012
1567678330.37013
1567678330.62014
1567678330.87015
1567678331.12016
1567678331.37017
1567678331.62018
1567678331.8702
1567678332.12021
1567678332.37022
1567678332.62023
1567678332.87024
1567678333.12025
1567678333.37027
1567678333.62028
1567678333.87029
1567678334.1203
1567678334.37031
1567678334.62032
1567678334.87034
1567678335.12035
1567678335.37036
1567678335.62037
1567678335.87038
1567678336.12039
1567678336.3704
1567678336.62042
1567678336.87043
1567678337.12044
1567678337.37045
1567678337.62046
1567678337.87047
1567678338.12049
1567678338.3705
1567678338.62051
1567678338.87052
1567678339.12053
1567678339.37054
1567678339.62055
1567678339.87057
1567678340.12058
1567678340.37059
1567678340.6206
1567678340.87061
1567678341.12062
1567678341.37064
1567678341.62065
1567678341.87066
1567678342.12067
1567678342.37068
1567678342.62069
1567678342.87071
1567678343.12072
1567678343.37073
1567678343.62074
1567678343.87075
1567678344.12076
1567678344.37077
1567678344.62079
1567678344.8708
1567678345.12081
1567678345.37082
1567678345.62083
1567678345.87084
1567678346.12086
1567678346.37087
1567678346.62088
1567678346.87089
