1567679628.18021
1567679628.43022
1567679628.68023
1567679628.93025
1567679629.18026
1567679629.43027
1567679629.68028
1567679629.93029
1567679630.1803
1567679630.43032
1567679630.68033
1567679630.93034
1567679631.18035
1567679631.43036
1567679631.68037
1567679631.93038
1567679632.1804
1567679632.43041
1567679632.68042
1567679632.93043
1567679633.18044
1567679633.43045
1567679633.68047
1567679633.93048
1567679634.18049
1567679634.4305
1567679634.68051
1567679634.93052
1567679635.18054
1567679635.43055
1567679635.68056
1567679635.93057
1567679636.18058
1567679636.43059
1567679636.6806
1567679636.93062
1567679637.18063
1567679637.43064
1567679637.68065
1567679637.93066
1567679638.18067
1567679638.43069
1567679638.6807
1567679638.93071
1567679639.18072
1567679639.43073
1567679639.68074
1567679639.93076
1567679640.18077
1567679640.43078
1567679640.68079
1567679640.9308
1567679641.18081
1567679641.43082
1567679641.68084
1567679641.93085
1567679642.18086
1567679642.43087
1567679642.68088
1567679642.93089
1567679643.18091
1567679643.43092
1567679643.68093
1567679643.93094
1567679644.18095
1567679644.43096
1567679644.68098
1567679644.93099
1567679645.181
1567679645.43101
1567679645.68102
1567679645.93103
1567679646.18104
1567679646.43106
1567679646.68107
1567679646.93108
1567679647.18109
1567679647.4311
1567679647.68111
1567679647.93113
1567679648.18114
1567679648.43115
1567679648.68116
1567679648.93117
1567679649.18118
1567679649.4312
1567679649.68121
1567679649.93122
1567679650.18123
1567679650.43124
1567679650.68125
1567679650.93126
1567679651.18128
1567679651.43129
1567679651.6813
1567679651.93131
1567679652.18132
1567679652.43133
1567679652.68135
1567679652.93136
1567679653.18137
1567679653.43138
1567679653.68139
1567679653.9314
1567679654.18142
1567679654.43143
1567679654.68144
1567679654.93145
1567679655.18146
1567679655.43147
1567679655.68148
1567679655.9315
1567679656.18151
1567679656.43152
1567679656.68153
1567679656.93154
1567679657.18155
1567679657.43157
1567679657.68158
1567679657.93159
1567679658.1816
1567679658.43161
1567679658.68162
1567679658.93163
1567679659.18165
1567679659.43166
1567679659.68167
1567679659.93168
1567679660.18169
1567679660.4317
1567679660.68172
1567679660.93173
1567679661.18174
1567679661.43175
1567679661.68176
1567679661.93177
1567679662.18179
1567679662.4318
1567679662.68181
1567679662.93182
1567679663.18183
1567679663.43184
1567679663.68185
1567679663.93187
1567679664.18188
1567679664.43189
1567679664.6819
1567679664.93191
1567679665.18192
1567679665.43194
1567679665.68195
1567679665.93196
1567679666.18197
1567679666.43198
1567679666.68199
1567679666.93201
1567679667.18202
1567679667.43203
1567679667.68204
1567679667.93205
1567679668.18206
1567679668.43207
1567679668.68209
1567679668.9321
1567679669.18211
1567679669.43212
1567679669.68213
1567679669.93214
1567679670.18216
1567679670.43217
1567679670.68218
1567679670.93219
1567679671.1822
1567679671.43221
1567679671.68223
1567679671.93224
1567679672.18225
1567679672.43226
1567679672.68227
1567679672.93228
1567679673.18229
1567679673.43231
1567679673.68232
1567679673.93233
1567679674.18234
1567679674.43235
1567679674.68236
1567679674.93238
1567679675.18239
1567679675.4324
1567679675.68241
1567679675.93242
1567679676.18243
1567679676.43245
1567679676.68246
1567679676.93247
1567679677.18248
1567679677.43249
1567679677.6825
1567679677.93251
1567679678.18253
1567679678.43254
1567679678.68255
1567679678.93256
1567679679.18257
1567679679.43258
1567679679.6826
1567679679.93261
1567679680.18262
1567679680.43263
1567679680.68264
1567679680.93265
1567679681.18267
1567679681.43268
1567679681.68269
1567679681.9327
1567679682.18271
1567679682.43272
1567679682.68273
1567679682.93275
1567679683.18276
1567679683.43277
1567679683.68278
1567679683.93279
1567679684.1828
1567679684.43282
1567679684.68283
1567679684.93284
1567679685.18285
1567679685.43286
1567679685.68287
1567679685.93289
1567679686.1829
1567679686.43291
1567679686.68292
1567679686.93293
1567679687.18294
1567679687.43295
1567679687.68297
1567679687.93298
1567679688.18299
1567679688.433
1567679688.68301
1567679688.93302
1567679689.18304
1567679689.43305
1567679689.68306
1567679689.93307
1567679690.18308
1567679690.43309
1567679690.6831
1567679690.93312
1567679691.18313
1567679691.43314
1567679691.68315
1567679691.93316
1567679692.18317
1567679692.43319
1567679692.6832
1567679692.93321
1567679693.18322
1567679693.43323
1567679693.68324
1567679693.93326
1567679694.18327
1567679694.43328
1567679694.68329
1567679694.9333
1567679695.18331
1567679695.43332
1567679695.68334
1567679695.93335
1567679696.18336
1567679696.43337
1567679696.68338
1567679696.93339
1567679697.18341
1567679697.43342
1567679697.68343
1567679697.93344
1567679698.18345
1567679698.43346
1567679698.68348
1567679698.93349
1567679699.1835
1567679699.43351
1567679699.68352
1567679699.93353
1567679700.18354
1567679700.43356
1567679700.68357
1567679700.93358
1567679701.18359
1567679701.4336
1567679701.68361
1567679701.93363
1567679702.18364
1567679702.43365
1567679702.68366
1567679702.93367
1567679703.18368
1567679703.4337
1567679703.68371
1567679703.93372
1567679704.18373
1567679704.43374
1567679704.68375
1567679704.93376
1567679705.18378
1567679705.43379
1567679705.6838
1567679705.93381
1567679706.18382
1567679706.43383
1567679706.68385
1567679706.93386
1567679707.18387
1567679707.43388
1567679707.68389
1567679707.9339
1567679708.18392
1567679708.43393
1567679708.68394
1567679708.93395
1567679709.18396
1567679709.43397
1567679709.68398
1567679709.934
1567679710.18401
1567679710.43402
1567679710.68403
1567679710.93404
1567679711.18405
1567679711.43407
1567679711.68408
1567679711.93409
1567679712.1841
1567679712.43411
1567679712.68412
1567679712.93414
1567679713.18415
1567679713.43416
1567679713.68417
1567679713.93418
1567679714.18419
1567679714.4342
1567679714.68422
1567679714.93423
1567679715.18424
1567679715.43425
1567679715.68426
1567679715.93427
1567679716.18429
1567679716.4343
1567679716.68431
1567679716.93432
1567679717.18433
1567679717.43434
1567679717.68436
1567679717.93437
1567679718.18438
1567679718.43439
1567679718.6844
1567679718.93441
1567679719.18442
1567679719.43444
1567679719.68445
1567679719.93446
1567679720.18447
1567679720.43448
1567679720.68449
1567679720.93451
1567679721.18452
1567679721.43453
1567679721.68454
1567679721.93455
1567679722.18456
1567679722.43458
1567679722.68459
1567679722.9346
1567679723.18461
1567679723.43462
1567679723.68463
1567679723.93464
1567679724.18466
1567679724.43467
1567679724.68468
1567679724.93469
1567679725.1847
1567679725.43471
1567679725.68473
1567679725.93474
1567679726.18475
1567679726.43476
1567679726.68477
1567679726.93478
1567679727.18479
1567679727.43481
1567679727.68482
1567679727.93483
1567679728.18484
1567679728.43485
1567679728.68486
1567679728.93488
1567679729.18489
1567679729.4349
1567679729.68491
1567679729.93492
1567679730.18493
1567679730.43495
1567679730.68496
1567679730.93497
1567679731.18498
1567679731.43499
1567679731.685
1567679731.93501
1567679732.18503
1567679732.43504
1567679732.68505
1567679732.93506
1567679733.18507
1567679733.43508
1567679733.6851
1567679733.93511
1567679734.18512
1567679734.43513
1567679734.68514
1567679734.93515
1567679735.18517
1567679735.43518
1567679735.68519
1567679735.9352
1567679736.18521
1567679736.43522
1567679736.68523
1567679736.93525
1567679737.18526
1567679737.43527
1567679737.68528
1567679737.93529
1567679738.1853
1567679738.43532
1567679738.68533
1567679738.93534
1567679739.18535
1567679739.43536
1567679739.68537
1567679739.93539
1567679740.1854
1567679740.43541
1567679740.68542
1567679740.93543
1567679741.18544
1567679741.43545
1567679741.68547
1567679741.93548
1567679742.18549
1567679742.4355
1567679742.68551
1567679742.93552
1567679743.18554
1567679743.43555
1567679743.68556
1567679743.93557
1567679744.18558
1567679744.43559
1567679744.68561
1567679744.93562
1567679745.18563
1567679745.43564
1567679745.68565
1567679745.93566
1567679746.18567
1567679746.43569
1567679746.6857
1567679746.93571
1567679747.18572
1567679747.43573
1567679747.68574
1567679747.93576
1567679748.18577
1567679748.43578
1567679748.68579
1567679748.9358
1567679749.18581
1567679749.43583
1567679749.68584
1567679749.93585
1567679750.18586
1567679750.43587
1567679750.68588
1567679750.93589
1567679751.18591
1567679751.43592
1567679751.68593
1567679751.93594
1567679752.18595
1567679752.43596
1567679752.68598
1567679752.93599
1567679753.186
1567679753.43601
1567679753.68602
1567679753.93603
1567679754.18604
1567679754.43606
1567679754.68607
1567679754.93608
1567679755.18609
1567679755.4361
1567679755.68611
1567679755.93613
1567679756.18614
1567679756.43615
1567679756.68616
1567679756.93617
1567679757.18618
1567679757.4362
1567679757.68621
1567679757.93622
1567679758.18623
1567679758.43624
1567679758.68625
1567679758.93626
1567679759.18628
1567679759.43629
1567679759.6863
1567679759.93631
1567679760.18632
1567679760.43633
1567679760.68635
1567679760.93636
1567679761.18637
1567679761.43638
1567679761.68639
1567679761.9364
1567679762.18642
1567679762.43643
1567679762.68644
1567679762.93645
1567679763.18646
1567679763.43647
1567679763.68648
1567679763.9365
1567679764.18651
1567679764.43652
1567679764.68653
1567679764.93654
1567679765.18655
1567679765.43657
1567679765.68658
1567679765.93659
1567679766.1866
1567679766.43661
1567679766.68662
1567679766.93664
1567679767.18665
1567679767.43666
1567679767.68667
1567679767.93668
1567679768.18669
1567679768.4367
1567679768.68672
1567679768.93673
1567679769.18674
1567679769.43675
1567679769.68676
1567679769.93677
1567679770.18679
1567679770.4368
1567679770.68681
1567679770.93682
1567679771.18683
1567679771.43684
1567679771.68686
1567679771.93687
1567679772.18688
1567679772.43689
1567679772.6869
1567679772.93691
1567679773.18692
1567679773.43694
1567679773.68695
1567679773.93696
1567679774.18697
1567679774.43698
1567679774.68699
1567679774.93701
1567679775.18702
1567679775.43703
1567679775.68704
1567679775.93705
1567679776.18706
1567679776.43708
1567679776.68709
1567679776.9371
1567679777.18711
1567679777.43712
1567679777.68713
1567679777.93714
1567679778.18716
1567679778.43717
1567679778.68718
1567679778.93719
1567679779.1872
1567679779.43721
1567679779.68723
1567679779.93724
1567679780.18725
1567679780.43726
1567679780.68727
1567679780.93728
1567679781.18729
1567679781.43731
1567679781.68732
1567679781.93733
1567679782.18734
1567679782.43735
1567679782.68736
1567679782.93738
1567679783.18739
1567679783.4374
1567679783.68741
1567679783.93742
1567679784.18743
1567679784.43745
1567679784.68746
1567679784.93747
1567679785.18748
1567679785.43749
1567679785.6875
1567679785.93752
1567679786.18753
1567679786.43754
1567679786.68755
1567679786.93756
1567679787.18757
1567679787.43758
1567679787.6876
1567679787.93761
1567679788.18762
1567679788.43763
1567679788.68764
1567679788.93765
1567679789.18767
1567679789.43768
1567679789.68769
1567679789.9377
1567679790.18771
1567679790.43772
1567679790.68773
1567679790.93775
1567679791.18776
1567679791.43777
1567679791.68778
1567679791.93779
1567679792.1878
1567679792.43782
1567679792.68783
1567679792.93784
1567679793.18785
1567679793.43786
1567679793.68787
1567679793.93789
1567679794.1879
1567679794.43791
1567679794.68792
1567679794.93793
1567679795.18794
1567679795.43795
1567679795.68797
1567679795.93798
1567679796.18799
1567679796.438
1567679796.68801
1567679796.93802
1567679797.18804
1567679797.43805
1567679797.68806
1567679797.93807
1567679798.18808
1567679798.43809
1567679798.68811
1567679798.93812
1567679799.18813
1567679799.43814
1567679799.68815
1567679799.93816
1567679800.18817
1567679800.43819
1567679800.6882
1567679800.93821
1567679801.18822
1567679801.43823
1567679801.68824
1567679801.93826
1567679802.18827
1567679802.43828
1567679802.68829
1567679802.9383
1567679803.18831
1567679803.43833
1567679803.68834
1567679803.93835
1567679804.18836
1567679804.43837
1567679804.68838
1567679804.93839
1567679805.18841
1567679805.43842
1567679805.68843
1567679805.93844
1567679806.18845
1567679806.43846
1567679806.68848
1567679806.93849
1567679807.1885
1567679807.43851
1567679807.68852
1567679807.93853
1567679808.18855
1567679808.43856
1567679808.68857
1567679808.93858
1567679809.18859
1567679809.4386
1567679809.68861
1567679809.93863
1567679810.18864
1567679810.43865
1567679810.68866
1567679810.93867
1567679811.18868
1567679811.4387
1567679811.68871
1567679811.93872
1567679812.18873
1567679812.43874
1567679812.68875
1567679812.93877
1567679813.18878
1567679813.43879
1567679813.6888
1567679813.93881
1567679814.18882
1567679814.43883
1567679814.68885
1567679814.93886
1567679815.18887
1567679815.43888
1567679815.68889
1567679815.9389
1567679816.18892
1567679816.43893
1567679816.68894
1567679816.93895
1567679817.18896
1567679817.43897
1567679817.68898
1567679817.939
1567679818.18901
1567679818.43902
1567679818.68903
1567679818.93904
1567679819.18905
1567679819.43907
1567679819.68908
1567679819.93909
1567679820.1891
1567679820.43911
1567679820.68912
1567679820.93914
1567679821.18915
1567679821.43916
1567679821.68917
1567679821.93918
1567679822.18919
1567679822.4392
1567679822.68922
1567679822.93923
1567679823.18924
1567679823.43925
1567679823.68926
1567679823.93927
1567679824.18929
1567679824.4393
1567679824.68931
1567679824.93932
1567679825.18933
1567679825.43934
1567679825.68936
1567679825.93937
1567679826.18938
1567679826.43939
1567679826.6894
1567679826.93941
1567679827.18942
1567679827.43944
1567679827.68945
1567679827.93946
1567679828.18947
1567679828.43948
1567679828.68949
1567679828.93951
1567679829.18952
1567679829.43953
1567679829.68954
1567679829.93955
1567679830.18956
1567679830.43958
1567679830.68959
1567679830.9396
1567679831.18961
1567679831.43962
1567679831.68963
1567679831.93964
1567679832.18966
1567679832.43967
1567679832.68968
1567679832.93969
1567679833.1897
1567679833.43971
1567679833.68973
1567679833.93974
1567679834.18975
1567679834.43976
1567679834.68977
1567679834.93978
1567679835.1898
1567679835.43981
1567679835.68982
1567679835.93983
1567679836.18984
1567679836.43985
1567679836.68986
1567679836.93988
1567679837.18989
1567679837.4399
1567679837.68991
1567679837.93992
1567679838.18993
1567679838.43995
1567679838.68996
1567679838.93997
1567679839.18998
1567679839.43999
1567679839.69
1567679839.94002
1567679840.19003
1567679840.44004
1567679840.69005
1567679840.94006
1567679841.19007
1567679841.44008
1567679841.6901
1567679841.94011
1567679842.19012
1567679842.44013
1567679842.69014
1567679842.94015
1567679843.19017
1567679843.44018
1567679843.69019
1567679843.9402
1567679844.19021
1567679844.44022
1567679844.69024
1567679844.94025
1567679845.19026
1567679845.44027
1567679845.69028
1567679845.94029
1567679846.1903
1567679846.44032
1567679846.69033
1567679846.94034
1567679847.19035
1567679847.44036
1567679847.69037
1567679847.94039
1567679848.1904
1567679848.44041
1567679848.69042
1567679848.94043
1567679849.19044
1567679849.44045
1567679849.69047
1567679849.94048
1567679850.19049
1567679850.4405
1567679850.69051
1567679850.94052
1567679851.19054
1567679851.44055
1567679851.69056
1567679851.94057
1567679852.19058
1567679852.44059
1567679852.69061
1567679852.94062
1567679853.19063
1567679853.44064
1567679853.69065
1567679853.94066
1567679854.19067
1567679854.44069
1567679854.6907
1567679854.94071
1567679855.19072
1567679855.44073
1567679855.69074
1567679855.94076
1567679856.19077
1567679856.44078
1567679856.69079
1567679856.9408
1567679857.19081
1567679857.44083
1567679857.69084
1567679857.94085
1567679858.19086
1567679858.44087
1567679858.69088
1567679858.94089
1567679859.19091
1567679859.44092
1567679859.69093
1567679859.94094
1567679860.19095
1567679860.44096
1567679860.69098
1567679860.94099
1567679861.191
1567679861.44101
1567679861.69102
1567679861.94103
1567679862.19105
1567679862.44106
1567679862.69107
1567679862.94108
1567679863.19109
1567679863.4411
1567679863.69111
1567679863.94113
1567679864.19114
1567679864.44115
1567679864.69116
1567679864.94117
1567679865.19118
1567679865.4412
1567679865.69121
1567679865.94122
1567679866.19123
1567679866.44124
1567679866.69125
1567679866.94127
1567679867.19128
1567679867.44129
1567679867.6913
1567679867.94131
1567679868.19132
1567679868.44133
1567679868.69135
1567679868.94136
1567679869.19137
1567679869.44138
1567679869.69139
1567679869.9414
1567679870.19142
1567679870.44143
1567679870.69144
1567679870.94145
1567679871.19146
1567679871.44147
1567679871.69149
1567679871.9415
1567679872.19151
1567679872.44152
1567679872.69153
1567679872.94154
1567679873.19155
1567679873.44157
1567679873.69158
1567679873.94159
1567679874.1916
1567679874.44161
1567679874.69162
1567679874.94164
1567679875.19165
1567679875.44166
1567679875.69167
1567679875.94168
1567679876.19169
1567679876.4417
1567679876.69172
1567679876.94173
1567679877.19174
1567679877.44175
1567679877.69176
1567679877.94177
1567679878.19179
1567679878.4418
1567679878.69181
1567679878.94182
1567679879.19183
1567679879.44184
1567679879.69186
1567679879.94187
1567679880.19188
1567679880.44189
1567679880.6919
1567679880.94191
1567679881.19193
1567679881.44194
1567679881.69195
1567679881.94196
1567679882.19197
1567679882.44198
1567679882.69199
1567679882.94201
1567679883.19202
1567679883.44203
1567679883.69204
1567679883.94205
1567679884.19206
1567679884.44208
1567679884.69209
1567679884.9421
1567679885.19211
1567679885.44212
1567679885.69213
1567679885.94214
1567679886.19216
1567679886.44217
1567679886.69218
1567679886.94219
1567679887.1922
1567679887.44221
1567679887.69223
1567679887.94224
1567679888.19225
1567679888.44226
1567679888.69227
1567679888.94228
1567679889.1923
1567679889.44231
1567679889.69232
1567679889.94233
1567679890.19234
1567679890.44235
1567679890.69236
1567679890.94238
1567679891.19239
1567679891.4424
1567679891.69241
1567679891.94242
1567679892.19243
1567679892.44245
1567679892.69246
1567679892.94247
1567679893.19248
1567679893.44249
1567679893.6925
1567679893.94252
1567679894.19253
1567679894.44254
1567679894.69255
1567679894.94256
1567679895.19257
1567679895.44258
1567679895.6926
1567679895.94261
1567679896.19262
1567679896.44263
1567679896.69264
1567679896.94265
1567679897.19267
1567679897.44268
1567679897.69269
1567679897.9427
1567679898.19271
1567679898.44272
1567679898.69274
1567679898.94275
1567679899.19276
1567679899.44277
1567679899.69278
1567679899.94279
1567679900.1928
1567679900.44282
1567679900.69283
1567679900.94284
1567679901.19285
1567679901.44286
1567679901.69287
1567679901.94289
1567679902.1929
1567679902.44291
1567679902.69292
1567679902.94293
1567679903.19294
1567679903.44296
1567679903.69297
1567679903.94298
1567679904.19299
1567679904.443
1567679904.69301
1567679904.94302
1567679905.19304
1567679905.44305
1567679905.69306
1567679905.94307
1567679906.19308
1567679906.44309
1567679906.69311
1567679906.94312
1567679907.19313
1567679907.44314
1567679907.69315
1567679907.94316
1567679908.19318
1567679908.44319
1567679908.6932
1567679908.94321
1567679909.19322
1567679909.44323
1567679909.69324
1567679909.94326
1567679910.19327
1567679910.44328
1567679910.69329
1567679910.9433
1567679911.19331
1567679911.44333
1567679911.69334
1567679911.94335
1567679912.19336
1567679912.44337
1567679912.69338
1567679912.94339
1567679913.19341
1567679913.44342
1567679913.69343
1567679913.94344
1567679914.19345
1567679914.44346
1567679914.69348
1567679914.94349
1567679915.1935
1567679915.44351
1567679915.69352
1567679915.94353
1567679916.19355
1567679916.44356
1567679916.69357
1567679916.94358
1567679917.19359
1567679917.4436
1567679917.69361
1567679917.94363
1567679918.19364
1567679918.44365
1567679918.69366
1567679918.94367
1567679919.19368
1567679919.4437
1567679919.69371
1567679919.94372
1567679920.19373
1567679920.44374
1567679920.69375
1567679920.94377
1567679921.19378
1567679921.44379
1567679921.6938
1567679921.94381
1567679922.19382
1567679922.44383
1567679922.69385
1567679922.94386
1567679923.19387
1567679923.44388
1567679923.69389
1567679923.9439
1567679924.19392
1567679924.44393
1567679924.69394
1567679924.94395
1567679925.19396
1567679925.44397
1567679925.69399
1567679925.944
