30.57
30.57
30.57
30.57
30.57
30.57
30.57
30.57
30.59
30.59
30.59
30.59
30.61
30.61
30.61
30.61
30.61
30.61
30.61
30.61
30.59
30.59
30.59
30.59
30.61
30.61
30.61
30.61
30.59
30.59
30.59
30.59
30.59
30.59
30.59
30.59
30.61
30.61
30.61
30.61
30.59
30.59
30.59
30.59
30.61
30.61
30.61
30.61
30.61
30.61
30.61
30.61
30.57
30.57
30.57
30.57
30.59
30.59
30.59
30.59
30.59
30.59
30.59
30.59
30.59
30.59
30.59
30.59
30.59
30.59
30.59
30.59
30.61
30.61
30.61
30.61
30.61
30.61
30.61
30.61
30.61
30.61
30.61
30.61
30.63
30.63
30.63
30.63
30.63
30.63
30.63
30.63
30.63
30.63
30.63
30.63
30.65
30.65
30.65
30.65
30.65
30.65
30.65
30.65
30.65
30.65
30.65
30.65
30.65
30.65
30.65
30.65
30.63
30.63
30.63
30.63
30.63
30.63
30.63
30.63
30.67
30.67
30.67
30.67
30.65
30.65
30.65
30.65
30.69
30.69
30.69
30.69
30.69
30.69
30.69
30.69
30.69
30.69
30.69
30.69
30.69
30.69
30.69
30.69
30.69
30.69
30.69
30.69
30.67
30.67
30.67
30.67
30.71
30.71
30.71
30.71
30.67
30.67
30.67
30.67
30.67
30.67
30.67
30.67
30.69
30.69
30.69
30.69
30.71
30.71
30.71
30.71
30.71
30.71
30.71
30.71
30.71
30.71
30.71
30.71
30.71
30.71
30.71
30.71
30.73
30.73
30.73
30.73
30.73
30.73
30.73
30.73
30.71
30.71
30.71
30.71
30.73
30.73
30.73
30.73
30.71
30.71
30.71
30.71
30.75
30.75
30.75
30.75
30.75
30.75
30.75
30.75
30.75
30.75
30.75
30.75
30.73
30.73
30.73
30.73
30.75
30.75
30.75
30.75
30.75
30.75
30.75
30.75
30.77
30.77
30.77
30.77
30.77
30.77
30.77
30.77
30.77
30.77
30.77
30.77
30.77
30.77
30.77
30.77
30.79
30.79
30.79
30.79
30.77
30.77
30.77
30.77
30.81
30.81
30.81
30.81
30.79
30.79
30.79
30.79
30.79
30.79
30.79
30.79
30.81
30.81
30.81
30.81
30.81
30.81
30.81
30.81
30.81
30.81
30.81
30.81
30.83
30.83
30.83
30.83
30.79
30.79
30.79
30.79
30.83
30.83
30.83
30.83
30.83
30.83
30.83
30.83
30.83
30.83
30.83
30.83
30.85
30.85
30.85
30.85
30.83
30.83
30.83
30.83
30.85
30.85
30.85
30.85
30.85
30.85
30.85
30.85
30.85
30.85
30.85
30.85
30.89
30.89
30.89
30.89
30.89
30.89
30.89
30.89
30.87
30.87
30.87
30.87
30.89
30.89
30.89
30.89
30.89
30.89
30.89
30.89
30.87
30.87
30.87
30.87
30.91
30.91
30.91
30.91
30.91
30.91
30.91
30.91
30.91
30.91
30.91
30.91
30.91
30.91
30.91
30.91
30.93
30.93
30.93
30.93
30.91
30.91
30.91
30.91
30.93
30.93
30.93
30.93
30.93
30.93
30.93
30.93
30.95
30.95
30.95
30.95
30.95
30.95
30.95
30.95
30.95
30.95
30.95
30.95
30.97
30.97
30.97
30.97
30.97
30.97
30.97
30.97
30.95
30.95
30.95
30.95
30.97
30.97
30.97
30.97
30.99
30.99
30.99
30.99
30.97
30.97
30.97
30.97
30.99
30.99
30.99
30.99
31.01
31.01
31.01
31.01
30.99
30.99
30.99
30.99
30.97
30.97
30.97
30.97
30.99
30.99
30.99
30.99
31.01
31.01
31.01
31.01
31.03
31.03
31.03
31.03
31.03
31.03
31.03
31.03
31.05
31.05
31.05
31.05
31.05
31.05
31.05
31.05
31.05
31.05
31.05
31.05
31.07
31.07
31.07
31.07
31.05
31.05
31.05
31.05
31.07
31.07
31.07
31.07
31.09
31.09
31.09
31.09
31.07
31.07
31.07
31.07
31.09
31.09
31.09
31.09
31.09
31.09
31.09
31.09
31.11
31.11
31.11
31.11
31.13
31.13
31.13
31.13
31.13
31.13
31.13
31.13
31.13
31.13
31.13
31.13
31.17
31.17
31.17
31.17
31.17
31.17
31.17
31.17
31.19
31.19
31.19
31.19
31.19
31.19
31.19
31.19
31.19
31.19
31.19
31.19
31.21
31.21
31.21
31.21
31.21
31.21
31.21
31.21
31.21
31.21
31.21
31.21
31.21
31.21
31.21
31.21
31.25
31.25
31.25
31.25
31.27
31.27
31.27
31.27
31.25
31.25
31.25
31.25
31.29
31.29
31.29
31.29
31.29
31.29
31.29
31.29
31.29
31.29
31.29
31.29
31.31
31.31
31.31
31.31
31.33
31.33
31.33
31.33
31.35
31.35
31.35
31.35
31.35
31.35
31.35
31.35
31.35
31.35
31.35
31.35
31.37
31.37
31.37
31.37
31.39
31.39
31.39
31.39
31.39
31.39
31.39
31.39
31.43
31.43
31.43
31.43
31.41
31.41
31.41
31.41
31.41
31.41
31.41
31.41
31.45
31.45
31.45
31.45
31.43
31.43
31.43
31.43
31.49
31.49
31.49
31.49
31.49
31.49
31.49
31.49
31.49
31.49
31.49
31.49
31.49
31.49
31.49
31.49
31.49
31.49
31.49
31.49
31.51
31.51
31.51
31.51
31.51
31.51
31.51
31.51
31.53
31.53
31.53
31.53
31.51
31.51
31.51
31.51
31.51
31.51
31.51
31.51
31.53
31.53
31.53
31.53
31.55
31.55
31.55
31.55
31.55
31.55
31.55
31.55
31.55
31.55
31.55
31.55
31.59
31.59
31.59
31.59
31.59
31.59
31.59
31.59
31.59
31.59
31.59
31.59
31.59
31.59
31.59
31.59
31.61
31.61
31.61
31.61
31.61
31.61
31.61
31.61
31.63
31.63
31.63
31.63
31.63
31.63
31.63
31.63
31.63
31.63
31.63
31.63
31.63
31.63
31.63
31.63
31.63
31.63
31.63
31.63
31.63
31.63
31.63
31.63
31.65
31.65
31.65
31.65
31.67
31.67
31.67
31.67
31.67
31.67
31.67
31.67
31.69
31.69
31.69
31.69
31.69
31.69
31.69
31.69
31.71
31.71
31.71
31.71
31.73
31.73
31.73
31.73
31.73
31.73
31.73
31.73
31.73
31.73
31.73
31.73
31.75
31.75
31.75
31.75
31.77
31.77
31.77
31.77
31.77
31.77
31.77
31.77
31.77
31.77
31.77
31.77
31.79
31.79
31.79
31.79
31.79
31.79
31.79
31.79
31.81
31.81
31.81
31.81
31.81
31.81
31.81
31.81
31.81
31.81
31.81
31.81
31.83
31.83
31.83
31.83
31.83
31.83
31.83
31.83
31.87
31.87
31.87
31.87
31.85
31.85
31.85
31.85
31.87
31.87
31.87
31.87
31.87
31.87
31.87
31.87
31.89
31.89
31.89
31.89
31.91
31.91
31.91
31.91
31.93
31.93
31.93
31.93
31.93
31.93
31.93
31.93
31.93
31.93
31.93
31.93
31.95
31.95
31.95
31.95
31.95
31.95
31.95
31.95
31.97
31.97
31.97
31.97
31.97
31.97
31.97
31.97
31.99
31.99
31.99
31.99
31.99
31.99
31.99
31.99
32.01
32.01
32.01
32.01
32.01
32.01
32.01
32.01
32.01
32.01
32.01
32.01
32.03
32.03
32.03
32.03
32.03
32.03
32.03
32.03
32.05
32.05
32.05
32.05
32.05
32.05
32.05
32.05
32.05
32.05
32.05
32.05
32.09
32.09
32.09
32.09
32.07
32.07
32.07
32.07
32.07
32.07
32.07
32.07
32.09
32.09
32.09
32.09
32.11
32.11
32.11
32.11
32.09
32.09
32.09
32.09
32.13
32.13
32.13
32.13
32.11
32.11
32.11
32.11
32.11
32.11
32.11
32.11
32.11
32.11
32.11
32.11
32.15
32.15
32.15
32.15
32.15
32.15
32.15
32.15
32.17
32.17
32.17
32.17
32.15
32.15
32.15
32.15
32.17
32.17
32.17
32.17
32.17
32.17
32.17
32.17
32.19
32.19
32.19
32.19
32.19
32.19
32.19
32.19
32.19
32.19
32.19
32.19
32.21
32.21
32.21
32.21
32.23
32.23
32.23
32.23
32.21
32.21
32.21
32.21
32.25
32.25
32.25
32.25
32.23
32.23
32.23
32.23
32.21
32.21
32.21
32.21
32.23
32.23
32.23
32.23
32.23
32.23
32.23
32.23
32.27
32.27
32.27
32.27
32.27
32.27
32.27
32.27
32.27
32.27
32.27
32.27
32.27
32.27
32.27
32.27
32.25
32.25
32.25
32.25
32.27
32.27
32.27
32.27
32.27
32.27
32.27
32.27
32.29
32.29
32.29
32.29
32.31
32.31
32.31
32.31
32.31
32.31
32.31
32.31
32.31
32.31
32.31
32.31
32.31
32.31
32.31
32.31
32.31
32.31
32.31
32.31
32.31
32.31
32.31
32.31
32.31
32.31
32.31
32.31
32.33
32.33
32.33
32.33
32.33
32.33
32.33
32.33
32.35
32.35
32.35
32.35
32.35
32.35
32.35
32.35
32.35
32.35
32.35
32.35
32.37
32.37
32.37
32.37
32.37
32.37
32.37
32.37
32.39
32.39
32.39
32.39
32.41
32.41
32.41
32.41
32.45
32.45
32.45
32.45
32.45
32.45
32.45
32.45
32.45
32.45
32.45
32.45
32.45
32.45
32.45
32.45
32.45
32.45
32.45
32.45
32.45
32.45
32.45
32.45
32.45
32.45
32.45
32.45
32.45
32.45
32.45
32.45
32.47
32.47
32.47
32.47
32.45
32.45
32.45
32.45
32.49
32.49
32.49
32.49
32.49
32.49
32.49
32.49
32.51
32.51
32.51
32.51
32.51
32.51
32.51
32.51
32.49
32.49
32.49
32.49
32.51
32.51
32.51
32.51
32.53
32.53
32.53
32.53
32.51
32.51
32.51
32.51
32.53
32.53
32.53
32.53
32.53
32.53
32.53
32.53
32.55
32.55
32.55
32.55
32.55
32.55
32.55
32.55
32.57
32.57
32.57
32.57
32.55
32.55
32.55
32.55
32.57
32.57
32.57
32.57
32.57
32.57
32.57
32.57
32.57
32.57
32.57
32.57
32.59
32.59
32.59
32.59
