1567680984.24299
1567680984.493
1567680984.74302
1567680984.99303
1567680985.24304
1567680985.49305
1567680985.74306
1567680985.99307
1567680986.24309
1567680986.4931
1567680986.74311
1567680986.99312
1567680987.24313
1567680987.49314
1567680987.74315
1567680987.99317
1567680988.24318
1567680988.49319
1567680988.7432
1567680988.99321
1567680989.24322
1567680989.49324
1567680989.74325
1567680989.99326
1567680990.24327
1567680990.49328
1567680990.74329
1567680990.99331
1567680991.24332
1567680991.49333
1567680991.74334
1567680991.99335
1567680992.24336
1567680992.49337
1567680992.74339
1567680992.9934
1567680993.24341
1567680993.49342
1567680993.74343
1567680993.99344
1567680994.24346
1567680994.49347
1567680994.74348
1567680994.99349
1567680995.2435
1567680995.49351
1567680995.74353
1567680995.99354
1567680996.24355
1567680996.49356
1567680996.74357
1567680996.99358
1567680997.24359
1567680997.49361
1567680997.74362
1567680997.99363
1567680998.24364
1567680998.49365
1567680998.74366
1567680998.99368
1567680999.24369
1567680999.4937
1567680999.74371
1567680999.99372
1567681000.24373
1567681000.49375
1567681000.74376
1567681000.99377
1567681001.24378
1567681001.49379
1567681001.7438
1567681001.99381
1567681002.24383
1567681002.49384
1567681002.74385
1567681002.99386
1567681003.24387
1567681003.49388
1567681003.7439
1567681003.99391
1567681004.24392
1567681004.49393
1567681004.74394
1567681004.99395
1567681005.24397
1567681005.49398
1567681005.74399
1567681005.994
1567681006.24401
1567681006.49402
1567681006.74403
1567681006.99405
1567681007.24406
1567681007.49407
1567681007.74408
1567681007.99409
1567681008.2441
1567681008.49412
1567681008.74413
1567681008.99414
1567681009.24415
1567681009.49416
1567681009.74417
1567681009.99418
1567681010.2442
1567681010.49421
1567681010.74422
1567681010.99423
1567681011.24424
1567681011.49425
1567681011.74427
1567681011.99428
1567681012.24429
1567681012.4943
1567681012.74431
1567681012.99432
1567681013.24434
1567681013.49435
1567681013.74436
1567681013.99437
1567681014.24438
1567681014.49439
1567681014.7444
1567681014.99442
1567681015.24443
1567681015.49444
1567681015.74445
1567681015.99446
1567681016.24447
1567681016.49449
1567681016.7445
1567681016.99451
1567681017.24452
1567681017.49453
1567681017.74454
1567681017.99456
1567681018.24457
1567681018.49458
1567681018.74459
1567681018.9946
1567681019.24461
1567681019.49462
1567681019.74464
1567681019.99465
1567681020.24466
1567681020.49467
1567681020.74468
1567681020.99469
1567681021.24471
1567681021.49472
1567681021.74473
1567681021.99474
1567681022.24475
1567681022.49476
1567681022.74478
1567681022.99479
1567681023.2448
1567681023.49481
1567681023.74482
1567681023.99483
1567681024.24484
1567681024.49486
1567681024.74487
1567681024.99488
1567681025.24489
1567681025.4949
1567681025.74491
1567681025.99493
1567681026.24494
1567681026.49495
1567681026.74496
1567681026.99497
1567681027.24498
1567681027.495
1567681027.74501
1567681027.99502
1567681028.24503
1567681028.49504
1567681028.74505
1567681028.99506
1567681029.24508
1567681029.49509
1567681029.7451
1567681029.99511
1567681030.24512
1567681030.49513
1567681030.74515
1567681030.99516
1567681031.24517
1567681031.49518
1567681031.74519
1567681031.9952
1567681032.24522
1567681032.49523
1567681032.74524
1567681032.99525
1567681033.24526
1567681033.49527
1567681033.74528
1567681033.9953
1567681034.24531
1567681034.49532
1567681034.74533
1567681034.99534
1567681035.24535
1567681035.49537
1567681035.74538
1567681035.99539
1567681036.2454
1567681036.49541
1567681036.74542
1567681036.99544
1567681037.24545
1567681037.49546
1567681037.74547
1567681037.99548
1567681038.24549
1567681038.4955
1567681038.74552
1567681038.99553
1567681039.24554
1567681039.49555
1567681039.74556
1567681039.99557
1567681040.24559
1567681040.4956
1567681040.74561
1567681040.99562
1567681041.24563
1567681041.49564
1567681041.74566
1567681041.99567
1567681042.24568
1567681042.49569
1567681042.7457
1567681042.99571
1567681043.24572
1567681043.49574
1567681043.74575
1567681043.99576
1567681044.24577
1567681044.49578
1567681044.74579
1567681044.99581
1567681045.24582
1567681045.49583
1567681045.74584
1567681045.99585
1567681046.24586
1567681046.49587
1567681046.74589
1567681046.9959
1567681047.24591
1567681047.49592
1567681047.74593
1567681047.99594
1567681048.24596
1567681048.49597
1567681048.74598
1567681048.99599
1567681049.246
1567681049.49601
1567681049.74603
1567681049.99604
1567681050.24605
1567681050.49606
1567681050.74607
1567681050.99608
1567681051.24609
1567681051.49611
1567681051.74612
1567681051.99613
1567681052.24614
1567681052.49615
1567681052.74616
1567681052.99618
1567681053.24619
1567681053.4962
1567681053.74621
1567681053.99622
1567681054.24623
1567681054.49625
1567681054.74626
1567681054.99627
1567681055.24628
1567681055.49629
1567681055.7463
1567681055.99631
1567681056.24633
1567681056.49634
1567681056.74635
1567681056.99636
1567681057.24637
1567681057.49638
1567681057.7464
1567681057.99641
1567681058.24642
1567681058.49643
1567681058.74644
1567681058.99645
1567681059.24647
1567681059.49648
1567681059.74649
1567681059.9965
1567681060.24651
1567681060.49652
1567681060.74653
1567681060.99655
1567681061.24656
1567681061.49657
1567681061.74658
1567681061.99659
1567681062.2466
1567681062.49662
1567681062.74663
1567681062.99664
1567681063.24665
1567681063.49666
1567681063.74667
1567681063.99669
1567681064.2467
1567681064.49671
1567681064.74672
1567681064.99673
1567681065.24674
1567681065.49675
1567681065.74677
1567681065.99678
1567681066.24679
1567681066.4968
1567681066.74681
1567681066.99682
1567681067.24684
1567681067.49685
1567681067.74686
1567681067.99687
1567681068.24688
1567681068.49689
1567681068.74691
1567681068.99692
1567681069.24693
1567681069.49694
1567681069.74695
1567681069.99696
1567681070.24697
1567681070.49699
1567681070.747
1567681070.99701
1567681071.24702
1567681071.49703
1567681071.74704
1567681071.99706
1567681072.24707
1567681072.49708
1567681072.74709
1567681072.9971
1567681073.24711
1567681073.49712
1567681073.74714
1567681073.99715
1567681074.24716
1567681074.49717
1567681074.74718
1567681074.99719
1567681075.24721
1567681075.49722
1567681075.74723
1567681075.99724
1567681076.24725
1567681076.49726
1567681076.74728
1567681076.99729
1567681077.2473
1567681077.49731
1567681077.74732
1567681077.99733
1567681078.24734
1567681078.49736
1567681078.74737
1567681078.99738
1567681079.24739
1567681079.4974
1567681079.74741
1567681079.99743
1567681080.24744
1567681080.49745
1567681080.74746
1567681080.99747
1567681081.24748
1567681081.4975
1567681081.74751
1567681081.99752
1567681082.24753
1567681082.49754
1567681082.74755
1567681082.99756
1567681083.24758
1567681083.49759
1567681083.7476
1567681083.99761
1567681084.24762
1567681084.49763
1567681084.74765
1567681084.99766
1567681085.24767
1567681085.49768
1567681085.74769
1567681085.9977
1567681086.24772
1567681086.49773
1567681086.74774
1567681086.99775
1567681087.24776
1567681087.49777
1567681087.74778
1567681087.9978
1567681088.24781
1567681088.49782
1567681088.74783
1567681088.99784
1567681089.24785
1567681089.49787
1567681089.74788
1567681089.99789
1567681090.2479
1567681090.49791
1567681090.74792
1567681090.99794
1567681091.24795
1567681091.49796
1567681091.74797
1567681091.99798
1567681092.24799
1567681092.498
1567681092.74802
1567681092.99803
1567681093.24804
1567681093.49805
1567681093.74806
1567681093.99807
1567681094.24809
1567681094.4981
1567681094.74811
1567681094.99812
1567681095.24813
1567681095.49814
1567681095.74816
1567681095.99817
1567681096.24818
1567681096.49819
1567681096.7482
1567681096.99821
1567681097.24822
1567681097.49824
1567681097.74825
1567681097.99826
1567681098.24827
1567681098.49828
1567681098.74829
1567681098.99831
1567681099.24832
1567681099.49833
1567681099.74834
1567681099.99835
1567681100.24836
1567681100.49837
1567681100.74839
1567681100.9984
1567681101.24841
1567681101.49842
1567681101.74843
1567681101.99844
1567681102.24846
1567681102.49847
1567681102.74848
1567681102.99849
1567681103.2485
1567681103.49851
1567681103.74853
1567681103.99854
1567681104.24855
1567681104.49856
1567681104.74857
1567681104.99858
1567681105.2486
1567681105.49861
1567681105.74862
1567681105.99863
1567681106.24864
1567681106.49865
1567681106.74866
1567681106.99868
1567681107.24869
1567681107.4987
1567681107.74871
1567681107.99872
1567681108.24873
1567681108.49875
1567681108.74876
1567681108.99877
1567681109.24878
1567681109.49879
1567681109.7488
1567681109.99881
1567681110.24883
1567681110.49884
1567681110.74885
1567681110.99886
1567681111.24887
1567681111.49888
1567681111.7489
1567681111.99891
1567681112.24892
1567681112.49893
1567681112.74894
1567681112.99895
1567681113.24897
1567681113.49898
1567681113.74899
1567681113.999
1567681114.24901
1567681114.49902
1567681114.74903
1567681114.99905
1567681115.24906
1567681115.49907
1567681115.74908
1567681115.99909
1567681116.2491
1567681116.49912
1567681116.74913
1567681116.99914
1567681117.24915
1567681117.49916
1567681117.74917
1567681117.99919
1567681118.2492
1567681118.49921
1567681118.74922
1567681118.99923
1567681119.24924
1567681119.49925
1567681119.74927
1567681119.99928
1567681120.24929
1567681120.4993
1567681120.74931
1567681120.99932
1567681121.24934
1567681121.49935
1567681121.74936
1567681121.99937
1567681122.24938
1567681122.49939
1567681122.74941
1567681122.99942
1567681123.24943
1567681123.49944
1567681123.74945
1567681123.99946
1567681124.24947
1567681124.49949
1567681124.7495
1567681124.99951
1567681125.24952
1567681125.49953
1567681125.74954
1567681125.99956
1567681126.24957
1567681126.49958
1567681126.74959
1567681126.9996
1567681127.24961
1567681127.49963
1567681127.74964
1567681127.99965
1567681128.24966
1567681128.49967
1567681128.74968
1567681128.99969
1567681129.24971
1567681129.49972
1567681129.74973
1567681129.99974
1567681130.24975
1567681130.49976
1567681130.74978
1567681130.99979
1567681131.2498
1567681131.49981
1567681131.74982
1567681131.99983
1567681132.24985
1567681132.49986
1567681132.74987
1567681132.99988
1567681133.24989
1567681133.4999
1567681133.74991
1567681133.99993
1567681134.24994
1567681134.49995
1567681134.74996
1567681134.99997
1567681135.24998
1567681135.5
1567681135.75001
1567681136.00002
1567681136.25003
1567681136.50004
1567681136.75005
1567681137.00006
1567681137.25008
1567681137.50009
1567681137.7501
1567681138.00011
1567681138.25012
1567681138.50013
1567681138.75015
1567681139.00016
1567681139.25017
1567681139.50018
1567681139.75019
1567681140.0002
1567681140.25022
1567681140.50023
1567681140.75024
1567681141.00025
1567681141.25026
1567681141.50027
1567681141.75028
1567681142.0003
1567681142.25031
1567681142.50032
1567681142.75033
1567681143.00034
1567681143.25035
1567681143.50037
1567681143.75038
1567681144.00039
1567681144.2504
1567681144.50041
1567681144.75042
1567681145.00044
1567681145.25045
1567681145.50046
1567681145.75047
1567681146.00048
1567681146.25049
1567681146.5005
1567681146.75052
1567681147.00053
1567681147.25054
1567681147.50055
1567681147.75056
1567681148.00057
1567681148.25059
1567681148.5006
1567681148.75061
1567681149.00062
1567681149.25063
1567681149.50064
1567681149.75066
1567681150.00067
1567681150.25068
1567681150.50069
1567681150.7507
1567681151.00071
1567681151.25072
1567681151.50074
1567681151.75075
1567681152.00076
1567681152.25077
1567681152.50078
1567681152.75079
1567681153.00081
1567681153.25082
1567681153.50083
1567681153.75084
1567681154.00085
1567681154.25086
1567681154.50088
1567681154.75089
1567681155.0009
1567681155.25091
1567681155.50092
1567681155.75093
1567681156.00094
1567681156.25096
1567681156.50097
1567681156.75098
1567681157.00099
1567681157.251
1567681157.50101
1567681157.75103
1567681158.00104
1567681158.25105
1567681158.50106
1567681158.75107
1567681159.00108
1567681159.2511
1567681159.50111
1567681159.75112
1567681160.00113
1567681160.25114
1567681160.50115
1567681160.75116
1567681161.00118
1567681161.25119
1567681161.5012
1567681161.75121
1567681162.00122
1567681162.25123
1567681162.50125
1567681162.75126
1567681163.00127
1567681163.25128
1567681163.50129
1567681163.7513
1567681164.00132
1567681164.25133
1567681164.50134
1567681164.75135
1567681165.00136
1567681165.25137
1567681165.50138
1567681165.7514
1567681166.00141
1567681166.25142
1567681166.50143
1567681166.75144
1567681167.00145
1567681167.25147
1567681167.50148
1567681167.75149
1567681168.0015
1567681168.25151
1567681168.50152
1567681168.75153
1567681169.00155
1567681169.25156
1567681169.50157
1567681169.75158
1567681170.00159
1567681170.2516
1567681170.50162
1567681170.75163
1567681171.00164
1567681171.25165
1567681171.50166
1567681171.75167
1567681172.00169
1567681172.2517
1567681172.50171
1567681172.75172
1567681173.00173
1567681173.25174
1567681173.50175
1567681173.75177
1567681174.00178
1567681174.25179
1567681174.5018
1567681174.75181
1567681175.00182
1567681175.25184
1567681175.50185
1567681175.75186
1567681176.00187
1567681176.25188
1567681176.50189
1567681176.75191
1567681177.00192
1567681177.25193
1567681177.50194
1567681177.75195
1567681178.00196
1567681178.25197
1567681178.50199
1567681178.752
1567681179.00201
1567681179.25202
1567681179.50203
1567681179.75204
1567681180.00206
1567681180.25207
1567681180.50208
1567681180.75209
1567681181.0021
1567681181.25211
1567681181.50213
1567681181.75214
1567681182.00215
1567681182.25216
1567681182.50217
1567681182.75218
1567681183.00219
1567681183.25221
1567681183.50222
1567681183.75223
1567681184.00224
1567681184.25225
1567681184.50226
1567681184.75228
1567681185.00229
1567681185.2523
1567681185.50231
1567681185.75232
1567681186.00233
1567681186.25235
1567681186.50236
1567681186.75237
1567681187.00238
1567681187.25239
1567681187.5024
1567681187.75241
1567681188.00243
1567681188.25244
1567681188.50245
1567681188.75246
1567681189.00247
1567681189.25248
1567681189.5025
1567681189.75251
1567681190.00252
1567681190.25253
1567681190.50254
1567681190.75255
1567681191.00257
1567681191.25258
1567681191.50259
1567681191.7526
1567681192.00261
1567681192.25262
1567681192.50263
1567681192.75265
1567681193.00266
1567681193.25267
1567681193.50268
1567681193.75269
1567681194.0027
1567681194.25272
1567681194.50273
1567681194.75274
1567681195.00275
1567681195.25276
1567681195.50277
1567681195.75278
1567681196.0028
1567681196.25281
1567681196.50282
1567681196.75283
1567681197.00284
1567681197.25285
1567681197.50287
1567681197.75288
1567681198.00289
1567681198.2529
1567681198.50291
1567681198.75292
1567681199.00294
1567681199.25295
1567681199.50296
1567681199.75297
1567681200.00298
1567681200.25299
1567681200.50301
1567681200.75302
1567681201.00303
1567681201.25304
1567681201.50305
1567681201.75306
1567681202.00307
1567681202.25309
1567681202.5031
1567681202.75311
1567681203.00312
1567681203.25313
1567681203.50314
1567681203.75316
1567681204.00317
1567681204.25318
1567681204.50319
1567681204.7532
1567681205.00321
1567681205.25322
1567681205.50324
1567681205.75325
1567681206.00326
1567681206.25327
1567681206.50328
1567681206.75329
1567681207.00331
1567681207.25332
1567681207.50333
1567681207.75334
1567681208.00335
1567681208.25336
1567681208.50338
1567681208.75339
1567681209.0034
1567681209.25341
1567681209.50342
1567681209.75343
1567681210.00344
1567681210.25346
1567681210.50347
1567681210.75348
1567681211.00349
1567681211.2535
1567681211.50351
1567681211.75353
1567681212.00354
1567681212.25355
1567681212.50356
1567681212.75357
1567681213.00358
1567681213.2536
1567681213.50361
1567681213.75362
1567681214.00363
1567681214.25364
1567681214.50365
1567681214.75366
1567681215.00368
1567681215.25369
1567681215.5037
1567681215.75371
1567681216.00372
1567681216.25373
1567681216.50375
1567681216.75376
1567681217.00377
1567681217.25378
1567681217.50379
1567681217.7538
1567681218.00382
1567681218.25383
1567681218.50384
1567681218.75385
1567681219.00386
1567681219.25387
1567681219.50388
1567681219.7539
1567681220.00391
1567681220.25392
1567681220.50393
1567681220.75394
1567681221.00395
1567681221.25397
1567681221.50398
1567681221.75399
1567681222.004
1567681222.25401
1567681222.50402
1567681222.75404
1567681223.00405
1567681223.25406
1567681223.50407
1567681223.75408
1567681224.00409
1567681224.2541
1567681224.50412
1567681224.75413
1567681225.00414
1567681225.25415
1567681225.50416
1567681225.75417
1567681226.00419
1567681226.2542
1567681226.50421
1567681226.75422
1567681227.00423
1567681227.25424
1567681227.50426
1567681227.75427
1567681228.00428
1567681228.25429
1567681228.5043
1567681228.75431
1567681229.00432
1567681229.25434
1567681229.50435
1567681229.75436
1567681230.00437
1567681230.25438
1567681230.50439
1567681230.75441
1567681231.00442
1567681231.25443
1567681231.50444
1567681231.75445
1567681232.00446
1567681232.25447
1567681232.50449
1567681232.7545
1567681233.00451
1567681233.25452
1567681233.50453
1567681233.75454
1567681234.00456
1567681234.25457
1567681234.50458
1567681234.75459
1567681235.0046
1567681235.25461
1567681235.50463
1567681235.75464
1567681236.00465
1567681236.25466
1567681236.50467
1567681236.75468
1567681237.00469
1567681237.25471
1567681237.50472
1567681237.75473
1567681238.00474
1567681238.25475
1567681238.50476
1567681238.75478
1567681239.00479
1567681239.2548
1567681239.50481
1567681239.75482
1567681240.00483
1567681240.25485
1567681240.50486
1567681240.75487
1567681241.00488
1567681241.25489
1567681241.5049
1567681241.75491
1567681242.00493
1567681242.25494
1567681242.50495
1567681242.75496
1567681243.00497
1567681243.25498
1567681243.505
1567681243.75501
1567681244.00502
1567681244.25503
1567681244.50504
1567681244.75505
1567681245.00507
1567681245.25508
1567681245.50509
1567681245.7551
1567681246.00511
1567681246.25512
1567681246.50513
1567681246.75515
1567681247.00516
1567681247.25517
1567681247.50518
1567681247.75519
1567681248.0052
1567681248.25522
1567681248.50523
1567681248.75524
1567681249.00525
1567681249.25526
1567681249.50527
1567681249.75529
1567681250.0053
1567681250.25531
1567681250.50532
1567681250.75533
1567681251.00534
1567681251.25535
1567681251.50537
1567681251.75538
1567681252.00539
1567681252.2554
1567681252.50541
1567681252.75542
1567681253.00544
1567681253.25545
1567681253.50546
1567681253.75547
1567681254.00548
1567681254.25549
1567681254.50551
1567681254.75552
1567681255.00553
1567681255.25554
1567681255.50555
1567681255.75556
1567681256.00557
1567681256.25559
1567681256.5056
1567681256.75561
1567681257.00562
1567681257.25563
1567681257.50564
1567681257.75566
1567681258.00567
1567681258.25568
1567681258.50569
1567681258.7557
1567681259.00571
1567681259.25572
1567681259.50574
1567681259.75575
1567681260.00576
1567681260.25577
1567681260.50578
1567681260.75579
1567681261.00581
1567681261.25582
1567681261.50583
1567681261.75584
1567681262.00585
1567681262.25586
1567681262.50588
1567681262.75589
1567681263.0059
1567681263.25591
1567681263.50592
1567681263.75593
1567681264.00594
1567681264.25596
1567681264.50597
1567681264.75598
1567681265.00599
1567681265.256
1567681265.50601
1567681265.75603
1567681266.00604
1567681266.25605
1567681266.50606
1567681266.75607
1567681267.00608
1567681267.2561
1567681267.50611
1567681267.75612
1567681268.00613
1567681268.25614
1567681268.50615
1567681268.75616
1567681269.00618
1567681269.25619
1567681269.5062
1567681269.75621
1567681270.00622
1567681270.25623
1567681270.50625
1567681270.75626
1567681271.00627
1567681271.25628
1567681271.50629
1567681271.7563
1567681272.00632
1567681272.25633
1567681272.50634
1567681272.75635
1567681273.00636
1567681273.25637
1567681273.50638
1567681273.7564
1567681274.00641
1567681274.25642
1567681274.50643
1567681274.75644
1567681275.00645
1567681275.25647
1567681275.50648
1567681275.75649
1567681276.0065
1567681276.25651
1567681276.50652
1567681276.75654
1567681277.00655
1567681277.25656
1567681277.50657
1567681277.75658
1567681278.00659
1567681278.2566
1567681278.50662
1567681278.75663
1567681279.00664
1567681279.25665
1567681279.50666
1567681279.75667
1567681280.00669
1567681280.2567
1567681280.50671
1567681280.75672
1567681281.00673
1567681281.25674
1567681281.50676
1567681281.75677
1567681282.00678
1567681282.25679
1567681282.5068
1567681282.75681
1567681283.00682
1567681283.25684
1567681283.50685
1567681283.75686
1567681284.00687
