32.83
32.83
32.83
32.83
32.85
32.85
32.85
32.85
32.85
32.85
32.85
32.85
32.85
32.85
32.85
32.85
32.85
32.85
32.85
32.85
32.85
32.85
32.85
32.85
32.85
32.85
32.85
32.85
32.85
32.85
32.85
32.85
32.85
32.85
32.85
32.85
32.83
32.83
32.83
32.83
32.83
32.83
32.83
32.83
32.83
32.83
32.83
32.83
32.85
32.85
32.85
32.85
32.83
32.83
32.83
32.83
32.83
32.83
32.83
32.83
32.85
32.85
32.85
32.85
32.83
32.83
32.83
32.83
32.85
32.85
32.85
32.85
32.85
32.85
32.85
32.85
32.83
32.83
32.83
32.83
32.81
32.81
32.81
32.81
32.83
32.83
32.83
32.83
32.85
32.85
32.85
32.85
32.83
32.83
32.83
32.83
32.83
32.83
32.83
32.83
32.83
32.83
32.83
32.83
32.81
32.81
32.81
32.81
32.81
32.81
32.81
32.81
32.81
32.81
32.81
32.81
32.81
32.81
32.81
32.81
32.81
32.81
32.81
32.81
32.85
32.85
32.85
32.85
32.83
32.83
32.83
32.83
32.83
32.83
32.83
32.83
32.81
32.81
32.81
32.81
32.83
32.83
32.83
32.83
32.83
32.83
32.83
32.83
32.83
32.83
32.83
32.83
32.83
32.83
32.83
32.83
32.83
32.83
32.83
32.83
32.83
32.83
32.83
32.83
32.83
32.83
32.83
32.83
32.83
32.83
32.83
32.83
32.83
32.83
32.83
32.83
32.85
32.85
32.85
32.85
32.83
32.83
32.83
32.83
32.83
32.83
32.83
32.83
32.83
32.83
32.83
32.83
32.81
32.81
32.81
32.81
32.85
32.85
32.85
32.85
32.85
32.85
32.85
32.85
32.85
32.85
32.85
32.85
32.87
32.87
32.87
32.87
32.85
32.85
32.85
32.85
32.87
32.87
32.87
32.87
32.87
32.87
32.87
32.87
32.87
32.87
32.87
32.87
32.87
32.87
32.87
32.87
32.83
32.83
32.83
32.83
32.89
32.89
32.89
32.89
32.91
32.91
32.91
32.91
32.89
32.89
32.89
32.89
32.87
32.87
32.87
32.87
32.89
32.89
32.89
32.89
32.89
32.89
32.89
32.89
32.89
32.89
32.89
32.89
32.89
32.89
32.89
32.89
32.89
32.89
32.89
32.89
32.89
32.89
32.89
32.89
32.89
32.89
32.89
32.89
32.91
32.91
32.91
32.91
32.91
32.91
32.91
32.91
32.89
32.89
32.89
32.89
32.93
32.93
32.93
32.93
32.93
32.93
32.93
32.93
32.91
32.91
32.91
32.91
32.95
32.95
32.95
32.95
32.93
32.93
32.93
32.93
32.93
32.93
32.93
32.93
32.95
32.95
32.95
32.95
32.97
32.97
32.97
32.97
32.95
32.95
32.95
32.95
32.93
32.93
32.93
32.93
32.95
32.95
32.95
32.95
32.95
32.95
32.95
32.95
32.97
32.97
32.97
32.97
32.95
32.95
32.95
32.95
32.99
32.99
32.99
32.99
32.99
32.99
32.99
32.99
32.97
32.97
32.97
32.97
32.99
32.99
32.99
32.99
32.99
32.99
32.99
32.99
32.99
32.99
32.99
32.99
32.99
32.99
32.99
32.99
33.03
33.03
33.03
33.03
32.99
32.99
32.99
32.99
33.01
33.01
33.01
33.01
33.03
33.03
33.03
33.03
33.03
33.03
33.03
33.03
33.03
33.03
33.03
33.03
33.03
33.03
33.03
33.03
33.03
33.03
33.03
33.03
33.05
33.05
33.05
33.05
33.05
33.05
33.05
33.05
33.07
33.07
33.07
33.07
33.05
33.05
33.05
33.05
33.05
33.05
33.05
33.05
33.07
33.07
33.07
33.07
33.07
33.07
33.07
33.07
33.07
33.07
33.07
33.07
33.07
33.07
33.07
33.07
33.09
33.09
33.09
33.09
33.09
33.09
33.09
33.09
33.11
33.11
33.11
33.11
33.11
33.11
33.11
33.11
33.11
33.11
33.11
33.11
33.09
33.09
33.09
33.09
33.11
33.11
33.11
33.11
33.13
33.13
33.13
33.13
33.13
33.13
33.13
33.13
33.15
33.15
33.15
33.15
33.15
33.15
33.15
33.15
33.13
33.13
33.13
33.13
33.15
33.15
33.15
33.15
33.15
33.15
33.15
33.15
33.15
33.15
33.15
33.15
33.19
33.19
33.19
33.19
33.17
33.17
33.17
33.17
33.17
33.17
33.17
33.17
33.17
33.17
33.17
33.17
33.17
33.17
33.17
33.17
33.19
33.19
33.19
33.19
33.17
33.17
33.17
33.17
33.17
33.17
33.17
33.17
33.19
33.19
33.19
33.19
33.21
33.21
33.21
33.21
33.19
33.19
33.19
33.19
33.17
33.17
33.17
33.17
33.21
33.21
33.21
33.21
33.19
33.19
33.19
33.19
33.19
33.19
33.19
33.19
33.23
33.23
33.23
33.23
33.21
33.21
33.21
33.21
33.21
33.21
33.21
33.21
33.23
33.23
33.23
33.23
33.23
33.23
33.23
33.23
33.21
33.21
33.21
33.21
33.23
33.23
33.23
33.23
33.25
33.25
33.25
33.25
33.27
33.27
33.27
33.27
33.23
33.23
33.23
33.23
33.25
33.25
33.25
33.25
33.25
33.25
33.25
33.25
33.23
33.23
33.23
33.23
33.23
33.23
33.23
33.23
33.27
33.27
33.27
33.27
33.23
33.23
33.23
33.23
33.25
33.25
33.25
33.25
33.27
33.27
33.27
33.27
33.27
33.27
33.27
33.27
33.27
33.27
33.27
33.27
33.25
33.25
33.25
33.25
33.29
33.29
33.29
33.29
33.29
33.29
33.29
33.29
33.27
33.27
33.27
33.27
33.29
33.29
33.29
33.29
33.29
33.29
33.29
33.29
33.31
33.31
33.31
33.31
33.29
33.29
33.29
33.29
33.33
33.33
33.33
33.33
33.31
33.31
33.31
33.31
33.33
33.33
33.33
33.33
33.33
33.33
33.33
33.33
33.33
33.33
33.33
33.33
33.35
33.35
33.35
33.35
33.35
33.35
33.35
33.35
33.35
33.35
33.35
33.35
33.37
33.37
33.37
33.37
33.37
33.37
33.37
33.37
33.37
33.37
33.37
33.37
33.39
33.39
33.39
33.39
33.41
33.41
33.41
33.41
33.39
33.39
33.39
33.39
33.37
33.37
33.37
33.37
33.39
33.39
33.39
33.39
33.41
33.41
33.41
33.41
33.41
33.41
33.41
33.41
33.41
33.41
33.41
33.41
33.41
33.41
33.41
33.41
33.43
33.43
33.43
33.43
33.43
33.43
33.43
33.43
33.43
33.43
33.43
33.43
33.45
33.45
33.45
33.45
33.45
33.45
33.45
33.45
33.45
33.45
33.45
33.45
33.45
33.45
33.45
33.45
33.45
33.45
33.45
33.45
33.45
33.45
33.45
33.45
33.45
33.45
33.45
33.45
33.45
33.45
33.45
33.45
33.49
33.49
33.49
33.49
33.47
33.47
33.47
33.47
33.49
33.49
33.49
33.49
33.47
33.47
33.47
33.47
33.51
33.51
33.51
33.51
33.49
33.49
33.49
33.49
33.51
33.51
33.51
33.51
33.49
33.49
33.49
33.49
33.49
33.49
33.49
33.49
33.53
33.53
33.53
33.53
33.53
33.53
33.53
33.53
33.49
33.49
33.49
33.49
33.51
33.51
33.51
33.51
33.49
33.49
33.49
33.49
33.53
33.53
33.53
33.53
33.53
33.53
33.53
33.53
33.51
33.51
33.51
33.51
33.55
33.55
33.55
33.55
33.53
33.53
33.53
33.53
33.53
33.53
33.53
33.53
33.55
33.55
33.55
33.55
33.55
33.55
33.55
33.55
33.55
33.55
33.55
33.55
33.57
33.57
33.57
33.57
33.55
33.55
33.55
33.55
33.57
33.57
33.57
33.57
33.55
33.55
33.55
33.55
33.55
33.55
33.55
33.55
33.55
33.55
33.55
33.55
33.55
33.55
33.55
33.55
33.57
33.57
33.57
33.57
33.57
33.57
33.57
33.57
33.55
33.55
33.55
33.55
33.59
33.59
33.59
33.59
33.57
33.57
33.57
33.57
33.57
33.57
33.57
33.57
33.61
33.61
33.61
33.61
33.57
33.57
33.57
33.57
33.59
33.59
33.59
33.59
33.59
33.59
33.59
33.59
33.59
33.59
33.59
33.59
33.57
33.57
33.57
33.57
33.59
33.59
33.59
33.59
33.61
33.61
33.61
33.61
33.61
33.61
33.61
33.61
33.63
33.63
33.63
33.63
33.63
33.63
33.63
33.63
33.61
33.61
33.61
33.61
33.63
33.63
33.63
33.63
33.61
33.61
33.61
33.61
33.63
33.63
33.63
33.63
33.63
33.63
33.63
33.63
33.63
33.63
33.63
33.63
33.61
33.61
33.61
33.61
33.65
33.65
33.65
33.65
33.65
33.65
33.65
33.65
33.65
33.65
33.65
33.65
33.65
33.65
33.65
33.65
33.63
33.63
33.63
33.63
33.65
33.65
33.65
33.65
33.65
33.65
33.65
33.65
33.67
33.67
33.67
33.67
33.69
33.69
33.69
33.69
33.69
33.69
33.69
33.69
33.69
33.69
33.69
33.69
33.69
33.69
33.69
33.69
33.69
33.69
33.69
33.69
33.69
33.69
33.69
33.69
33.69
33.69
33.69
33.69
33.69
33.69
33.69
33.69
33.71
33.71
33.71
33.71
33.71
33.71
33.71
33.71
33.71
33.71
33.71
33.71
33.73
33.73
33.73
33.73
33.73
33.73
33.73
33.73
33.75
33.75
33.75
33.75
33.73
33.73
33.73
33.73
33.75
33.75
33.75
33.75
33.75
33.75
33.75
33.75
33.75
33.75
33.75
33.75
33.75
33.75
33.75
33.75
33.75
33.75
33.75
33.75
33.75
33.75
33.75
33.75
33.77
33.77
33.77
33.77
33.75
33.75
33.75
33.75
33.79
33.79
33.79
33.79
33.79
33.79
33.79
33.79
33.79
33.79
33.79
33.79
33.79
33.79
33.79
33.79
33.79
33.79
33.79
33.79
33.79
33.79
33.79
33.79
33.81
33.81
33.81
33.81
33.81
33.81
33.81
33.81
33.79
33.79
33.79
33.79
33.81
33.81
33.81
33.81
33.81
33.81
33.81
33.81
33.83
33.83
33.83
33.83
33.83
33.83
33.83
33.83
33.83
33.83
33.83
33.83
33.83
33.83
33.83
33.83
