1567681355.26017
1567681355.51018
1567681355.76019
1567681356.0102
1567681356.26022
1567681356.51023
1567681356.76024
1567681357.01025
1567681357.26026
1567681357.51027
1567681357.76029
1567681358.0103
1567681358.26031
1567681358.51032
1567681358.76033
1567681359.01034
1567681359.26036
1567681359.51037
1567681359.76038
1567681360.01039
1567681360.2604
1567681360.51041
1567681360.76042
1567681361.01044
1567681361.26045
1567681361.51046
1567681361.76047
1567681362.01048
1567681362.26049
1567681362.51051
1567681362.76052
1567681363.01053
1567681363.26054
1567681363.51055
1567681363.76056
1567681364.01057
1567681364.26059
1567681364.5106
1567681364.76061
1567681365.01062
1567681365.26063
1567681365.51064
1567681365.76066
1567681366.01067
1567681366.26068
1567681366.51069
1567681366.7607
1567681367.01071
1567681367.26073
1567681367.51074
1567681367.76075
1567681368.01076
1567681368.26077
1567681368.51078
1567681368.76079
1567681369.01081
1567681369.26082
1567681369.51083
1567681369.76084
1567681370.01085
1567681370.26086
1567681370.51088
1567681370.76089
1567681371.0109
1567681371.26091
1567681371.51092
1567681371.76093
1567681372.01095
1567681372.26096
1567681372.51097
1567681372.76098
1567681373.01099
1567681373.261
1567681373.51101
1567681373.76103
1567681374.01104
1567681374.26105
1567681374.51106
1567681374.76107
1567681375.01108
1567681375.2611
1567681375.51111
1567681375.76112
1567681376.01113
1567681376.26114
1567681376.51115
1567681376.76117
1567681377.01118
1567681377.26119
1567681377.5112
1567681377.76121
1567681378.01122
1567681378.26123
1567681378.51125
1567681378.76126
1567681379.01127
1567681379.26128
1567681379.51129
1567681379.7613
1567681380.01132
1567681380.26133
1567681380.51134
1567681380.76135
1567681381.01136
1567681381.26137
1567681381.51138
1567681381.7614
1567681382.01141
1567681382.26142
1567681382.51143
1567681382.76144
1567681383.01145
1567681383.26147
1567681383.51148
1567681383.76149
1567681384.0115
1567681384.26151
1567681384.51152
1567681384.76154
1567681385.01155
1567681385.26156
1567681385.51157
1567681385.76158
1567681386.01159
1567681386.26161
1567681386.51162
1567681386.76163
1567681387.01164
1567681387.26165
1567681387.51166
1567681387.76167
1567681388.01169
1567681388.2617
1567681388.51171
1567681388.76172
1567681389.01173
1567681389.26174
1567681389.51176
1567681389.76177
1567681390.01178
1567681390.26179
1567681390.5118
1567681390.76181
1567681391.01182
1567681391.26184
1567681391.51185
1567681391.76186
1567681392.01187
1567681392.26188
1567681392.51189
1567681392.76191
1567681393.01192
1567681393.26193
1567681393.51194
1567681393.76195
1567681394.01196
1567681394.26198
1567681394.51199
1567681394.762
1567681395.01201
1567681395.26202
1567681395.51203
1567681395.76204
1567681396.01206
1567681396.26207
1567681396.51208
1567681396.76209
1567681397.0121
1567681397.26211
1567681397.51213
1567681397.76214
1567681398.01215
1567681398.26216
1567681398.51217
1567681398.76218
1567681399.0122
1567681399.26221
1567681399.51222
1567681399.76223
1567681400.01224
1567681400.26225
1567681400.51226
1567681400.76228
1567681401.01229
1567681401.2623
1567681401.51231
1567681401.76232
1567681402.01233
1567681402.26235
1567681402.51236
1567681402.76237
1567681403.01238
1567681403.26239
1567681403.5124
1567681403.76242
1567681404.01243
1567681404.26244
1567681404.51245
1567681404.76246
1567681405.01247
1567681405.26248
1567681405.5125
1567681405.76251
1567681406.01252
1567681406.26253
1567681406.51254
1567681406.76255
1567681407.01257
1567681407.26258
1567681407.51259
1567681407.7626
1567681408.01261
1567681408.26262
1567681408.51264
1567681408.76265
1567681409.01266
1567681409.26267
1567681409.51268
1567681409.76269
1567681410.0127
1567681410.26272
1567681410.51273
1567681410.76274
1567681411.01275
1567681411.26276
1567681411.51277
1567681411.76279
1567681412.0128
1567681412.26281
1567681412.51282
1567681412.76283
1567681413.01284
1567681413.26286
1567681413.51287
1567681413.76288
1567681414.01289
1567681414.2629
1567681414.51291
1567681414.76292
1567681415.01294
1567681415.26295
1567681415.51296
1567681415.76297
1567681416.01298
1567681416.26299
1567681416.51301
1567681416.76302
1567681417.01303
1567681417.26304
1567681417.51305
1567681417.76306
1567681418.01307
1567681418.26309
1567681418.5131
1567681418.76311
1567681419.01312
1567681419.26313
1567681419.51314
1567681419.76316
1567681420.01317
1567681420.26318
1567681420.51319
1567681420.7632
1567681421.01321
1567681421.26323
1567681421.51324
1567681421.76325
1567681422.01326
1567681422.26327
1567681422.51328
1567681422.76329
1567681423.01331
1567681423.26332
1567681423.51333
1567681423.76334
1567681424.01335
1567681424.26336
1567681424.51338
1567681424.76339
1567681425.0134
1567681425.26341
1567681425.51342
1567681425.76343
1567681426.01345
1567681426.26346
1567681426.51347
1567681426.76348
1567681427.01349
1567681427.2635
1567681427.51351
1567681427.76353
1567681428.01354
1567681428.26355
1567681428.51356
1567681428.76357
1567681429.01358
1567681429.2636
1567681429.51361
1567681429.76362
1567681430.01363
1567681430.26364
1567681430.51365
1567681430.76367
1567681431.01368
1567681431.26369
1567681431.5137
1567681431.76371
1567681432.01372
1567681432.26373
1567681432.51375
1567681432.76376
1567681433.01377
1567681433.26378
1567681433.51379
1567681433.7638
1567681434.01382
1567681434.26383
1567681434.51384
1567681434.76385
1567681435.01386
1567681435.26387
1567681435.51389
1567681435.7639
1567681436.01391
1567681436.26392
1567681436.51393
1567681436.76394
1567681437.01395
1567681437.26397
1567681437.51398
1567681437.76399
1567681438.014
1567681438.26401
1567681438.51402
1567681438.76404
1567681439.01405
1567681439.26406
1567681439.51407
1567681439.76408
1567681440.01409
1567681440.26411
1567681440.51412
1567681440.76413
1567681441.01414
1567681441.26415
1567681441.51416
1567681441.76417
1567681442.01419
1567681442.2642
1567681442.51421
1567681442.76422
1567681443.01423
1567681443.26424
1567681443.51426
1567681443.76427
1567681444.01428
1567681444.26429
1567681444.5143
1567681444.76431
1567681445.01433
1567681445.26434
1567681445.51435
1567681445.76436
1567681446.01437
1567681446.26438
1567681446.51439
1567681446.76441
1567681447.01442
1567681447.26443
1567681447.51444
1567681447.76445
1567681448.01446
1567681448.26448
1567681448.51449
1567681448.7645
1567681449.01451
1567681449.26452
1567681449.51453
1567681449.76454
1567681450.01456
1567681450.26457
1567681450.51458
1567681450.76459
1567681451.0146
1567681451.26461
1567681451.51463
1567681451.76464
1567681452.01465
1567681452.26466
1567681452.51467
1567681452.76468
1567681453.0147
1567681453.26471
1567681453.51472
1567681453.76473
1567681454.01474
1567681454.26475
1567681454.51476
1567681454.76478
1567681455.01479
1567681455.2648
1567681455.51481
1567681455.76482
1567681456.01483
1567681456.26485
1567681456.51486
1567681456.76487
1567681457.01488
1567681457.26489
1567681457.5149
1567681457.76492
1567681458.01493
1567681458.26494
1567681458.51495
1567681458.76496
1567681459.01497
1567681459.26498
1567681459.515
1567681459.76501
1567681460.01502
1567681460.26503
1567681460.51504
1567681460.76505
1567681461.01507
1567681461.26508
1567681461.51509
1567681461.7651
1567681462.01511
1567681462.26512
1567681462.51514
1567681462.76515
1567681463.01516
1567681463.26517
1567681463.51518
1567681463.76519
1567681464.0152
1567681464.26522
1567681464.51523
1567681464.76524
1567681465.01525
1567681465.26526
1567681465.51527
1567681465.76529
1567681466.0153
1567681466.26531
1567681466.51532
1567681466.76533
1567681467.01534
1567681467.26536
1567681467.51537
1567681467.76538
1567681468.01539
1567681468.2654
1567681468.51541
1567681468.76542
1567681469.01544
1567681469.26545
1567681469.51546
1567681469.76547
1567681470.01548
1567681470.26549
1567681470.51551
1567681470.76552
1567681471.01553
1567681471.26554
1567681471.51555
1567681471.76556
1567681472.01558
1567681472.26559
1567681472.5156
1567681472.76561
1567681473.01562
1567681473.26563
1567681473.51564
1567681473.76566
1567681474.01567
1567681474.26568
1567681474.51569
1567681474.7657
1567681475.01571
1567681475.26573
1567681475.51574
1567681475.76575
1567681476.01576
1567681476.26577
1567681476.51578
1567681476.76579
1567681477.01581
1567681477.26582
1567681477.51583
1567681477.76584
1567681478.01585
1567681478.26586
1567681478.51588
1567681478.76589
1567681479.0159
1567681479.26591
1567681479.51592
1567681479.76593
1567681480.01595
1567681480.26596
1567681480.51597
1567681480.76598
1567681481.01599
1567681481.266
1567681481.51602
1567681481.76603
1567681482.01604
1567681482.26605
1567681482.51606
1567681482.76607
1567681483.01608
1567681483.2661
1567681483.51611
1567681483.76612
1567681484.01613
1567681484.26614
1567681484.51615
1567681484.76617
1567681485.01618
1567681485.26619
1567681485.5162
1567681485.76621
1567681486.01622
1567681486.26623
1567681486.51625
1567681486.76626
1567681487.01627
1567681487.26628
1567681487.51629
1567681487.7663
1567681488.01632
1567681488.26633
1567681488.51634
1567681488.76635
1567681489.01636
1567681489.26637
1567681489.51639
1567681489.7664
1567681490.01641
1567681490.26642
1567681490.51643
1567681490.76644
1567681491.01645
1567681491.26647
1567681491.51648
1567681491.76649
1567681492.0165
1567681492.26651
1567681492.51652
1567681492.76654
1567681493.01655
1567681493.26656
1567681493.51657
1567681493.76658
1567681494.01659
1567681494.26661
1567681494.51662
1567681494.76663
1567681495.01664
1567681495.26665
1567681495.51666
1567681495.76667
1567681496.01669
1567681496.2667
1567681496.51671
1567681496.76672
1567681497.01673
1567681497.26674
1567681497.51676
1567681497.76677
1567681498.01678
1567681498.26679
1567681498.5168
1567681498.76681
1567681499.01683
1567681499.26684
1567681499.51685
1567681499.76686
1567681500.01687
1567681500.26688
1567681500.51689
1567681500.76691
1567681501.01692
1567681501.26693
1567681501.51694
1567681501.76695
1567681502.01696
1567681502.26698
1567681502.51699
1567681502.767
1567681503.01701
1567681503.26702
1567681503.51703
1567681503.76705
1567681504.01706
1567681504.26707
1567681504.51708
1567681504.76709
1567681505.0171
1567681505.26711
1567681505.51713
1567681505.76714
1567681506.01715
1567681506.26716
1567681506.51717
1567681506.76718
1567681507.0172
1567681507.26721
1567681507.51722
1567681507.76723
1567681508.01724
1567681508.26725
1567681508.51727
1567681508.76728
1567681509.01729
1567681509.2673
1567681509.51731
1567681509.76732
1567681510.01733
1567681510.26735
1567681510.51736
1567681510.76737
1567681511.01738
1567681511.26739
1567681511.5174
1567681511.76742
1567681512.01743
1567681512.26744
1567681512.51745
1567681512.76746
1567681513.01747
1567681513.26748
1567681513.5175
1567681513.76751
1567681514.01752
1567681514.26753
1567681514.51754
1567681514.76755
1567681515.01757
1567681515.26758
1567681515.51759
1567681515.7676
1567681516.01761
1567681516.26762
1567681516.51764
1567681516.76765
1567681517.01766
1567681517.26767
1567681517.51768
1567681517.76769
1567681518.0177
1567681518.26772
1567681518.51773
1567681518.76774
1567681519.01775
1567681519.26776
1567681519.51777
1567681519.76779
1567681520.0178
1567681520.26781
1567681520.51782
1567681520.76783
1567681521.01784
1567681521.26786
1567681521.51787
1567681521.76788
1567681522.01789
1567681522.2679
1567681522.51791
1567681522.76792
1567681523.01794
1567681523.26795
1567681523.51796
1567681523.76797
1567681524.01798
1567681524.26799
1567681524.51801
1567681524.76802
1567681525.01803
1567681525.26804
1567681525.51805
1567681525.76806
1567681526.01808
1567681526.26809
1567681526.5181
1567681526.76811
1567681527.01812
1567681527.26813
1567681527.51814
1567681527.76816
1567681528.01817
1567681528.26818
1567681528.51819
1567681528.7682
1567681529.01821
1567681529.26823
1567681529.51824
1567681529.76825
1567681530.01826
1567681530.26827
1567681530.51828
1567681530.7683
1567681531.01831
1567681531.26832
1567681531.51833
1567681531.76834
1567681532.01835
1567681532.26836
1567681532.51838
1567681532.76839
1567681533.0184
1567681533.26841
1567681533.51842
1567681533.76843
1567681534.01845
1567681534.26846
1567681534.51847
1567681534.76848
1567681535.01849
1567681535.2685
1567681535.51852
1567681535.76853
1567681536.01854
1567681536.26855
1567681536.51856
1567681536.76857
1567681537.01858
1567681537.2686
1567681537.51861
1567681537.76862
1567681538.01863
1567681538.26864
1567681538.51865
1567681538.76867
1567681539.01868
1567681539.26869
1567681539.5187
1567681539.76871
1567681540.01872
1567681540.26873
1567681540.51875
1567681540.76876
1567681541.01877
1567681541.26878
1567681541.51879
1567681541.7688
1567681542.01882
1567681542.26883
1567681542.51884
1567681542.76885
1567681543.01886
1567681543.26887
1567681543.51889
1567681543.7689
1567681544.01891
1567681544.26892
1567681544.51893
1567681544.76894
1567681545.01895
1567681545.26897
1567681545.51898
1567681545.76899
1567681546.019
1567681546.26901
1567681546.51902
1567681546.76904
1567681547.01905
1567681547.26906
1567681547.51907
1567681547.76908
1567681548.01909
1567681548.26911
1567681548.51912
1567681548.76913
1567681549.01914
1567681549.26915
1567681549.51916
1567681549.76917
1567681550.01919
1567681550.2692
1567681550.51921
1567681550.76922
1567681551.01923
1567681551.26924
1567681551.51926
1567681551.76927
1567681552.01928
1567681552.26929
1567681552.5193
1567681552.76931
1567681553.01933
1567681553.26934
1567681553.51935
1567681553.76936
1567681554.01937
1567681554.26938
1567681554.51939
1567681554.76941
1567681555.01942
1567681555.26943
1567681555.51944
1567681555.76945
1567681556.01946
1567681556.26948
1567681556.51949
1567681556.7695
1567681557.01951
1567681557.26952
1567681557.51953
1567681557.76955
1567681558.01956
1567681558.26957
1567681558.51958
1567681558.76959
1567681559.0196
1567681559.26961
1567681559.51963
1567681559.76964
1567681560.01965
1567681560.26966
1567681560.51967
1567681560.76968
1567681561.0197
1567681561.26971
1567681561.51972
1567681561.76973
1567681562.01974
1567681562.26975
1567681562.51977
1567681562.76978
1567681563.01979
1567681563.2698
1567681563.51981
1567681563.76982
1567681564.01983
1567681564.26985
1567681564.51986
1567681564.76987
1567681565.01988
1567681565.26989
1567681565.5199
1567681565.76992
1567681566.01993
1567681566.26994
1567681566.51995
1567681566.76996
1567681567.01997
1567681567.26999
1567681567.52
1567681567.77001
1567681568.02002
1567681568.27003
1567681568.52004
1567681568.77005
1567681569.02007
1567681569.27008
1567681569.52009
1567681569.7701
1567681570.02011
1567681570.27012
1567681570.52014
1567681570.77015
1567681571.02016
1567681571.27017
1567681571.52018
1567681571.77019
1567681572.02021
1567681572.27022
1567681572.52023
1567681572.77024
1567681573.02025
1567681573.27026
1567681573.52027
1567681573.77029
1567681574.0203
1567681574.27031
1567681574.52032
1567681574.77033
1567681575.02034
1567681575.27036
1567681575.52037
1567681575.77038
1567681576.02039
1567681576.2704
1567681576.52041
1567681576.77042
1567681577.02044
1567681577.27045
1567681577.52046
1567681577.77047
1567681578.02048
1567681578.27049
1567681578.52051
1567681578.77052
1567681579.02053
1567681579.27054
1567681579.52055
1567681579.77056
1567681580.02058
1567681580.27059
1567681580.5206
1567681580.77061
1567681581.02062
1567681581.27063
1567681581.52064
1567681581.77066
1567681582.02067
1567681582.27068
1567681582.52069
1567681582.7707
1567681583.02071
1567681583.27073
1567681583.52074
1567681583.77075
1567681584.02076
1567681584.27077
1567681584.52078
1567681584.7708
1567681585.02081
1567681585.27082
1567681585.52083
1567681585.77084
1567681586.02085
1567681586.27086
1567681586.52088
1567681586.77089
1567681587.0209
1567681587.27091
1567681587.52092
1567681587.77093
1567681588.02095
1567681588.27096
1567681588.52097
1567681588.77098
1567681589.02099
1567681589.271
1567681589.52102
1567681589.77103
1567681590.02104
1567681590.27105
1567681590.52106
1567681590.77107
1567681591.02108
1567681591.2711
1567681591.52111
1567681591.77112
1567681592.02113
1567681592.27114
1567681592.52115
1567681592.77117
1567681593.02118
1567681593.27119
1567681593.5212
1567681593.77121
1567681594.02122
1567681594.27124
1567681594.52125
1567681594.77126
1567681595.02127
1567681595.27128
1567681595.52129
1567681595.7713
1567681596.02132
1567681596.27133
1567681596.52134
1567681596.77135
1567681597.02136
1567681597.27137
1567681597.52139
1567681597.7714
1567681598.02141
1567681598.27142
1567681598.52143
1567681598.77144
1567681599.02146
1567681599.27147
1567681599.52148
1567681599.77149
1567681600.0215
1567681600.27151
1567681600.52152
1567681600.77154
1567681601.02155
1567681601.27156
1567681601.52157
1567681601.77158
1567681602.02159
1567681602.27161
1567681602.52162
1567681602.77163
1567681603.02164
1567681603.27165
1567681603.52166
1567681603.77168
1567681604.02169
1567681604.2717
1567681604.52171
1567681604.77172
1567681605.02173
1567681605.27174
1567681605.52176
1567681605.77177
1567681606.02178
1567681606.27179
1567681606.5218
1567681606.77181
1567681607.02183
1567681607.27184
1567681607.52185
1567681607.77186
1567681608.02187
1567681608.27188
1567681608.52189
1567681608.77191
1567681609.02192
1567681609.27193
1567681609.52194
1567681609.77195
1567681610.02196
1567681610.27198
1567681610.52199
1567681610.772
1567681611.02201
1567681611.27202
1567681611.52203
1567681611.77205
1567681612.02206
1567681612.27207
1567681612.52208
1567681612.77209
1567681613.0221
1567681613.27211
1567681613.52213
1567681613.77214
1567681614.02215
1567681614.27216
1567681614.52217
1567681614.77218
1567681615.0222
1567681615.27221
1567681615.52222
1567681615.77223
1567681616.02224
1567681616.27225
1567681616.52227
1567681616.77228
1567681617.02229
1567681617.2723
1567681617.52231
1567681617.77232
1567681618.02233
1567681618.27235
1567681618.52236
1567681618.77237
1567681619.02238
1567681619.27239
1567681619.5224
1567681619.77242
1567681620.02243
1567681620.27244
1567681620.52245
1567681620.77246
1567681621.02247
1567681621.27249
1567681621.5225
1567681621.77251
1567681622.02252
1567681622.27253
1567681622.52254
1567681622.77255
1567681623.02257
1567681623.27258
1567681623.52259
1567681623.7726
1567681624.02261
1567681624.27262
1567681624.52264
1567681624.77265
1567681625.02266
1567681625.27267
1567681625.52268
1567681625.77269
1567681626.02271
1567681626.27272
1567681626.52273
1567681626.77274
1567681627.02275
1567681627.27276
1567681627.52277
1567681627.77279
1567681628.0228
1567681628.27281
1567681628.52282
1567681628.77283
1567681629.02284
1567681629.27286
1567681629.52287
1567681629.77288
1567681630.02289
1567681630.2729
1567681630.52291
1567681630.77293
1567681631.02294
1567681631.27295
1567681631.52296
1567681631.77297
1567681632.02298
1567681632.27299
1567681632.52301
1567681632.77302
1567681633.02303
1567681633.27304
1567681633.52305
1567681633.77306
1567681634.02308
1567681634.27309
1567681634.5231
1567681634.77311
1567681635.02312
1567681635.27313
1567681635.52314
1567681635.77316
1567681636.02317
1567681636.27318
1567681636.52319
1567681636.7732
1567681637.02321
1567681637.27323
1567681637.52324
1567681637.77325
1567681638.02326
1567681638.27327
1567681638.52328
1567681638.7733
1567681639.02331
1567681639.27332
1567681639.52333
1567681639.77334
1567681640.02335
1567681640.27337
1567681640.52338
1567681640.77339
1567681641.0234
1567681641.27341
1567681641.52342
1567681641.77343
1567681642.02345
1567681642.27346
1567681642.52347
1567681642.77348
1567681643.02349
1567681643.2735
1567681643.52352
1567681643.77353
1567681644.02354
1567681644.27355
1567681644.52356
1567681644.77357
1567681645.02358
1567681645.2736
1567681645.52361
1567681645.77362
1567681646.02363
1567681646.27364
1567681646.52365
1567681646.77367
1567681647.02368
1567681647.27369
1567681647.5237
1567681647.77371
1567681648.02372
1567681648.27374
1567681648.52375
1567681648.77376
1567681649.02377
1567681649.27378
1567681649.52379
1567681649.7738
1567681650.02382
1567681650.27383
1567681650.52384
1567681650.77385
1567681651.02386
1567681651.27387
1567681651.52389
1567681651.7739
1567681652.02391
1567681652.27392
1567681652.52393
1567681652.77394
1567681653.02396
1567681653.27397
1567681653.52398
1567681653.77399
1567681654.024
1567681654.27401
1567681654.52402
1567681654.77404
1567681655.02405
1567681655.27406
1567681655.52407
1567681655.77408
1567681656.02409
