7.30838
7.30838
7.331443
7.344255
7.369881
7.362193
7.366037
7.375005
7.383974
7.383974
7.391662
7.414724
7.469818
7.494162
7.521069
7.536443
7.567194
7.551818
7.539006
7.514662
7.487756
7.464693
7.445475
7.446756
7.422412
7.405756
7.389099
7.377568
7.363474
7.354506
7.345537
7.340412
7.331443
7.32888
7.322474
7.307099
7.300693
7.304536
7.300693
7.294286
7.291724
7.281474
7.276349
7.268661
7.266099
7.260974
7.25713
7.25713
7.25713
7.252005
7.250724
7.244318
7.253286
7.23663
7.250724
7.228942
7.221255
7.214849
7.214849
7.234067
7.235349
7.218692
7.207161
7.198193
7.203318
7.204599
7.222536
7.196911
7.184099
7.178974
7.181536
7.166161
7.162317
7.163599
7.182817
7.16488
7.173849
7.152067
7.145661
7.135411
7.143098
7.140536
7.140536
7.136692
7.135411
7.139255
7.131567
7.131567
7.125161
7.118755
7.10338
7.104661
7.100817
7.102098
7.099536
7.099536
7.096973
7.088005
7.08288
7.08288
7.073911
7.064942
7.068786
7.077754
7.095692
7.077754
7.077754
7.080317
7.076473
7.075192
7.073911
7.067504
7.063661
7.057254
7.055973
7.054692
7.048285
7.047005
7.044442
7.04188
7.040598
7.038036
7.035473
7.048285
7.034192
7.039317
7.034192
7.039317
7.035473
7.032911
7.029067
7.025223
7.018817
7.035473
7.012411
7.004723
6.998317
6.993192
6.990629
7.000879
7.013692
6.990629
6.988067
6.989348
6.979098
6.977817
6.979098
6.985504
6.999598
7.006004
7.018817
7.025223
7.023942
7.029067
7.044442
7.022661
7.016254
7.011129
7.006004
6.995754
6.990629
6.990629
6.990629
6.988067
6.984223
6.98166
6.997036
6.966286
6.970129
6.968848
6.967566
6.975254
6.976535
6.977817
6.976535
6.972692
6.968848
6.963723
6.963723
6.959879
6.953473
6.948348
6.948348
6.938098
6.947567
6.948848
6.947567
6.942442
6.938598
6.932192
6.937317
6.930911
6.936036
6.934754
6.925786
6.939879
6.947567
6.927067
6.924504
6.941161
6.923223
6.929629
6.932192
6.930911
6.941161
6.927067
6.921942
6.946286
6.945004
6.952692
6.965505
6.996254
7.002661
6.989849
6.992411
6.986005
7.000098
6.968067
6.986005
6.961661
6.964223
6.946286
6.945004
6.921942
6.937317
6.919379
6.90913
6.905286
6.906567
6.915535
6.924504
6.933473
6.937317
6.929629
6.947567
6.948848
6.939879
6.921942
6.911692
6.901442
6.897598
6.889911
6.882223
6.897598
6.882223
6.883504
6.877098
6.879661
6.873254
6.868129
6.864285
6.861723
6.869411
6.856598
6.846348
6.839942
6.841223
6.837379
6.852754
6.836098
6.843785
6.820723
6.819442
6.814317
6.810473
6.805348
6.796379
6.802785
6.822004
6.80791
6.79766
6.804067
6.798942
6.789973
6.809192
6.792535
6.786129
6.784848
6.783566
6.804067
6.78741
6.786129
6.781004
6.775879
6.778441
6.778441
6.783566
6.788692
6.811754
6.809192
6.805348
6.800223
6.798942
6.795098
6.78741
6.779723
6.763066
6.759223
6.75666
6.750254
6.750254
6.74641
6.741285
6.734879
6.73616
6.718223
6.709254
6.709254
6.711816
6.711816
6.709254
6.702847
6.697722
6.707973
6.696441
6.691316
6.688754
6.683629
6.681066
6.675941
6.666973
6.661848
6.663129
6.691316
6.679785
6.678504
6.675941
6.67466
6.675941
6.679785
6.673378
6.67466
6.68491
6.677222
6.690035
6.673378
6.672098
6.665691
6.663129
6.658004
6.658004
6.655441
6.651597
6.642629
6.647754
6.646472
6.640066
6.638785
6.627254
6.625972
6.63366
6.629816
6.628535
6.628535
6.62341
6.627254
6.617003
6.620847
6.619566
6.628535
6.615722
6.61316
6.629816
6.634941
6.63366
6.611878
6.60291
6.62341
6.609316
6.61316
6.60291
6.600347
6.615722
6.597785
6.592659
6.611878
6.592659
6.591379
6.606753
6.60291
6.600347
6.577285
6.590097
6.583691
6.600347
6.577285
6.565753
6.558066
6.564472
6.565753
6.558066
6.55166
6.570879
6.556785
6.554222
6.554222
6.556785
6.554222
6.569597
6.558066
6.55166
6.552941
6.547816
6.550378
6.545253
6.546535
6.545253
6.543972
6.540128
6.535003
6.535003
6.531159
6.523472
6.515784
6.51194
6.515784
6.518347
6.518347
6.514503
6.518347
6.513222
6.517066
6.510659
6.51194
6.508097
6.506816
6.506816
6.50041
6.497847
6.492722
6.508097
6.487597
6.510659
6.495285
6.506816
6.488878
6.482472
6.485034
6.483753
6.513222
6.504253
6.509378
6.502972
6.541409
6.542691
6.533722
6.531159
6.542691
6.526034
6.526034
6.524753
6.526034
6.547816
6.526034
6.543972
6.528597
6.519628
6.515784
6.51194
6.506816
6.513222
6.497847
6.505535
6.486316
6.477347
6.477347
6.479909
6.478628
6.473503
6.467097
6.459409
6.456847
6.459409
6.456847
6.468378
6.46069
6.449159
6.451722
6.447878
6.445315
6.461972
6.444034
6.44019
6.435065
6.451019
6.440769
6.434363
6.4318
6.426675
6.4113
6.426675
6.4318
6.430519
6.445894
6.457425
6.488175
6.48305
6.485613
6.481769
6.475363
6.477925
6.461269
6.451019
6.443331
6.439488
6.433082
6.424113
6.422832
6.410019
6.4113
6.4113
6.416425
6.416425
6.420269
6.418988
6.434363
6.44205
6.424113
6.420269
6.416425
6.418988
6.416425
6.434363
6.449738
6.474082
6.492019
6.508676
6.516363
6.515082
6.506113
6.4933
6.480488
6.4728
6.449738
6.44205
6.425394
6.422832
6.417706
6.416425
6.410019
6.398488
6.406175
6.403613
6.403613
6.388237
6.385675
6.375425
6.38055
6.379269
6.363894
6.371581
6.376706
6.361331
6.362612
6.357488
6.353644
6.356206
6.352363
6.347238
6.345956
6.348519
6.345956
6.351081
6.351081
6.358768
6.363894
6.367737
6.369019
6.363894
6.358768
6.354925
6.348519
6.344675
6.340831
6.334425
6.330581
6.324175
6.328019
6.325456
6.320331
6.316487
6.31905
6.31905
6.321612
6.322894
6.315206
6.320331
6.325456
6.330581
6.345956
6.352363
6.361331
6.362612
6.361331
6.366456
6.36005
6.3498
6.352363
6.344675
6.338269
6.331862
6.322894
6.31905
6.312644
6.307518
6.303675
6.29855
6.301112
6.297268
6.285737
6.302393
6.283175
6.304956
6.297268
6.295987
6.294706
6.287018
6.283175
6.281893
6.275487
6.289581
6.270362
6.266519
6.262675
6.258831
6.25755
6.25755
6.253706
6.256269
6.253706
6.254987
6.253706
6.254987
6.251143
6.243456
6.242175
6.238331
6.235768
6.231925
6.229362
6.222956
6.221674
6.215268
6.215268
6.215268
6.207581
6.206299
6.207581
6.207581
6.208862
6.212706
6.210143
6.221674
6.23705
6.224237
6.217831
6.215268
6.212706
6.205018
6.202456
6.199893
6.194768
6.189643
6.1858
6.180675
6.183237
6.181956
6.179393
6.1858
6.192206
6.198612
6.213987
6.224237
6.229362
6.242175
6.244737
6.249862
6.252425
6.254987
6.25755
6.251143
6.249862
6.248581
6.242175
6.233206
6.230643
6.224237
6.221674
6.221674
6.225518
6.231925
6.233206
6.233206
6.231925
6.225518
6.213987
6.216549
6.208862
6.215268
6.215268
6.201174
6.189643
6.193487
6.180675
6.179393
6.178112
6.184518
6.179393
6.183237
6.183237
6.188362
6.19733
6.201174
6.201174
6.211424
6.192206
6.183237
6.180675
6.172987
6.162737
6.155049
6.156331
6.169143
6.172987
6.153768
6.14608
6.161456
6.147362
6.139674
6.137112
6.139674
6.128143
6.131987
6.126862
6.128143
6.129424
6.131987
6.131987
6.133268
6.126862
6.133268
6.123018
6.112768
6.116611
6.116611
6.114049
6.108924
6.105081
6.105081
6.102518
6.093549
6.097393
6.093549
6.089705
6.088424
6.090987
6.096112
6.101237
6.096112
6.090987
6.088424
6.088424
6.088424
6.090987
6.087143
6.087143
6.088424
6.087143
6.087143
6.080737
6.08458
6.096112
6.094831
6.08458
6.079455
6.067924
6.088424
6.069205
6.065361
6.060236
6.070487
6.058955
6.071768
6.058955
6.078174
6.061518
6.067924
6.070487
6.061518
6.055111
6.067924
6.05383
6.057674
6.041018
6.028205
6.034612
6.030768
6.026924
6.030768
6.026924
6.041018
6.024362
6.039736
6.038455
6.024362
6.014112
6.026924
6.015393
6.007705
6.01283
6.010268
6.029487
6.016674
6.008986
6.003861
6.007705
6.001299
6.007705
6.010268
6.003861
5.994893
5.988486
6.000018
5.983361
5.98208
5.988486
5.978236
5.976955
5.976955
5.975674
5.974392
5.974392
5.97183
5.969267
5.967986
5.969267
5.970549
5.970549
5.96158
5.96158
5.96158
5.979517
5.962861
5.960299
5.955173
5.957736
5.96158
5.96158
5.96158
5.957736
5.962861
5.960299
5.959017
5.959017
5.960299
5.956455
5.955173
5.953893
5.95133
5.942361
5.939799
5.960792
5.950541
5.946698
5.962073
5.945417
5.955667
5.940292
5.930042
5.930042
5.945417
5.91851
5.937729
5.930042
5.921073
5.917229
5.932604
5.917229
5.909542
5.912104
5.910823
5.913385
5.90826
5.904417
5.903135
5.901854
5.926198
5.915948
5.913385
5.909542
5.90826
5.913385
5.913385
5.901854
5.901854
5.896729
5.906979
5.883916
5.890323
5.878791
5.876229
5.871104
5.876229
5.88776
5.869823
5.874948
5.882635
5.865979
5.868541
5.864697
5.853167
5.864697
5.855729
5.858292
5.855729
5.85701
5.85701
5.859573
5.850604
5.845479
5.845479
5.862135
5.865979
5.84676
5.84676
5.839073
5.832666
5.835229
5.831385
5.82626
5.823698
5.821135
5.817291
5.814729
5.814729
5.80576
5.801916
5.800635
5.801916
5.800635
5.801916
5.799354
5.798072
5.796791
5.794229
5.771166
5.787822
5.801916
5.787822
5.782698
5.777573
5.803197
5.790385
5.794229
5.810885
5.807041
5.812166
5.812166
5.814729
5.807041
5.821135
5.807041
5.800635
5.796791
5.790385
5.787822
5.782698
5.782698
5.782698
5.781416
5.771166
5.791666
5.771166
5.767323
5.760916
5.759635
5.758354
5.757072
5.758354
5.757072
5.771166
5.749385
5.748104
5.768604
5.746822
5.741697
5.742979
5.737854
5.73401
5.732728
5.728885
5.728885
5.721197
5.728885
5.722478
5.722478
5.721197
5.721197
5.721197
5.719916
5.718635
5.710947
5.71351
5.705822
5.709666
5.698135
5.71351
5.703259
5.705822
5.701979
5.704541
5.701979
5.698135
5.704541
5.705822
5.699416
5.701979
5.703259
5.700697
5.700697
5.701979
5.701979
5.701979
5.725041
5.739135
5.725041
5.73401
5.735291
5.731447
5.727603
5.726322
5.74426
5.740416
5.722478
5.718635
5.714791
5.722478
5.709666
5.703259
5.696854
5.691729
5.690447
5.684041
5.678916
5.678916
5.676353
5.677635
5.675072
5.680197
5.678916
5.681479
5.691729
5.678916
5.669947
5.68276
5.669947
5.663541
5.663541
5.654572
5.659697
5.655853
5.652009
5.653291
5.652009
5.649447
5.646884
5.648166
5.646884
5.641759
5.640478
5.639197
5.636634
5.653291
5.641759
5.635353
5.630228
5.628947
5.630228
5.626384
5.625103
5.62126
5.62126
5.628947
5.623822
5.632791
5.634072
5.635353
5.635353
5.657135
5.645603
5.634072
5.623822
5.619978
5.62126
5.623822
5.630228
5.648166
5.635353
5.640478
5.667385
5.657135
5.660978
5.673791
5.666103
5.680197
5.657135
5.652009
5.639197
5.632791
5.636634
5.630228
5.626384
5.619978
5.612291
5.632791
5.61101
5.608447
5.608447
5.608447
5.605885
5.603322
5.599478
5.595634
5.595634
5.591791
5.590509
5.587947
5.587947
5.609728
5.609728
5.609728
5.609728
5.609728
5.609728
5.609728
5.609728
5.609728
5.609728
5.609728
5.609728
5.609728
5.603322
5.614853
5.591791
5.580259
5.57129
5.567447
5.593072
5.576416
5.567447
5.562322
5.558478
5.557197
5.563603
5.567447
5.555915
5.572572
5.55079
5.545665
5.564884
5.570009
5.55079
5.552072
5.548228
5.546947
5.546947
5.545665
5.548228
5.543103
5.55079
5.553353
5.56104
5.563603
5.567447
5.584103
5.576416
5.573853
5.572572
5.572572
5.584103
5.578978
5.581541
5.586666
5.595634
5.598197
5.617416
5.607166
5.605885
5.602041
5.590509
5.586666
5.591791
5.590509
5.586666
5.580259
5.581541
5.577697
5.57129
5.567447
5.564884
5.56104
5.546947
5.55079
5.545665
5.543103
5.549509
5.562322
5.546947
5.540541
5.527728
5.530291
5.549509
5.529009
5.521322
5.512353
5.518759
5.535416
5.521322
5.520041
5.516197
5.511072
5.512353
5.505947
5.498259
5.503384
5.505947
5.522603
5.517478
5.50979
5.511072
5.507228
5.508509
5.507228
5.502103
5.496978
5.498259
5.49954
5.49954
5.494415
5.490571
5.48929
5.488009
5.485446
5.486728
5.482884
5.488009
5.481603
5.476478
5.471353
5.463665
5.46879
5.480321
5.472634
5.467509
5.482884
5.485446
5.459822
5.454697
5.455978
5.473915
5.475196
5.462384
5.45854
5.450853
5.453415
5.452134
5.452134
5.450853
5.461102
5.443165
5.441884
5.441884
5.440603
5.461529
5.457685
5.453841
5.441029
5.441029
5.437185
5.441029
5.438466
5.437185
5.434622
5.44231
5.451279
5.439747
5.455122
5.460248
5.439747
5.43206
5.433341
5.434622
5.453841
5.435904
5.429497
5.43206
5.435904
5.435904
5.435904
5.451279
5.433341
5.426935
5.420528
5.420528
5.420528
5.424372
5.425653
5.416685
5.415403
5.41156
5.410278
5.408997
5.408997
5.405153
5.405153
5.401309
5.402591
5.419247
5.406435
5.414122
5.414122
5.42181
5.425653
5.428216
5.426935
5.426935
5.424372
5.437185
5.420528
5.412841
5.410278
5.403872
5.416685
5.403872
5.414122
5.415403
5.403872
5.389779
5.38081
5.382091
5.383372
5.385935
5.387216
5.397466
5.398747
5.388497
5.385935
5.383372
5.392341
5.394903
5.405153
5.389779
5.387216
5.385935
5.383372
5.379529
5.374403
5.375685
5.369278
5.376966
5.364153
5.359028
5.357747
5.376966
5.38081
5.367997
5.361591
5.375685
5.362872
5.356466
5.347497
5.346216
5.341091
5.337247
5.339809
5.341091
5.341091
5.337247
5.341091
5.352622
5.352622
5.341091
5.335966
5.338528
5.339809
5.341091
5.339809
5.338528
5.329559
5.329559
5.329559
5.329559
5.329559
5.329559
5.326997
5.328278
5.318028
5.321872
5.315465
5.306497
5.307778
5.307778
5.305216
5.306497
5.325716
5.315465
5.333403
5.323153
5.321872
5.321872
5.314184
5.316747
5.316747
5.314184
5.316747
5.30906
5.321872
5.314184
5.30906
5.314184
5.311622
5.310341
5.312903
5.303935
5.303935
5.301372
5.302653
5.30906
5.302653
5.300091
5.29881
5.292403
5.30906
5.292403
5.291122
5.307778
5.301372
5.293684
5.292403
5.29881
5.301372
5.300091
5.302653
5.310341
5.303935
5.302653
5.312903
5.301372
5.307778
5.293684
5.305216
5.305216
5.302653
5.294966
5.285997
5.282153
5.282153
5.284716
5.293684
5.292403
5.277028
5.279591
5.277028
5.275747
5.271903
5.266778
5.284716
5.270622
5.266778
5.270622
5.277028
5.284716
5.293684
5.300091
5.297528
5.301372
5.293684
5.305216
5.310341
5.32059
5.312903
5.310341
5.306497
5.305216
5.297528
5.297528
5.293684
5.289841
5.283434
5.280872
5.279591
5.291122
5.280872
5.270622
5.260372
5.255247
5.260372
5.253965
5.268059
5.25909
5.257809
5.251403
5.253965
5.251403
5.241153
5.241153
5.257809
5.251403
5.242434
5.234746
5.23859
5.234746
5.237309
5.234746
5.233465
5.236028
5.243715
5.229622
5.228341
5.227059
5.221934
5.220653
5.232184
5.223216
5.220653
5.218091
5.218091
5.220653
5.211684
5.209122
5.205278
5.192465
5.195028
5.196309
5.214247
5.206559
5.205278
5.198872
5.193747
5.19759
5.200153
5.202715
5.203997
5.205278
5.210403
5.209122
5.206559
5.210403
5.206559
5.202715
5.196309
5.212965
