4.061286
4.058724
4.056161
4.057443
4.05488
4.049755
4.048474
4.04463
4.045911
4.045911
4.060005
4.051036
4.057443
4.057443
4.057443
4.056161
4.06513
4.049755
4.042068
4.042068
4.035662
4.040786
4.038224
4.04463
4.039505
4.040786
4.039505
4.036943
4.035662
4.036943
4.033099
4.03438
4.03438
4.030537
4.036943
4.030537
4.03438
4.031818
4.04463
4.049755
4.036943
4.03438
4.03438
4.029255
4.042068
4.033099
4.030537
4.026693
4.025412
4.029255
4.02413
4.02413
4.036943
4.030537
4.027974
4.035662
4.03438
4.029255
4.026693
4.027974
4.026693
4.03438
4.027974
4.021568
4.019005
4.020287
4.016443
4.017724
4.017724
4.01388
4.011318
4.01388
4.015162
4.01388
4.012599
4.011318
4.01388
4.010036
4.015162
4.012599
4.012599
4.010036
4.022849
4.007474
4.006193
3.997224
4.010036
4.006193
3.999786
4.00363
4.017724
4.021568
4.00363
4.00363
4.001068
3.999786
4.007474
4.001068
4.012599
3.997224
4.011318
4.004911
4.015162
4.001068
3.998505
3.999786
4.002349
4.012599
4.001068
4.001068
4.004911
4.002349
4.010036
3.998505
3.997224
3.997224
4.002349
3.994661
3.994661
3.998505
3.992099
3.986974
4.002349
3.988255
4.002349
3.990818
3.990818
3.989536
3.988255
3.988255
3.989536
3.985693
3.994661
3.988255
3.984411
3.98313
3.981849
3.978005
3.980567
3.980567
3.978005
3.979286
3.976724
3.97288
3.979286
3.978005
3.974161
3.974161
3.97288
3.97288
3.971599
3.971599
3.971599
3.965193
3.961349
3.969036
3.969036
3.966474
3.965193
3.966474
3.967755
3.966474
3.966474
3.976724
3.966474
3.957505
3.96263
3.969036
3.961349
3.958786
3.958786
3.961349
3.974161
3.967755
3.960068
3.953661
3.960068
3.958786
3.97288
3.96263
3.96263
3.958786
3.970318
3.963911
3.957505
3.960068
3.956224
3.961349
3.958786
3.960068
3.95238
3.953661
3.96263
3.951099
3.969036
3.956224
3.95238
3.953661
3.95238
3.948536
3.947255
3.95238
3.951099
3.947255
3.945974
3.944692
3.945974
3.944692
3.94213
3.968687
3.962281
3.961
3.955875
3.954593
3.948187
3.948187
3.952031
3.941781
3.952031
3.945625
3.9405
3.945625
3.944343
3.941781
3.941781
3.941781
3.9405
3.948187
3.937937
3.931531
3.927687
3.922562
3.926406
3.923843
3.923843
3.934093
3.927687
3.918718
3.917437
3.92
3.931531
3.923843
3.913593
3.913593
3.913593
3.918718
3.913593
3.927687
3.921281
3.918718
3.917437
3.918718
3.914875
3.907187
3.904624
3.907187
3.907187
3.905906
3.905906
3.907187
3.907187
3.904624
3.907187
3.908468
3.905906
3.907187
3.907187
3.905906
3.907187
3.903343
3.903343
3.900781
3.902062
3.912312
3.903343
3.896937
3.903343
3.904624
3.904624
3.90975
3.911031
3.902062
3.904624
3.912312
3.899499
3.894374
3.905906
3.912312
3.913593
3.903343
3.902062
3.902062
3.898218
3.899499
3.900781
3.911031
3.917437
3.918718
3.922562
3.922562
3.921281
3.923843
3.937937
3.925125
3.923843
3.921281
3.914875
3.917437
3.916156
3.917437
3.918718
3.917437
3.916156
3.917437
3.913593
3.925125
3.921281
3.914875
3.914875
3.916156
3.913593
3.912312
3.911031
3.911031
3.905906
3.911031
3.918718
3.921281
3.923843
3.911031
3.907187
3.916156
3.907187
3.904624
3.896937
3.899499
3.902062
3.898218
3.894374
3.893093
3.891812
3.890531
3.894374
3.905906
3.899499
3.898218
3.894374
3.908468
3.898218
3.903343
3.902062
3.896937
3.895656
3.898218
3.894374
3.895656
3.890531
3.88925
3.88925
3.890531
3.88925
3.88925
3.885406
3.887968
3.886687
3.886687
3.884125
3.882843
3.885406
3.882843
3.882843
3.885406
3.884125
3.886687
3.878999
3.881562
3.882843
3.881562
3.878999
3.878999
3.890531
3.882843
3.877718
3.878999
3.880281
3.875156
3.876437
3.875156
3.873874
3.871312
3.882843
3.873874
3.870031
3.872593
3.867468
3.867468
3.863624
3.863624
3.867468
3.873874
3.864906
3.864906
3.870031
3.867468
3.873874
3.864906
3.862343
3.863624
3.861062
3.866187
3.855937
3.868749
3.859781
3.857218
3.854656
3.867468
3.858499
3.855937
3.852093
3.850812
3.850812
3.853374
3.852093
3.857218
3.850812
3.845687
3.848249
3.843124
3.841843
3.845687
3.844406
3.841843
3.840562
3.837999
3.853374
3.840562
3.841843
3.844406
3.840562
3.839281
3.834156
3.830312
3.834156
3.846968
3.835437
3.830312
3.835437
3.835437
3.834156
3.832874
3.832874
3.829031
3.830312
3.830312
3.830312
3.832874
3.831593
3.827749
3.822624
3.820062
3.825187
3.825187
3.823905
3.827749
3.825187
3.826468
3.823905
3.825187
3.827749
3.837999
3.821343
3.823905
3.827749
3.817499
3.821343
3.835437
3.830312
3.820062
3.835437
3.836718
3.839281
3.830312
3.825187
3.820062
3.817499
3.821343
3.821343
3.829031
3.817499
3.821343
3.816218
3.813655
3.816218
3.817499
3.830312
3.812374
3.816218
3.814937
3.817499
3.820062
3.821343
3.817499
3.827749
3.820062
3.823905
3.813655
3.817499
3.825187
3.817499
3.814937
3.812374
3.809812
3.811093
3.813655
3.812374
3.814937
3.811093
3.809812
3.811093
3.809812
3.813655
3.812374
3.820062
3.811093
3.809812
3.808531
3.803406
3.807249
3.804687
3.803406
3.804687
3.805968
3.804687
3.800843
3.811093
3.805968
3.804687
3.805968
3.808531
3.795718
3.79828
3.79828
3.795718
3.796999
3.800843
3.800843
3.799562
3.799562
3.809812
3.799562
3.794437
3.811093
3.800843
3.800843
3.807249
3.802124
3.811093
3.79828
3.812374
3.811093
3.800843
3.800843
3.799562
3.796999
3.796999
3.795718
3.79828
3.809812
3.807249
3.79828
3.795718
3.790593
3.790593
3.791874
3.791874
3.791874
3.790593
3.794437
3.793155
3.793155
3.789312
3.786749
3.78803
3.781624
3.789312
3.786749
3.786749
3.780343
3.77778
3.784187
3.784187
3.785468
3.795718
3.784187
3.784187
3.79828
3.790593
3.784187
3.784187
3.782905
3.780343
3.773937
3.781624
3.781624
3.781624
3.779062
3.77778
3.775218
3.780343
3.780343
3.785468
3.780343
3.779062
3.781624
3.784187
3.784187
3.776499
3.779062
3.780343
3.779062
3.780343
3.77778
3.780343
3.77778
3.779062
3.786749
3.779062
3.779062
3.773937
3.775218
3.775218
3.776499
3.779062
3.776499
3.775218
3.775218
3.776499
3.775218
3.773937
3.782905
3.780343
3.779062
3.78803
3.789312
3.77778
3.775218
3.77778
3.773937
3.784187
3.771374
3.775218
3.770093
3.770093
3.771374
3.786749
3.785468
3.77778
3.77778
3.77778
3.776499
3.779062
3.775218
3.785468
3.789312
3.775218
3.775218
3.771374
3.770093
3.775218
3.770093
3.772655
3.76753
3.768812
3.772655
3.770093
3.770093
3.768812
3.766249
3.768812
3.764968
3.76753
3.759843
3.75728
3.75728
3.753437
3.758562
3.762405
3.762405
3.754718
3.761124
3.768812
3.759843
3.759843
3.758562
3.762405
3.758562
3.759843
3.761124
3.761124
3.764968
3.770093
3.759843
3.755999
3.754718
3.753437
3.75728
3.758562
3.754718
3.758562
3.758562
3.755999
3.759843
3.758562
3.755999
3.758562
3.750874
3.754718
3.758562
3.755999
3.764968
3.76753
3.754718
3.749593
3.745749
3.748312
3.752155
3.748312
3.748312
3.74703
3.749593
3.749593
3.761124
3.75728
3.749593
3.761124
3.752155
3.748312
3.745749
3.753437
3.762405
3.750874
3.745749
3.745749
3.754718
3.750874
3.744468
3.744468
3.745749
3.74703
3.74703
3.74703
3.748312
3.749593
3.749593
3.74703
3.743186
3.759843
3.750874
3.75728
3.74703
3.748312
3.74703
3.745749
3.744468
3.74703
3.745749
3.74703
3.750874
3.74703
3.74703
3.740624
3.744468
3.749593
3.745749
3.748312
3.750874
3.752155
3.759843
3.754718
3.758562
3.761124
3.74703
3.744468
3.748312
3.761124
3.754718
3.74703
3.741905
3.741905
3.748312
3.743186
3.755999
3.755999
3.748312
3.755999
3.761124
3.745749
3.748312
3.749593
3.745749
3.744468
3.741905
3.743186
3.739343
3.745749
3.739343
3.735499
3.735499
3.738061
3.73678
3.740624
3.73678
3.73678
3.73678
3.731655
3.744468
3.739343
3.735499
3.735499
3.735499
3.734218
3.73678
3.735499
3.734218
3.729093
3.72653
3.727812
3.743186
3.732936
3.734218
3.727812
3.722687
3.727812
3.731655
3.740624
3.745749
3.723968
3.730374
3.745749
3.732936
3.741905
3.732936
3.743186
3.730374
3.727812
3.734218
3.731655
3.739343
3.730374
3.731655
3.731655
3.732936
3.730374
3.730374
3.741905
3.743186
3.734218
3.730374
3.727812
3.730374
3.727812
3.729093
3.727812
3.723968
3.723968
3.727812
3.725249
3.729093
3.727812
3.727812
3.725249
3.722687
3.723968
3.720124
3.722687
3.734218
3.72653
3.722687
3.714999
3.720124
3.722687
3.723968
3.713718
3.71628
3.727812
3.721405
3.720124
3.712436
3.713718
3.709874
3.711155
3.713718
3.723968
3.714999
3.717561
3.71628
3.714999
3.718843
3.713718
3.72653
3.725249
3.720124
3.714999
3.71628
3.71628
3.71628
3.714999
3.717561
3.713718
3.718843
3.72653
3.721405
3.717561
3.717561
3.71628
3.71628
3.71628
3.71628
3.718843
3.723968
3.71628
3.713718
3.723968
3.727812
3.713718
3.721405
3.714999
3.727812
3.729093
3.722687
3.714999
3.709874
3.711155
3.71628
3.729093
3.714999
3.722687
3.717561
3.712436
3.711155
3.722687
3.713718
3.713718
3.725249
3.727812
3.721405
3.713718
3.721405
3.71628
3.712436
3.711155
3.711155
3.711155
3.712436
3.714999
3.713718
3.713718
3.711155
3.714999
3.708593
3.714999
3.717561
3.717561
3.71628
3.717561
3.700905
3.711155
3.707311
3.702186
3.70603
3.703468
3.70603
3.707311
3.708593
3.707311
3.70603
3.70603
3.708593
3.707311
3.70603
3.709874
3.70603
3.713718
3.717561
3.717561
3.712436
3.722687
3.708593
3.708593
3.70603
3.702186
3.718843
3.70603
3.702186
3.707311
3.704749
3.71628
3.708593
3.703468
3.714999
3.704749
3.699624
3.713718
3.707311
3.704749
3.704749
3.714999
3.702186
3.703468
3.703468
3.699624
3.702186
3.697061
3.702186
3.700905
3.702186
3.700905
3.700905
3.703468
3.700905
3.700905
3.698343
3.704749
3.703468
3.699624
3.694499
3.704749
3.700905
3.697061
3.694499
3.691936
3.690655
3.690655
3.691936
3.693218
3.691936
3.69578
3.697061
3.697061
3.690655
3.691936
3.694499
3.69578
3.690655
3.69578
3.691936
3.691936
3.693218
3.690655
3.693218
3.691936
3.694499
3.691936
3.688093
3.699624
3.69578
3.69578
3.693218
3.691936
3.693218
3.69578
3.690655
3.689374
3.691936
3.691936
3.694499
3.693218
3.684249
3.69578
3.693218
3.691936
3.689374
3.694499
3.688093
3.691936
3.69578
3.686811
3.688093
3.686811
3.686811
3.686811
3.689374
3.689374
3.689374
3.689374
3.688093
3.688093
3.68553
3.689374
3.682968
3.682968
3.68553
3.690655
3.682968
3.682968
3.689374
3.684249
3.681686
3.682968
3.690655
3.676561
3.680405
3.681686
3.681686
3.681686
3.688093
3.691936
3.68553
3.681686
3.684249
3.680405
3.677843
3.680405
3.682968
3.680405
3.679124
3.691936
3.686811
3.684249
3.684249
3.679124
3.676561
3.679124
3.677843
3.677843
3.677843
3.688093
3.677843
3.672718
3.676561
3.673999
3.680405
3.682968
3.672718
3.676561
3.68553
3.690655
3.679124
3.673999
3.676561
3.676561
3.679124
3.671436
3.670155
3.666311
3.672718
3.666311
3.668874
3.670155
3.667593
3.670155
3.667593
3.667593
3.673999
3.672718
3.666311
3.668874
3.667593
3.670155
3.670155
3.668874
3.667593
3.668874
3.670155
3.666311
3.672718
3.66503
3.668874
3.671436
3.668874
3.66503
3.666311
3.67528
3.66503
3.662467
3.67528
3.677843
3.663749
3.662467
3.66503
3.662467
3.66503
3.663749
3.667593
3.672718
3.663749
3.671436
3.666311
3.663749
3.667593
3.667593
3.662467
3.671436
3.66503
3.672718
3.67528
3.666311
3.662467
3.66503
3.657342
3.663749
3.659905
3.657342
3.658624
3.657342
3.658624
3.65478
3.658624
3.658624
3.653499
3.65478
3.657342
3.653499
3.657342
3.65478
3.656061
3.652217
3.658624
3.663749
3.65478
3.662467
3.657342
3.657342
3.657342
3.656061
3.657342
3.65478
3.65478
3.652217
3.657342
3.653499
3.66503
3.653499
3.65478
3.652217
3.662467
3.65478
3.656061
3.648374
3.658624
3.656061
3.652217
3.652217
3.648374
3.650936
3.647093
3.659905
3.653499
3.650936
3.650936
3.662467
3.653499
3.649655
3.650936
3.661186
3.650936
3.662467
3.650936
3.650936
3.656061
3.657342
3.649655
3.652217
3.645811
3.643249
3.639405
3.648374
3.647093
3.648374
3.648374
3.647093
3.648374
3.64453
3.641968
3.652217
3.64453
3.649655
3.645811
3.649655
3.638124
3.639405
3.638124
3.636842
3.636842
