1570286243.024
1570286243.274
1570286243.524
1570286243.774
1570286244.024
1570286244.274
1570286244.524
1570286244.774
1570286245.024
1570286245.274
1570286245.524
1570286245.774
1570286246.024
1570286246.274
1570286246.524
1570286246.774
1570286247.024
1570286247.274
1570286247.524
1570286247.774
1570286248.024
1570286248.274
1570286248.524
1570286248.774
1570286249.024
1570286249.274
1570286249.524
1570286249.774
1570286250.024
1570286250.274
1570286250.524
1570286250.774
1570286251.024
1570286251.274
1570286251.524
1570286251.774
1570286252.024
1570286252.274
1570286252.524
1570286252.774
1570286253.024
1570286253.274
1570286253.524
1570286253.774
1570286254.024
1570286254.274
1570286254.524
1570286254.774
1570286255.024
1570286255.274
1570286255.524
1570286255.774
1570286256.024
1570286256.274
1570286256.524
1570286256.774
1570286257.024
1570286257.274
1570286257.524
1570286257.774
1570286258.024
1570286258.274
1570286258.524
1570286258.774
1570286259.024
1570286259.274
1570286259.524
1570286259.774
1570286260.024
1570286260.274
1570286260.524
1570286260.774
1570286261.024
1570286261.274
1570286261.524
1570286261.774
1570286262.024
1570286262.274
1570286262.524
1570286262.774
1570286263.024
1570286263.274
1570286263.524
1570286263.774
1570286264.024
1570286264.274
1570286264.524
1570286264.774
1570286265.024
1570286265.274
1570286265.524
1570286265.774
1570286266.024
1570286266.274
1570286266.524
1570286266.774
1570286267.024
1570286267.274
1570286267.524
1570286267.774
1570286268.024
1570286268.274
1570286268.524
1570286268.774
1570286269.024
1570286269.274
1570286269.524
1570286269.774
1570286270.024
1570286270.274
1570286270.524
1570286270.774
1570286271.024
1570286271.274
1570286271.524
1570286271.774
1570286272.024
1570286272.274
1570286272.524
1570286272.774
1570286273.024
1570286273.274
1570286273.524
1570286273.774
1570286274.024
1570286274.274
1570286274.524
1570286274.774
1570286275.024
1570286275.274
1570286275.524
1570286275.774
1570286276.024
1570286276.274
1570286276.524
1570286276.774
1570286277.024
1570286277.274
1570286277.524
1570286277.774
1570286278.024
1570286278.274
1570286278.524
1570286278.774
1570286279.024
1570286279.274
1570286279.524
1570286279.774
1570286280.024
1570286280.274
1570286280.524
1570286280.774
1570286281.024
1570286281.274
1570286281.524
1570286281.774
1570286282.024
1570286282.274
1570286282.524
1570286282.774
1570286283.024
1570286283.274
1570286283.524
1570286283.774
1570286284.024
1570286284.274
1570286284.524
1570286284.774
1570286285.024
1570286285.274
1570286285.524
1570286285.774
1570286286.024
1570286286.274
1570286286.524
1570286286.774
1570286287.024
1570286287.274
1570286287.524
1570286287.774
1570286288.024
1570286288.274
1570286288.524
1570286288.774
1570286289.024
1570286289.274
1570286289.524
1570286289.774
1570286290.024
1570286290.274
1570286290.524
1570286290.774
1570286291.024
1570286291.274
1570286291.524
1570286291.774
1570286292.024
1570286292.274
1570286292.524
1570286292.774
1570286293.024
1570286293.274
1570286293.524
1570286293.774
1570286294.024
1570286294.274
1570286294.524
1570286294.774
1570286295.024
1570286295.274
1570286295.524
1570286295.774
1570286296.024
1570286296.274
1570286296.524
1570286296.774
1570286297.024
1570286297.274
1570286297.524
1570286297.774
1570286298.024
1570286298.274
1570286298.524
1570286298.774
1570286299.024
1570286299.274
1570286299.524
1570286299.774
1570286300.024
1570286300.274
1570286300.524
1570286300.774
1570286301.024
1570286301.274
1570286301.524
1570286301.774
1570286302.024
1570286302.274
1570286302.524
1570286302.774
1570286303.024
1570286303.274
1570286303.524
1570286303.774
1570286304.024
1570286304.274
1570286304.524
1570286304.774
1570286305.024
1570286305.274
1570286305.524
1570286305.774
1570286306.024
1570286306.274
1570286306.524
1570286306.774
1570286307.024
1570286307.274
1570286307.524
1570286307.774
1570286308.024
1570286308.274
1570286308.524
1570286308.774
1570286309.024
1570286309.274
1570286309.524
1570286309.774
1570286310.024
1570286310.274
1570286310.524
1570286310.774
1570286311.024
1570286311.274
1570286311.524
1570286311.774
1570286312.024
1570286312.274
1570286312.524
1570286312.774
1570286313.024
1570286313.274
1570286313.524
1570286313.774
1570286314.024
1570286314.274
1570286314.524
1570286314.774
1570286315.024
1570286315.274
1570286315.524
1570286315.774
1570286316.024
1570286316.274
1570286316.524
1570286316.774
1570286317.024
1570286317.274
1570286317.524
1570286317.774
1570286318.024
1570286318.274
1570286318.524
1570286318.774
1570286319.024
1570286319.274
1570286319.524
1570286319.774
1570286320.024
1570286320.274
1570286320.524
1570286320.774
1570286321.024
1570286321.274
1570286321.524
1570286321.774
1570286322.024
1570286322.274
1570286322.524
1570286322.774
1570286323.024
1570286323.274
1570286323.524
1570286323.774
1570286324.024
1570286324.274
1570286324.524
1570286324.774
1570286325.024
1570286325.274
1570286325.524
1570286325.774
1570286326.024
1570286326.274
1570286326.524
1570286326.774
1570286327.024
1570286327.274
1570286327.524
1570286327.774
1570286328.024
1570286328.274
1570286328.524
1570286328.774
1570286329.024
1570286329.274
1570286329.524
1570286329.774
1570286330.024
1570286330.274
1570286330.524
1570286330.774
1570286331.024
1570286331.274
1570286331.524
1570286331.774
1570286332.024
1570286332.274
1570286332.524
1570286332.774
1570286333.024
1570286333.274
1570286333.524
1570286333.774
1570286334.024
1570286334.274
1570286334.524
1570286334.774
1570286335.024
1570286335.274
1570286335.524
1570286335.774
1570286336.024
1570286336.274
1570286336.524
1570286336.774
1570286337.024
1570286337.274
1570286337.524
1570286337.774
1570286338.024
1570286338.274
1570286338.524
1570286338.774
1570286339.024
1570286339.274
1570286339.524
1570286339.774
1570286340.024
1570286340.274
1570286340.524
1570286340.774
1570286341.024
1570286341.274
1570286341.524
1570286341.774
1570286342.024
1570286342.274
1570286342.524
1570286342.774
1570286343.024
1570286343.274
1570286343.524
1570286343.774
1570286344.024
1570286344.274
1570286344.524
1570286344.774
1570286345.024
1570286345.274
1570286345.524
1570286345.774
1570286346.024
1570286346.274
1570286346.524
1570286346.774
1570286347.024
1570286347.274
1570286347.524
1570286347.774
1570286348.024
1570286348.274
1570286348.524
1570286348.774
1570286349.024
1570286349.274
1570286349.524
1570286349.774
1570286350.024
1570286350.274
1570286350.524
1570286350.774
1570286351.024
1570286351.274
1570286351.524
1570286351.774
1570286352.024
1570286352.274
1570286352.524
1570286352.774
1570286353.024
1570286353.274
1570286353.524
1570286353.774
1570286354.024
1570286354.274
1570286354.524
1570286354.774
1570286355.024
1570286355.274
1570286355.524
1570286355.774
1570286356.024
1570286356.274
1570286356.524
1570286356.774
1570286357.024
1570286357.274
1570286357.524
1570286357.774
1570286358.024
1570286358.274
1570286358.524
1570286358.774
1570286359.024
1570286359.274
1570286359.524
1570286359.774
1570286360.024
1570286360.274
1570286360.524
1570286360.774
1570286361.024
1570286361.274
1570286361.524
1570286361.774
1570286362.024
1570286362.274
1570286362.524
1570286362.774
1570286363.024
1570286363.274
1570286363.524
1570286363.774
1570286364.024
1570286364.274
1570286364.524
1570286364.774
1570286365.024
1570286365.274
1570286365.524
1570286365.774
1570286366.024
1570286366.274
1570286366.524
1570286366.774
1570286367.024
1570286367.274
1570286367.524
1570286367.774
1570286368.024
1570286368.274
1570286368.524
1570286368.774
1570286369.024
1570286369.274
1570286369.524
1570286369.774
1570286370.024
1570286370.274
1570286370.524
1570286370.774
1570286371.024
1570286371.274
1570286371.524
1570286371.774
1570286372.024
1570286372.274
1570286372.524
1570286372.774
1570286373.024
1570286373.274
1570286373.524
1570286373.774
1570286374.024
1570286374.274
1570286374.524
1570286374.774
1570286375.024
1570286375.274
1570286375.524
1570286375.774
1570286376.024
1570286376.274
1570286376.524
1570286376.774
1570286377.024
1570286377.274
1570286377.524
1570286377.774
1570286378.024
1570286378.274
1570286378.524
1570286378.774
1570286379.024
1570286379.274
1570286379.524
1570286379.774
1570286380.024
1570286380.274
1570286380.524
1570286380.774
1570286381.024
1570286381.274
1570286381.524
1570286381.774
1570286382.024
1570286382.274
1570286382.524
1570286382.774
1570286383.024
1570286383.274
1570286383.524
1570286383.774
1570286384.024
1570286384.274
1570286384.524
1570286384.774
1570286385.024
1570286385.274
1570286385.524
1570286385.774
1570286386.024
1570286386.274
1570286386.524
1570286386.774
1570286387.024
1570286387.274
1570286387.524
1570286387.774
1570286388.024
1570286388.274
1570286388.524
1570286388.774
1570286389.024
1570286389.274
1570286389.524
1570286389.774
1570286390.024
1570286390.274
1570286390.524
1570286390.774
1570286391.024
1570286391.274
1570286391.524
1570286391.774
1570286392.024
1570286392.274
1570286392.524
1570286392.774
1570286393.024
1570286393.274
1570286393.524
1570286393.774
1570286394.024
1570286394.274
1570286394.524
1570286394.774
1570286395.024
1570286395.274
1570286395.524
1570286395.774
1570286396.024
1570286396.274
1570286396.524
1570286396.774
1570286397.024
1570286397.274
1570286397.524
1570286397.774
1570286398.024
1570286398.274
1570286398.524
1570286398.774
1570286399.024
1570286399.274
1570286399.524
1570286399.774
1570286400.024
1570286400.274
1570286400.524
1570286400.774
1570286401.024
1570286401.274
1570286401.524
1570286401.774
1570286402.024
1570286402.274
1570286402.524
1570286402.774
1570286403.024
1570286403.274
1570286403.524
1570286403.774
1570286404.024
1570286404.274
1570286404.524
1570286404.774
1570286405.024
1570286405.274
1570286405.524
1570286405.774
1570286406.024
1570286406.274
1570286406.524
1570286406.774
1570286407.024
1570286407.274
1570286407.524
1570286407.774
1570286408.024
1570286408.274
1570286408.524
1570286408.774
1570286409.024
1570286409.274
1570286409.524
1570286409.774
1570286410.024
1570286410.274
1570286410.524
1570286410.774
1570286411.024
1570286411.274
1570286411.524
1570286411.774
1570286412.024
1570286412.274
1570286412.524
1570286412.774
1570286413.024
1570286413.274
1570286413.524
1570286413.774
1570286414.024
1570286414.274
1570286414.524
1570286414.774
1570286415.024
1570286415.274
1570286415.524
1570286415.774
1570286416.024
1570286416.274
1570286416.524
1570286416.774
1570286417.024
1570286417.274
1570286417.524
1570286417.774
1570286418.024
1570286418.274
1570286418.524
1570286418.774
1570286419.024
1570286419.274
1570286419.524
1570286419.774
1570286420.024
1570286420.274
1570286420.524
1570286420.774
1570286421.024
1570286421.274
1570286421.524
1570286421.774
1570286422.024
1570286422.274
1570286422.524
1570286422.774
1570286423.024
1570286423.274
1570286423.524
1570286423.774
1570286424.024
1570286424.274
1570286424.524
1570286424.774
1570286425.024
1570286425.274
1570286425.524
1570286425.774
1570286426.024
1570286426.274
1570286426.524
1570286426.774
1570286427.024
1570286427.274
1570286427.524
1570286427.774
1570286428.024
1570286428.274
1570286428.524
1570286428.774
1570286429.024
1570286429.274
1570286429.524
1570286429.774
1570286430.024
1570286430.274
1570286430.524
1570286430.774
1570286431.024
1570286431.274
1570286431.524
1570286431.774
1570286432.024
1570286432.274
1570286432.524
1570286432.774
1570286433.024
1570286433.274
1570286433.524
1570286433.774
1570286434.024
1570286434.274
1570286434.524
1570286434.774
1570286435.024
1570286435.274
1570286435.524
1570286435.774
1570286436.024
1570286436.274
1570286436.524
1570286436.774
1570286437.024
1570286437.274
1570286437.524
1570286437.774
1570286438.024
1570286438.274
1570286438.524
1570286438.774
1570286439.024
1570286439.274
1570286439.524
1570286439.774
1570286440.024
1570286440.274
1570286440.524
1570286440.774
1570286441.024
1570286441.274
1570286441.524
1570286441.774
1570286442.024
1570286442.274
1570286442.524
1570286442.774
1570286443.024
1570286443.274
1570286443.524
1570286443.774
1570286444.024
1570286444.274
1570286444.524
1570286444.774
1570286445.024
1570286445.274
1570286445.524
1570286445.774
1570286446.024
1570286446.274
1570286446.524
1570286446.774
1570286447.024
1570286447.274
1570286447.524
1570286447.774
1570286448.024
1570286448.274
1570286448.524
1570286448.774
1570286449.024
1570286449.274
1570286449.524
1570286449.774
1570286450.024
1570286450.274
1570286450.524
1570286450.774
1570286451.024
1570286451.274
1570286451.524
1570286451.774
1570286452.024
1570286452.274
1570286452.524
1570286452.774
1570286453.024
1570286453.274
1570286453.524
1570286453.774
1570286454.024
1570286454.274
1570286454.524
1570286454.774
1570286455.024
1570286455.274
1570286455.524
1570286455.774
1570286456.024
1570286456.274
1570286456.524
1570286456.774
1570286457.024
1570286457.274
1570286457.524
1570286457.774
1570286458.024
1570286458.274
1570286458.524
1570286458.774
1570286459.024
1570286459.274
1570286459.524
1570286459.774
1570286460.024
1570286460.274
1570286460.524
1570286460.774
1570286461.024
1570286461.274
1570286461.524
1570286461.774
1570286462.024
1570286462.274
1570286462.524
1570286462.774
1570286463.024
1570286463.274
1570286463.524
1570286463.774
1570286464.024
1570286464.274
1570286464.524
1570286464.774
1570286465.024
1570286465.274
1570286465.524
1570286465.774
1570286466.024
1570286466.274
1570286466.524
1570286466.774
1570286467.024
1570286467.274
1570286467.524
1570286467.774
1570286468.024
1570286468.274
1570286468.524
1570286468.774
1570286469.024
1570286469.274
1570286469.524
1570286469.774
1570286470.024
1570286470.274
1570286470.524
1570286470.774
1570286471.024
1570286471.274
1570286471.524
1570286471.774
1570286472.024
1570286472.274
1570286472.524
1570286472.774
1570286473.024
1570286473.274
1570286473.524
1570286473.774
1570286474.024
1570286474.274
1570286474.524
1570286474.774
1570286475.024
1570286475.274
1570286475.524
1570286475.774
1570286476.024
1570286476.274
1570286476.524
1570286476.774
1570286477.024
1570286477.274
1570286477.524
1570286477.774
1570286478.024
1570286478.274
1570286478.524
1570286478.774
1570286479.024
1570286479.274
1570286479.524
1570286479.774
1570286480.024
1570286480.274
1570286480.524
1570286480.774
1570286481.024
1570286481.274
1570286481.524
1570286481.774
1570286482.024
1570286482.274
1570286482.524
1570286482.774
1570286483.024
1570286483.274
1570286483.524
1570286483.774
1570286484.024
1570286484.274
1570286484.524
1570286484.774
1570286485.024
1570286485.274
1570286485.524
1570286485.774
1570286486.024
1570286486.274
1570286486.524
1570286486.774
1570286487.024
1570286487.274
1570286487.524
1570286487.774
1570286488.024
1570286488.274
1570286488.524
1570286488.774
1570286489.024
1570286489.274
1570286489.524
1570286489.774
1570286490.024
1570286490.274
1570286490.524
1570286490.774
1570286491.024
1570286491.274
1570286491.524
1570286491.774
1570286492.024
1570286492.274
1570286492.524
1570286492.774
1570286493.024
1570286493.274
1570286493.524
1570286493.774
1570286494.024
1570286494.274
1570286494.524
1570286494.774
1570286495.024
1570286495.274
1570286495.524
1570286495.774
1570286496.024
1570286496.274
1570286496.524
1570286496.774
1570286497.024
1570286497.274
1570286497.524
1570286497.774
1570286498.024
1570286498.274
1570286498.524
1570286498.774
1570286499.024
1570286499.274
1570286499.524
1570286499.774
1570286500.024
1570286500.274
1570286500.524
1570286500.774
1570286501.024
1570286501.274
1570286501.524
1570286501.774
1570286502.024
1570286502.274
1570286502.524
1570286502.774
1570286503.024
1570286503.274
1570286503.524
1570286503.774
1570286504.024
1570286504.274
1570286504.524
1570286504.774
1570286505.024
1570286505.274
1570286505.524
1570286505.774
1570286506.024
1570286506.274
1570286506.524
1570286506.774
1570286507.024
1570286507.274
1570286507.524
1570286507.774
1570286508.024
1570286508.274
1570286508.524
1570286508.774
1570286509.024
1570286509.274
1570286509.524
1570286509.774
1570286510.024
1570286510.274
1570286510.524
1570286510.774
1570286511.024
1570286511.274
1570286511.524
1570286511.774
1570286512.024
1570286512.274
1570286512.524
1570286512.774
1570286513.024
1570286513.274
1570286513.524
1570286513.774
1570286514.024
1570286514.274
1570286514.524
1570286514.774
1570286515.024
1570286515.274
1570286515.524
1570286515.774
1570286516.024
1570286516.274
1570286516.524
1570286516.774
1570286517.024
1570286517.274
1570286517.524
1570286517.774
1570286518.024
1570286518.274
1570286518.524
1570286518.774
1570286519.024
1570286519.274
1570286519.524
1570286519.774
1570286520.024
1570286520.274
1570286520.524
1570286520.774
1570286521.024
1570286521.274
1570286521.524
1570286521.774
1570286522.024
1570286522.274
1570286522.524
1570286522.774
1570286523.024
1570286523.274
1570286523.524
1570286523.774
1570286524.024
1570286524.274
1570286524.524
1570286524.774
1570286525.024
1570286525.274
1570286525.524
1570286525.774
1570286526.024
1570286526.274
1570286526.524
1570286526.774
1570286527.024
1570286527.274
1570286527.524
1570286527.774
1570286528.024
1570286528.274
1570286528.524
1570286528.774
1570286529.024
1570286529.274
1570286529.524
1570286529.774
1570286530.024
1570286530.274
1570286530.524
1570286530.774
1570286531.024
1570286531.274
1570286531.524
1570286531.774
1570286532.024
1570286532.274
1570286532.524
1570286532.774
1570286533.024
1570286533.274
1570286533.524
1570286533.774
1570286534.024
1570286534.274
1570286534.524
1570286534.774
1570286535.024
1570286535.274
1570286535.524
1570286535.774
1570286536.024
1570286536.274
1570286536.524
1570286536.774
1570286537.024
1570286537.274
1570286537.524
1570286537.774
1570286538.024
1570286538.274
1570286538.524
1570286538.774
1570286539.024
1570286539.274
1570286539.524
1570286539.774
1570286540.024
1570286540.274
1570286540.524
1570286540.774
1570286541.024
1570286541.274
1570286541.524
1570286541.774
1570286542.024
1570286542.274
1570286542.524
1570286542.774
