1570289321.024
1570289321.274
1570289321.524
1570289321.774
1570289322.024
1570289322.274
1570289322.524
1570289322.774
1570289323.024
1570289323.274
1570289323.524
1570289323.774
1570289324.024
1570289324.274
1570289324.524
1570289324.774
1570289325.024
1570289325.274
1570289325.524
1570289325.774
1570289326.024
1570289326.274
1570289326.524
1570289326.774
1570289327.024
1570289327.274
1570289327.524
1570289327.774
1570289328.024
1570289328.274
1570289328.524
1570289328.774
1570289329.024
1570289329.274
1570289329.524
1570289329.774
1570289330.024
1570289330.274
1570289330.524
1570289330.774
1570289331.024
1570289331.274
1570289331.524
1570289331.774
1570289332.024
1570289332.274
1570289332.524
1570289332.774
1570289333.024
1570289333.274
1570289333.524
1570289333.774
1570289334.024
1570289334.274
1570289334.524
1570289334.774
1570289335.024
1570289335.274
1570289335.524
1570289335.774
1570289336.024
1570289336.274
1570289336.524
1570289336.774
1570289337.024
1570289337.274
1570289337.524
1570289337.774
1570289338.024
1570289338.274
1570289338.524
1570289338.774
1570289339.024
1570289339.274
1570289339.524
1570289339.774
1570289340.024
1570289340.274
1570289340.524
1570289340.774
1570289341.024
1570289341.274
1570289341.524
1570289341.774
1570289342.024
1570289342.274
1570289342.524
1570289342.774
1570289343.024
1570289343.274
1570289343.524
1570289343.774
1570289344.024
1570289344.274
1570289344.524
1570289344.774
1570289345.024
1570289345.274
1570289345.524
1570289345.774
1570289346.024
1570289346.274
1570289346.524
1570289346.774
1570289347.024
1570289347.274
1570289347.524
1570289347.774
1570289348.024
1570289348.274
1570289348.524
1570289348.774
1570289349.024
1570289349.274
1570289349.524
1570289349.774
1570289350.024
1570289350.274
1570289350.524
1570289350.774
1570289351.024
1570289351.274
1570289351.524
1570289351.774
1570289352.024
1570289352.274
1570289352.524
1570289352.774
1570289353.024
1570289353.274
1570289353.524
1570289353.774
1570289354.024
1570289354.274
1570289354.524
1570289354.774
1570289355.024
1570289355.274
1570289355.524
1570289355.774
1570289356.024
1570289356.274
1570289356.524
1570289356.774
1570289357.024
1570289357.274
1570289357.524
1570289357.774
1570289358.024
1570289358.274
1570289358.524
1570289358.774
1570289359.024
1570289359.274
1570289359.524
1570289359.774
1570289360.024
1570289360.274
1570289360.524
1570289360.774
1570289361.024
1570289361.274
1570289361.524
1570289361.774
1570289362.024
1570289362.274
1570289362.524
1570289362.774
1570289363.024
1570289363.274
1570289363.524
1570289363.774
1570289364.024
1570289364.274
1570289364.524
1570289364.774
1570289365.024
1570289365.274
1570289365.524
1570289365.774
1570289366.024
1570289366.274
1570289366.524
1570289366.774
1570289367.024
1570289367.274
1570289367.524
1570289367.774
1570289368.024
1570289368.274
1570289368.524
1570289368.774
1570289369.024
1570289369.274
1570289369.524
1570289369.774
1570289370.024
1570289370.274
1570289370.524
1570289370.774
1570289371.024
1570289371.274
1570289371.524
1570289371.774
1570289372.024
1570289372.274
1570289372.524
1570289372.774
1570289373.024
1570289373.274
1570289373.524
1570289373.774
1570289374.024
1570289374.274
1570289374.524
1570289374.774
1570289375.024
1570289375.274
1570289375.524
1570289375.774
1570289376.024
1570289376.274
1570289376.524
1570289376.774
1570289377.024
1570289377.274
1570289377.524
1570289377.774
1570289378.024
1570289378.274
1570289378.524
1570289378.774
1570289379.024
1570289379.274
1570289379.524
1570289379.774
1570289380.024
1570289380.274
1570289380.524
1570289380.774
1570289381.024
1570289381.274
1570289381.524
1570289381.774
1570289382.024
1570289382.274
1570289382.524
1570289382.774
1570289383.024
1570289383.274
1570289383.524
1570289383.774
1570289384.024
1570289384.274
1570289384.524
1570289384.774
1570289385.024
1570289385.274
1570289385.524
1570289385.774
1570289386.024
1570289386.274
1570289386.524
1570289386.774
1570289387.024
1570289387.274
1570289387.524
1570289387.774
1570289388.024
1570289388.274
1570289388.524
1570289388.774
1570289389.024
1570289389.274
1570289389.524
1570289389.774
1570289390.024
1570289390.274
1570289390.524
1570289390.774
1570289391.024
1570289391.274
1570289391.524
1570289391.774
1570289392.024
1570289392.274
1570289392.524
1570289392.774
1570289393.024
1570289393.274
1570289393.524
1570289393.774
1570289394.024
1570289394.274
1570289394.524
1570289394.774
1570289395.024
1570289395.274
1570289395.524
1570289395.774
1570289396.024
1570289396.274
1570289396.524
1570289396.774
1570289397.024
1570289397.274
1570289397.524
1570289397.774
1570289398.024
1570289398.274
1570289398.524
1570289398.774
1570289399.024
1570289399.274
1570289399.524
1570289399.774
1570289400.024
1570289400.274
1570289400.524
1570289400.774
1570289401.024
1570289401.274
1570289401.524
1570289401.774
1570289402.024
1570289402.274
1570289402.524
1570289402.774
1570289403.024
1570289403.274
1570289403.524
1570289403.774
1570289404.024
1570289404.274
1570289404.524
1570289404.774
1570289405.024
1570289405.274
1570289405.524
1570289405.774
1570289406.024
1570289406.274
1570289406.524
1570289406.774
1570289407.024
1570289407.274
1570289407.524
1570289407.774
1570289408.024
1570289408.274
1570289408.524
1570289408.774
1570289409.024
1570289409.274
1570289409.524
1570289409.774
1570289410.024
1570289410.274
1570289410.524
1570289410.774
1570289411.024
1570289411.274
1570289411.524
1570289411.774
1570289412.024
1570289412.274
1570289412.524
1570289412.774
1570289413.024
1570289413.274
1570289413.524
1570289413.774
1570289414.024
1570289414.274
1570289414.524
1570289414.774
1570289415.024
1570289415.274
1570289415.524
1570289415.774
1570289416.024
1570289416.274
1570289416.524
1570289416.774
1570289417.024
1570289417.274
1570289417.524
1570289417.774
1570289418.024
1570289418.274
1570289418.524
1570289418.774
1570289419.024
1570289419.274
1570289419.524
1570289419.774
1570289420.024
1570289420.274
1570289420.524
1570289420.774
1570289421.024
1570289421.274
1570289421.524
1570289421.774
1570289422.024
1570289422.274
1570289422.524
1570289422.774
1570289423.024
1570289423.274
1570289423.524
1570289423.774
1570289424.024
1570289424.274
1570289424.524
1570289424.774
1570289425.024
1570289425.274
1570289425.524
1570289425.774
1570289426.024
1570289426.274
1570289426.524
1570289426.774
1570289427.024
1570289427.274
1570289427.524
1570289427.774
1570289428.024
1570289428.274
1570289428.524
1570289428.774
1570289429.024
1570289429.274
1570289429.524
1570289429.774
1570289430.024
1570289430.274
1570289430.524
1570289430.774
1570289431.024
1570289431.274
1570289431.524
1570289431.774
1570289432.024
1570289432.274
1570289432.524
1570289432.774
1570289433.024
1570289433.274
1570289433.524
1570289433.774
1570289434.024
1570289434.274
1570289434.524
1570289434.774
1570289435.024
1570289435.274
1570289435.524
1570289435.774
1570289436.024
1570289436.274
1570289436.524
1570289436.774
1570289437.024
1570289437.274
1570289437.524
1570289437.774
1570289438.024
1570289438.274
1570289438.524
1570289438.774
1570289439.024
1570289439.274
1570289439.524
1570289439.774
1570289440.024
1570289440.274
1570289440.524
1570289440.774
1570289441.024
1570289441.274
1570289441.524
1570289441.774
1570289442.024
1570289442.274
1570289442.524
1570289442.774
1570289443.024
1570289443.274
1570289443.524
1570289443.774
1570289444.024
1570289444.274
1570289444.524
1570289444.774
1570289445.024
1570289445.274
1570289445.524
1570289445.774
1570289446.024
1570289446.274
1570289446.524
1570289446.774
1570289447.024
1570289447.274
1570289447.524
1570289447.774
1570289448.024
1570289448.274
1570289448.524
1570289448.774
1570289449.024
1570289449.274
1570289449.524
1570289449.774
1570289450.024
1570289450.274
1570289450.524
1570289450.774
1570289451.024
1570289451.274
1570289451.524
1570289451.774
1570289452.024
1570289452.274
1570289452.524
1570289452.774
1570289453.024
1570289453.274
1570289453.524
1570289453.774
1570289454.024
1570289454.274
1570289454.524
1570289454.774
1570289455.024
1570289455.274
1570289455.524
1570289455.774
1570289456.024
1570289456.274
1570289456.524
1570289456.774
1570289457.024
1570289457.274
1570289457.524
1570289457.774
1570289458.024
1570289458.274
1570289458.524
1570289458.774
1570289459.024
1570289459.274
1570289459.524
1570289459.774
1570289460.024
1570289460.274
1570289460.524
1570289460.774
1570289461.024
1570289461.274
1570289461.524
1570289461.774
1570289462.024
1570289462.274
1570289462.524
1570289462.774
1570289463.024
1570289463.274
1570289463.524
1570289463.774
1570289464.024
1570289464.274
1570289464.524
1570289464.774
1570289465.024
1570289465.274
1570289465.524
1570289465.774
1570289466.024
1570289466.274
1570289466.524
1570289466.774
1570289467.024
1570289467.274
1570289467.524
1570289467.774
1570289468.024
1570289468.274
1570289468.524
1570289468.774
1570289469.024
1570289469.274
1570289469.524
1570289469.774
1570289470.024
1570289470.274
1570289470.524
1570289470.774
1570289471.024
1570289471.274
1570289471.524
1570289471.774
1570289472.024
1570289472.274
1570289472.524
1570289472.774
1570289473.024
1570289473.274
1570289473.524
1570289473.774
1570289474.024
1570289474.274
1570289474.524
1570289474.774
1570289475.024
1570289475.274
1570289475.524
1570289475.774
1570289476.024
1570289476.274
1570289476.524
1570289476.774
1570289477.024
1570289477.274
1570289477.524
1570289477.774
1570289478.024
1570289478.274
1570289478.524
1570289478.774
1570289479.024
1570289479.274
1570289479.524
1570289479.774
1570289480.024
1570289480.274
1570289480.524
1570289480.774
1570289481.024
1570289481.274
1570289481.524
1570289481.774
1570289482.024
1570289482.274
1570289482.524
1570289482.774
1570289483.024
1570289483.274
1570289483.524
1570289483.774
1570289484.024
1570289484.274
1570289484.524
1570289484.774
1570289485.024
1570289485.274
1570289485.524
1570289485.774
1570289486.024
1570289486.274
1570289486.524
1570289486.774
1570289487.024
1570289487.274
1570289487.524
1570289487.774
1570289488.024
1570289488.274
1570289488.524
1570289488.774
1570289489.024
1570289489.274
1570289489.524
1570289489.774
1570289490.024
1570289490.274
1570289490.524
1570289490.774
1570289491.024
1570289491.274
1570289491.524
1570289491.774
1570289492.024
1570289492.274
1570289492.524
1570289492.774
1570289493.024
1570289493.274
1570289493.524
1570289493.774
1570289494.024
1570289494.274
1570289494.524
1570289494.774
1570289495.024
1570289495.274
1570289495.524
1570289495.774
1570289496.024
1570289496.274
1570289496.524
1570289496.774
1570289497.024
1570289497.274
1570289497.524
1570289497.774
1570289498.024
1570289498.274
1570289498.524
1570289498.774
1570289499.024
1570289499.274
1570289499.524
1570289499.774
1570289500.024
1570289500.274
1570289500.524
1570289500.774
1570289501.024
1570289501.274
1570289501.524
1570289501.774
1570289502.024
1570289502.274
1570289502.524
1570289502.774
1570289503.024
1570289503.274
1570289503.524
1570289503.774
1570289504.024
1570289504.274
1570289504.524
1570289504.774
1570289505.024
1570289505.274
1570289505.524
1570289505.774
1570289506.024
1570289506.274
1570289506.524
1570289506.774
1570289507.024
1570289507.274
1570289507.524
1570289507.774
1570289508.024
1570289508.274
1570289508.524
1570289508.774
1570289509.024
1570289509.274
1570289509.524
1570289509.774
1570289510.024
1570289510.274
1570289510.524
1570289510.774
1570289511.024
1570289511.274
1570289511.524
1570289511.774
1570289512.024
1570289512.274
1570289512.524
1570289512.774
1570289513.024
1570289513.274
1570289513.524
1570289513.774
1570289514.024
1570289514.274
1570289514.524
1570289514.774
1570289515.024
1570289515.274
1570289515.524
1570289515.774
1570289516.024
1570289516.274
1570289516.524
1570289516.774
1570289517.024
1570289517.274
1570289517.524
1570289517.774
1570289518.024
1570289518.274
1570289518.524
1570289518.774
1570289519.024
1570289519.274
1570289519.524
1570289519.774
1570289520.024
1570289520.274
1570289520.524
1570289520.774
1570289521.024
1570289521.274
1570289521.524
1570289521.774
1570289522.024
1570289522.274
1570289522.524
1570289522.774
1570289523.024
1570289523.274
1570289523.524
1570289523.774
1570289524.024
1570289524.274
1570289524.524
1570289524.774
1570289525.024
1570289525.274
1570289525.524
1570289525.774
1570289526.024
1570289526.274
1570289526.524
1570289526.774
1570289527.024
1570289527.274
1570289527.524
1570289527.774
1570289528.024
1570289528.274
1570289528.524
1570289528.774
1570289529.024
1570289529.274
1570289529.524
1570289529.774
1570289530.024
1570289530.274
1570289530.524
1570289530.774
1570289531.024
1570289531.274
1570289531.524
1570289531.774
1570289532.024
1570289532.274
1570289532.524
1570289532.774
1570289533.024
1570289533.274
1570289533.524
1570289533.774
1570289534.024
1570289534.274
1570289534.524
1570289534.774
1570289535.024
1570289535.274
1570289535.524
1570289535.774
1570289536.024
1570289536.274
1570289536.524
1570289536.774
1570289537.024
1570289537.274
1570289537.524
1570289537.774
1570289538.024
1570289538.274
1570289538.524
1570289538.774
1570289539.024
1570289539.274
1570289539.524
1570289539.774
1570289540.024
1570289540.274
1570289540.524
1570289540.774
1570289541.024
1570289541.274
1570289541.524
1570289541.774
1570289542.024
1570289542.274
1570289542.524
1570289542.774
1570289543.024
1570289543.274
1570289543.524
1570289543.774
1570289544.024
1570289544.274
1570289544.524
1570289544.774
1570289545.024
1570289545.274
1570289545.524
1570289545.774
1570289546.024
1570289546.274
1570289546.524
1570289546.774
1570289547.024
1570289547.274
1570289547.524
1570289547.774
1570289548.024
1570289548.274
1570289548.524
1570289548.774
1570289549.024
1570289549.274
1570289549.524
1570289549.774
1570289550.024
1570289550.274
1570289550.524
1570289550.774
1570289551.024
1570289551.274
1570289551.524
1570289551.774
1570289552.024
1570289552.274
1570289552.524
1570289552.774
1570289553.024
1570289553.274
1570289553.524
1570289553.774
1570289554.024
1570289554.274
1570289554.524
1570289554.774
1570289555.024
1570289555.274
1570289555.524
1570289555.774
1570289556.024
1570289556.274
1570289556.524
1570289556.774
1570289557.024
1570289557.274
1570289557.524
1570289557.774
1570289558.024
1570289558.274
1570289558.524
1570289558.774
1570289559.024
1570289559.274
1570289559.524
1570289559.774
1570289560.024
1570289560.274
1570289560.524
1570289560.774
1570289561.024
1570289561.274
1570289561.524
1570289561.774
1570289562.024
1570289562.274
1570289562.524
1570289562.774
1570289563.024
1570289563.274
1570289563.524
1570289563.774
1570289564.024
1570289564.274
1570289564.524
1570289564.774
1570289565.024
1570289565.274
1570289565.524
1570289565.774
1570289566.024
1570289566.274
1570289566.524
1570289566.774
1570289567.024
1570289567.274
1570289567.524
1570289567.774
1570289568.024
1570289568.274
1570289568.524
1570289568.774
1570289569.024
1570289569.274
1570289569.524
1570289569.774
1570289570.024
1570289570.274
1570289570.524
1570289570.774
1570289571.024
1570289571.274
1570289571.524
1570289571.774
1570289572.024
1570289572.274
1570289572.524
1570289572.774
1570289573.024
1570289573.274
1570289573.524
1570289573.774
1570289574.024
1570289574.274
1570289574.524
1570289574.774
1570289575.024
1570289575.274
1570289575.524
1570289575.774
1570289576.024
1570289576.274
1570289576.524
1570289576.774
1570289577.024
1570289577.274
1570289577.524
1570289577.774
1570289578.024
1570289578.274
1570289578.524
1570289578.774
1570289579.024
1570289579.274
1570289579.524
1570289579.774
1570289580.024
1570289580.274
1570289580.524
1570289580.774
1570289581.024
1570289581.274
1570289581.524
1570289581.774
1570289582.024
1570289582.274
1570289582.524
1570289582.774
1570289583.024
1570289583.274
1570289583.524
1570289583.774
1570289584.024
1570289584.274
1570289584.524
1570289584.774
1570289585.024
1570289585.274
1570289585.524
1570289585.774
1570289586.024
1570289586.274
1570289586.524
1570289586.774
1570289587.024
1570289587.274
1570289587.524
1570289587.774
1570289588.024
1570289588.274
1570289588.524
1570289588.774
1570289589.024
1570289589.274
1570289589.524
1570289589.774
1570289590.024
1570289590.274
1570289590.524
1570289590.774
1570289591.024
1570289591.274
1570289591.524
1570289591.774
1570289592.024
1570289592.274
1570289592.524
1570289592.774
1570289593.024
1570289593.274
1570289593.524
1570289593.774
1570289594.024
1570289594.274
1570289594.524
1570289594.774
1570289595.024
1570289595.274
1570289595.524
1570289595.774
1570289596.024
1570289596.274
1570289596.524
1570289596.774
1570289597.024
1570289597.274
1570289597.524
1570289597.774
1570289598.024
1570289598.274
1570289598.524
1570289598.774
1570289599.024
1570289599.274
1570289599.524
1570289599.774
1570289600.024
1570289600.274
1570289600.524
1570289600.774
1570289601.024
1570289601.274
1570289601.524
1570289601.774
1570289602.024
1570289602.274
1570289602.524
1570289602.774
1570289603.024
1570289603.274
1570289603.524
1570289603.774
1570289604.024
1570289604.274
1570289604.524
1570289604.774
1570289605.024
1570289605.274
1570289605.524
1570289605.774
1570289606.024
1570289606.274
1570289606.524
1570289606.774
1570289607.024
1570289607.274
1570289607.524
1570289607.774
1570289608.024
1570289608.274
1570289608.524
1570289608.774
1570289609.024
1570289609.274
1570289609.524
1570289609.774
1570289610.024
1570289610.274
1570289610.524
1570289610.774
1570289611.024
1570289611.274
1570289611.524
1570289611.774
1570289612.024
1570289612.274
1570289612.524
1570289612.774
1570289613.024
1570289613.274
1570289613.524
1570289613.774
1570289614.024
1570289614.274
1570289614.524
1570289614.774
1570289615.024
1570289615.274
1570289615.524
1570289615.774
1570289616.024
1570289616.274
1570289616.524
1570289616.774
1570289617.024
1570289617.274
1570289617.524
1570289617.774
1570289618.024
1570289618.274
1570289618.524
1570289618.774
1570289619.024
1570289619.274
1570289619.524
1570289619.774
1570289620.024
1570289620.274
1570289620.524
1570289620.774
