1570288189.024
1570288189.274
1570288189.524
1570288189.774
1570288190.024
1570288190.274
1570288190.524
1570288190.774
1570288191.024
1570288191.274
1570288191.524
1570288191.774
1570288192.024
1570288192.274
1570288192.524
1570288192.774
1570288193.024
1570288193.274
1570288193.524
1570288193.774
1570288194.024
1570288194.274
1570288194.524
1570288194.774
1570288195.024
1570288195.274
1570288195.524
1570288195.774
1570288196.024
1570288196.274
1570288196.524
1570288196.774
1570288197.024
1570288197.274
1570288197.524
1570288197.774
1570288198.024
1570288198.274
1570288198.524
1570288198.774
1570288199.024
1570288199.274
1570288199.524
1570288199.774
1570288200.024
1570288200.274
1570288200.524
1570288200.774
1570288201.024
1570288201.274
1570288201.524
1570288201.774
1570288202.024
1570288202.274
1570288202.524
1570288202.774
1570288203.024
1570288203.274
1570288203.524
1570288203.774
1570288204.024
1570288204.274
1570288204.524
1570288204.774
1570288205.024
1570288205.274
1570288205.524
1570288205.774
1570288206.024
1570288206.274
1570288206.524
1570288206.774
1570288207.024
1570288207.274
1570288207.524
1570288207.774
1570288208.024
1570288208.274
1570288208.524
1570288208.774
1570288209.024
1570288209.274
1570288209.524
1570288209.774
1570288210.024
1570288210.274
1570288210.524
1570288210.774
1570288211.024
1570288211.274
1570288211.524
1570288211.774
1570288212.024
1570288212.274
1570288212.524
1570288212.774
1570288213.024
1570288213.274
1570288213.524
1570288213.774
1570288214.024
1570288214.274
1570288214.524
1570288214.774
1570288215.024
1570288215.274
1570288215.524
1570288215.774
1570288216.024
1570288216.274
1570288216.524
1570288216.774
1570288217.024
1570288217.274
1570288217.524
1570288217.774
1570288218.024
1570288218.274
1570288218.524
1570288218.774
1570288219.024
1570288219.274
1570288219.524
1570288219.774
1570288220.024
1570288220.274
1570288220.524
1570288220.774
1570288221.024
1570288221.274
1570288221.524
1570288221.774
1570288222.024
1570288222.274
1570288222.524
1570288222.774
1570288223.024
1570288223.274
1570288223.524
1570288223.774
1570288224.024
1570288224.274
1570288224.524
1570288224.774
1570288225.024
1570288225.274
1570288225.524
1570288225.774
1570288226.024
1570288226.274
1570288226.524
1570288226.774
1570288227.024
1570288227.274
1570288227.524
1570288227.774
1570288228.024
1570288228.274
1570288228.524
1570288228.774
1570288229.024
1570288229.274
1570288229.524
1570288229.774
1570288230.024
1570288230.274
1570288230.524
1570288230.774
1570288231.024
1570288231.274
1570288231.524
1570288231.774
1570288232.024
1570288232.274
1570288232.524
1570288232.774
1570288233.024
1570288233.274
1570288233.524
1570288233.774
1570288234.024
1570288234.274
1570288234.524
1570288234.774
1570288235.024
1570288235.274
1570288235.524
1570288235.774
1570288236.024
1570288236.274
1570288236.524
1570288236.774
1570288237.024
1570288237.274
1570288237.524
1570288237.774
1570288238.024
1570288238.274
1570288238.524
1570288238.774
1570288239.024
1570288239.274
1570288239.524
1570288239.774
1570288240.024
1570288240.274
1570288240.524
1570288240.774
1570288241.024
1570288241.274
1570288241.524
1570288241.774
1570288242.024
1570288242.274
1570288242.524
1570288242.774
1570288243.024
1570288243.274
1570288243.524
1570288243.774
1570288244.024
1570288244.274
1570288244.524
1570288244.774
1570288245.024
1570288245.274
1570288245.524
1570288245.774
1570288246.024
1570288246.274
1570288246.524
1570288246.774
1570288247.024
1570288247.274
1570288247.524
1570288247.774
1570288248.024
1570288248.274
1570288248.524
1570288248.774
1570288249.024
1570288249.274
1570288249.524
1570288249.774
1570288250.024
1570288250.274
1570288250.524
1570288250.774
1570288251.024
1570288251.274
1570288251.524
1570288251.774
1570288252.024
1570288252.274
1570288252.524
1570288252.774
1570288253.024
1570288253.274
1570288253.524
1570288253.774
1570288254.024
1570288254.274
1570288254.524
1570288254.774
1570288255.024
1570288255.274
1570288255.524
1570288255.774
1570288256.024
1570288256.274
1570288256.524
1570288256.774
1570288257.024
1570288257.274
1570288257.524
1570288257.774
1570288258.024
1570288258.274
1570288258.524
1570288258.774
1570288259.024
1570288259.274
1570288259.524
1570288259.774
1570288260.024
1570288260.274
1570288260.524
1570288260.774
1570288261.024
1570288261.274
1570288261.524
1570288261.774
1570288262.024
1570288262.274
1570288262.524
1570288262.774
1570288263.024
1570288263.274
1570288263.524
1570288263.774
1570288264.024
1570288264.274
1570288264.524
1570288264.774
1570288265.024
1570288265.274
1570288265.524
1570288265.774
1570288266.024
1570288266.274
1570288266.524
1570288266.774
1570288267.024
1570288267.274
1570288267.524
1570288267.774
1570288268.024
1570288268.274
1570288268.524
1570288268.774
1570288269.024
1570288269.274
1570288269.524
1570288269.774
1570288270.024
1570288270.274
1570288270.524
1570288270.774
1570288271.024
1570288271.274
1570288271.524
1570288271.774
1570288272.024
1570288272.274
1570288272.524
1570288272.774
1570288273.024
1570288273.274
1570288273.524
1570288273.774
1570288274.024
1570288274.274
1570288274.524
1570288274.774
1570288275.024
1570288275.274
1570288275.524
1570288275.774
1570288276.024
1570288276.274
1570288276.524
1570288276.774
1570288277.024
1570288277.274
1570288277.524
1570288277.774
1570288278.024
1570288278.274
1570288278.524
1570288278.774
1570288279.024
1570288279.274
1570288279.524
1570288279.774
1570288280.024
1570288280.274
1570288280.524
1570288280.774
1570288281.024
1570288281.274
1570288281.524
1570288281.774
1570288282.024
1570288282.274
1570288282.524
1570288282.774
1570288283.024
1570288283.274
1570288283.524
1570288283.774
1570288284.024
1570288284.274
1570288284.524
1570288284.774
1570288285.024
1570288285.274
1570288285.524
1570288285.774
1570288286.024
1570288286.274
1570288286.524
1570288286.774
1570288287.024
1570288287.274
1570288287.524
1570288287.774
1570288288.024
1570288288.274
1570288288.524
1570288288.774
1570288289.024
1570288289.274
1570288289.524
1570288289.774
1570288290.024
1570288290.274
1570288290.524
1570288290.774
1570288291.024
1570288291.274
1570288291.524
1570288291.774
1570288292.024
1570288292.274
1570288292.524
1570288292.774
1570288293.024
1570288293.274
1570288293.524
1570288293.774
1570288294.024
1570288294.274
1570288294.524
1570288294.774
1570288295.024
1570288295.274
1570288295.524
1570288295.774
1570288296.024
1570288296.274
1570288296.524
1570288296.774
1570288297.024
1570288297.274
1570288297.524
1570288297.774
1570288298.024
1570288298.274
1570288298.524
1570288298.774
1570288299.024
1570288299.274
1570288299.524
1570288299.774
1570288300.024
1570288300.274
1570288300.524
1570288300.774
1570288301.024
1570288301.274
1570288301.524
1570288301.774
1570288302.024
1570288302.274
1570288302.524
1570288302.774
1570288303.024
1570288303.274
1570288303.524
1570288303.774
1570288304.024
1570288304.274
1570288304.524
1570288304.774
1570288305.024
1570288305.274
1570288305.524
1570288305.774
1570288306.024
1570288306.274
1570288306.524
1570288306.774
1570288307.024
1570288307.274
1570288307.524
1570288307.774
1570288308.024
1570288308.274
1570288308.524
1570288308.774
1570288309.024
1570288309.274
1570288309.524
1570288309.774
1570288310.024
1570288310.274
1570288310.524
1570288310.774
1570288311.024
1570288311.274
1570288311.524
1570288311.774
1570288312.024
1570288312.274
1570288312.524
1570288312.774
1570288313.024
1570288313.274
1570288313.524
1570288313.774
1570288314.024
1570288314.274
1570288314.524
1570288314.774
1570288315.024
1570288315.274
1570288315.524
1570288315.774
1570288316.024
1570288316.274
1570288316.524
1570288316.774
1570288317.024
1570288317.274
1570288317.524
1570288317.774
1570288318.024
1570288318.274
1570288318.524
1570288318.774
1570288319.024
1570288319.274
1570288319.524
1570288319.774
1570288320.024
1570288320.274
1570288320.524
1570288320.774
1570288321.024
1570288321.274
1570288321.524
1570288321.774
1570288322.024
1570288322.274
1570288322.524
1570288322.774
1570288323.024
1570288323.274
1570288323.524
1570288323.774
1570288324.024
1570288324.274
1570288324.524
1570288324.774
1570288325.024
1570288325.274
1570288325.524
1570288325.774
1570288326.024
1570288326.274
1570288326.524
1570288326.774
1570288327.024
1570288327.274
1570288327.524
1570288327.774
1570288328.024
1570288328.274
1570288328.524
1570288328.774
1570288329.024
1570288329.274
1570288329.524
1570288329.774
1570288330.024
1570288330.274
1570288330.524
1570288330.774
1570288331.024
1570288331.274
1570288331.524
1570288331.774
1570288332.024
1570288332.274
1570288332.524
1570288332.774
1570288333.024
1570288333.274
1570288333.524
1570288333.774
1570288334.024
1570288334.274
1570288334.524
1570288334.774
1570288335.024
1570288335.274
1570288335.524
1570288335.774
1570288336.024
1570288336.274
1570288336.524
1570288336.774
1570288337.024
1570288337.274
1570288337.524
1570288337.774
1570288338.024
1570288338.274
1570288338.524
1570288338.774
1570288339.024
1570288339.274
1570288339.524
1570288339.774
1570288340.024
1570288340.274
1570288340.524
1570288340.774
1570288341.024
1570288341.274
1570288341.524
1570288341.774
1570288342.024
1570288342.274
1570288342.524
1570288342.774
1570288343.024
1570288343.274
1570288343.524
1570288343.774
1570288344.024
1570288344.274
1570288344.524
1570288344.774
1570288345.024
1570288345.274
1570288345.524
1570288345.774
1570288346.024
1570288346.274
1570288346.524
1570288346.774
1570288347.024
1570288347.274
1570288347.524
1570288347.774
1570288348.024
1570288348.274
1570288348.524
1570288348.774
1570288349.024
1570288349.274
1570288349.524
1570288349.774
1570288350.024
1570288350.274
1570288350.524
1570288350.774
1570288351.024
1570288351.274
1570288351.524
1570288351.774
1570288352.024
1570288352.274
1570288352.524
1570288352.774
1570288353.024
1570288353.274
1570288353.524
1570288353.774
1570288354.024
1570288354.274
1570288354.524
1570288354.774
1570288355.024
1570288355.274
1570288355.524
1570288355.774
1570288356.024
1570288356.274
1570288356.524
1570288356.774
1570288357.024
1570288357.274
1570288357.524
1570288357.774
1570288358.024
1570288358.274
1570288358.524
1570288358.774
1570288359.024
1570288359.274
1570288359.524
1570288359.774
1570288360.024
1570288360.274
1570288360.524
1570288360.774
1570288361.024
1570288361.274
1570288361.524
1570288361.774
1570288362.024
1570288362.274
1570288362.524
1570288362.774
1570288363.024
1570288363.274
1570288363.524
1570288363.774
1570288364.024
1570288364.274
1570288364.524
1570288364.774
1570288365.024
1570288365.274
1570288365.524
1570288365.774
1570288366.024
1570288366.274
1570288366.524
1570288366.774
1570288367.024
1570288367.274
1570288367.524
1570288367.774
1570288368.024
1570288368.274
1570288368.524
1570288368.774
1570288369.024
1570288369.274
1570288369.524
1570288369.774
1570288370.024
1570288370.274
1570288370.524
1570288370.774
1570288371.024
1570288371.274
1570288371.524
1570288371.774
1570288372.024
1570288372.274
1570288372.524
1570288372.774
1570288373.024
1570288373.274
1570288373.524
1570288373.774
1570288374.024
1570288374.274
1570288374.524
1570288374.774
1570288375.024
1570288375.274
1570288375.524
1570288375.774
1570288376.024
1570288376.274
1570288376.524
1570288376.774
1570288377.024
1570288377.274
1570288377.524
1570288377.774
1570288378.024
1570288378.274
1570288378.524
1570288378.774
1570288379.024
1570288379.274
1570288379.524
1570288379.774
1570288380.024
1570288380.274
1570288380.524
1570288380.774
1570288381.024
1570288381.274
1570288381.524
1570288381.774
1570288382.024
1570288382.274
1570288382.524
1570288382.774
1570288383.024
1570288383.274
1570288383.524
1570288383.774
1570288384.024
1570288384.274
1570288384.524
1570288384.774
1570288385.024
1570288385.274
1570288385.524
1570288385.774
1570288386.024
1570288386.274
1570288386.524
1570288386.774
1570288387.024
1570288387.274
1570288387.524
1570288387.774
1570288388.024
1570288388.274
1570288388.524
1570288388.774
1570288389.024
1570288389.274
1570288389.524
1570288389.774
1570288390.024
1570288390.274
1570288390.524
1570288390.774
1570288391.024
1570288391.274
1570288391.524
1570288391.774
1570288392.024
1570288392.274
1570288392.524
1570288392.774
1570288393.024
1570288393.274
1570288393.524
1570288393.774
1570288394.024
1570288394.274
1570288394.524
1570288394.774
1570288395.024
1570288395.274
1570288395.524
1570288395.774
1570288396.024
1570288396.274
1570288396.524
1570288396.774
1570288397.024
1570288397.274
1570288397.524
1570288397.774
1570288398.024
1570288398.274
1570288398.524
1570288398.774
1570288399.024
1570288399.274
1570288399.524
1570288399.774
1570288400.024
1570288400.274
1570288400.524
1570288400.774
1570288401.024
1570288401.274
1570288401.524
1570288401.774
1570288402.024
1570288402.274
1570288402.524
1570288402.774
1570288403.024
1570288403.274
1570288403.524
1570288403.774
1570288404.024
1570288404.274
1570288404.524
1570288404.774
1570288405.024
1570288405.274
1570288405.524
1570288405.774
1570288406.024
1570288406.274
1570288406.524
1570288406.774
1570288407.024
1570288407.274
1570288407.524
1570288407.774
1570288408.024
1570288408.274
1570288408.524
1570288408.774
1570288409.024
1570288409.274
1570288409.524
1570288409.774
1570288410.024
1570288410.274
1570288410.524
1570288410.774
1570288411.024
1570288411.274
1570288411.524
1570288411.774
1570288412.024
1570288412.274
1570288412.524
1570288412.774
1570288413.024
1570288413.274
1570288413.524
1570288413.774
1570288414.024
1570288414.274
1570288414.524
1570288414.774
1570288415.024
1570288415.274
1570288415.524
1570288415.774
1570288416.024
1570288416.274
1570288416.524
1570288416.774
1570288417.024
1570288417.274
1570288417.524
1570288417.774
1570288418.024
1570288418.274
1570288418.524
1570288418.774
1570288419.024
1570288419.274
1570288419.524
1570288419.774
1570288420.024
1570288420.274
1570288420.524
1570288420.774
1570288421.024
1570288421.274
1570288421.524
1570288421.774
1570288422.024
1570288422.274
1570288422.524
1570288422.774
1570288423.024
1570288423.274
1570288423.524
1570288423.774
1570288424.024
1570288424.274
1570288424.524
1570288424.774
1570288425.024
1570288425.274
1570288425.524
1570288425.774
1570288426.024
1570288426.274
1570288426.524
1570288426.774
1570288427.024
1570288427.274
1570288427.524
1570288427.774
1570288428.024
1570288428.274
1570288428.524
1570288428.774
1570288429.024
1570288429.274
1570288429.524
1570288429.774
1570288430.024
1570288430.274
1570288430.524
1570288430.774
1570288431.024
1570288431.274
1570288431.524
1570288431.774
1570288432.024
1570288432.274
1570288432.524
1570288432.774
1570288433.024
1570288433.274
1570288433.524
1570288433.774
1570288434.024
1570288434.274
1570288434.524
1570288434.774
1570288435.024
1570288435.274
1570288435.524
1570288435.774
1570288436.024
1570288436.274
1570288436.524
1570288436.774
1570288437.024
1570288437.274
1570288437.524
1570288437.774
1570288438.024
1570288438.274
1570288438.524
1570288438.774
1570288439.024
1570288439.274
1570288439.524
1570288439.774
1570288440.024
1570288440.274
1570288440.524
1570288440.774
1570288441.024
1570288441.274
1570288441.524
1570288441.774
1570288442.024
1570288442.274
1570288442.524
1570288442.774
1570288443.024
1570288443.274
1570288443.524
1570288443.774
1570288444.024
1570288444.274
1570288444.524
1570288444.774
1570288445.024
1570288445.274
1570288445.524
1570288445.774
1570288446.024
1570288446.274
1570288446.524
1570288446.774
1570288447.024
1570288447.274
1570288447.524
1570288447.774
1570288448.024
1570288448.274
1570288448.524
1570288448.774
1570288449.024
1570288449.274
1570288449.524
1570288449.774
1570288450.024
1570288450.274
1570288450.524
1570288450.774
1570288451.024
1570288451.274
1570288451.524
1570288451.774
1570288452.024
1570288452.274
1570288452.524
1570288452.774
1570288453.024
1570288453.274
1570288453.524
1570288453.774
1570288454.024
1570288454.274
1570288454.524
1570288454.774
1570288455.024
1570288455.274
1570288455.524
1570288455.774
1570288456.024
1570288456.274
1570288456.524
1570288456.774
1570288457.024
1570288457.274
1570288457.524
1570288457.774
1570288458.024
1570288458.274
1570288458.524
1570288458.774
1570288459.024
1570288459.274
1570288459.524
1570288459.774
1570288460.024
1570288460.274
1570288460.524
1570288460.774
1570288461.024
1570288461.274
1570288461.524
1570288461.774
1570288462.024
1570288462.274
1570288462.524
1570288462.774
1570288463.024
1570288463.274
1570288463.524
1570288463.774
1570288464.024
1570288464.274
1570288464.524
1570288464.774
1570288465.024
1570288465.274
1570288465.524
1570288465.774
1570288466.024
1570288466.274
1570288466.524
1570288466.774
1570288467.024
1570288467.274
1570288467.524
1570288467.774
1570288468.024
1570288468.274
1570288468.524
1570288468.774
1570288469.024
1570288469.274
1570288469.524
1570288469.774
1570288470.024
1570288470.274
1570288470.524
1570288470.774
1570288471.024
1570288471.274
1570288471.524
1570288471.774
1570288472.024
1570288472.274
1570288472.524
1570288472.774
1570288473.024
1570288473.274
1570288473.524
1570288473.774
1570288474.024
1570288474.274
1570288474.524
1570288474.774
1570288475.024
1570288475.274
1570288475.524
1570288475.774
1570288476.024
1570288476.274
1570288476.524
1570288476.774
1570288477.024
1570288477.274
1570288477.524
1570288477.774
1570288478.024
1570288478.274
1570288478.524
1570288478.774
1570288479.024
1570288479.274
1570288479.524
1570288479.774
1570288480.024
1570288480.274
1570288480.524
1570288480.774
1570288481.024
1570288481.274
1570288481.524
1570288481.774
1570288482.024
1570288482.274
1570288482.524
1570288482.774
1570288483.024
1570288483.274
1570288483.524
1570288483.774
1570288484.024
1570288484.274
1570288484.524
1570288484.774
1570288485.024
1570288485.274
1570288485.524
1570288485.774
1570288486.024
1570288486.274
1570288486.524
1570288486.774
1570288487.024
1570288487.274
1570288487.524
1570288487.774
1570288488.024
1570288488.274
1570288488.524
1570288488.774
1570288489.024
1570288489.274
1570288489.524
1570288489.774
1570288490.024
1570288490.274
1570288490.524
1570288490.774
1570288491.024
1570288491.274
1570288491.524
1570288491.774
1570288492.024
1570288492.274
1570288492.524
1570288492.774
1570288493.024
1570288493.274
1570288493.524
1570288493.774
1570288494.024
1570288494.274
1570288494.524
1570288494.774
1570288495.024
1570288495.274
1570288495.524
1570288495.774
1570288496.024
1570288496.274
1570288496.524
1570288496.774
1570288497.024
1570288497.274
1570288497.524
1570288497.774
1570288498.024
1570288498.274
1570288498.524
1570288498.774
1570288499.024
1570288499.274
1570288499.524
1570288499.774
1570288500.024
1570288500.274
1570288500.524
1570288500.774
1570288501.024
1570288501.274
1570288501.524
1570288501.774
1570288502.024
1570288502.274
1570288502.524
1570288502.774
1570288503.024
1570288503.274
1570288503.524
1570288503.774
1570288504.024
1570288504.274
1570288504.524
1570288504.774
1570288505.024
1570288505.274
1570288505.524
1570288505.774
1570288506.024
1570288506.274
1570288506.524
1570288506.774
1570288507.024
1570288507.274
1570288507.524
1570288507.774
1570288508.024
1570288508.274
1570288508.524
1570288508.774
1570288509.024
1570288509.274
1570288509.524
1570288509.774
