1570287281.024
1570287281.274
1570287281.524
1570287281.774
1570287282.024
1570287282.274
1570287282.524
1570287282.774
1570287283.024
1570287283.274
1570287283.524
1570287283.774
1570287284.024
1570287284.274
1570287284.524
1570287284.774
1570287285.024
1570287285.274
1570287285.524
1570287285.774
1570287286.024
1570287286.274
1570287286.524
1570287286.774
1570287287.024
1570287287.274
1570287287.524
1570287287.774
1570287288.024
1570287288.274
1570287288.524
1570287288.774
1570287289.024
1570287289.274
1570287289.524
1570287289.774
1570287290.024
1570287290.274
1570287290.524
1570287290.774
1570287291.024
1570287291.274
1570287291.524
1570287291.774
1570287292.024
1570287292.274
1570287292.524
1570287292.774
1570287293.024
1570287293.274
1570287293.524
1570287293.774
1570287294.024
1570287294.274
1570287294.524
1570287294.774
1570287295.024
1570287295.274
1570287295.524
1570287295.774
1570287296.024
1570287296.274
1570287296.524
1570287296.774
1570287297.024
1570287297.274
1570287297.524
1570287297.774
1570287298.024
1570287298.274
1570287298.524
1570287298.774
1570287299.024
1570287299.274
1570287299.524
1570287299.774
1570287300.024
1570287300.274
1570287300.524
1570287300.774
1570287301.024
1570287301.274
1570287301.524
1570287301.774
1570287302.024
1570287302.274
1570287302.524
1570287302.774
1570287303.024
1570287303.274
1570287303.524
1570287303.774
1570287304.024
1570287304.274
1570287304.524
1570287304.774
1570287305.024
1570287305.274
1570287305.524
1570287305.774
1570287306.024
1570287306.274
1570287306.524
1570287306.774
1570287307.024
1570287307.274
1570287307.524
1570287307.774
1570287308.024
1570287308.274
1570287308.524
1570287308.774
1570287309.024
1570287309.274
1570287309.524
1570287309.774
1570287310.024
1570287310.274
1570287310.524
1570287310.774
1570287311.024
1570287311.274
1570287311.524
1570287311.774
1570287312.024
1570287312.274
1570287312.524
1570287312.774
1570287313.024
1570287313.274
1570287313.524
1570287313.774
1570287314.024
1570287314.274
1570287314.524
1570287314.774
1570287315.024
1570287315.274
1570287315.524
1570287315.774
1570287316.024
1570287316.274
1570287316.524
1570287316.774
1570287317.024
1570287317.274
1570287317.524
1570287317.774
1570287318.024
1570287318.274
1570287318.524
1570287318.774
1570287319.024
1570287319.274
1570287319.524
1570287319.774
1570287320.024
1570287320.274
1570287320.524
1570287320.774
1570287321.024
1570287321.274
1570287321.524
1570287321.774
1570287322.024
1570287322.274
1570287322.524
1570287322.774
1570287323.024
1570287323.274
1570287323.524
1570287323.774
1570287324.024
1570287324.274
1570287324.524
1570287324.774
1570287325.024
1570287325.274
1570287325.524
1570287325.774
1570287326.024
1570287326.274
1570287326.524
1570287326.774
1570287327.024
1570287327.274
1570287327.524
1570287327.774
1570287328.024
1570287328.274
1570287328.524
1570287328.774
1570287329.024
1570287329.274
1570287329.524
1570287329.774
1570287330.024
1570287330.274
1570287330.524
1570287330.774
1570287331.024
1570287331.274
1570287331.524
1570287331.774
1570287332.024
1570287332.274
1570287332.524
1570287332.774
1570287333.024
1570287333.274
1570287333.524
1570287333.774
1570287334.024
1570287334.274
1570287334.524
1570287334.774
1570287335.024
1570287335.274
1570287335.524
1570287335.774
1570287336.024
1570287336.274
1570287336.524
1570287336.774
1570287337.024
1570287337.274
1570287337.524
1570287337.774
1570287338.024
1570287338.274
1570287338.524
1570287338.774
1570287339.024
1570287339.274
1570287339.524
1570287339.774
1570287340.024
1570287340.274
1570287340.524
1570287340.774
1570287341.024
1570287341.274
1570287341.524
1570287341.774
1570287342.024
1570287342.274
1570287342.524
1570287342.774
1570287343.024
1570287343.274
1570287343.524
1570287343.774
1570287344.024
1570287344.274
1570287344.524
1570287344.774
1570287345.024
1570287345.274
1570287345.524
1570287345.774
1570287346.024
1570287346.274
1570287346.524
1570287346.774
1570287347.024
1570287347.274
1570287347.524
1570287347.774
1570287348.024
1570287348.274
1570287348.524
1570287348.774
1570287349.024
1570287349.274
1570287349.524
1570287349.774
1570287350.024
1570287350.274
1570287350.524
1570287350.774
1570287351.024
1570287351.274
1570287351.524
1570287351.774
1570287352.024
1570287352.274
1570287352.524
1570287352.774
1570287353.024
1570287353.274
1570287353.524
1570287353.774
1570287354.024
1570287354.274
1570287354.524
1570287354.774
1570287355.024
1570287355.274
1570287355.524
1570287355.774
1570287356.024
1570287356.274
1570287356.524
1570287356.774
1570287357.024
1570287357.274
1570287357.524
1570287357.774
1570287358.024
1570287358.274
1570287358.524
1570287358.774
1570287359.024
1570287359.274
1570287359.524
1570287359.774
1570287360.024
1570287360.274
1570287360.524
1570287360.774
1570287361.024
1570287361.274
1570287361.524
1570287361.774
1570287362.024
1570287362.274
1570287362.524
1570287362.774
1570287363.024
1570287363.274
1570287363.524
1570287363.774
1570287364.024
1570287364.274
1570287364.524
1570287364.774
1570287365.024
1570287365.274
1570287365.524
1570287365.774
1570287366.024
1570287366.274
1570287366.524
1570287366.774
1570287367.024
1570287367.274
1570287367.524
1570287367.774
1570287368.024
1570287368.274
1570287368.524
1570287368.774
1570287369.024
1570287369.274
1570287369.524
1570287369.774
1570287370.024
1570287370.274
1570287370.524
1570287370.774
1570287371.024
1570287371.274
1570287371.524
1570287371.774
1570287372.024
1570287372.274
1570287372.524
1570287372.774
1570287373.024
1570287373.274
1570287373.524
1570287373.774
1570287374.024
1570287374.274
1570287374.524
1570287374.774
1570287375.024
1570287375.274
1570287375.524
1570287375.774
1570287376.024
1570287376.274
1570287376.524
1570287376.774
1570287377.024
1570287377.274
1570287377.524
1570287377.774
1570287378.024
1570287378.274
1570287378.524
1570287378.774
1570287379.024
1570287379.274
1570287379.524
1570287379.774
1570287380.024
1570287380.274
1570287380.524
1570287380.774
1570287381.024
1570287381.274
1570287381.524
1570287381.774
1570287382.024
1570287382.274
1570287382.524
1570287382.774
1570287383.024
1570287383.274
1570287383.524
1570287383.774
1570287384.024
1570287384.274
1570287384.524
1570287384.774
1570287385.024
1570287385.274
1570287385.524
1570287385.774
1570287386.024
1570287386.274
1570287386.524
1570287386.774
1570287387.024
1570287387.274
1570287387.524
1570287387.774
1570287388.024
1570287388.274
1570287388.524
1570287388.774
1570287389.024
1570287389.274
1570287389.524
1570287389.774
1570287390.024
1570287390.274
1570287390.524
1570287390.774
1570287391.024
1570287391.274
1570287391.524
1570287391.774
1570287392.024
1570287392.274
1570287392.524
1570287392.774
1570287393.024
1570287393.274
1570287393.524
1570287393.774
1570287394.024
1570287394.274
1570287394.524
1570287394.774
1570287395.024
1570287395.274
1570287395.524
1570287395.774
1570287396.024
1570287396.274
1570287396.524
1570287396.774
1570287397.024
1570287397.274
1570287397.524
1570287397.774
1570287398.024
1570287398.274
1570287398.524
1570287398.774
1570287399.024
1570287399.274
1570287399.524
1570287399.774
1570287400.024
1570287400.274
1570287400.524
1570287400.774
1570287401.024
1570287401.274
1570287401.524
1570287401.774
1570287402.024
1570287402.274
1570287402.524
1570287402.774
1570287403.024
1570287403.274
1570287403.524
1570287403.774
1570287404.024
1570287404.274
1570287404.524
1570287404.774
1570287405.024
1570287405.274
1570287405.524
1570287405.774
1570287406.024
1570287406.274
1570287406.524
1570287406.774
1570287407.024
1570287407.274
1570287407.524
1570287407.774
1570287408.024
1570287408.274
1570287408.524
1570287408.774
1570287409.024
1570287409.274
1570287409.524
1570287409.774
1570287410.024
1570287410.274
1570287410.524
1570287410.774
1570287411.024
1570287411.274
1570287411.524
1570287411.774
1570287412.024
1570287412.274
1570287412.524
1570287412.774
1570287413.024
1570287413.274
1570287413.524
1570287413.774
1570287414.024
1570287414.274
1570287414.524
1570287414.774
1570287415.024
1570287415.274
1570287415.524
1570287415.774
1570287416.024
1570287416.274
1570287416.524
1570287416.774
1570287417.024
1570287417.274
1570287417.524
1570287417.774
1570287418.024
1570287418.274
1570287418.524
1570287418.774
1570287419.024
1570287419.274
1570287419.524
1570287419.774
1570287420.024
1570287420.274
1570287420.524
1570287420.774
1570287421.024
1570287421.274
1570287421.524
1570287421.774
1570287422.024
1570287422.274
1570287422.524
1570287422.774
1570287423.024
1570287423.274
1570287423.524
1570287423.774
1570287424.024
1570287424.274
1570287424.524
1570287424.774
1570287425.024
1570287425.274
1570287425.524
1570287425.774
1570287426.024
1570287426.274
1570287426.524
1570287426.774
1570287427.024
1570287427.274
1570287427.524
1570287427.774
1570287428.024
1570287428.274
1570287428.524
1570287428.774
1570287429.024
1570287429.274
1570287429.524
1570287429.774
1570287430.024
1570287430.274
1570287430.524
1570287430.774
1570287431.024
1570287431.274
1570287431.524
1570287431.774
1570287432.024
1570287432.274
1570287432.524
1570287432.774
1570287433.024
1570287433.274
1570287433.524
1570287433.774
1570287434.024
1570287434.274
1570287434.524
1570287434.774
1570287435.024
1570287435.274
1570287435.524
1570287435.774
1570287436.024
1570287436.274
1570287436.524
1570287436.774
1570287437.024
1570287437.274
1570287437.524
1570287437.774
1570287438.024
1570287438.274
1570287438.524
1570287438.774
1570287439.024
1570287439.274
1570287439.524
1570287439.774
1570287440.024
1570287440.274
1570287440.524
1570287440.774
1570287441.024
1570287441.274
1570287441.524
1570287441.774
1570287442.024
1570287442.274
1570287442.524
1570287442.774
1570287443.024
1570287443.274
1570287443.524
1570287443.774
1570287444.024
1570287444.274
1570287444.524
1570287444.774
1570287445.024
1570287445.274
1570287445.524
1570287445.774
1570287446.024
1570287446.274
1570287446.524
1570287446.774
1570287447.024
1570287447.274
1570287447.524
1570287447.774
1570287448.024
1570287448.274
1570287448.524
1570287448.774
1570287449.024
1570287449.274
1570287449.524
1570287449.774
1570287450.024
1570287450.274
1570287450.524
1570287450.774
1570287451.024
1570287451.274
1570287451.524
1570287451.774
1570287452.024
1570287452.274
1570287452.524
1570287452.774
1570287453.024
1570287453.274
1570287453.524
1570287453.774
1570287454.024
1570287454.274
1570287454.524
1570287454.774
1570287455.024
1570287455.274
1570287455.524
1570287455.774
1570287456.024
1570287456.274
1570287456.524
1570287456.774
1570287457.024
1570287457.274
1570287457.524
1570287457.774
1570287458.024
1570287458.274
1570287458.524
1570287458.774
1570287459.024
1570287459.274
1570287459.524
1570287459.774
1570287460.024
1570287460.274
1570287460.524
1570287460.774
1570287461.024
1570287461.274
1570287461.524
1570287461.774
1570287462.024
1570287462.274
1570287462.524
1570287462.774
1570287463.024
1570287463.274
1570287463.524
1570287463.774
1570287464.024
1570287464.274
1570287464.524
1570287464.774
1570287465.024
1570287465.274
1570287465.524
1570287465.774
1570287466.024
1570287466.274
1570287466.524
1570287466.774
1570287467.024
1570287467.274
1570287467.524
1570287467.774
1570287468.024
1570287468.274
1570287468.524
1570287468.774
1570287469.024
1570287469.274
1570287469.524
1570287469.774
1570287470.024
1570287470.274
1570287470.524
1570287470.774
1570287471.024
1570287471.274
1570287471.524
1570287471.774
1570287472.024
1570287472.274
1570287472.524
1570287472.774
1570287473.024
1570287473.274
1570287473.524
1570287473.774
1570287474.024
1570287474.274
1570287474.524
1570287474.774
1570287475.024
1570287475.274
1570287475.524
1570287475.774
1570287476.024
1570287476.274
1570287476.524
1570287476.774
1570287477.024
1570287477.274
1570287477.524
1570287477.774
1570287478.024
1570287478.274
1570287478.524
1570287478.774
1570287479.024
1570287479.274
1570287479.524
1570287479.774
1570287480.024
1570287480.274
1570287480.524
1570287480.774
1570287481.024
1570287481.274
1570287481.524
1570287481.774
1570287482.024
1570287482.274
1570287482.524
1570287482.774
1570287483.024
1570287483.274
1570287483.524
1570287483.774
1570287484.024
1570287484.274
1570287484.524
1570287484.774
1570287485.024
1570287485.274
1570287485.524
1570287485.774
1570287486.024
1570287486.274
1570287486.524
1570287486.774
1570287487.024
1570287487.274
1570287487.524
1570287487.774
1570287488.024
1570287488.274
1570287488.524
1570287488.774
1570287489.024
1570287489.274
1570287489.524
1570287489.774
1570287490.024
1570287490.274
1570287490.524
1570287490.774
1570287491.024
1570287491.274
1570287491.524
1570287491.774
1570287492.024
1570287492.274
1570287492.524
1570287492.774
1570287493.024
1570287493.274
1570287493.524
1570287493.774
1570287494.024
1570287494.274
1570287494.524
1570287494.774
1570287495.024
1570287495.274
1570287495.524
1570287495.774
1570287496.024
1570287496.274
1570287496.524
1570287496.774
1570287497.024
1570287497.274
1570287497.524
1570287497.774
1570287498.024
1570287498.274
1570287498.524
1570287498.774
1570287499.024
1570287499.274
1570287499.524
1570287499.774
1570287500.024
1570287500.274
1570287500.524
1570287500.774
1570287501.024
1570287501.274
1570287501.524
1570287501.774
1570287502.024
1570287502.274
1570287502.524
1570287502.774
1570287503.024
1570287503.274
1570287503.524
1570287503.774
1570287504.024
1570287504.274
1570287504.524
1570287504.774
1570287505.024
1570287505.274
1570287505.524
1570287505.774
1570287506.024
1570287506.274
1570287506.524
1570287506.774
1570287507.024
1570287507.274
1570287507.524
1570287507.774
1570287508.024
1570287508.274
1570287508.524
1570287508.774
1570287509.024
1570287509.274
1570287509.524
1570287509.774
1570287510.024
1570287510.274
1570287510.524
1570287510.774
1570287511.024
1570287511.274
1570287511.524
1570287511.774
1570287512.024
1570287512.274
1570287512.524
1570287512.774
1570287513.024
1570287513.274
1570287513.524
1570287513.774
1570287514.024
1570287514.274
1570287514.524
1570287514.774
1570287515.024
1570287515.274
1570287515.524
1570287515.774
1570287516.024
1570287516.274
1570287516.524
1570287516.774
1570287517.024
1570287517.274
1570287517.524
1570287517.774
1570287518.024
1570287518.274
1570287518.524
1570287518.774
1570287519.024
1570287519.274
1570287519.524
1570287519.774
1570287520.024
1570287520.274
1570287520.524
1570287520.774
1570287521.024
1570287521.274
1570287521.524
1570287521.774
1570287522.024
1570287522.274
1570287522.524
1570287522.774
1570287523.024
1570287523.274
1570287523.524
1570287523.774
1570287524.024
1570287524.274
1570287524.524
1570287524.774
1570287525.024
1570287525.274
1570287525.524
1570287525.774
1570287526.024
1570287526.274
1570287526.524
1570287526.774
1570287527.024
1570287527.274
1570287527.524
1570287527.774
1570287528.024
1570287528.274
1570287528.524
1570287528.774
1570287529.024
1570287529.274
1570287529.524
1570287529.774
1570287530.024
1570287530.274
1570287530.524
1570287530.774
1570287531.024
1570287531.274
1570287531.524
1570287531.774
1570287532.024
1570287532.274
1570287532.524
1570287532.774
1570287533.024
1570287533.274
1570287533.524
1570287533.774
1570287534.024
1570287534.274
1570287534.524
1570287534.774
1570287535.024
1570287535.274
1570287535.524
1570287535.774
1570287536.024
1570287536.274
1570287536.524
1570287536.774
1570287537.024
1570287537.274
1570287537.524
1570287537.774
1570287538.024
1570287538.274
1570287538.524
1570287538.774
1570287539.024
1570287539.274
1570287539.524
1570287539.774
1570287540.024
1570287540.274
1570287540.524
1570287540.774
1570287541.024
1570287541.274
1570287541.524
1570287541.774
1570287542.024
1570287542.274
1570287542.524
1570287542.774
1570287543.024
1570287543.274
1570287543.524
1570287543.774
1570287544.024
1570287544.274
1570287544.524
1570287544.774
1570287545.024
1570287545.274
1570287545.524
1570287545.774
1570287546.024
1570287546.274
1570287546.524
1570287546.774
1570287547.024
1570287547.274
1570287547.524
1570287547.774
1570287548.024
1570287548.274
1570287548.524
1570287548.774
1570287549.024
1570287549.274
1570287549.524
1570287549.774
1570287550.024
1570287550.274
1570287550.524
1570287550.774
1570287551.024
1570287551.274
1570287551.524
1570287551.774
1570287552.024
1570287552.274
1570287552.524
1570287552.774
1570287553.024
1570287553.274
1570287553.524
1570287553.774
1570287554.024
1570287554.274
1570287554.524
1570287554.774
1570287555.024
1570287555.274
1570287555.524
1570287555.774
1570287556.024
1570287556.274
1570287556.524
1570287556.774
1570287557.024
1570287557.274
1570287557.524
1570287557.774
1570287558.024
1570287558.274
1570287558.524
1570287558.774
1570287559.024
1570287559.274
1570287559.524
1570287559.774
1570287560.024
1570287560.274
1570287560.524
1570287560.774
1570287561.024
1570287561.274
1570287561.524
1570287561.774
1570287562.024
1570287562.274
1570287562.524
1570287562.774
1570287563.024
1570287563.274
1570287563.524
1570287563.774
1570287564.024
1570287564.274
1570287564.524
1570287564.774
1570287565.024
1570287565.274
1570287565.524
1570287565.774
1570287566.024
1570287566.274
1570287566.524
1570287566.774
1570287567.024
1570287567.274
1570287567.524
1570287567.774
1570287568.024
1570287568.274
1570287568.524
1570287568.774
1570287569.024
1570287569.274
1570287569.524
1570287569.774
1570287570.024
1570287570.274
1570287570.524
1570287570.774
1570287571.024
1570287571.274
1570287571.524
1570287571.774
1570287572.024
1570287572.274
1570287572.524
1570287572.774
1570287573.024
1570287573.274
1570287573.524
1570287573.774
1570287574.024
1570287574.274
1570287574.524
1570287574.774
1570287575.024
1570287575.274
1570287575.524
1570287575.774
1570287576.024
1570287576.274
1570287576.524
1570287576.774
1570287577.024
1570287577.274
1570287577.524
1570287577.774
1570287578.024
1570287578.274
1570287578.524
1570287578.774
1570287579.024
1570287579.274
1570287579.524
1570287579.774
1570287580.024
1570287580.274
1570287580.524
1570287580.774
1570287581.024
1570287581.274
1570287581.524
1570287581.774
1570287582.024
1570287582.274
1570287582.524
1570287582.774
1570287583.024
1570287583.274
1570287583.524
1570287583.774
1570287584.024
1570287584.274
1570287584.524
1570287584.774
1570287585.024
1570287585.274
1570287585.524
1570287585.774
1570287586.024
1570287586.274
1570287586.524
1570287586.774
1570287587.024
1570287587.274
1570287587.524
1570287587.774
1570287588.024
1570287588.274
1570287588.524
1570287588.774
1570287589.024
1570287589.274
1570287589.524
1570287589.774
1570287590.024
1570287590.274
1570287590.524
1570287590.774
1570287591.024
1570287591.274
1570287591.524
1570287591.774
1570287592.024
1570287592.274
1570287592.524
1570287592.774
1570287593.024
1570287593.274
1570287593.524
1570287593.774
1570287594.024
1570287594.274
1570287594.524
1570287594.774
1570287595.024
1570287595.274
1570287595.524
1570287595.774
1570287596.024
1570287596.274
1570287596.524
1570287596.774
1570287597.024
1570287597.274
1570287597.524
1570287597.774
1570287598.024
1570287598.274
1570287598.524
1570287598.774
1570287599.024
1570287599.274
1570287599.524
1570287599.774
1570287600.024
1570287600.274
1570287600.524
1570287600.774
1570287601.024
1570287601.274
1570287601.524
1570287601.774
1570287602.024
1570287602.274
1570287602.524
1570287602.774
1570287603.024
1570287603.274
1570287603.524
1570287603.774
1570287604.024
1570287604.274
1570287604.524
1570287604.774
1570287605.024
1570287605.274
1570287605.524
1570287605.774
1570287606.024
1570287606.274
1570287606.524
1570287606.774
1570287607.024
1570287607.274
1570287607.524
1570287607.774
1570287608.024
1570287608.274
1570287608.524
1570287608.774
1570287609.024
1570287609.274
1570287609.524
1570287609.774
1570287610.024
1570287610.274
1570287610.524
1570287610.774
1570287611.024
1570287611.274
1570287611.524
1570287611.774
1570287612.024
1570287612.274
1570287612.524
1570287612.774
1570287613.024
1570287613.274
1570287613.524
1570287613.774
1570287614.024
1570287614.274
1570287614.524
1570287614.774
1570287615.024
1570287615.274
1570287615.524
1570287615.774
1570287616.024
1570287616.274
1570287616.524
1570287616.774
1570287617.024
1570287617.274
1570287617.524
1570287617.774
1570287618.024
1570287618.274
1570287618.524
1570287618.774
1570287619.024
1570287619.274
1570287619.524
1570287619.774
1570287620.024
1570287620.274
1570287620.524
1570287620.774
1570287621.024
1570287621.274
1570287621.524
1570287621.774
1570287622.024
1570287622.274
1570287622.524
1570287622.774
1570287623.024
1570287623.274
1570287623.524
1570287623.774
1570287624.024
1570287624.274
1570287624.524
1570287624.774
1570287625.024
1570287625.274
1570287625.524
1570287625.774
1570287626.024
1570287626.274
1570287626.524
1570287626.774
1570287627.024
1570287627.274
1570287627.524
1570287627.774
1570287628.024
1570287628.274
1570287628.524
1570287628.774
1570287629.024
1570287629.274
1570287629.524
1570287629.774
1570287630.024
1570287630.274
1570287630.524
1570287630.774
1570287631.024
1570287631.274
1570287631.524
1570287631.774
1570287632.024
1570287632.274
1570287632.524
1570287632.774
1570287633.024
1570287633.274
1570287633.524
1570287633.774
1570287634.024
1570287634.274
1570287634.524
1570287634.774
1570287635.024
1570287635.274
1570287635.524
1570287635.774
1570287636.024
1570287636.274
1570287636.524
1570287636.774
1570287637.024
1570287637.274
1570287637.524
1570287637.774
1570287638.024
1570287638.274
1570287638.524
1570287638.774
1570287639.024
1570287639.274
1570287639.524
1570287639.774
1570287640.024
1570287640.274
1570287640.524
1570287640.774
1570287641.024
1570287641.274
1570287641.524
1570287641.774
1570287642.024
1570287642.274
1570287642.524
1570287642.774
1570287643.024
1570287643.274
1570287643.524
1570287643.774
1570287644.024
1570287644.274
1570287644.524
1570287644.774
1570287645.024
1570287645.274
1570287645.524
1570287645.774
1570287646.024
1570287646.274
1570287646.524
1570287646.774
1570287647.024
1570287647.274
1570287647.524
1570287647.774
1570287648.024
1570287648.274
1570287648.524
1570287648.774
1570287649.024
1570287649.274
1570287649.524
1570287649.774
1570287650.024
1570287650.274
1570287650.524
1570287650.774
1570287651.024
1570287651.274
1570287651.524
1570287651.774
1570287652.024
1570287652.274
1570287652.524
1570287652.774
1570287653.024
1570287653.274
1570287653.524
1570287653.774
1570287654.024
1570287654.274
1570287654.524
1570287654.774
1570287655.024
1570287655.274
1570287655.524
1570287655.774
1570287656.024
1570287656.274
1570287656.524
1570287656.774
1570287657.024
1570287657.274
1570287657.524
1570287657.774
1570287658.024
1570287658.274
1570287658.524
1570287658.774
1570287659.024
1570287659.274
1570287659.524
1570287659.774
1570287660.024
1570287660.274
1570287660.524
1570287660.774
1570287661.024
1570287661.274
1570287661.524
1570287661.774
1570287662.024
1570287662.274
1570287662.524
1570287662.774
1570287663.024
1570287663.274
1570287663.524
1570287663.774
1570287664.024
1570287664.274
1570287664.524
1570287664.774
1570287665.024
1570287665.274
1570287665.524
1570287665.774
1570287666.024
1570287666.274
1570287666.524
1570287666.774
1570287667.024
1570287667.274
1570287667.524
1570287667.774
1570287668.024
1570287668.274
1570287668.524
1570287668.774
