3.244308
3.243027
3.244308
3.244308
3.239183
3.243027
3.241746
3.239183
3.248152
3.241746
3.240464
3.239183
3.248152
3.235339
3.235339
3.235339
3.237902
3.234058
3.232777
3.232777
3.231496
3.232777
3.234058
3.231496
3.230214
3.234058
3.246871
3.260965
3.263527
3.260965
3.263527
3.262246
3.257121
3.254558
3.254558
3.257121
3.254558
3.250715
3.251996
3.248152
3.259683
3.251996
3.246871
3.245589
3.246871
3.250715
3.248152
3.245589
3.241746
3.241746
3.240464
3.237902
3.248152
3.240464
3.239183
3.249433
3.239183
3.237902
3.240464
3.246871
3.241746
3.243027
3.240464
3.241746
3.249433
3.241746
3.244308
3.250715
3.243027
3.241746
3.236621
3.241746
3.235339
3.237902
3.249433
3.241746
3.241746
3.240464
3.239183
3.240464
3.241746
3.237902
3.241746
3.243027
3.237902
3.237902
3.249433
3.235339
3.239183
3.240464
3.236621
3.239183
3.231496
3.237902
3.236621
3.235339
3.235339
3.234058
3.244308
3.235339
3.234058
3.231496
3.234058
3.228933
3.234058
3.228933
3.235339
3.240464
3.243027
3.239183
3.245589
3.234058
3.234058
3.235339
3.227652
3.231496
3.230214
3.231496
3.230214
3.227652
3.237902
3.228933
3.231496
3.239183
3.231496
3.227652
3.227652
3.222527
3.222527
3.219965
3.226371
3.225089
3.227652
3.221246
3.230214
3.226371
3.221246
3.226371
3.225089
3.223808
3.225089
3.222527
3.222527
3.221246
3.226371
3.222527
3.225089
3.221246
3.222527
3.223808
3.223808
3.230214
3.226371
3.225089
3.226371
3.222527
3.221246
3.223808
3.218683
3.218683
3.219965
3.219965
3.219965
3.230214
3.223808
3.221246
3.221246
3.217402
3.218683
3.217402
3.228933
3.216121
3.214839
3.216121
3.222527
3.218683
3.218683
3.218683
3.225089
3.222527
3.225089
3.218683
3.227652
3.221246
3.223808
3.219965
3.231496
3.221246
3.219965
3.216121
3.219965
3.223808
3.218683
3.217402
3.216121
3.217402
3.217402
3.212277
3.210996
3.213558
3.213558
3.213558
3.219965
3.218683
3.217402
3.216121
3.214839
3.214839
3.216121
3.213558
3.216121
3.212277
3.213558
3.213558
3.214839
3.213558
3.212277
3.212277
3.212277
3.212277
3.209714
3.212277
3.210996
3.213558
3.207152
3.212277
3.209714
3.216121
3.214839
3.209714
3.210996
3.212277
3.205871
3.208433
3.205871
3.204589
3.204589
3.207152
3.209714
3.207152
3.207152
3.205871
3.205871
3.204589
3.204589
3.207152
3.203308
3.204589
3.207152
3.203308
3.203308
3.203308
3.202027
3.204589
3.205871
3.202027
3.202027
3.208433
3.205871
3.202027
3.205871
3.200746
3.203308
3.199464
3.200746
3.199464
3.202027
3.202027
3.198183
3.196902
3.200746
3.200746
3.202027
3.212277
3.203308
3.207152
3.203308
3.202027
3.203308
3.208433
3.210996
3.205871
3.210996
3.204589
3.202027
3.200746
3.200746
3.198183
3.200746
3.200746
3.200746
3.204589
3.208433
3.204589
3.204589
3.205871
3.202027
3.198183
3.199464
3.202027
3.196902
3.193058
3.195621
3.191777
3.193058
3.189214
3.204589
3.200746
3.196902
3.199464
3.195621
3.194339
3.187933
3.190495
3.195621
3.187933
3.187933
3.190495
3.189214
3.193058
3.190495
3.191777
3.195621
3.189214
3.193058
3.193058
3.193058
3.202027
3.193058
3.191777
3.190495
3.190495
3.191777
3.187933
3.190495
3.193058
3.189214
3.195621
3.194339
3.198183
3.189214
3.190495
3.198183
3.189214
3.187933
3.184089
3.191777
3.195621
3.199464
3.191777
3.191777
3.18537
3.187933
3.186652
3.187933
3.193058
3.187933
3.186652
3.187933
3.18537
3.187933
3.187933
3.187933
3.187933
3.189214
3.18537
3.186652
3.184089
3.180246
3.181527
3.182808
3.184089
3.182808
3.18537
3.182808
3.184089
3.184089
3.184089
3.186652
3.181527
3.182808
3.182808
3.184089
3.181527
3.181527
3.181527
3.178964
3.181527
3.180246
3.181527
3.180246
3.181527
3.176402
3.177683
3.182808
3.186652
3.187933
3.182808
3.180246
3.176402
3.176402
3.175121
3.178964
3.187933
3.176402
3.180246
3.180246
3.187933
3.180246
3.177683
3.176402
3.187933
3.178964
3.176402
3.175121
3.172558
3.175121
3.173839
3.175121
3.178964
3.175121
3.175121
3.175121
3.181527
3.173839
3.176402
3.172558
3.181527
3.187933
3.182808
3.187933
3.189214
3.180246
3.172558
3.169996
3.175121
3.184089
3.175121
3.171277
3.181527
3.186652
3.177683
3.176402
3.175121
3.180246
3.169996
3.167433
3.167433
3.169996
3.173839
3.171277
3.173839
3.172558
3.172558
3.171277
3.167433
3.172558
3.171277
3.168714
3.166152
3.167433
3.164871
3.177683
3.181527
3.172558
3.173839
3.167433
3.168714
3.167433
3.169996
3.181527
3.167433
3.166152
3.164871
3.177683
3.172558
3.176402
3.163589
3.163589
3.175121
3.168714
3.167433
3.169996
3.169996
3.168714
3.161027
3.166152
3.162308
3.159745
3.161027
3.161027
3.159745
3.161027
3.158464
3.161027
3.163589
3.161027
3.161027
3.155902
3.162308
3.159745
3.159745
3.159745
3.159745
3.159745
3.159745
3.158464
3.159745
3.159745
3.158464
3.15462
3.158464
3.159745
3.155902
3.157183
3.162308
3.159745
3.161027
3.159745
3.169996
3.159745
3.158464
3.161027
3.158464
3.162308
3.155902
3.162308
3.163589
3.166152
3.161027
3.157183
3.159745
3.153339
3.158464
3.15462
3.166152
3.15462
3.15462
3.164871
3.158464
3.162308
3.157183
3.163589
3.155902
3.157183
3.15462
3.155902
3.152058
3.152058
3.149495
3.152058
3.153339
3.153339
3.152058
3.153339
3.15462
3.152058
3.153339
3.148214
3.159745
3.155902
3.15462
3.153339
3.146933
3.148214
3.145652
3.150777
3.150777
3.149495
3.153339
3.153339
3.149495
3.155902
3.152058
3.152058
3.148214
3.146933
3.150777
3.150777
3.150777
3.153339
3.152058
3.150777
3.149495
3.15462
3.152058
3.148214
3.146933
3.149495
3.153339
3.145652
3.146933
3.155902
3.146933
3.145652
3.146933
3.15462
3.143089
3.143089
3.159745
3.150777
3.152058
3.155902
3.150777
3.157183
3.150777
3.148214
3.152058
3.153339
3.148214
3.150777
3.149495
3.155902
3.149495
3.153339
3.146933
3.149495
3.145652
3.153339
3.146933
3.14437
3.141808
3.155902
3.150777
3.146933
3.14437
3.146933
3.149495
3.148214
3.146933
3.153339
3.15462
3.150777
3.149495
3.153339
3.148214
3.150777
3.149495
3.150777
3.149495
3.148214
3.149495
3.140527
3.150777
3.152058
3.145652
3.140527
3.150777
3.146933
3.143089
3.139246
3.141808
3.139246
3.141808
3.139246
3.139246
3.137964
3.141808
3.141808
3.141808
3.139246
3.135402
3.143089
3.139246
3.140527
3.145652
3.143089
3.140527
3.137964
3.140527
3.141808
3.140527
3.14437
3.141808
3.141808
3.137964
3.141808
3.14437
3.14437
3.137964
3.143089
3.145652
3.141808
3.148214
3.148214
3.150777
3.140527
3.143089
3.143089
3.140527
3.139246
3.137964
3.139246
3.137964
3.140527
3.141808
3.139246
3.13412
3.137964
3.140527
3.140527
3.140527
3.146933
3.140527
3.141808
3.143089
3.145652
3.141808
3.137964
3.141808
3.14437
3.140527
3.137964
3.140527
3.139246
3.136683
3.14437
3.14437
3.139246
3.137964
3.145652
3.140527
3.13412
3.136683
3.13412
3.135402
3.136683
3.137964
3.135402
3.136683
3.143089
3.13412
3.13412
3.139246
3.136683
3.13412
3.132839
3.137964
3.136683
3.139246
3.136683
3.13412
3.14437
3.136683
3.136683
3.136683
3.139246
3.13412
3.131558
3.130277
3.130277
3.132839
3.127714
3.132839
3.130277
3.131558
3.132839
3.131558
3.140527
3.135402
3.132839
3.136683
3.13412
3.131558
3.131558
3.13412
3.130277
3.131558
3.132839
3.132839
3.131558
3.132839
3.14437
3.135402
3.127714
3.131558
3.141808
3.135402
3.135402
3.13412
3.141808
3.136683
3.136683
3.13412
3.131558
3.130277
3.13412
3.131558
3.140527
3.131558
3.140527
3.136683
3.143089
3.136683
3.146933
3.140527
3.141808
3.140527
3.13412
3.137964
3.137964
3.136683
3.136683
3.136683
3.139246
3.137964
3.14437
3.143089
3.136683
3.139246
3.131558
3.132839
3.130277
3.132839
3.131558
3.13412
3.13412
3.130277
3.132839
3.131558
3.139246
3.135402
3.130277
3.131558
3.127714
3.131558
3.132839
3.143089
3.136683
3.126433
3.132839
3.137964
3.135402
3.131558
3.141808
3.140527
3.135402
3.135402
3.13412
3.132839
3.12387
3.130277
3.131558
3.139246
3.132839
3.13412
3.13412
3.141808
3.13412
3.135402
3.136683
3.125152
3.130277
3.131558
3.127714
3.122589
3.126433
3.126433
3.126433
3.128995
3.131558
3.128995
3.12387
3.127714
3.130277
3.130277
3.127714
3.127714
3.127714
3.128995
3.126433
3.127714
3.139246
3.127714
3.126433
3.125152
3.125152
3.126433
3.128995
3.126433
3.127714
3.12387
3.125152
3.127714
3.126433
3.126433
3.125152
3.122589
3.122589
3.121308
3.121308
3.125152
3.122589
3.12387
3.125152
3.12387
3.125152
3.131558
3.140527
3.135402
3.128995
3.128995
3.12387
3.12387
3.125152
3.122589
3.121308
3.125152
3.122589
3.125152
3.126433
3.12387
3.125152
3.12387
3.125152
3.126433
3.125152
3.122589
3.130277
3.125152
3.122589
3.127714
3.122589
3.126433
3.126433
3.127714
3.128995
3.126433
3.121308
3.118745
3.118745
3.120027
3.117464
3.121308
3.122589
3.12387
3.122589
3.12387
3.120027
3.116183
3.122589
3.125152
3.125152
3.118745
3.120027
3.121308
3.120027
3.121308
3.118745
3.118745
3.122589
3.121308
3.121308
3.121308
3.122589
3.122589
3.121308
3.118745
3.120027
3.118745
3.121308
3.114902
3.116183
3.125152
3.127714
3.120027
3.117464
3.117464
3.117464
3.11362
3.121308
3.128995
3.121308
3.117464
3.117464
3.116183
3.11362
3.116183
3.116183
3.125152
3.130277
3.120027
3.120027
3.126433
3.118745
3.125152
3.122589
3.121308
3.120027
3.12387
3.120027
3.118745
3.121308
3.12387
3.117464
3.126433
3.120027
3.116183
3.116183
3.116183
3.116183
3.117464
3.118745
3.118745
3.114902
3.11362
3.116183
3.117464
3.116183
3.117464
3.117464
3.117464
3.11362
3.120027
3.116183
3.120027
3.117464
3.116183
3.117464
3.11362
3.118745
3.116183
3.117464
3.117464
3.118745
3.118745
3.11362
3.11362
3.116183
3.11362
3.125152
3.12387
3.114902
3.11362
3.12387
3.117464
3.114902
3.109776
3.108495
3.111058
3.117464
3.111058
3.111058
3.109776
3.108495
3.109776
3.116183
3.109776
3.109776
3.105933
3.107214
3.120027
3.11362
3.111058
3.109776
3.109776
3.117464
3.114902
3.114902
3.112339
3.107214
3.109776
3.11362
3.11362
3.11362
3.112339
3.109776
3.108495
3.121308
3.112339
3.112339
3.100808
3.079026
3.061089
3.063651
3.06237
3.06237
3.059808
3.064933
3.066214
3.068776
3.06237
3.055964
3.061089
3.066214
3.06237
3.06237
3.063651
3.06237
3.06237
3.064933
3.068776
3.064933
3.058527
3.059808
3.07262
3.066214
3.059808
3.067495
3.064933
3.073901
3.06237
3.071339
3.07262
3.063651
3.066214
3.064933
3.071339
3.066214
3.058527
3.06237
3.068776
3.057245
3.061089
3.061089
3.063651
3.071339
3.063651
3.059808
3.055964
3.071339
3.063651
3.06237
3.063651
3.063651
3.06237
3.066214
3.071339
3.058527
3.057245
3.059808
3.061089
3.057245
3.053401
3.058527
3.058527
3.061089
3.058527
3.058527
3.054683
3.058527
3.054683
3.054683
3.053401
3.055964
3.054683
3.05212
3.061089
3.05212
3.05212
3.06237
3.064933
3.063651
3.057245
3.061089
3.050839
3.053401
3.05212
3.050839
3.048276
3.057245
3.054683
3.059808
3.05212
3.049558
3.048276
3.050839
3.049558
3.059808
3.050839
3.040589
3.049558
3.054683
3.049558
3.045714
3.049558
3.049558
3.05212
3.049558
3.049558
3.045714
3.039308
3.040589
3.045714
3.045714
3.045714
3.046995
3.044433
3.044433
3.044433
3.046995
3.045714
3.040589
3.046995
3.045714
3.048276
3.044433
3.046995
3.045714
3.04187
