5.03071
5.03071
5.031991
5.025585
5.026866
5.028148
5.043522
5.044804
5.033273
5.033273
5.049929
5.057616
5.05121
5.04096
5.049929
5.052491
5.034554
5.025585
5.019179
5.02046
5.037116
5.028148
5.025585
5.028148
5.034554
5.024304
5.024304
5.035835
5.021741
5.019179
5.015335
5.017898
5.016616
5.014054
5.006366
5.008929
5.006366
5.008929
5.005085
5.003804
5.006366
5.003804
5.002522
5.012773
4.993554
4.990991
4.98971
4.988429
5.005085
4.98971
4.985866
4.980741
4.985866
4.990991
4.990991
4.98971
5.003804
4.994835
5.005085
5.006366
4.993554
4.987147
4.983304
4.984585
4.985866
4.992272
4.98971
5.002522
5.002522
4.984585
4.988429
4.98971
4.984585
4.983304
4.984585
4.982022
4.97946
4.976897
4.976897
4.974335
4.970491
4.974335
4.978179
4.975616
4.988429
4.976897
4.987147
4.993554
4.978179
4.971772
4.965366
4.964085
4.967928
4.967928
4.962803
4.976897
4.980741
4.965366
4.975616
4.965366
4.964085
4.960241
4.952554
4.960241
4.95896
4.952554
4.955116
4.949991
4.94871
4.952554
4.955116
4.947429
4.943585
4.942304
4.946147
4.941022
4.944866
4.942304
4.943585
4.942304
4.943585
4.937179
4.952554
4.939741
4.935897
4.939741
4.937179
4.935897
4.932054
4.934616
4.947429
4.932054
4.929491
4.926929
4.925647
4.939741
4.933335
4.930772
4.942304
4.924366
4.939741
4.930772
4.941022
4.92821
4.930772
4.924366
4.933335
4.935897
4.920522
4.915397
4.91796
4.912835
4.911553
4.914116
4.910272
4.902585
4.905147
4.908991
4.908991
4.906428
4.90771
4.905147
4.910272
4.910272
4.90771
4.905147
4.908991
4.916678
4.905147
4.900022
4.901303
4.902585
4.89746
4.894897
4.900022
4.89746
4.894897
4.894897
4.893616
4.902585
4.89746
4.896178
4.893616
4.893616
4.892334
4.894897
4.888491
4.887209
4.888491
4.883366
4.883366
4.884647
4.894897
4.883366
4.875678
4.880803
4.880803
4.884647
4.89746
4.882084
4.876959
4.867991
4.875678
4.876959
4.879522
4.879522
4.888491
4.878241
4.888491
4.880803
4.869272
4.865428
4.861585
4.869272
4.878241
4.871835
4.865428
4.86671
4.86671
4.864147
4.861585
4.861585
4.859022
4.869272
4.857741
4.855178
4.85646
4.85646
4.852616
4.85646
4.85646
4.859022
4.857741
4.855178
4.855178
4.857741
4.857741
4.855178
4.851335
4.848772
4.847491
4.841084
4.839803
4.859022
4.857741
4.841084
4.837241
4.839803
4.855178
4.848772
4.835959
4.830834
4.828272
4.834678
4.851335
4.838522
4.833397
4.835959
4.833397
4.830834
4.830834
4.835959
4.833397
4.839803
4.829553
4.832116
4.828272
4.819303
4.824428
4.826991
4.824428
4.825709
4.821866
4.825709
4.823147
4.820584
4.819303
4.819303
4.812897
4.815459
4.825709
4.810334
4.812897
4.814178
4.812897
4.818022
4.816741
4.828272
4.832116
4.819303
4.809053
4.809053
4.809053
4.811615
4.812897
4.823147
4.810334
4.803928
4.801365
4.805209
4.794959
4.802647
4.803928
4.815459
4.811615
4.79624
4.791116
4.797522
4.792397
4.792397
4.789834
4.787272
4.788553
4.783428
4.788553
4.792397
4.791116
4.792397
4.789834
4.792397
4.794959
4.793678
4.792397
4.794959
4.792397
4.789834
4.788553
4.784709
4.782147
4.784709
4.782147
4.784709
4.780866
4.777022
4.779584
4.777022
4.778303
4.779584
4.791116
4.777022
4.769334
4.768053
4.784709
4.774459
4.784709
4.778303
4.788553
4.775741
4.773178
4.764209
4.774459
4.769334
4.769334
4.766772
4.766772
4.759084
4.760365
4.762928
4.759084
4.75524
4.752678
4.757803
4.752678
4.751397
4.75524
4.757803
4.752678
4.766772
4.753959
4.752678
4.751397
4.762928
4.747553
4.743709
4.750115
4.750115
4.739865
4.742428
4.738584
4.741147
4.733459
4.732178
4.737303
4.738584
4.73474
4.721928
4.736022
4.736022
4.729615
4.732178
4.73474
4.732178
4.741147
4.730896
4.72449
4.725771
4.738584
4.730896
4.727053
4.719365
4.719365
4.719365
4.720646
4.720646
4.719365
4.719365
4.716803
4.715521
4.715521
4.719365
4.715521
4.725771
4.71424
4.716803
4.712959
4.715521
4.71424
4.715521
4.712959
4.710397
4.712959
4.705272
4.710397
4.70399
4.707834
4.705272
4.702709
4.70399
4.702709
4.700147
4.698865
4.697584
4.702709
4.701428
4.698865
4.706553
4.707834
4.698865
4.691178
4.706553
4.698865
4.696303
4.691178
4.707834
4.689897
4.682209
4.686053
4.697584
4.687334
4.679646
4.695022
4.687334
4.682209
4.677084
4.68349
4.677084
4.678365
4.679646
4.67324
4.67324
4.691178
4.678365
4.674521
4.670678
4.665553
4.670678
4.674521
4.679646
4.680928
4.670678
4.670678
4.671959
4.669396
4.664271
4.67324
4.666834
4.677084
4.669396
4.665553
4.675803
4.66299
4.66299
4.66299
4.660428
4.659146
4.661709
4.659146
4.674521
4.656584
4.65274
4.669396
4.654021
4.646334
4.65274
4.646334
4.647615
4.651459
4.647615
4.646334
4.647615
4.650177
4.648896
4.646334
4.645052
4.643771
4.660428
4.641209
4.643771
4.64249
4.636084
4.639927
4.64249
4.637365
4.636084
4.634802
4.63224
4.630959
4.628397
4.623271
4.636084
4.625834
4.615584
4.616865
4.619428
4.618146
4.616865
4.616865
4.628397
4.63224
4.627115
4.634802
4.614303
4.615584
4.620709
4.630959
4.63224
4.638646
4.623271
4.633521
4.634802
4.618146
4.614303
4.627115
4.615584
4.613021
4.609178
4.624553
4.613021
4.614303
4.61174
4.61174
4.61174
4.605334
4.598927
4.61174
4.602771
4.614303
4.605334
4.60149
4.597646
4.596365
4.593802
4.595084
4.59124
4.582271
4.579709
4.586115
4.582271
4.582271
4.586115
4.587396
4.586115
4.584834
4.587396
4.588677
4.582271
4.595084
4.595084
4.592521
4.589959
4.59124
4.593802
4.59124
4.59124
4.589959
4.597646
4.578427
4.589959
4.584834
4.583552
4.58099
4.582271
4.578427
4.575865
4.575865
4.577146
4.57074
4.572021
4.57074
4.569458
4.566896
4.57074
4.566896
4.568177
4.566896
4.568177
4.566896
4.565615
4.569458
4.561771
4.56049
4.56049
4.559208
4.556646
4.556646
4.557927
4.554083
4.554083
4.563052
4.555365
4.569458
4.556646
4.566896
4.548959
4.556646
4.554083
4.56049
4.548959
4.548959
4.552802
4.546396
4.546396
4.556646
4.548959
4.542552
4.53999
4.541271
4.53999
4.543834
4.546396
4.551521
4.536146
4.543834
4.541271
4.533584
4.532302
4.534865
4.532302
4.542552
4.52974
4.531021
4.532302
4.538709
4.534865
4.53999
4.524615
4.524615
4.528459
4.528459
4.51949
4.520771
4.523334
4.524615
4.506677
4.525896
4.516927
4.516927
4.518209
4.514365
4.514365
4.516927
4.528459
4.514365
4.513083
4.520771
4.518209
4.510521
4.50924
4.515646
4.505396
4.504115
4.500271
4.506677
4.505396
4.50924
4.495146
4.500271
4.49899
4.500271
4.497708
4.500271
4.513083
4.500271
4.500271
4.515646
4.505396
4.502833
4.500271
4.504115
4.502833
4.507958
4.513083
4.52974
4.525896
4.527177
4.525896
4.533584
4.515646
4.522052
4.525896
4.523334
4.520771
4.51949
4.51949
4.518209
4.511802
4.511802
4.513083
4.510521
4.511802
4.523334
4.525896
4.536146
4.536146
4.534865
4.537427
4.534865
4.537427
4.531021
4.527177
4.524615
4.524615
4.522052
4.516927
4.516927
4.50924
4.50924
4.50924
4.507958
4.505396
4.501552
4.49899
4.502833
4.49899
4.49899
4.500271
4.496427
4.495146
4.496427
4.496427
4.500271
4.491302
4.492583
4.491302
4.491302
4.487458
4.487458
4.488739
4.491302
4.484896
4.496427
4.487458
4.477208
4.477208
4.481052
4.478489
4.492583
4.486177
4.484896
4.486177
4.479771
4.478489
4.484896
4.484896
4.506677
4.513083
4.505396
4.504115
4.502833
4.511802
4.518209
4.516927
4.52974
4.520771
4.534865
4.538709
4.537427
4.533584
4.528459
4.528459
4.52974
4.532302
4.528459
4.52974
4.527177
4.518209
4.523334
4.514365
4.516927
4.515646
4.500271
4.493865
4.505396
4.497708
4.501552
4.493865
4.496427
4.505396
4.492583
4.487458
4.491302
4.497708
4.500271
4.490021
4.488739
4.488739
4.483614
4.482333
4.484896
4.49899
4.504115
4.490021
4.490021
4.483614
4.482333
4.469521
4.486177
4.492583
4.479771
4.484896
4.484896
4.475927
4.478489
4.478489
4.481052
4.481052
4.478489
4.477208
4.475927
4.470802
4.472083
4.46824
4.470802
4.488739
4.472083
4.464396
4.465677
4.470802
4.466959
4.463115
4.459271
4.461833
4.463115
4.460552
4.460552
4.459271
4.45799
4.460552
4.472083
4.460552
4.45799
4.451583
4.460552
4.452865
4.451583
4.450302
4.44774
4.451583
4.450302
4.449021
4.443896
4.44774
4.442615
4.47385
4.480257
4.478975
4.487944
4.489225
4.495632
4.485382
4.486663
4.485382
4.487944
4.487944
4.470006
4.467444
4.464881
4.477694
4.462319
4.461038
4.461038
4.462319
4.461038
4.458475
4.452069
4.461038
4.45335
4.454631
4.452069
4.448225
4.446944
4.455913
4.445662
4.440538
4.439257
4.435413
4.440538
4.439257
4.441819
4.440538
4.452069
4.440538
4.43285
4.430288
4.445662
4.431569
4.425163
4.429007
4.429007
4.429007
4.431569
4.43285
4.420038
4.418756
4.414913
4.416194
4.427725
4.420038
4.420038
4.420038
4.416194
4.420038
4.417475
4.420038
4.413631
4.414913
4.417475
4.408506
4.429007
4.414913
4.41235
4.413631
4.41235
4.408506
4.41235
4.408506
4.4021
4.399538
4.394413
4.39185
4.389287
4.389287
4.39185
4.393131
4.388006
4.388006
4.39185
4.4021
4.394413
4.393131
4.404663
4.395694
4.407225
4.411069
4.394413
4.390569
4.388006
4.396975
4.3816
4.3816
4.380319
4.376475
4.379037
4.380319
4.376475
4.377756
4.375194
4.379037
4.37135
4.375194
4.373912
4.372631
4.364944
4.368787
4.370069
4.370069
4.370069
4.367506
4.367506
4.364944
4.376475
4.367506
4.358538
4.358538
4.376475
4.367506
4.380319
4.364944
4.364944
4.363663
4.3611
4.363663
4.37135
4.375194
4.379037
4.366225
4.364944
4.3611
4.362381
4.3611
4.3611
4.370069
4.367506
4.358538
4.353413
4.353413
4.35085
4.35085
4.354694
4.35085
4.352131
4.347006
4.348288
4.343163
4.348288
4.345725
4.3406
4.341881
4.3406
4.349569
4.358538
4.348288
4.344444
4.344444
4.352131
4.345725
4.354694
4.336756
4.35085
4.345725
4.334194
4.329069
4.33035
4.329069
4.323944
4.323944
4.325225
4.322662
4.3201
4.323944
4.336756
4.343163
4.33035
4.329069
4.329069
4.323944
4.322662
4.325225
4.317537
4.316256
4.321381
4.318819
4.323944
4.322662
4.317537
4.313694
4.311131
4.314975
4.317537
4.316256
4.312412
4.317537
4.314975
4.314975
4.307287
4.307287
4.306006
4.303443
4.307287
4.311131
4.321381
4.311131
4.303443
4.302162
4.2996
4.300881
4.293193
4.314975
4.302162
4.300881
4.300881
4.300881
4.285506
4.294475
4.293193
4.288068
4.282944
4.282944
4.284225
4.28935
4.286787
4.290631
4.28935
4.288068
4.28935
4.286787
4.290631
4.285506
4.297037
4.295756
4.281662
4.294475
4.298318
4.291912
4.286787
4.28935
4.286787
4.284225
4.295756
4.280381
4.2791
4.281662
4.290631
4.281662
4.291912
4.273975
4.277819
4.28935
4.288068
4.273975
4.288068
4.280381
4.273975
4.271412
4.272694
4.26885
4.265006
4.265006
4.259881
4.2586
4.275256
4.265006
4.271412
4.263725
4.261162
4.259881
4.257318
4.253475
4.254756
4.254756
4.252193
4.253475
4.257318
4.24835
4.244506
4.244506
4.247068
4.247068
4.247068
4.244506
4.247068
4.249631
4.257318
4.256037
4.263725
4.252193
4.24835
4.244506
4.239381
4.232975
4.232975
4.235537
4.235537
4.235537
4.24835
4.250912
4.253475
4.235537
4.229131
4.227849
4.220162
4.225287
4.232975
4.234256
4.240662
4.231693
4.240662
4.234256
4.231693
4.231693
4.225287
4.224006
4.225287
4.222724
4.227849
4.224006
4.221443
4.222724
4.221443
4.224006
