2.835458
2.836739
2.845708
2.841864
2.845708
2.835458
2.835458
2.834177
2.836739
2.839302
2.840583
2.835458
2.839302
2.834177
2.840583
2.844426
2.83802
2.839302
2.83802
2.841864
2.840583
2.836739
2.839302
2.839302
2.841864
2.836739
2.839302
2.835458
2.839302
2.834177
2.834177
2.830333
2.830333
2.832895
2.830333
2.826489
2.835458
2.834177
2.836739
2.835458
2.829051
2.832895
2.831614
2.831614
2.832895
2.830333
2.830333
2.831614
2.832895
2.834177
2.831614
2.826489
2.831614
2.831614
2.835458
2.831614
2.836739
2.835458
2.834177
2.831614
2.829051
2.834177
2.826489
2.831614
2.830333
2.829051
2.832895
2.831614
2.831614
2.830333
2.83802
2.835458
2.829051
2.826489
2.832895
2.831614
2.830333
2.825208
2.832895
2.82777
2.826489
2.830333
2.82777
2.829051
2.823926
2.826489
2.826489
2.823926
2.823926
2.821364
2.823926
2.820083
2.823926
2.825208
2.820083
2.816239
2.82777
2.818801
2.820083
2.829051
2.823926
2.821364
2.825208
2.825208
2.821364
2.820083
2.81752
2.818801
2.825208
2.818801
2.823926
2.818801
2.825208
2.81752
2.816239
2.822645
2.81752
2.809833
2.816239
2.820083
2.818801
2.813676
2.812395
2.813676
2.81752
2.80727
2.813676
2.812395
2.804708
2.80727
2.809833
2.809833
2.812395
2.80727
2.805989
2.811114
2.805989
2.805989
2.813676
2.80727
2.809833
2.805989
2.805989
2.803426
2.804708
2.803426
2.802145
2.803426
2.802145
2.803426
2.798301
2.799582
2.802145
2.802145
2.800864
2.798301
2.79702
2.798301
2.799582
2.79702
2.799582
2.795739
2.791895
2.79702
2.798301
2.790614
2.798301
2.794458
2.800864
2.793176
2.803426
2.795739
2.794458
2.785489
2.79702
2.793176
2.791895
2.790614
2.791895
2.790614
2.788051
2.788051
2.794458
2.788051
2.789333
2.785489
2.791895
2.789333
2.788051
2.78677
2.790614
2.789333
2.790614
2.785489
2.784208
2.78677
2.779083
2.782926
2.784208
2.78677
2.781645
2.782926
2.781645
2.779083
2.777801
2.773957
2.77652
2.780364
2.777801
2.779083
2.77652
2.777801
2.779083
2.780364
2.777801
2.779083
2.77652
2.777801
2.779083
2.782926
2.779083
2.779083
2.772676
2.77652
2.775239
2.771395
2.780364
2.771395
2.77652
2.772676
2.77652
2.773957
2.77652
2.773957
2.775239
2.773957
2.779083
2.772676
2.775239
2.773957
2.781645
2.77652
2.775239
2.772676
2.771395
2.772676
2.771395
2.768832
2.770114
2.770114
2.770114
2.768832
2.770114
2.771395
2.770114
2.767551
2.773957
2.767551
2.771395
2.770114
2.764989
2.768832
2.767551
2.764989
2.770114
2.764989
2.76627
2.76627
2.763707
2.76627
2.76627
2.76627
2.770114
2.764989
2.764989
2.762426
2.763707
2.764989
2.762426
2.763707
2.762426
2.762426
2.761145
2.762426
2.76627
2.762426
2.761145
2.762426
2.762426
2.761145
2.759864
2.763707
2.761145
2.759864
2.759864
2.75602
2.758583
2.762426
2.761145
2.76627
2.763707
2.762426
2.762426
2.764989
2.754739
2.754739
2.761145
2.762426
2.758583
2.757301
2.759864
2.762426
2.758583
2.759864
2.759864
2.757301
2.759864
2.757301
2.761145
2.761145
2.762426
2.762426
2.764989
2.76627
2.762426
2.762426
2.75602
2.757301
2.75602
2.757301
2.763707
2.76627
2.754739
2.754739
2.753458
2.75602
2.754739
2.748333
2.752176
2.753458
2.753458
2.749614
2.753458
2.753458
2.759864
2.75602
2.754739
2.75602
2.749614
2.754739
2.757301
2.750895
2.747051
2.750895
2.747051
2.748333
2.757301
2.744489
2.750895
2.749614
2.748333
2.752176
2.748333
2.750895
2.750895
2.750895
2.749614
2.747051
2.748333
2.748333
2.748333
2.754739
2.749614
2.748333
2.748333
2.750895
2.748333
2.750895
2.749614
2.749614
2.748333
2.747051
2.750895
2.752176
2.754739
2.750895
2.749614
2.747051
2.748333
2.747051
2.749614
2.747051
2.747051
2.747051
2.749614
2.748333
2.750895
2.747051
2.749614
2.749614
2.749614
2.74577
2.753458
2.741926
2.752176
2.748333
2.744489
2.749614
2.744489
2.747051
2.750895
2.743207
2.748333
2.741926
2.749614
2.743207
2.741926
2.743207
2.749614
2.743207
2.748333
2.748333
2.743207
2.747051
2.74577
2.74577
2.747051
2.743207
2.741926
2.743207
2.74577
2.741926
2.747051
2.739364
2.749614
2.744489
2.739364
2.74577
2.747051
2.744489
2.738082
2.739364
2.740645
2.741926
2.741926
2.747051
2.741926
2.743207
2.744489
2.739364
2.739364
2.738082
2.744489
2.740645
2.741926
2.736801
2.744489
2.740645
2.739364
2.741926
2.739364
2.738082
2.740645
2.738082
2.736801
2.73552
2.73552
2.743207
2.740645
2.734239
2.73552
2.747051
2.743207
2.738082
2.744489
2.739364
2.736801
2.738082
2.736801
2.73552
2.736801
2.740645
2.743207
2.73552
2.738082
2.738082
2.736801
2.738082
2.736801
2.734239
2.736801
2.731676
2.73552
2.732957
2.73552
2.732957
2.73552
2.731676
2.736801
2.734239
2.739364
2.734239
2.730395
2.73552
2.732957
2.732957
2.732957
2.72527
2.730395
2.734239
2.73552
2.732957
2.734239
2.732957
2.736801
2.729114
2.730395
2.731676
2.731676
2.729114
2.734239
2.730395
2.730395
2.736801
2.72527
2.729114
2.730395
2.727832
2.731676
2.729114
2.729114
2.727832
2.730395
2.729114
2.729114
2.723989
2.727832
2.727832
2.729114
2.727832
2.726551
2.727832
2.729114
2.727832
2.729114
2.727832
2.727832
2.729114
2.729114
2.723989
2.723989
2.730395
2.729114
2.727832
2.72527
2.726551
2.72527
2.723989
2.726551
2.723989
2.727832
2.726551
2.727832
2.72527
2.72527
2.72527
2.726551
2.734239
2.723989
2.726551
2.72527
2.726551
2.727832
2.723989
2.726551
2.730395
2.722707
2.721426
2.723989
2.722707
2.723989
2.720145
2.720145
2.723989
2.726551
2.721426
2.727832
2.721426
2.720145
2.720145
2.721426
2.723989
2.722707
2.723989
2.718863
2.72527
2.722707
2.717582
2.717582
2.720145
2.727832
2.717582
2.722707
2.720145
2.723989
2.722707
2.717582
2.72527
2.729114
2.718863
2.722707
2.718863
2.721426
2.717582
2.720145
2.721426
2.718863
2.720145
2.726551
2.721426
2.727832
2.722707
2.72527
2.721426
2.722707
2.721426
2.718863
2.720145
2.720145
2.720145
2.723989
2.72527
2.721426
2.721426
2.718863
2.721426
2.723989
2.716301
2.721426
2.718863
2.72527
2.720145
2.721426
2.722707
2.720145
2.711176
2.720145
2.718863
2.721426
2.713739
2.716301
2.71502
2.716301
2.720145
2.716301
2.717582
2.711176
2.718863
2.721426
2.723989
2.716301
2.717582
2.716301
2.71502
2.721426
2.713739
2.721426
2.713739
2.721426
2.712457
2.718863
2.717582
2.717582
2.713739
2.720145
2.721426
2.721426
2.71502
2.718863
2.722707
2.723989
2.716301
2.716301
2.718863
2.717582
2.71502
2.717582
2.716301
2.717582
2.709895
2.713739
2.716301
2.718863
2.71502
2.71502
2.720145
2.720145
2.712457
2.709895
2.713739
2.716301
2.713739
2.717582
2.720145
2.71502
2.716301
2.716301
2.720145
2.718863
2.717582
2.713739
2.711176
2.712457
2.712457
2.709895
2.709895
2.712457
2.716301
2.712457
2.713739
2.713739
2.712457
2.712457
2.712457
2.712457
2.709895
2.711176
2.716301
2.71502
2.709895
2.712457
2.709895
2.71502
2.708614
2.718863
2.711176
2.713739
2.711176
2.716301
2.713739
2.712457
2.709895
2.71502
2.721426
2.709895
2.713739
2.707332
2.717582
2.711176
2.712457
2.717582
2.712457
2.713739
2.708614
2.713739
2.709895
2.716301
2.707332
2.716301
2.712457
2.712457
2.708614
2.716301
2.708614
2.709895
2.707332
2.711176
2.709895
2.71502
2.708614
2.708614
2.709895
2.712457
2.707332
2.711176
2.713739
2.713739
2.703489
2.711176
2.708614
2.712457
2.712457
2.709895
2.711176
2.711176
2.712457
2.713739
2.712457
2.711176
2.708614
2.711176
2.713739
2.712457
2.708614
2.707332
2.706051
2.712457
2.706051
2.709895
2.709895
2.706051
2.706051
2.706051
2.70477
2.707332
2.707332
2.706051
2.707332
2.707332
2.706051
2.698364
2.702207
2.703489
2.70477
2.706051
2.703489
2.703489
2.708614
2.703489
2.700926
2.703489
2.699645
2.703489
2.698364
2.702207
2.703489
2.702207
2.702207
2.703489
2.702207
2.70477
2.702207
2.699645
2.699645
2.702207
2.706051
2.70477
2.702207
2.697082
2.699645
2.698364
2.699645
2.703489
2.698364
2.70477
2.702207
2.699645
2.698364
2.70477
2.702207
2.703489
2.703489
2.698364
2.70477
2.695801
2.70477
2.702207
2.699645
2.702207
2.700926
2.699645
2.700926
2.697082
2.699645
2.699645
2.699645
2.699645
2.697082
2.699645
2.698364
2.698364
2.700926
2.699645
2.700926
2.703489
2.707332
2.700926
2.700926
2.703489
2.698364
2.700926
2.699645
2.695801
2.698364
2.703489
2.699645
2.695801
2.695801
2.698364
2.699645
2.69452
2.695801
2.700926
2.693238
2.699645
2.702207
2.698364
2.697082
2.700926
2.702207
2.699645
2.697082
2.698364
2.706051
2.702207
2.695801
2.702207
2.697082
2.695801
2.689395
2.706051
2.699645
2.699645
2.697082
2.698364
2.698364
2.698364
2.697082
2.698364
2.697082
2.699645
2.697082
2.699645
2.699645
2.699645
2.697082
2.698364
2.697082
2.69452
2.695801
2.698364
2.707332
2.699645
2.697082
2.699645
2.706051
2.697082
2.698364
2.699645
2.702207
2.703489
2.699645
2.695801
2.697082
2.697082
2.695801
2.698364
2.698364
2.697082
2.699645
2.698364
2.69452
2.699645
2.691957
2.699645
2.698364
2.695801
2.697082
2.693238
2.695801
2.698364
2.695801
2.698364
2.698364
2.693238
2.697082
2.695801
2.69452
2.695801
2.695801
2.695801
2.695801
2.703489
2.698364
2.697082
2.691957
2.693238
2.693238
2.695801
2.69452
2.69452
2.69452
2.691957
2.69452
2.689395
2.697082
2.693238
2.693238
2.693238
2.690676
2.691957
2.691957
2.689395
2.690676
2.690676
2.693238
2.690676
2.691957
2.69452
2.693238
2.697082
2.693238
2.69452
2.688113
2.689395
2.69452
2.690676
2.690676
2.688113
2.690676
2.697082
2.700926
2.697082
2.697082
2.691957
2.689395
2.69452
2.691957
2.695801
2.695801
2.699645
2.697082
2.69452
2.695801
2.69452
2.690676
2.693238
2.69452
2.691957
2.695801
2.697082
2.697082
2.69452
2.69452
2.698364
2.695801
2.69452
2.693238
2.69452
2.693238
2.69452
2.693238
2.695801
2.693238
2.691957
2.69452
2.69452
2.700926
2.700926
2.695801
2.700926
2.693238
2.688113
2.693238
2.691957
2.690676
2.691957
2.688113
2.690676
2.69452
2.697082
2.688113
2.698364
2.689395
2.690676
2.690676
2.693238
2.691957
2.69452
2.691957
2.691957
2.686832
2.693238
2.697082
2.686832
2.690676
2.695801
2.690676
2.685551
2.69452
2.69452
2.690676
2.697082
2.699645
2.691957
2.686832
2.69452
2.688113
2.690676
2.693238
2.691957
2.688113
2.688113
2.690676
2.689395
2.688113
2.682988
2.689395
2.690676
2.686832
2.686832
2.685551
2.688113
2.686832
2.688113
2.691957
2.686832
2.677863
2.693238
2.689395
2.688113
2.689395
2.688113
2.693238
2.690676
2.691957
2.690676
2.688113
2.688113
2.690676
2.68427
2.693238
2.698364
2.688113
2.695801
2.690676
2.689395
2.689395
2.688113
2.68427
2.691957
2.681707
2.691957
2.688113
2.688113
2.688113
2.691957
2.686832
2.689395
2.68427
2.691957
2.689395
2.697082
2.689395
2.698364
2.686832
2.693238
2.685551
2.688113
2.681707
2.689395
2.690676
2.690676
2.686832
2.691957
2.689395
2.688113
2.682988
2.685551
2.682988
2.686832
2.686832
2.680426
2.68427
2.686832
2.686832
2.68427
2.68427
2.68427
2.685551
2.68427
2.685551
2.68427
2.680426
2.686832
2.685551
2.688113
2.68427
2.682988
2.68427
2.682988
2.682988
2.682988
2.68427
2.682988
2.68427
2.681707
2.685551
2.681707
2.681707
2.682988
2.682988
2.682988
2.68427
2.685551
2.680426
2.682988
2.681707
2.685551
2.688113
