1570289692.33127
1570289692.58128
1570289692.8313
1570289693.08131
1570289693.33132
1570289693.58133
1570289693.83134
1570289694.08135
1570289694.33136
1570289694.58138
1570289694.83139
1570289695.0814
1570289695.33141
1570289695.58142
1570289695.83143
1570289696.08145
1570289696.33146
1570289696.58147
1570289696.83148
1570289697.08149
1570289697.3315
1570289697.58152
1570289697.83153
1570289698.08154
1570289698.33155
1570289698.58156
1570289698.83157
1570289699.08158
1570289699.3316
1570289699.58161
1570289699.83162
1570289700.08163
1570289700.33164
1570289700.58165
1570289700.83167
1570289701.08168
1570289701.33169
1570289701.5817
1570289701.83171
1570289702.08172
1570289702.33173
1570289702.58175
1570289702.83176
1570289703.08177
1570289703.33178
1570289703.58179
1570289703.8318
1570289704.08182
1570289704.33183
1570289704.58184
1570289704.83185
1570289705.08186
1570289705.33187
1570289705.58189
1570289705.8319
1570289706.08191
1570289706.33192
1570289706.58193
1570289706.83194
1570289707.08195
1570289707.33197
1570289707.58198
1570289707.83199
1570289708.082
1570289708.33201
1570289708.58202
1570289708.83204
1570289709.08205
1570289709.33206
1570289709.58207
1570289709.83208
1570289710.08209
1570289710.33211
1570289710.58212
1570289710.83213
1570289711.08214
1570289711.33215
1570289711.58216
1570289711.83217
1570289712.08219
1570289712.3322
1570289712.58221
1570289712.83222
1570289713.08223
1570289713.33224
1570289713.58226
1570289713.83227
1570289714.08228
1570289714.33229
1570289714.5823
1570289714.83231
1570289715.08233
1570289715.33234
1570289715.58235
1570289715.83236
1570289716.08237
1570289716.33238
1570289716.58239
1570289716.83241
1570289717.08242
1570289717.33243
1570289717.58244
1570289717.83245
1570289718.08246
1570289718.33248
1570289718.58249
1570289718.8325
1570289719.08251
1570289719.33252
1570289719.58253
1570289719.83255
1570289720.08256
1570289720.33257
1570289720.58258
1570289720.83259
1570289721.0826
1570289721.33261
1570289721.58263
1570289721.83264
1570289722.08265
1570289722.33266
1570289722.58267
1570289722.83268
1570289723.0827
1570289723.33271
1570289723.58272
1570289723.83273
1570289724.08274
1570289724.33275
1570289724.58277
1570289724.83278
1570289725.08279
1570289725.3328
1570289725.58281
1570289725.83282
1570289726.08283
1570289726.33285
1570289726.58286
1570289726.83287
1570289727.08288
1570289727.33289
1570289727.5829
1570289727.83292
1570289728.08293
1570289728.33294
1570289728.58295
1570289728.83296
1570289729.08297
1570289729.33299
1570289729.583
1570289729.83301
1570289730.08302
1570289730.33303
1570289730.58304
1570289730.83305
1570289731.08307
1570289731.33308
1570289731.58309
1570289731.8331
1570289732.08311
1570289732.33312
1570289732.58314
1570289732.83315
1570289733.08316
1570289733.33317
1570289733.58318
1570289733.83319
1570289734.0832
1570289734.33322
1570289734.58323
1570289734.83324
1570289735.08325
1570289735.33326
1570289735.58327
1570289735.83329
1570289736.0833
1570289736.33331
1570289736.58332
1570289736.83333
1570289737.08334
1570289737.33336
1570289737.58337
1570289737.83338
1570289738.08339
1570289738.3334
1570289738.58341
1570289738.83342
1570289739.08344
1570289739.33345
1570289739.58346
1570289739.83347
1570289740.08348
1570289740.33349
1570289740.58351
1570289740.83352
1570289741.08353
1570289741.33354
1570289741.58355
1570289741.83356
1570289742.08358
1570289742.33359
1570289742.5836
1570289742.83361
1570289743.08362
1570289743.33363
1570289743.58364
1570289743.83366
1570289744.08367
1570289744.33368
1570289744.58369
1570289744.8337
1570289745.08371
1570289745.33373
1570289745.58374
1570289745.83375
1570289746.08376
1570289746.33377
1570289746.58378
1570289746.8338
1570289747.08381
1570289747.33382
1570289747.58383
1570289747.83384
1570289748.08385
1570289748.33386
1570289748.58388
1570289748.83389
1570289749.0839
1570289749.33391
1570289749.58392
1570289749.83393
1570289750.08395
1570289750.33396
1570289750.58397
1570289750.83398
1570289751.08399
1570289751.334
1570289751.58402
1570289751.83403
1570289752.08404
1570289752.33405
1570289752.58406
1570289752.83407
1570289753.08408
1570289753.3341
1570289753.58411
1570289753.83412
1570289754.08413
1570289754.33414
1570289754.58415
1570289754.83417
1570289755.08418
1570289755.33419
1570289755.5842
1570289755.83421
1570289756.08422
1570289756.33424
1570289756.58425
1570289756.83426
1570289757.08427
1570289757.33428
1570289757.58429
1570289757.8343
1570289758.08432
1570289758.33433
1570289758.58434
1570289758.83435
1570289759.08436
1570289759.33437
1570289759.58439
1570289759.8344
1570289760.08441
1570289760.33442
1570289760.58443
1570289760.83444
1570289761.08446
1570289761.33447
1570289761.58448
1570289761.83449
1570289762.0845
1570289762.33451
1570289762.58452
1570289762.83454
1570289763.08455
1570289763.33456
1570289763.58457
1570289763.83458
1570289764.08459
1570289764.33461
1570289764.58462
1570289764.83463
1570289765.08464
1570289765.33465
1570289765.58466
1570289765.83468
1570289766.08469
1570289766.3347
1570289766.58471
1570289766.83472
1570289767.08473
1570289767.33474
1570289767.58476
1570289767.83477
1570289768.08478
1570289768.33479
1570289768.5848
1570289768.83481
1570289769.08483
1570289769.33484
1570289769.58485
1570289769.83486
1570289770.08487
1570289770.33488
1570289770.58489
1570289770.83491
1570289771.08492
1570289771.33493
1570289771.58494
1570289771.83495
1570289772.08496
1570289772.33498
1570289772.58499
1570289772.835
1570289773.08501
1570289773.33502
1570289773.58503
1570289773.83505
1570289774.08506
1570289774.33507
1570289774.58508
1570289774.83509
1570289775.0851
1570289775.33511
1570289775.58513
1570289775.83514
1570289776.08515
1570289776.33516
1570289776.58517
1570289776.83518
1570289777.0852
1570289777.33521
1570289777.58522
1570289777.83523
1570289778.08524
1570289778.33525
1570289778.58527
1570289778.83528
1570289779.08529
1570289779.3353
1570289779.58531
1570289779.83532
1570289780.08533
1570289780.33535
1570289780.58536
1570289780.83537
1570289781.08538
1570289781.33539
1570289781.5854
1570289781.83542
1570289782.08543
1570289782.33544
1570289782.58545
1570289782.83546
1570289783.08547
1570289783.33549
1570289783.5855
1570289783.83551
1570289784.08552
1570289784.33553
1570289784.58554
1570289784.83555
1570289785.08557
1570289785.33558
1570289785.58559
1570289785.8356
1570289786.08561
1570289786.33562
1570289786.58564
1570289786.83565
1570289787.08566
1570289787.33567
1570289787.58568
1570289787.83569
1570289788.08571
1570289788.33572
1570289788.58573
1570289788.83574
1570289789.08575
1570289789.33576
1570289789.58577
1570289789.83579
1570289790.0858
1570289790.33581
1570289790.58582
1570289790.83583
1570289791.08584
1570289791.33586
1570289791.58587
1570289791.83588
1570289792.08589
1570289792.3359
1570289792.58591
1570289792.83593
1570289793.08594
1570289793.33595
1570289793.58596
1570289793.83597
1570289794.08598
1570289794.33599
1570289794.58601
1570289794.83602
1570289795.08603
1570289795.33604
1570289795.58605
1570289795.83606
1570289796.08608
1570289796.33609
1570289796.5861
1570289796.83611
1570289797.08612
1570289797.33613
1570289797.58614
1570289797.83616
1570289798.08617
1570289798.33618
1570289798.58619
1570289798.8362
1570289799.08621
1570289799.33623
1570289799.58624
1570289799.83625
1570289800.08626
1570289800.33627
1570289800.58628
1570289800.8363
1570289801.08631
1570289801.33632
1570289801.58633
1570289801.83634
1570289802.08635
1570289802.33636
1570289802.58638
1570289802.83639
1570289803.0864
1570289803.33641
1570289803.58642
1570289803.83643
1570289804.08645
1570289804.33646
1570289804.58647
1570289804.83648
1570289805.08649
1570289805.3365
1570289805.58652
1570289805.83653
1570289806.08654
1570289806.33655
1570289806.58656
1570289806.83657
1570289807.08658
1570289807.3366
1570289807.58661
1570289807.83662
1570289808.08663
1570289808.33664
1570289808.58665
1570289808.83667
1570289809.08668
1570289809.33669
1570289809.5867
1570289809.83671
1570289810.08672
1570289810.33674
1570289810.58675
1570289810.83676
1570289811.08677
1570289811.33678
1570289811.58679
1570289811.8368
1570289812.08682
1570289812.33683
1570289812.58684
1570289812.83685
1570289813.08686
1570289813.33687
1570289813.58689
1570289813.8369
1570289814.08691
1570289814.33692
1570289814.58693
1570289814.83694
1570289815.08696
1570289815.33697
1570289815.58698
1570289815.83699
1570289816.087
1570289816.33701
1570289816.58702
1570289816.83704
1570289817.08705
1570289817.33706
1570289817.58707
1570289817.83708
1570289818.08709
1570289818.33711
1570289818.58712
1570289818.83713
1570289819.08714
1570289819.33715
1570289819.58716
1570289819.83718
1570289820.08719
1570289820.3372
1570289820.58721
1570289820.83722
1570289821.08723
1570289821.33724
1570289821.58726
1570289821.83727
1570289822.08728
1570289822.33729
1570289822.5873
1570289822.83731
1570289823.08733
1570289823.33734
1570289823.58735
1570289823.83736
1570289824.08737
1570289824.33738
1570289824.58739
1570289824.83741
1570289825.08742
1570289825.33743
1570289825.58744
1570289825.83745
1570289826.08746
1570289826.33748
1570289826.58749
1570289826.8375
1570289827.08751
1570289827.33752
1570289827.58753
1570289827.83755
1570289828.08756
1570289828.33757
1570289828.58758
1570289828.83759
1570289829.0876
1570289829.33762
1570289829.58763
1570289829.83764
1570289830.08765
1570289830.33766
1570289830.58767
1570289830.83768
1570289831.0877
1570289831.33771
1570289831.58772
1570289831.83773
1570289832.08774
1570289832.33775
1570289832.58777
1570289832.83778
1570289833.08779
1570289833.3378
1570289833.58781
1570289833.83782
1570289834.08783
1570289834.33785
1570289834.58786
1570289834.83787
1570289835.08788
1570289835.33789
1570289835.5879
1570289835.83792
1570289836.08793
1570289836.33794
1570289836.58795
1570289836.83796
1570289837.08797
1570289837.33799
1570289837.588
1570289837.83801
1570289838.08802
1570289838.33803
1570289838.58804
1570289838.83805
1570289839.08807
1570289839.33808
1570289839.58809
1570289839.8381
1570289840.08811
1570289840.33812
1570289840.58814
1570289840.83815
1570289841.08816
1570289841.33817
1570289841.58818
1570289841.83819
1570289842.08821
1570289842.33822
1570289842.58823
1570289842.83824
1570289843.08825
1570289843.33826
1570289843.58827
1570289843.83829
1570289844.0883
1570289844.33831
1570289844.58832
1570289844.83833
1570289845.08834
1570289845.33836
1570289845.58837
1570289845.83838
1570289846.08839
1570289846.3384
1570289846.58841
1570289846.83843
1570289847.08844
1570289847.33845
1570289847.58846
1570289847.83847
1570289848.08848
1570289848.33849
1570289848.58851
1570289848.83852
1570289849.08853
1570289849.33854
1570289849.58855
1570289849.83856
1570289850.08858
1570289850.33859
1570289850.5886
1570289850.83861
1570289851.08862
1570289851.33863
1570289851.58865
1570289851.83866
1570289852.08867
1570289852.33868
1570289852.58869
1570289852.8387
1570289853.08871
1570289853.33873
1570289853.58874
1570289853.83875
1570289854.08876
1570289854.33877
1570289854.58878
1570289854.8388
1570289855.08881
1570289855.33882
1570289855.58883
1570289855.83884
1570289856.08885
1570289856.33887
1570289856.58888
1570289856.83889
1570289857.0889
1570289857.33891
1570289857.58892
1570289857.83893
1570289858.08895
1570289858.33896
1570289858.58897
1570289858.83898
1570289859.08899
1570289859.339
1570289859.58902
1570289859.83903
1570289860.08904
1570289860.33905
1570289860.58906
1570289860.83907
1570289861.08908
1570289861.3391
1570289861.58911
1570289861.83912
1570289862.08913
1570289862.33914
1570289862.58915
1570289862.83917
1570289863.08918
1570289863.33919
1570289863.5892
1570289863.83921
1570289864.08922
1570289864.33924
1570289864.58925
1570289864.83926
1570289865.08927
1570289865.33928
1570289865.58929
1570289865.8393
1570289866.08932
1570289866.33933
1570289866.58934
1570289866.83935
1570289867.08936
1570289867.33937
1570289867.58939
1570289867.8394
1570289868.08941
1570289868.33942
1570289868.58943
1570289868.83944
1570289869.08946
1570289869.33947
1570289869.58948
1570289869.83949
1570289870.0895
1570289870.33951
1570289870.58952
1570289870.83954
1570289871.08955
1570289871.33956
1570289871.58957
1570289871.83958
1570289872.08959
1570289872.33961
1570289872.58962
1570289872.83963
1570289873.08964
1570289873.33965
1570289873.58966
1570289873.83968
1570289874.08969
1570289874.3397
1570289874.58971
1570289874.83972
1570289875.08973
1570289875.33974
1570289875.58976
1570289875.83977
1570289876.08978
1570289876.33979
1570289876.5898
1570289876.83981
1570289877.08983
1570289877.33984
1570289877.58985
1570289877.83986
1570289878.08987
1570289878.33988
1570289878.5899
1570289878.83991
1570289879.08992
1570289879.33993
1570289879.58994
1570289879.83995
1570289880.08996
1570289880.33998
1570289880.58999
1570289880.84
1570289881.09001
1570289881.34002
1570289881.59003
1570289881.84005
1570289882.09006
1570289882.34007
1570289882.59008
1570289882.84009
1570289883.0901
1570289883.34012
1570289883.59013
1570289883.84014
1570289884.09015
1570289884.34016
1570289884.59017
1570289884.84018
1570289885.0902
1570289885.34021
1570289885.59022
1570289885.84023
1570289886.09024
1570289886.34025
1570289886.59027
1570289886.84028
1570289887.09029
1570289887.3403
1570289887.59031
1570289887.84032
1570289888.09034
1570289888.34035
1570289888.59036
1570289888.84037
1570289889.09038
1570289889.34039
1570289889.5904
1570289889.84042
1570289890.09043
1570289890.34044
1570289890.59045
1570289890.84046
1570289891.09047
1570289891.34049
1570289891.5905
1570289891.84051
1570289892.09052
1570289892.34053
1570289892.59054
1570289892.84055
1570289893.09057
1570289893.34058
1570289893.59059
1570289893.8406
1570289894.09061
1570289894.34062
1570289894.59064
1570289894.84065
1570289895.09066
1570289895.34067
1570289895.59068
1570289895.84069
1570289896.09071
1570289896.34072
1570289896.59073
1570289896.84074
1570289897.09075
1570289897.34076
1570289897.59077
1570289897.84079
1570289898.0908
1570289898.34081
1570289898.59082
1570289898.84083
1570289899.09084
1570289899.34086
1570289899.59087
1570289899.84088
1570289900.09089
1570289900.3409
1570289900.59091
1570289900.84093
1570289901.09094
1570289901.34095
1570289901.59096
1570289901.84097
1570289902.09098
1570289902.34099
1570289902.59101
1570289902.84102
1570289903.09103
1570289903.34104
1570289903.59105
1570289903.84106
1570289904.09108
1570289904.34109
1570289904.5911
1570289904.84111
1570289905.09112
1570289905.34113
1570289905.59115
1570289905.84116
1570289906.09117
1570289906.34118
1570289906.59119
1570289906.8412
1570289907.09121
1570289907.34123
1570289907.59124
1570289907.84125
1570289908.09126
1570289908.34127
1570289908.59128
1570289908.8413
1570289909.09131
1570289909.34132
1570289909.59133
1570289909.84134
1570289910.09135
1570289910.34137
1570289910.59138
1570289910.84139
1570289911.0914
1570289911.34141
1570289911.59142
1570289911.84143
1570289912.09145
1570289912.34146
1570289912.59147
1570289912.84148
1570289913.09149
1570289913.3415
1570289913.59152
1570289913.84153
1570289914.09154
1570289914.34155
1570289914.59156
1570289914.84157
1570289915.09159
1570289915.3416
1570289915.59161
1570289915.84162
1570289916.09163
1570289916.34164
1570289916.59165
1570289916.84167
1570289917.09168
1570289917.34169
1570289917.5917
1570289917.84171
1570289918.09172
1570289918.34174
1570289918.59175
1570289918.84176
1570289919.09177
1570289919.34178
1570289919.59179
1570289919.8418
1570289920.09182
1570289920.34183
1570289920.59184
1570289920.84185
1570289921.09186
1570289921.34187
1570289921.59189
1570289921.8419
1570289922.09191
1570289922.34192
1570289922.59193
1570289922.84194
1570289923.09196
1570289923.34197
1570289923.59198
1570289923.84199
1570289924.092
1570289924.34201
1570289924.59203
1570289924.84204
1570289925.09205
1570289925.34206
1570289925.59207
1570289925.84208
1570289926.09209
1570289926.34211
1570289926.59212
1570289926.84213
1570289927.09214
1570289927.34215
1570289927.59216
1570289927.84218
1570289928.09219
1570289928.3422
1570289928.59221
1570289928.84222
1570289929.09223
1570289929.34224
1570289929.59226
1570289929.84227
1570289930.09228
1570289930.34229
1570289930.5923
1570289930.84231
1570289931.09233
1570289931.34234
1570289931.59235
1570289931.84236
1570289932.09237
1570289932.34238
1570289932.5924
1570289932.84241
1570289933.09242
1570289933.34243
1570289933.59244
1570289933.84245
1570289934.09246
1570289934.34248
1570289934.59249
1570289934.8425
1570289935.09251
1570289935.34252
1570289935.59253
1570289935.84255
1570289936.09256
1570289936.34257
1570289936.59258
1570289936.84259
1570289937.0926
1570289937.34262
1570289937.59263
1570289937.84264
1570289938.09265
1570289938.34266
1570289938.59267
1570289938.84268
1570289939.0927
1570289939.34271
1570289939.59272
1570289939.84273
1570289940.09274
1570289940.34275
1570289940.59277
1570289940.84278
1570289941.09279
1570289941.3428
1570289941.59281
1570289941.84282
1570289942.09284
1570289942.34285
1570289942.59286
1570289942.84287
1570289943.09288
1570289943.34289
1570289943.5929
1570289943.84292
1570289944.09293
1570289944.34294
1570289944.59295
1570289944.84296
1570289945.09297
1570289945.34299
1570289945.593
1570289945.84301
1570289946.09302
1570289946.34303
1570289946.59304
1570289946.84306
1570289947.09307
1570289947.34308
1570289947.59309
1570289947.8431
1570289948.09311
1570289948.34312
1570289948.59314
1570289948.84315
1570289949.09316
1570289949.34317
1570289949.59318
1570289949.84319
1570289950.09321
1570289950.34322
1570289950.59323
1570289950.84324
1570289951.09325
1570289951.34326
1570289951.59328
1570289951.84329
1570289952.0933
1570289952.34331
1570289952.59332
1570289952.84333
1570289953.09334
1570289953.34336
1570289953.59337
1570289953.84338
1570289954.09339
1570289954.3434
1570289954.59341
1570289954.84343
1570289955.09344
1570289955.34345
1570289955.59346
1570289955.84347
1570289956.09348
1570289956.34349
1570289956.59351
1570289956.84352
1570289957.09353
1570289957.34354
1570289957.59355
1570289957.84356
1570289958.09358
1570289958.34359
1570289958.5936
1570289958.84361
1570289959.09362
1570289959.34363
1570289959.59365
1570289959.84366
1570289960.09367
1570289960.34368
1570289960.59369
1570289960.8437
1570289961.09371
1570289961.34373
1570289961.59374
1570289961.84375
1570289962.09376
1570289962.34377
1570289962.59378
1570289962.8438
1570289963.09381
1570289963.34382
1570289963.59383
1570289963.84384
1570289964.09385
1570289964.34387
1570289964.59388
1570289964.84389
1570289965.0939
1570289965.34391
1570289965.59392
1570289965.84393
1570289966.09395
1570289966.34396
1570289966.59397
1570289966.84398
1570289967.09399
1570289967.344
1570289967.59402
1570289967.84403
1570289968.09404
1570289968.34405
1570289968.59406
1570289968.84407
1570289969.09409
1570289969.3441
1570289969.59411
1570289969.84412
1570289970.09413
1570289970.34414
1570289970.59415
1570289970.84417
1570289971.09418
1570289971.34419
1570289971.5942
1570289971.84421
1570289972.09422
1570289972.34424
1570289972.59425
1570289972.84426
1570289973.09427
1570289973.34428
1570289973.59429
1570289973.84431
1570289974.09432
1570289974.34433
1570289974.59434
1570289974.84435
1570289975.09436
1570289975.34437
1570289975.59439
1570289975.8444
1570289976.09441
1570289976.34442
1570289976.59443
1570289976.84444
1570289977.09446
1570289977.34447
1570289977.59448
1570289977.84449
1570289978.0945
1570289978.34451
1570289978.59453
1570289978.84454
1570289979.09455
1570289979.34456
1570289979.59457
1570289979.84458
1570289980.09459
1570289980.34461
1570289980.59462
1570289980.84463
1570289981.09464
1570289981.34465
1570289981.59466
1570289981.84468
1570289982.09469
1570289982.3447
1570289982.59471
1570289982.84472
1570289983.09473
1570289983.34474
1570289983.59476
1570289983.84477
1570289984.09478
1570289984.34479
1570289984.5948
1570289984.84481
1570289985.09483
1570289985.34484
1570289985.59485
1570289985.84486
1570289986.09487
1570289986.34488
1570289986.5949
1570289986.84491
1570289987.09492
1570289987.34493
1570289987.59494
1570289987.84495
1570289988.09496
1570289988.34498
1570289988.59499
1570289988.845
1570289989.09501
1570289989.34502
1570289989.59503
1570289989.84505
1570289990.09506
1570289990.34507
1570289990.59508
1570289990.84509
1570289991.0951
1570289991.34512
1570289991.59513
1570289991.84514
1570289992.09515
1570289992.34516
1570289992.59517
1570289992.84518
1570289993.0952
