1570288190.26173
1570288190.51174
1570288190.76175
1570288191.01177
1570288191.26178
1570288191.51179
1570288191.7618
1570288192.01181
1570288192.26182
1570288192.51184
1570288192.76185
1570288193.01186
1570288193.26187
1570288193.51188
1570288193.76189
1570288194.0119
1570288194.26192
1570288194.51193
1570288194.76194
1570288195.01195
1570288195.26196
1570288195.51197
1570288195.76199
1570288196.012
1570288196.26201
1570288196.51202
1570288196.76203
1570288197.01204
1570288197.26205
1570288197.51207
1570288197.76208
1570288198.01209
1570288198.2621
1570288198.51211
1570288198.76212
1570288199.01214
1570288199.26215
1570288199.51216
1570288199.76217
1570288200.01218
1570288200.26219
1570288200.51221
1570288200.76222
1570288201.01223
1570288201.26224
1570288201.51225
1570288201.76226
1570288202.01227
1570288202.26229
1570288202.5123
1570288202.76231
1570288203.01232
1570288203.26233
1570288203.51234
1570288203.76236
1570288204.01237
1570288204.26238
1570288204.51239
1570288204.7624
1570288205.01241
1570288205.26243
1570288205.51244
1570288205.76245
1570288206.01246
1570288206.26247
1570288206.51248
1570288206.76249
1570288207.01251
1570288207.26252
1570288207.51253
1570288207.76254
1570288208.01255
1570288208.26256
1570288208.51258
1570288208.76259
1570288209.0126
1570288209.26261
1570288209.51262
1570288209.76263
1570288210.01265
1570288210.26266
1570288210.51267
1570288210.76268
1570288211.01269
1570288211.2627
1570288211.51271
1570288211.76273
1570288212.01274
1570288212.26275
1570288212.51276
1570288212.76277
1570288213.01278
1570288213.2628
1570288213.51281
1570288213.76282
1570288214.01283
1570288214.26284
1570288214.51285
1570288214.76287
1570288215.01288
1570288215.26289
1570288215.5129
1570288215.76291
1570288216.01292
1570288216.26293
1570288216.51295
1570288216.76296
1570288217.01297
1570288217.26298
1570288217.51299
1570288217.763
1570288218.01302
1570288218.26303
1570288218.51304
1570288218.76305
1570288219.01306
1570288219.26307
1570288219.51309
1570288219.7631
1570288220.01311
1570288220.26312
1570288220.51313
1570288220.76314
1570288221.01315
1570288221.26317
1570288221.51318
1570288221.76319
1570288222.0132
1570288222.26321
1570288222.51322
1570288222.76324
1570288223.01325
1570288223.26326
1570288223.51327
1570288223.76328
1570288224.01329
1570288224.2633
1570288224.51332
1570288224.76333
1570288225.01334
1570288225.26335
1570288225.51336
1570288225.76337
1570288226.01339
1570288226.2634
1570288226.51341
1570288226.76342
1570288227.01343
1570288227.26344
1570288227.51346
1570288227.76347
1570288228.01348
1570288228.26349
1570288228.5135
1570288228.76351
1570288229.01353
1570288229.26354
1570288229.51355
1570288229.76356
1570288230.01357
1570288230.26358
1570288230.51359
1570288230.76361
1570288231.01362
1570288231.26363
1570288231.51364
1570288231.76365
1570288232.01366
1570288232.26368
1570288232.51369
1570288232.7637
1570288233.01371
1570288233.26372
1570288233.51373
1570288233.76374
1570288234.01376
1570288234.26377
1570288234.51378
1570288234.76379
1570288235.0138
1570288235.26381
1570288235.51383
1570288235.76384
1570288236.01385
1570288236.26386
1570288236.51387
1570288236.76388
1570288237.0139
1570288237.26391
1570288237.51392
1570288237.76393
1570288238.01394
1570288238.26395
1570288238.51396
1570288238.76398
1570288239.01399
1570288239.264
1570288239.51401
1570288239.76402
1570288240.01403
1570288240.26405
1570288240.51406
1570288240.76407
1570288241.01408
1570288241.26409
1570288241.5141
1570288241.76412
1570288242.01413
1570288242.26414
1570288242.51415
1570288242.76416
1570288243.01417
1570288243.26418
1570288243.5142
1570288243.76421
1570288244.01422
1570288244.26423
1570288244.51424
1570288244.76425
1570288245.01427
1570288245.26428
1570288245.51429
1570288245.7643
1570288246.01431
1570288246.26432
1570288246.51434
1570288246.76435
1570288247.01436
1570288247.26437
1570288247.51438
1570288247.76439
1570288248.0144
1570288248.26442
1570288248.51443
1570288248.76444
1570288249.01445
1570288249.26446
1570288249.51447
1570288249.76449
1570288250.0145
1570288250.26451
1570288250.51452
1570288250.76453
1570288251.01454
1570288251.26456
1570288251.51457
1570288251.76458
1570288252.01459
1570288252.2646
1570288252.51461
1570288252.76462
1570288253.01464
1570288253.26465
1570288253.51466
1570288253.76467
1570288254.01468
1570288254.26469
1570288254.51471
1570288254.76472
1570288255.01473
1570288255.26474
1570288255.51475
1570288255.76476
1570288256.01478
1570288256.26479
1570288256.5148
1570288256.76481
1570288257.01482
1570288257.26483
1570288257.51484
1570288257.76486
1570288258.01487
1570288258.26488
1570288258.51489
1570288258.7649
1570288259.01491
1570288259.26493
1570288259.51494
1570288259.76495
1570288260.01496
1570288260.26497
1570288260.51498
1570288260.76499
1570288261.01501
1570288261.26502
1570288261.51503
1570288261.76504
1570288262.01505
1570288262.26506
1570288262.51508
1570288262.76509
1570288263.0151
1570288263.26511
1570288263.51512
1570288263.76513
1570288264.01515
1570288264.26516
1570288264.51517
1570288264.76518
1570288265.01519
1570288265.2652
1570288265.51521
1570288265.76523
1570288266.01524
1570288266.26525
1570288266.51526
1570288266.76527
1570288267.01528
1570288267.2653
1570288267.51531
1570288267.76532
1570288268.01533
1570288268.26534
1570288268.51535
1570288268.76537
1570288269.01538
1570288269.26539
1570288269.5154
1570288269.76541
1570288270.01542
1570288270.26543
1570288270.51545
1570288270.76546
1570288271.01547
1570288271.26548
1570288271.51549
1570288271.7655
1570288272.01552
1570288272.26553
1570288272.51554
1570288272.76555
1570288273.01556
1570288273.26557
1570288273.51559
1570288273.7656
1570288274.01561
1570288274.26562
1570288274.51563
1570288274.76564
1570288275.01565
1570288275.26567
1570288275.51568
1570288275.76569
1570288276.0157
1570288276.26571
1570288276.51572
1570288276.76574
1570288277.01575
1570288277.26576
1570288277.51577
1570288277.76578
1570288278.01579
1570288278.26581
1570288278.51582
1570288278.76583
1570288279.01584
1570288279.26585
1570288279.51586
1570288279.76587
1570288280.01589
1570288280.2659
1570288280.51591
1570288280.76592
1570288281.01593
1570288281.26594
1570288281.51596
1570288281.76597
1570288282.01598
1570288282.26599
1570288282.516
1570288282.76601
1570288283.01603
1570288283.26604
1570288283.51605
1570288283.76606
1570288284.01607
1570288284.26608
1570288284.51609
1570288284.76611
1570288285.01612
1570288285.26613
1570288285.51614
1570288285.76615
1570288286.01616
1570288286.26618
1570288286.51619
1570288286.7662
1570288287.01621
1570288287.26622
1570288287.51623
1570288287.76625
1570288288.01626
1570288288.26627
1570288288.51628
1570288288.76629
1570288289.0163
1570288289.26631
1570288289.51633
1570288289.76634
1570288290.01635
1570288290.26636
1570288290.51637
1570288290.76638
1570288291.0164
1570288291.26641
1570288291.51642
1570288291.76643
1570288292.01644
1570288292.26645
1570288292.51646
1570288292.76648
1570288293.01649
1570288293.2665
1570288293.51651
1570288293.76652
1570288294.01653
1570288294.26655
1570288294.51656
1570288294.76657
1570288295.01658
1570288295.26659
1570288295.5166
1570288295.76662
1570288296.01663
1570288296.26664
1570288296.51665
1570288296.76666
1570288297.01667
1570288297.26668
1570288297.5167
1570288297.76671
1570288298.01672
1570288298.26673
1570288298.51674
1570288298.76675
1570288299.01677
1570288299.26678
1570288299.51679
1570288299.7668
1570288300.01681
1570288300.26682
1570288300.51684
1570288300.76685
1570288301.01686
1570288301.26687
1570288301.51688
1570288301.76689
1570288302.0169
1570288302.26692
1570288302.51693
1570288302.76694
1570288303.01695
1570288303.26696
1570288303.51697
1570288303.76699
1570288304.017
1570288304.26701
1570288304.51702
1570288304.76703
1570288305.01704
1570288305.26706
1570288305.51707
1570288305.76708
1570288306.01709
1570288306.2671
1570288306.51711
1570288306.76712
1570288307.01714
1570288307.26715
1570288307.51716
1570288307.76717
1570288308.01718
1570288308.26719
1570288308.51721
1570288308.76722
1570288309.01723
1570288309.26724
1570288309.51725
1570288309.76726
1570288310.01728
1570288310.26729
1570288310.5173
1570288310.76731
1570288311.01732
1570288311.26733
1570288311.51734
1570288311.76736
1570288312.01737
1570288312.26738
1570288312.51739
1570288312.7674
1570288313.01741
1570288313.26743
1570288313.51744
1570288313.76745
1570288314.01746
1570288314.26747
1570288314.51748
1570288314.7675
1570288315.01751
1570288315.26752
1570288315.51753
1570288315.76754
1570288316.01755
1570288316.26756
1570288316.51758
1570288316.76759
1570288317.0176
1570288317.26761
1570288317.51762
1570288317.76763
1570288318.01765
1570288318.26766
1570288318.51767
1570288318.76768
1570288319.01769
1570288319.2677
1570288319.51771
1570288319.76773
1570288320.01774
1570288320.26775
1570288320.51776
1570288320.76777
1570288321.01778
1570288321.2678
1570288321.51781
1570288321.76782
1570288322.01783
1570288322.26784
1570288322.51785
1570288322.76787
1570288323.01788
1570288323.26789
1570288323.5179
1570288323.76791
1570288324.01792
1570288324.26794
1570288324.51795
1570288324.76796
1570288325.01797
1570288325.26798
1570288325.51799
1570288325.768
1570288326.01802
1570288326.26803
1570288326.51804
1570288326.76805
1570288327.01806
1570288327.26807
1570288327.51809
1570288327.7681
1570288328.01811
1570288328.26812
1570288328.51813
1570288328.76814
1570288329.01815
1570288329.26817
1570288329.51818
1570288329.76819
1570288330.0182
1570288330.26821
1570288330.51822
1570288330.76824
1570288331.01825
1570288331.26826
1570288331.51827
1570288331.76828
1570288332.01829
1570288332.26831
1570288332.51832
1570288332.76833
1570288333.01834
1570288333.26835
1570288333.51836
1570288333.76837
1570288334.01839
1570288334.2684
1570288334.51841
1570288334.76842
1570288335.01843
1570288335.26844
1570288335.51846
1570288335.76847
1570288336.01848
1570288336.26849
1570288336.5185
1570288336.76851
1570288337.01853
1570288337.26854
1570288337.51855
1570288337.76856
1570288338.01857
1570288338.26858
1570288338.51859
1570288338.76861
1570288339.01862
1570288339.26863
1570288339.51864
1570288339.76865
1570288340.01866
1570288340.26868
1570288340.51869
1570288340.7687
1570288341.01871
1570288341.26872
1570288341.51873
1570288341.76875
1570288342.01876
1570288342.26877
1570288342.51878
1570288342.76879
1570288343.0188
1570288343.26881
1570288343.51883
1570288343.76884
1570288344.01885
1570288344.26886
1570288344.51887
1570288344.76888
1570288345.0189
1570288345.26891
1570288345.51892
1570288345.76893
1570288346.01894
1570288346.26895
1570288346.51897
1570288346.76898
1570288347.01899
1570288347.269
1570288347.51901
1570288347.76902
1570288348.01903
1570288348.26905
1570288348.51906
1570288348.76907
1570288349.01908
1570288349.26909
1570288349.5191
1570288349.76912
1570288350.01913
1570288350.26914
1570288350.51915
1570288350.76916
1570288351.01917
1570288351.26919
1570288351.5192
1570288351.76921
1570288352.01922
1570288352.26923
1570288352.51924
1570288352.76925
1570288353.01927
1570288353.26928
1570288353.51929
1570288353.7693
1570288354.01931
1570288354.26932
1570288354.51934
1570288354.76935
1570288355.01936
1570288355.26937
1570288355.51938
1570288355.76939
1570288356.0194
1570288356.26942
1570288356.51943
1570288356.76944
1570288357.01945
1570288357.26946
1570288357.51947
1570288357.76949
1570288358.0195
1570288358.26951
1570288358.51952
1570288358.76953
1570288359.01954
1570288359.26956
1570288359.51957
1570288359.76958
1570288360.01959
1570288360.2696
1570288360.51961
1570288360.76962
1570288361.01964
1570288361.26965
1570288361.51966
1570288361.76967
1570288362.01968
1570288362.26969
1570288362.51971
1570288362.76972
1570288363.01973
1570288363.26974
1570288363.51975
1570288363.76976
1570288364.01978
1570288364.26979
1570288364.5198
1570288364.76981
1570288365.01982
1570288365.26983
1570288365.51984
1570288365.76986
1570288366.01987
1570288366.26988
1570288366.51989
1570288366.7699
1570288367.01991
1570288367.26993
1570288367.51994
1570288367.76995
1570288368.01996
1570288368.26997
1570288368.51998
1570288368.77
1570288369.02001
1570288369.27002
1570288369.52003
1570288369.77004
1570288370.02005
1570288370.27006
1570288370.52008
1570288370.77009
1570288371.0201
1570288371.27011
1570288371.52012
1570288371.77013
1570288372.02015
1570288372.27016
1570288372.52017
1570288372.77018
1570288373.02019
1570288373.2702
1570288373.52022
1570288373.77023
1570288374.02024
1570288374.27025
1570288374.52026
1570288374.77027
1570288375.02028
1570288375.2703
1570288375.52031
1570288375.77032
1570288376.02033
1570288376.27034
1570288376.52035
1570288376.77037
1570288377.02038
1570288377.27039
1570288377.5204
1570288377.77041
1570288378.02042
1570288378.27044
1570288378.52045
1570288378.77046
1570288379.02047
1570288379.27048
1570288379.52049
1570288379.7705
1570288380.02052
1570288380.27053
1570288380.52054
1570288380.77055
1570288381.02056
1570288381.27057
1570288381.52059
1570288381.7706
1570288382.02061
1570288382.27062
1570288382.52063
1570288382.77064
1570288383.02065
1570288383.27067
1570288383.52068
1570288383.77069
1570288384.0207
1570288384.27071
1570288384.52072
1570288384.77074
1570288385.02075
1570288385.27076
1570288385.52077
1570288385.77078
1570288386.02079
1570288386.27081
1570288386.52082
1570288386.77083
1570288387.02084
1570288387.27085
1570288387.52086
1570288387.77087
1570288388.02089
1570288388.2709
1570288388.52091
1570288388.77092
1570288389.02093
1570288389.27094
1570288389.52096
1570288389.77097
1570288390.02098
1570288390.27099
1570288390.521
1570288390.77101
1570288391.02103
1570288391.27104
1570288391.52105
1570288391.77106
1570288392.02107
1570288392.27108
1570288392.52109
1570288392.77111
1570288393.02112
1570288393.27113
1570288393.52114
1570288393.77115
1570288394.02116
1570288394.27118
1570288394.52119
1570288394.7712
1570288395.02121
1570288395.27122
1570288395.52123
1570288395.77125
1570288396.02126
1570288396.27127
1570288396.52128
1570288396.77129
1570288397.0213
1570288397.27131
1570288397.52133
1570288397.77134
1570288398.02135
1570288398.27136
1570288398.52137
1570288398.77138
1570288399.0214
1570288399.27141
1570288399.52142
1570288399.77143
1570288400.02144
1570288400.27145
1570288400.52147
1570288400.77148
1570288401.02149
1570288401.2715
1570288401.52151
1570288401.77152
1570288402.02153
1570288402.27155
1570288402.52156
1570288402.77157
1570288403.02158
1570288403.27159
1570288403.5216
1570288403.77162
1570288404.02163
1570288404.27164
1570288404.52165
1570288404.77166
1570288405.02167
1570288405.27169
1570288405.5217
1570288405.77171
1570288406.02172
1570288406.27173
1570288406.52174
1570288406.77175
1570288407.02177
1570288407.27178
1570288407.52179
1570288407.7718
1570288408.02181
1570288408.27182
1570288408.52184
1570288408.77185
1570288409.02186
1570288409.27187
1570288409.52188
1570288409.77189
1570288410.02191
1570288410.27192
1570288410.52193
1570288410.77194
1570288411.02195
1570288411.27196
1570288411.52197
1570288411.77199
1570288412.022
1570288412.27201
1570288412.52202
1570288412.77203
1570288413.02204
1570288413.27206
1570288413.52207
1570288413.77208
1570288414.02209
1570288414.2721
1570288414.52211
1570288414.77213
1570288415.02214
1570288415.27215
1570288415.52216
1570288415.77217
1570288416.02218
1570288416.27219
1570288416.52221
1570288416.77222
1570288417.02223
1570288417.27224
1570288417.52225
1570288417.77226
1570288418.02228
1570288418.27229
1570288418.5223
1570288418.77231
1570288419.02232
1570288419.27233
1570288419.52234
1570288419.77236
1570288420.02237
1570288420.27238
1570288420.52239
1570288420.7724
1570288421.02241
1570288421.27243
1570288421.52244
1570288421.77245
1570288422.02246
1570288422.27247
1570288422.52248
1570288422.7725
1570288423.02251
1570288423.27252
1570288423.52253
1570288423.77254
1570288424.02255
1570288424.27256
1570288424.52258
1570288424.77259
1570288425.0226
1570288425.27261
1570288425.52262
1570288425.77263
1570288426.02265
1570288426.27266
1570288426.52267
1570288426.77268
1570288427.02269
1570288427.2727
1570288427.52272
1570288427.77273
1570288428.02274
1570288428.27275
1570288428.52276
1570288428.77277
1570288429.02278
1570288429.2728
1570288429.52281
1570288429.77282
1570288430.02283
1570288430.27284
1570288430.52285
1570288430.77287
1570288431.02288
1570288431.27289
1570288431.5229
1570288431.77291
1570288432.02292
1570288432.27294
1570288432.52295
1570288432.77296
1570288433.02297
1570288433.27298
1570288433.52299
1570288433.773
1570288434.02302
1570288434.27303
1570288434.52304
1570288434.77305
1570288435.02306
1570288435.27307
1570288435.52309
1570288435.7731
1570288436.02311
1570288436.27312
1570288436.52313
1570288436.77314
1570288437.02316
1570288437.27317
1570288437.52318
1570288437.77319
1570288438.0232
1570288438.27321
1570288438.52322
1570288438.77324
1570288439.02325
1570288439.27326
1570288439.52327
1570288439.77328
1570288440.02329
1570288440.27331
1570288440.52332
1570288440.77333
1570288441.02334
1570288441.27335
1570288441.52336
1570288441.77338
1570288442.02339
1570288442.2734
1570288442.52341
1570288442.77342
1570288443.02343
1570288443.27344
1570288443.52346
1570288443.77347
1570288444.02348
1570288444.27349
1570288444.5235
1570288444.77351
1570288445.02353
1570288445.27354
1570288445.52355
1570288445.77356
1570288446.02357
1570288446.27358
1570288446.5236
1570288446.77361
1570288447.02362
1570288447.27363
1570288447.52364
1570288447.77365
1570288448.02366
1570288448.27368
1570288448.52369
1570288448.7737
1570288449.02371
1570288449.27372
1570288449.52373
1570288449.77375
1570288450.02376
1570288450.27377
1570288450.52378
1570288450.77379
1570288451.0238
1570288451.27381
1570288451.52383
1570288451.77384
1570288452.02385
1570288452.27386
1570288452.52387
1570288452.77388
1570288453.0239
1570288453.27391
1570288453.52392
1570288453.77393
1570288454.02394
1570288454.27395
1570288454.52397
1570288454.77398
1570288455.02399
1570288455.274
1570288455.52401
1570288455.77402
1570288456.02403
1570288456.27405
1570288456.52406
1570288456.77407
1570288457.02408
1570288457.27409
1570288457.5241
1570288457.77412
1570288458.02413
1570288458.27414
1570288458.52415
1570288458.77416
1570288459.02417
1570288459.27419
1570288459.5242
1570288459.77421
1570288460.02422
1570288460.27423
1570288460.52424
1570288460.77425
1570288461.02427
1570288461.27428
1570288461.52429
1570288461.7743
1570288462.02431
1570288462.27432
1570288462.52434
1570288462.77435
1570288463.02436
1570288463.27437
1570288463.52438
1570288463.77439
1570288464.02441
1570288464.27442
1570288464.52443
1570288464.77444
1570288465.02445
1570288465.27446
1570288465.52447
1570288465.77449
1570288466.0245
1570288466.27451
1570288466.52452
1570288466.77453
1570288467.02454
1570288467.27456
1570288467.52457
1570288467.77458
1570288468.02459
1570288468.2746
1570288468.52461
1570288468.77463
1570288469.02464
1570288469.27465
1570288469.52466
1570288469.77467
1570288470.02468
1570288470.27469
1570288470.52471
1570288470.77472
1570288471.02473
1570288471.27474
1570288471.52475
1570288471.77476
1570288472.02478
1570288472.27479
1570288472.5248
1570288472.77481
1570288473.02482
1570288473.27483
1570288473.52485
1570288473.77486
1570288474.02487
1570288474.27488
1570288474.52489
1570288474.7749
1570288475.02491
1570288475.27493
1570288475.52494
1570288475.77495
1570288476.02496
1570288476.27497
1570288476.52498
1570288476.775
1570288477.02501
1570288477.27502
1570288477.52503
1570288477.77504
1570288478.02505
1570288478.27506
1570288478.52508
1570288478.77509
1570288479.0251
1570288479.27511
1570288479.52512
1570288479.77513
1570288480.02515
1570288480.27516
1570288480.52517
1570288480.77518
1570288481.02519
1570288481.2752
1570288481.52522
1570288481.77523
1570288482.02524
1570288482.27525
1570288482.52526
1570288482.77527
1570288483.02529
1570288483.2753
1570288483.52531
1570288483.77532
1570288484.02533
1570288484.27534
1570288484.52535
1570288484.77537
1570288485.02538
1570288485.27539
1570288485.5254
1570288485.77541
1570288486.02542
1570288486.27544
1570288486.52545
1570288486.77546
1570288487.02547
1570288487.27548
1570288487.52549
1570288487.7755
1570288488.02552
1570288488.27553
1570288488.52554
1570288488.77555
1570288489.02556
1570288489.27557
1570288489.52559
1570288489.7756
1570288490.02561
1570288490.27562
1570288490.52563
1570288490.77564
1570288491.02566
1570288491.27567
1570288491.52568
1570288491.77569
1570288492.0257
1570288492.27571
1570288492.52572
1570288492.77574
1570288493.02575
1570288493.27576
1570288493.52577
1570288493.77578
1570288494.02579
1570288494.27581
1570288494.52582
1570288494.77583
1570288495.02584
1570288495.27585
1570288495.52586
1570288495.77588
1570288496.02589
1570288496.2759
1570288496.52591
1570288496.77592
1570288497.02593
1570288497.27594
1570288497.52596
1570288497.77597
1570288498.02598
1570288498.27599
1570288498.526
1570288498.77601
1570288499.02603
1570288499.27604
1570288499.52605
1570288499.77606
1570288500.02607
1570288500.27608
1570288500.5261
1570288500.77611
1570288501.02612
1570288501.27613
1570288501.52614
1570288501.77615
1570288502.02616
1570288502.27618
1570288502.52619
1570288502.7762
1570288503.02621
1570288503.27622
1570288503.52623
1570288503.77625
1570288504.02626
1570288504.27627
1570288504.52628
1570288504.77629
1570288505.0263
1570288505.27631
1570288505.52633
1570288505.77634
1570288506.02635
1570288506.27636
1570288506.52637
1570288506.77638
1570288507.0264
1570288507.27641
1570288507.52642
1570288507.77643
1570288508.02644
1570288508.27645
1570288508.52647
1570288508.77648
1570288509.02649
1570288509.2765
1570288509.52651
1570288509.77652
1570288510.02654
1570288510.27655
1570288510.52656
1570288510.77657
1570288511.02658
