1570286687.19214
1570286687.44216
1570286687.69217
1570286687.94218
1570286688.19219
1570286688.4422
1570286688.69221
1570286688.94222
1570286689.19224
1570286689.44225
1570286689.69226
1570286689.94227
1570286690.19228
1570286690.44229
1570286690.69231
1570286690.94232
1570286691.19233
1570286691.44234
1570286691.69235
1570286691.94236
1570286692.19237
1570286692.44239
1570286692.6924
1570286692.94241
1570286693.19242
1570286693.44243
1570286693.69244
1570286693.94246
1570286694.19247
1570286694.44248
1570286694.69249
1570286694.9425
1570286695.19251
1570286695.44253
1570286695.69254
1570286695.94255
1570286696.19256
1570286696.44257
1570286696.69258
1570286696.94259
1570286697.19261
1570286697.44262
1570286697.69263
1570286697.94264
1570286698.19265
1570286698.44266
1570286698.69268
1570286698.94269
1570286699.1927
1570286699.44271
1570286699.69272
1570286699.94273
1570286700.19275
1570286700.44276
1570286700.69277
1570286700.94278
1570286701.19279
1570286701.4428
1570286701.69281
1570286701.94283
1570286702.19284
1570286702.44285
1570286702.69286
1570286702.94287
1570286703.19288
1570286703.4429
1570286703.69291
1570286703.94292
1570286704.19293
1570286704.44294
1570286704.69295
1570286704.94297
1570286705.19298
1570286705.44299
1570286705.693
1570286705.94301
1570286706.19302
1570286706.44303
1570286706.69305
1570286706.94306
1570286707.19307
1570286707.44308
1570286707.69309
1570286707.9431
1570286708.19312
1570286708.44313
1570286708.69314
1570286708.94315
1570286709.19316
1570286709.44317
1570286709.69319
1570286709.9432
1570286710.19321
1570286710.44322
1570286710.69323
1570286710.94324
1570286711.19325
1570286711.44327
1570286711.69328
1570286711.94329
1570286712.1933
1570286712.44331
1570286712.69332
1570286712.94334
1570286713.19335
1570286713.44336
1570286713.69337
1570286713.94338
1570286714.19339
1570286714.44341
1570286714.69342
1570286714.94343
1570286715.19344
1570286715.44345
1570286715.69346
1570286715.94347
1570286716.19349
1570286716.4435
1570286716.69351
1570286716.94352
1570286717.19353
1570286717.44354
1570286717.69356
1570286717.94357
1570286718.19358
1570286718.44359
1570286718.6936
1570286718.94361
1570286719.19362
1570286719.44364
1570286719.69365
1570286719.94366
1570286720.19367
1570286720.44368
1570286720.69369
1570286720.94371
1570286721.19372
1570286721.44373
1570286721.69374
1570286721.94375
1570286722.19376
1570286722.44378
1570286722.69379
1570286722.9438
1570286723.19381
1570286723.44382
1570286723.69383
1570286723.94385
1570286724.19386
1570286724.44387
1570286724.69388
1570286724.94389
1570286725.1939
1570286725.44391
1570286725.69393
1570286725.94394
1570286726.19395
1570286726.44396
1570286726.69397
1570286726.94398
1570286727.194
1570286727.44401
1570286727.69402
1570286727.94403
1570286728.19404
1570286728.44405
1570286728.69406
1570286728.94408
1570286729.19409
1570286729.4441
1570286729.69411
1570286729.94412
1570286730.19413
1570286730.44415
1570286730.69416
1570286730.94417
1570286731.19418
1570286731.44419
1570286731.6942
1570286731.94422
1570286732.19423
1570286732.44424
1570286732.69425
1570286732.94426
1570286733.19427
1570286733.44428
1570286733.6943
1570286733.94431
1570286734.19432
1570286734.44433
1570286734.69434
1570286734.94435
1570286735.19437
1570286735.44438
1570286735.69439
1570286735.9444
1570286736.19441
1570286736.44442
1570286736.69444
1570286736.94445
1570286737.19446
1570286737.44447
1570286737.69448
1570286737.94449
1570286738.1945
1570286738.44452
1570286738.69453
1570286738.94454
1570286739.19455
1570286739.44456
1570286739.69457
1570286739.94459
1570286740.1946
1570286740.44461
1570286740.69462
1570286740.94463
1570286741.19464
1570286741.44466
1570286741.69467
1570286741.94468
1570286742.19469
1570286742.4447
1570286742.69471
1570286742.94472
1570286743.19474
1570286743.44475
1570286743.69476
1570286743.94477
1570286744.19478
1570286744.44479
1570286744.69481
1570286744.94482
1570286745.19483
1570286745.44484
1570286745.69485
1570286745.94486
1570286746.19488
1570286746.44489
1570286746.6949
1570286746.94491
1570286747.19492
1570286747.44493
1570286747.69494
1570286747.94496
1570286748.19497
1570286748.44498
1570286748.69499
1570286748.945
1570286749.19501
1570286749.44503
1570286749.69504
1570286749.94505
1570286750.19506
1570286750.44507
1570286750.69508
1570286750.9451
1570286751.19511
1570286751.44512
1570286751.69513
1570286751.94514
1570286752.19515
1570286752.44516
1570286752.69518
1570286752.94519
1570286753.1952
1570286753.44521
1570286753.69522
1570286753.94523
1570286754.19525
1570286754.44526
1570286754.69527
1570286754.94528
1570286755.19529
1570286755.4453
1570286755.69531
1570286755.94533
1570286756.19534
1570286756.44535
1570286756.69536
1570286756.94537
1570286757.19538
1570286757.4454
1570286757.69541
1570286757.94542
1570286758.19543
1570286758.44544
1570286758.69545
1570286758.94547
1570286759.19548
1570286759.44549
1570286759.6955
1570286759.94551
1570286760.19552
1570286760.44553
1570286760.69555
1570286760.94556
1570286761.19557
1570286761.44558
1570286761.69559
1570286761.9456
1570286762.19562
1570286762.44563
1570286762.69564
1570286762.94565
1570286763.19566
1570286763.44567
1570286763.69569
1570286763.9457
1570286764.19571
1570286764.44572
1570286764.69573
1570286764.94574
1570286765.19575
1570286765.44577
1570286765.69578
1570286765.94579
1570286766.1958
1570286766.44581
1570286766.69582
1570286766.94584
1570286767.19585
1570286767.44586
1570286767.69587
1570286767.94588
1570286768.19589
1570286768.44591
1570286768.69592
1570286768.94593
1570286769.19594
1570286769.44595
1570286769.69596
1570286769.94597
1570286770.19599
1570286770.446
1570286770.69601
1570286770.94602
1570286771.19603
1570286771.44604
1570286771.69606
1570286771.94607
1570286772.19608
1570286772.44609
1570286772.6961
1570286772.94611
1570286773.19613
1570286773.44614
1570286773.69615
1570286773.94616
1570286774.19617
1570286774.44618
1570286774.69619
1570286774.94621
1570286775.19622
1570286775.44623
1570286775.69624
1570286775.94625
1570286776.19626
1570286776.44628
1570286776.69629
1570286776.9463
1570286777.19631
1570286777.44632
1570286777.69633
1570286777.94635
1570286778.19636
1570286778.44637
1570286778.69638
1570286778.94639
1570286779.1964
1570286779.44641
1570286779.69643
1570286779.94644
1570286780.19645
1570286780.44646
1570286780.69647
1570286780.94648
1570286781.1965
1570286781.44651
1570286781.69652
1570286781.94653
1570286782.19654
1570286782.44655
1570286782.69656
1570286782.94658
1570286783.19659
1570286783.4466
1570286783.69661
1570286783.94662
1570286784.19663
1570286784.44665
1570286784.69666
1570286784.94667
1570286785.19668
1570286785.44669
1570286785.6967
1570286785.94672
1570286786.19673
1570286786.44674
1570286786.69675
1570286786.94676
1570286787.19677
1570286787.44678
1570286787.6968
1570286787.94681
1570286788.19682
1570286788.44683
1570286788.69684
1570286788.94685
1570286789.19687
1570286789.44688
1570286789.69689
1570286789.9469
1570286790.19691
1570286790.44692
1570286790.69694
1570286790.94695
1570286791.19696
1570286791.44697
1570286791.69698
1570286791.94699
1570286792.197
1570286792.44702
1570286792.69703
1570286792.94704
1570286793.19705
1570286793.44706
1570286793.69707
1570286793.94709
1570286794.1971
1570286794.44711
1570286794.69712
1570286794.94713
1570286795.19714
1570286795.44716
1570286795.69717
1570286795.94718
1570286796.19719
1570286796.4472
1570286796.69721
1570286796.94722
1570286797.19724
1570286797.44725
1570286797.69726
1570286797.94727
1570286798.19728
1570286798.44729
1570286798.69731
1570286798.94732
1570286799.19733
1570286799.44734
1570286799.69735
1570286799.94736
1570286800.19738
1570286800.44739
1570286800.6974
1570286800.94741
1570286801.19742
1570286801.44743
1570286801.69744
1570286801.94746
1570286802.19747
1570286802.44748
1570286802.69749
1570286802.9475
1570286803.19751
1570286803.44753
1570286803.69754
1570286803.94755
1570286804.19756
1570286804.44757
1570286804.69758
1570286804.9476
1570286805.19761
1570286805.44762
1570286805.69763
1570286805.94764
1570286806.19765
1570286806.44766
1570286806.69768
1570286806.94769
1570286807.1977
1570286807.44771
1570286807.69772
1570286807.94773
1570286808.19775
1570286808.44776
1570286808.69777
1570286808.94778
1570286809.19779
1570286809.4478
1570286809.69782
1570286809.94783
1570286810.19784
1570286810.44785
1570286810.69786
1570286810.94787
1570286811.19788
1570286811.4479
1570286811.69791
1570286811.94792
1570286812.19793
1570286812.44794
1570286812.69795
1570286812.94797
1570286813.19798
1570286813.44799
1570286813.698
1570286813.94801
1570286814.19802
1570286814.44804
1570286814.69805
1570286814.94806
1570286815.19807
1570286815.44808
1570286815.69809
1570286815.9481
1570286816.19812
1570286816.44813
1570286816.69814
1570286816.94815
1570286817.19816
1570286817.44817
1570286817.69819
1570286817.9482
1570286818.19821
1570286818.44822
1570286818.69823
1570286818.94824
1570286819.19825
1570286819.44827
1570286819.69828
1570286819.94829
1570286820.1983
1570286820.44831
1570286820.69832
1570286820.94834
1570286821.19835
1570286821.44836
1570286821.69837
1570286821.94838
1570286822.19839
1570286822.44841
1570286822.69842
1570286822.94843
1570286823.19844
1570286823.44845
1570286823.69846
1570286823.94847
1570286824.19849
1570286824.4485
1570286824.69851
1570286824.94852
1570286825.19853
1570286825.44854
1570286825.69856
1570286825.94857
1570286826.19858
1570286826.44859
1570286826.6986
1570286826.94861
1570286827.19863
1570286827.44864
1570286827.69865
1570286827.94866
1570286828.19867
1570286828.44868
1570286828.69869
1570286828.94871
1570286829.19872
1570286829.44873
1570286829.69874
1570286829.94875
1570286830.19876
1570286830.44878
1570286830.69879
1570286830.9488
1570286831.19881
1570286831.44882
1570286831.69883
1570286831.94885
1570286832.19886
1570286832.44887
1570286832.69888
1570286832.94889
1570286833.1989
1570286833.44891
1570286833.69893
1570286833.94894
1570286834.19895
1570286834.44896
1570286834.69897
1570286834.94898
1570286835.199
1570286835.44901
1570286835.69902
1570286835.94903
1570286836.19904
1570286836.44905
1570286836.69907
1570286836.94908
1570286837.19909
1570286837.4491
1570286837.69911
1570286837.94912
1570286838.19913
1570286838.44915
1570286838.69916
1570286838.94917
1570286839.19918
1570286839.44919
1570286839.6992
1570286839.94922
1570286840.19923
1570286840.44924
1570286840.69925
1570286840.94926
1570286841.19927
1570286841.44929
1570286841.6993
1570286841.94931
1570286842.19932
1570286842.44933
1570286842.69934
1570286842.94935
1570286843.19937
1570286843.44938
1570286843.69939
1570286843.9494
1570286844.19941
1570286844.44942
1570286844.69944
1570286844.94945
1570286845.19946
1570286845.44947
1570286845.69948
1570286845.94949
1570286846.19951
1570286846.44952
1570286846.69953
1570286846.94954
1570286847.19955
1570286847.44956
1570286847.69957
1570286847.94959
1570286848.1996
1570286848.44961
1570286848.69962
1570286848.94963
1570286849.19964
1570286849.44966
1570286849.69967
1570286849.94968
1570286850.19969
1570286850.4497
1570286850.69971
1570286850.94972
1570286851.19974
1570286851.44975
1570286851.69976
1570286851.94977
1570286852.19978
1570286852.44979
1570286852.69981
1570286852.94982
1570286853.19983
1570286853.44984
1570286853.69985
1570286853.94986
1570286854.19988
1570286854.44989
1570286854.6999
1570286854.94991
1570286855.19992
1570286855.44993
1570286855.69994
1570286855.94996
1570286856.19997
1570286856.44998
1570286856.69999
1570286856.95
1570286857.20001
1570286857.45003
1570286857.70004
1570286857.95005
1570286858.20006
1570286858.45007
1570286858.70008
1570286858.9501
1570286859.20011
1570286859.45012
1570286859.70013
1570286859.95014
1570286860.20015
1570286860.45016
1570286860.70018
1570286860.95019
1570286861.2002
1570286861.45021
1570286861.70022
1570286861.95023
1570286862.20025
1570286862.45026
1570286862.70027
1570286862.95028
1570286863.20029
1570286863.4503
1570286863.70032
1570286863.95033
1570286864.20034
1570286864.45035
1570286864.70036
1570286864.95037
1570286865.20038
1570286865.4504
1570286865.70041
1570286865.95042
1570286866.20043
1570286866.45044
1570286866.70045
1570286866.95047
1570286867.20048
1570286867.45049
1570286867.7005
1570286867.95051
1570286868.20052
1570286868.45054
1570286868.70055
1570286868.95056
1570286869.20057
1570286869.45058
1570286869.70059
1570286869.9506
1570286870.20062
1570286870.45063
1570286870.70064
1570286870.95065
1570286871.20066
1570286871.45067
1570286871.70069
1570286871.9507
1570286872.20071
1570286872.45072
1570286872.70073
1570286872.95074
1570286873.20076
1570286873.45077
1570286873.70078
1570286873.95079
1570286874.2008
1570286874.45081
1570286874.70082
1570286874.95084
1570286875.20085
1570286875.45086
1570286875.70087
1570286875.95088
1570286876.20089
1570286876.45091
1570286876.70092
1570286876.95093
1570286877.20094
1570286877.45095
1570286877.70096
1570286877.95097
1570286878.20099
1570286878.451
1570286878.70101
1570286878.95102
1570286879.20103
1570286879.45104
1570286879.70106
1570286879.95107
1570286880.20108
1570286880.45109
1570286880.7011
1570286880.95111
1570286881.20113
1570286881.45114
1570286881.70115
1570286881.95116
1570286882.20117
1570286882.45118
1570286882.7012
1570286882.95121
1570286883.20122
1570286883.45123
1570286883.70124
1570286883.95125
1570286884.20126
1570286884.45128
1570286884.70129
1570286884.9513
1570286885.20131
1570286885.45132
1570286885.70133
1570286885.95135
1570286886.20136
1570286886.45137
1570286886.70138
1570286886.95139
1570286887.2014
1570286887.45141
1570286887.70143
1570286887.95144
1570286888.20145
1570286888.45146
1570286888.70147
1570286888.95148
1570286889.2015
1570286889.45151
1570286889.70152
1570286889.95153
1570286890.20154
1570286890.45155
1570286890.70157
1570286890.95158
1570286891.20159
1570286891.4516
1570286891.70161
1570286891.95162
1570286892.20163
1570286892.45165
1570286892.70166
1570286892.95167
1570286893.20168
1570286893.45169
1570286893.7017
1570286893.95172
1570286894.20173
1570286894.45174
1570286894.70175
1570286894.95176
1570286895.20177
1570286895.45179
1570286895.7018
1570286895.95181
1570286896.20182
1570286896.45183
1570286896.70184
1570286896.95185
1570286897.20187
1570286897.45188
1570286897.70189
1570286897.9519
1570286898.20191
1570286898.45192
1570286898.70194
1570286898.95195
1570286899.20196
1570286899.45197
1570286899.70198
1570286899.95199
1570286900.20201
1570286900.45202
1570286900.70203
1570286900.95204
1570286901.20205
1570286901.45206
1570286901.70207
1570286901.95209
1570286902.2021
1570286902.45211
1570286902.70212
1570286902.95213
1570286903.20214
1570286903.45216
1570286903.70217
1570286903.95218
1570286904.20219
1570286904.4522
1570286904.70221
1570286904.95222
1570286905.20224
1570286905.45225
1570286905.70226
1570286905.95227
1570286906.20228
1570286906.45229
1570286906.70231
1570286906.95232
1570286907.20233
1570286907.45234
1570286907.70235
1570286907.95236
1570286908.20238
1570286908.45239
1570286908.7024
1570286908.95241
1570286909.20242
1570286909.45243
1570286909.70245
1570286909.95246
1570286910.20247
1570286910.45248
1570286910.70249
1570286910.9525
1570286911.20251
1570286911.45253
1570286911.70254
1570286911.95255
1570286912.20256
1570286912.45257
1570286912.70258
1570286912.9526
1570286913.20261
1570286913.45262
1570286913.70263
1570286913.95264
1570286914.20265
1570286914.45266
1570286914.70268
1570286914.95269
1570286915.2027
1570286915.45271
1570286915.70272
1570286915.95273
1570286916.20275
1570286916.45276
1570286916.70277
1570286916.95278
1570286917.20279
1570286917.4528
1570286917.70282
1570286917.95283
1570286918.20284
1570286918.45285
1570286918.70286
1570286918.95287
1570286919.20288
1570286919.4529
1570286919.70291
1570286919.95292
1570286920.20293
1570286920.45294
1570286920.70295
1570286920.95297
1570286921.20298
1570286921.45299
1570286921.703
1570286921.95301
1570286922.20302
1570286922.45304
1570286922.70305
1570286922.95306
1570286923.20307
1570286923.45308
1570286923.70309
1570286923.9531
1570286924.20312
1570286924.45313
1570286924.70314
1570286924.95315
1570286925.20316
1570286925.45317
1570286925.70319
1570286925.9532
1570286926.20321
1570286926.45322
1570286926.70323
1570286926.95324
1570286927.20326
1570286927.45327
1570286927.70328
1570286927.95329
1570286928.2033
1570286928.45331
1570286928.70332
1570286928.95334
1570286929.20335
1570286929.45336
1570286929.70337
1570286929.95338
1570286930.20339
1570286930.45341
1570286930.70342
1570286930.95343
1570286931.20344
1570286931.45345
1570286931.70346
1570286931.95348
1570286932.20349
1570286932.4535
1570286932.70351
1570286932.95352
1570286933.20353
1570286933.45354
1570286933.70356
1570286933.95357
1570286934.20358
1570286934.45359
1570286934.7036
1570286934.95361
1570286935.20363
1570286935.45364
1570286935.70365
1570286935.95366
1570286936.20367
1570286936.45368
1570286936.7037
1570286936.95371
1570286937.20372
1570286937.45373
1570286937.70374
1570286937.95375
1570286938.20376
1570286938.45378
1570286938.70379
1570286938.9538
1570286939.20381
1570286939.45382
1570286939.70383
1570286939.95385
1570286940.20386
1570286940.45387
1570286940.70388
1570286940.95389
1570286941.2039
1570286941.45391
1570286941.70393
1570286941.95394
1570286942.20395
1570286942.45396
1570286942.70397
1570286942.95398
1570286943.204
1570286943.45401
1570286943.70402
1570286943.95403
1570286944.20404
1570286944.45405
1570286944.70407
1570286944.95408
1570286945.20409
1570286945.4541
1570286945.70411
1570286945.95412
1570286946.20413
1570286946.45415
1570286946.70416
1570286946.95417
1570286947.20418
1570286947.45419
1570286947.7042
1570286947.95422
1570286948.20423
1570286948.45424
1570286948.70425
1570286948.95426
1570286949.20427
1570286949.45429
1570286949.7043
1570286949.95431
1570286950.20432
1570286950.45433
1570286950.70434
1570286950.95435
1570286951.20437
1570286951.45438
1570286951.70439
1570286951.9544
1570286952.20441
1570286952.45442
1570286952.70444
1570286952.95445
1570286953.20446
1570286953.45447
1570286953.70448
1570286953.95449
1570286954.20451
1570286954.45452
1570286954.70453
1570286954.95454
1570286955.20455
1570286955.45456
1570286955.70457
1570286955.95459
1570286956.2046
1570286956.45461
1570286956.70462
1570286956.95463
1570286957.20464
1570286957.45466
1570286957.70467
1570286957.95468
1570286958.20469
1570286958.4547
1570286958.70471
1570286958.95473
1570286959.20474
1570286959.45475
1570286959.70476
1570286959.95477
1570286960.20478
1570286960.45479
1570286960.70481
1570286960.95482
1570286961.20483
1570286961.45484
1570286961.70485
1570286961.95486
1570286962.20488
1570286962.45489
1570286962.7049
1570286962.95491
1570286963.20492
1570286963.45493
1570286963.70495
1570286963.95496
1570286964.20497
1570286964.45498
1570286964.70499
1570286964.955
1570286965.20501
1570286965.45503
1570286965.70504
1570286965.95505
1570286966.20506
1570286966.45507
1570286966.70508
1570286966.9551
1570286967.20511
1570286967.45512
1570286967.70513
1570286967.95514
1570286968.20515
1570286968.45517
1570286968.70518
1570286968.95519
1570286969.2052
1570286969.45521
1570286969.70522
1570286969.95523
1570286970.20525
1570286970.45526
1570286970.70527
1570286970.95528
1570286971.20529
1570286971.4553
1570286971.70532
1570286971.95533
1570286972.20534
1570286972.45535
1570286972.70536
1570286972.95537
1570286973.20538
1570286973.4554
1570286973.70541
1570286973.95542
1570286974.20543
1570286974.45544
1570286974.70545
1570286974.95547
1570286975.20548
1570286975.45549
1570286975.7055
1570286975.95551
1570286976.20552
1570286976.45554
1570286976.70555
1570286976.95556
1570286977.20557
1570286977.45558
1570286977.70559
1570286977.9556
1570286978.20562
1570286978.45563
1570286978.70564
1570286978.95565
1570286979.20566
1570286979.45567
1570286979.70569
1570286979.9557
1570286980.20571
1570286980.45572
1570286980.70573
1570286980.95574
1570286981.20576
1570286981.45577
1570286981.70578
1570286981.95579
1570286982.2058
1570286982.45581
1570286982.70582
1570286982.95584
1570286983.20585
1570286983.45586
1570286983.70587
1570286983.95588
1570286984.20589
1570286984.45591
1570286984.70592
1570286984.95593
1570286985.20594
1570286985.45595
1570286985.70596
1570286985.95598
1570286986.20599
1570286986.456
1570286986.70601
1570286986.95602
1570286987.20603
1570286987.45604
1570286987.70606
1570286987.95607
1570286988.20608
1570286988.45609
1570286988.7061
1570286988.95611
1570286989.20613
1570286989.45614
1570286989.70615
1570286989.95616
1570286990.20617
1570286990.45618
1570286990.7062
1570286990.95621
1570286991.20622
1570286991.45623
1570286991.70624
1570286991.95625
1570286992.20626
1570286992.45628
1570286992.70629
1570286992.9563
1570286993.20631
1570286993.45632
1570286993.70633
1570286993.95635
1570286994.20636
1570286994.45637
1570286994.70638
1570286994.95639
1570286995.2064
1570286995.45642
1570286995.70643
1570286995.95644
1570286996.20645
1570286996.45646
1570286996.70647
1570286996.95648
1570286997.2065
1570286997.45651
1570286997.70652
1570286997.95653
1570286998.20654
1570286998.45655
1570286998.70657
1570286998.95658
1570286999.20659
1570286999.4566
1570286999.70661
1570286999.95662
1570287000.20664
1570287000.45665
1570287000.70666
1570287000.95667
1570287001.20668
1570287001.45669
1570287001.7067
1570287001.95672
1570287002.20673
1570287002.45674
1570287002.70675
1570287002.95676
1570287003.20677
1570287003.45679
1570287003.7068
1570287003.95681
1570287004.20682
1570287004.45683
1570287004.70684
1570287004.95686
1570287005.20687
1570287005.45688
1570287005.70689
1570287005.9569
1570287006.20691
1570287006.45692
1570287006.70694
1570287006.95695
1570287007.20696
1570287007.45697
1570287007.70698
1570287007.95699
1570287008.20701
1570287008.45702
1570287008.70703
1570287008.95704
1570287009.20705
1570287009.45706
1570287009.70707
1570287009.95709
1570287010.2071
1570287010.45711
1570287010.70712
1570287010.95713
1570287011.20714
1570287011.45716
1570287011.70717
1570287011.95718
1570287012.20719
1570287012.4572
1570287012.70721
1570287012.95723
1570287013.20724
1570287013.45725
1570287013.70726
1570287013.95727
1570287014.20728
1570287014.45729
1570287014.70731
1570287014.95732
1570287015.20733
1570287015.45734
1570287015.70735
1570287015.95736
1570287016.20738
1570287016.45739
1570287016.7074
1570287016.95741
1570287017.20742
1570287017.45743
1570287017.70745
1570287017.95746
1570287018.20747
1570287018.45748
1570287018.70749
1570287018.9575
1570287019.20751
1570287019.45753
1570287019.70754
1570287019.95755
1570287020.20756
1570287020.45757
1570287020.70758
1570287020.9576
1570287021.20761
1570287021.45762
1570287021.70763
1570287021.95764
1570287022.20765
1570287022.45767
1570287022.70768
1570287022.95769
1570287023.2077
1570287023.45771
1570287023.70772
1570287023.95773
1570287024.20775
1570287024.45776
1570287024.70777
1570287024.95778
1570287025.20779
1570287025.4578
1570287025.70782
1570287025.95783
1570287026.20784
1570287026.45785
1570287026.70786
1570287026.95787
1570287027.20789
1570287027.4579
1570287027.70791
1570287027.95792
1570287028.20793
1570287028.45794
1570287028.70795
1570287028.95797
1570287029.20798
1570287029.45799
1570287029.708
1570287029.95801
1570287030.20802
1570287030.45804
1570287030.70805
1570287030.95806
1570287031.20807
1570287031.45808
1570287031.70809
1570287031.95811
1570287032.20812
1570287032.45813
1570287032.70814
1570287032.95815
1570287033.20816
1570287033.45817
1570287033.70819
1570287033.9582
1570287034.20821
1570287034.45822
1570287034.70823
1570287034.95824
1570287035.20826
1570287035.45827
1570287035.70828
1570287035.95829
1570287036.2083
1570287036.45831
1570287036.70832
1570287036.95834
1570287037.20835
1570287037.45836
1570287037.70837
1570287037.95838
1570287038.20839
1570287038.45841
1570287038.70842
1570287038.95843
1570287039.20844
1570287039.45845
1570287039.70846
1570287039.95848
1570287040.20849
1570287040.4585
1570287040.70851
1570287040.95852
1570287041.20853
1570287041.45854
1570287041.70856
1570287041.95857
1570287042.20858
1570287042.45859
1570287042.7086
1570287042.95861
1570287043.20863
1570287043.45864
1570287043.70865
1570287043.95866
1570287044.20867
1570287044.45868
1570287044.7087
1570287044.95871
1570287045.20872
1570287045.45873
1570287045.70874
1570287045.95875
1570287046.20876
1570287046.45878
1570287046.70879
1570287046.9588
1570287047.20881
1570287047.45882
1570287047.70883
1570287047.95885
1570287048.20886
1570287048.45887
1570287048.70888
1570287048.95889
1570287049.2089
1570287049.45892
1570287049.70893
1570287049.95894
1570287050.20895
1570287050.45896
1570287050.70897
1570287050.95898
1570287051.209
1570287051.45901
1570287051.70902
1570287051.95903
1570287052.20904
1570287052.45905
1570287052.70907
1570287052.95908
1570287053.20909
1570287053.4591
1570287053.70911
1570287053.95912
1570287054.20914
1570287054.45915
1570287054.70916
1570287054.95917
1570287055.20918
1570287055.45919
1570287055.7092
1570287055.95922
1570287056.20923
1570287056.45924
1570287056.70925
1570287056.95926
1570287057.20927
1570287057.45929
1570287057.7093
1570287057.95931
1570287058.20932
1570287058.45933
1570287058.70934
1570287058.95936
1570287059.20937
1570287059.45938
1570287059.70939
1570287059.9594
1570287060.20941
1570287060.45942
1570287060.70944
1570287060.95945
1570287061.20946
1570287061.45947
1570287061.70948
1570287061.95949
1570287062.20951
1570287062.45952
1570287062.70953
1570287062.95954
1570287063.20955
1570287063.45956
1570287063.70957
1570287063.95959
1570287064.2096
1570287064.45961
1570287064.70962
1570287064.95963
1570287065.20964
1570287065.45966
1570287065.70967
1570287065.95968
1570287066.20969
1570287066.4597
1570287066.70971
1570287066.95973
1570287067.20974
1570287067.45975
1570287067.70976
1570287067.95977
1570287068.20978
1570287068.4598
1570287068.70981
1570287068.95982
1570287069.20983
1570287069.45984
1570287069.70985
1570287069.95986
1570287070.20988
1570287070.45989
1570287070.7099
1570287070.95991
1570287071.20992
1570287071.45993
1570287071.70995
1570287071.95996
1570287072.20997
1570287072.45998
1570287072.70999
1570287072.96
1570287073.21001
1570287073.46003
1570287073.71004
1570287073.96005
1570287074.21006
1570287074.46007
1570287074.71008
1570287074.9601
1570287075.21011
1570287075.46012
1570287075.71013
1570287075.96014
1570287076.21015
1570287076.46017
1570287076.71018
1570287076.96019
1570287077.2102
1570287077.46021
1570287077.71022
1570287077.96023
