1570287730.24043
1570287730.49044
1570287730.74046
1570287730.99047
1570287731.24048
1570287731.49049
1570287731.7405
1570287731.99051
1570287732.24053
1570287732.49054
1570287732.74055
1570287732.99056
1570287733.24057
1570287733.49058
1570287733.7406
1570287733.99061
1570287734.24062
1570287734.49063
1570287734.74064
1570287734.99065
1570287735.24066
1570287735.49068
1570287735.74069
1570287735.9907
1570287736.24071
1570287736.49072
1570287736.74073
1570287736.99075
1570287737.24076
1570287737.49077
1570287737.74078
1570287737.99079
1570287738.2408
1570287738.49082
1570287738.74083
1570287738.99084
1570287739.24085
1570287739.49086
1570287739.74087
1570287739.99088
1570287740.2409
1570287740.49091
1570287740.74092
1570287740.99093
1570287741.24094
1570287741.49095
1570287741.74097
1570287741.99098
1570287742.24099
1570287742.491
1570287742.74101
1570287742.99102
1570287743.24104
1570287743.49105
1570287743.74106
1570287743.99107
1570287744.24108
1570287744.49109
1570287744.7411
1570287744.99112
1570287745.24113
1570287745.49114
1570287745.74115
1570287745.99116
1570287746.24117
1570287746.49119
1570287746.7412
1570287746.99121
1570287747.24122
1570287747.49123
1570287747.74124
1570287747.99126
1570287748.24127
1570287748.49128
1570287748.74129
1570287748.9913
1570287749.24131
1570287749.49132
1570287749.74134
1570287749.99135
1570287750.24136
1570287750.49137
1570287750.74138
1570287750.99139
1570287751.24141
1570287751.49142
1570287751.74143
1570287751.99144
1570287752.24145
1570287752.49146
1570287752.74148
1570287752.99149
1570287753.2415
1570287753.49151
1570287753.74152
1570287753.99153
1570287754.24154
1570287754.49156
1570287754.74157
1570287754.99158
1570287755.24159
1570287755.4916
1570287755.74161
1570287755.99163
1570287756.24164
1570287756.49165
1570287756.74166
1570287756.99167
1570287757.24168
1570287757.49169
1570287757.74171
1570287757.99172
1570287758.24173
1570287758.49174
1570287758.74175
1570287758.99176
1570287759.24178
1570287759.49179
1570287759.7418
1570287759.99181
1570287760.24182
1570287760.49183
1570287760.74185
1570287760.99186
1570287761.24187
1570287761.49188
1570287761.74189
1570287761.9919
1570287762.24191
1570287762.49193
1570287762.74194
1570287762.99195
1570287763.24196
1570287763.49197
1570287763.74198
1570287763.992
1570287764.24201
1570287764.49202
1570287764.74203
1570287764.99204
1570287765.24205
1570287765.49207
1570287765.74208
1570287765.99209
1570287766.2421
1570287766.49211
1570287766.74212
1570287766.99213
1570287767.24215
1570287767.49216
1570287767.74217
1570287767.99218
1570287768.24219
1570287768.4922
1570287768.74222
1570287768.99223
1570287769.24224
1570287769.49225
1570287769.74226
1570287769.99227
1570287770.24229
1570287770.4923
1570287770.74231
1570287770.99232
1570287771.24233
1570287771.49234
1570287771.74235
1570287771.99237
1570287772.24238
1570287772.49239
1570287772.7424
1570287772.99241
1570287773.24242
1570287773.49244
1570287773.74245
1570287773.99246
1570287774.24247
1570287774.49248
1570287774.74249
1570287774.99251
1570287775.24252
1570287775.49253
1570287775.74254
1570287775.99255
1570287776.24256
1570287776.49257
1570287776.74259
1570287776.9926
1570287777.24261
1570287777.49262
1570287777.74263
1570287777.99264
1570287778.24266
1570287778.49267
1570287778.74268
1570287778.99269
1570287779.2427
1570287779.49271
1570287779.74273
1570287779.99274
1570287780.24275
1570287780.49276
1570287780.74277
1570287780.99278
1570287781.24279
1570287781.49281
1570287781.74282
1570287781.99283
1570287782.24284
1570287782.49285
1570287782.74286
1570287782.99288
1570287783.24289
1570287783.4929
1570287783.74291
1570287783.99292
1570287784.24293
1570287784.49294
1570287784.74296
1570287784.99297
1570287785.24298
1570287785.49299
1570287785.743
1570287785.99301
1570287786.24303
1570287786.49304
1570287786.74305
1570287786.99306
1570287787.24307
1570287787.49308
1570287787.7431
1570287787.99311
1570287788.24312
1570287788.49313
1570287788.74314
1570287788.99315
1570287789.24317
1570287789.49318
1570287789.74319
1570287789.9932
1570287790.24321
1570287790.49322
1570287790.74323
1570287790.99325
1570287791.24326
1570287791.49327
1570287791.74328
1570287791.99329
1570287792.2433
1570287792.49332
1570287792.74333
1570287792.99334
1570287793.24335
1570287793.49336
1570287793.74337
1570287793.99338
1570287794.2434
1570287794.49341
1570287794.74342
1570287794.99343
1570287795.24344
1570287795.49345
1570287795.74347
1570287795.99348
1570287796.24349
1570287796.4935
1570287796.74351
1570287796.99352
1570287797.24354
1570287797.49355
1570287797.74356
1570287797.99357
1570287798.24358
1570287798.49359
1570287798.7436
1570287798.99362
1570287799.24363
1570287799.49364
1570287799.74365
1570287799.99366
1570287800.24367
1570287800.49369
1570287800.7437
1570287800.99371
1570287801.24372
1570287801.49373
1570287801.74374
1570287801.99376
1570287802.24377
1570287802.49378
1570287802.74379
1570287802.9938
1570287803.24381
1570287803.49382
1570287803.74384
1570287803.99385
1570287804.24386
1570287804.49387
1570287804.74388
1570287804.99389
1570287805.24391
1570287805.49392
1570287805.74393
1570287805.99394
1570287806.24395
1570287806.49396
1570287806.74398
1570287806.99399
1570287807.244
1570287807.49401
1570287807.74402
1570287807.99403
1570287808.24404
1570287808.49406
1570287808.74407
1570287808.99408
1570287809.24409
1570287809.4941
1570287809.74411
1570287809.99413
1570287810.24414
1570287810.49415
1570287810.74416
1570287810.99417
1570287811.24418
1570287811.4942
1570287811.74421
1570287811.99422
1570287812.24423
1570287812.49424
1570287812.74425
1570287812.99426
1570287813.24428
1570287813.49429
1570287813.7443
1570287813.99431
1570287814.24432
1570287814.49433
1570287814.74435
1570287814.99436
1570287815.24437
1570287815.49438
1570287815.74439
1570287815.9944
1570287816.24442
1570287816.49443
1570287816.74444
1570287816.99445
1570287817.24446
1570287817.49447
1570287817.74448
1570287817.9945
1570287818.24451
1570287818.49452
1570287818.74453
1570287818.99454
1570287819.24455
1570287819.49457
1570287819.74458
1570287819.99459
1570287820.2446
1570287820.49461
1570287820.74462
1570287820.99463
1570287821.24465
1570287821.49466
1570287821.74467
1570287821.99468
1570287822.24469
1570287822.4947
1570287822.74472
1570287822.99473
1570287823.24474
1570287823.49475
1570287823.74476
1570287823.99477
1570287824.24479
1570287824.4948
1570287824.74481
1570287824.99482
1570287825.24483
1570287825.49484
1570287825.74485
1570287825.99487
1570287826.24488
1570287826.49489
1570287826.7449
1570287826.99491
1570287827.24492
1570287827.49494
1570287827.74495
1570287827.99496
1570287828.24497
1570287828.49498
1570287828.74499
1570287828.99501
1570287829.24502
1570287829.49503
1570287829.74504
1570287829.99505
1570287830.24506
1570287830.49507
1570287830.74509
1570287830.9951
1570287831.24511
1570287831.49512
1570287831.74513
1570287831.99514
1570287832.24516
1570287832.49517
1570287832.74518
1570287832.99519
1570287833.2452
1570287833.49521
1570287833.74523
1570287833.99524
1570287834.24525
1570287834.49526
1570287834.74527
1570287834.99528
1570287835.24529
1570287835.49531
1570287835.74532
1570287835.99533
1570287836.24534
1570287836.49535
1570287836.74536
1570287836.99538
1570287837.24539
1570287837.4954
1570287837.74541
1570287837.99542
1570287838.24543
1570287838.49545
1570287838.74546
1570287838.99547
1570287839.24548
1570287839.49549
1570287839.7455
1570287839.99551
1570287840.24553
1570287840.49554
1570287840.74555
1570287840.99556
1570287841.24557
1570287841.49558
1570287841.7456
1570287841.99561
1570287842.24562
1570287842.49563
1570287842.74564
1570287842.99565
1570287843.24567
1570287843.49568
1570287843.74569
1570287843.9957
1570287844.24571
1570287844.49572
1570287844.74573
1570287844.99575
1570287845.24576
1570287845.49577
1570287845.74578
1570287845.99579
1570287846.2458
1570287846.49582
1570287846.74583
1570287846.99584
1570287847.24585
1570287847.49586
1570287847.74587
1570287847.99589
1570287848.2459
1570287848.49591
1570287848.74592
1570287848.99593
1570287849.24594
1570287849.49595
1570287849.74597
1570287849.99598
1570287850.24599
1570287850.496
1570287850.74601
1570287850.99602
1570287851.24604
1570287851.49605
1570287851.74606
1570287851.99607
1570287852.24608
1570287852.49609
1570287852.7461
1570287852.99612
1570287853.24613
1570287853.49614
1570287853.74615
1570287853.99616
1570287854.24617
1570287854.49619
1570287854.7462
1570287854.99621
1570287855.24622
1570287855.49623
1570287855.74624
1570287855.99626
1570287856.24627
1570287856.49628
1570287856.74629
1570287856.9963
1570287857.24631
1570287857.49632
1570287857.74634
1570287857.99635
1570287858.24636
1570287858.49637
1570287858.74638
1570287858.99639
1570287859.24641
1570287859.49642
1570287859.74643
1570287859.99644
1570287860.24645
1570287860.49646
1570287860.74648
1570287860.99649
1570287861.2465
1570287861.49651
1570287861.74652
1570287861.99653
1570287862.24654
1570287862.49656
1570287862.74657
1570287862.99658
1570287863.24659
1570287863.4966
1570287863.74661
1570287863.99663
1570287864.24664
1570287864.49665
1570287864.74666
1570287864.99667
1570287865.24668
1570287865.4967
1570287865.74671
1570287865.99672
1570287866.24673
1570287866.49674
1570287866.74675
1570287866.99676
1570287867.24678
1570287867.49679
1570287867.7468
1570287867.99681
1570287868.24682
1570287868.49683
1570287868.74685
1570287868.99686
1570287869.24687
1570287869.49688
1570287869.74689
1570287869.9969
1570287870.24692
1570287870.49693
1570287870.74694
1570287870.99695
1570287871.24696
1570287871.49697
1570287871.74698
1570287871.997
1570287872.24701
1570287872.49702
1570287872.74703
1570287872.99704
1570287873.24705
1570287873.49707
1570287873.74708
1570287873.99709
1570287874.2471
1570287874.49711
1570287874.74712
1570287874.99714
1570287875.24715
1570287875.49716
1570287875.74717
1570287875.99718
1570287876.24719
1570287876.4972
1570287876.74722
1570287876.99723
1570287877.24724
1570287877.49725
1570287877.74726
1570287877.99727
1570287878.24729
1570287878.4973
1570287878.74731
1570287878.99732
1570287879.24733
1570287879.49734
1570287879.74735
1570287879.99737
1570287880.24738
1570287880.49739
1570287880.7474
1570287880.99741
1570287881.24742
1570287881.49744
1570287881.74745
1570287881.99746
1570287882.24747
1570287882.49748
1570287882.74749
1570287882.99751
1570287883.24752
1570287883.49753
1570287883.74754
1570287883.99755
1570287884.24756
1570287884.49758
1570287884.74759
1570287884.9976
1570287885.24761
1570287885.49762
1570287885.74763
1570287885.99764
1570287886.24766
1570287886.49767
1570287886.74768
1570287886.99769
1570287887.2477
1570287887.49771
1570287887.74773
1570287887.99774
1570287888.24775
1570287888.49776
1570287888.74777
1570287888.99778
1570287889.24779
1570287889.49781
1570287889.74782
1570287889.99783
1570287890.24784
1570287890.49785
1570287890.74786
1570287890.99788
1570287891.24789
1570287891.4979
1570287891.74791
1570287891.99792
1570287892.24793
1570287892.49795
1570287892.74796
1570287892.99797
1570287893.24798
1570287893.49799
1570287893.748
1570287893.99801
1570287894.24803
1570287894.49804
1570287894.74805
1570287894.99806
1570287895.24807
1570287895.49808
1570287895.7481
1570287895.99811
1570287896.24812
1570287896.49813
1570287896.74814
1570287896.99815
1570287897.24817
1570287897.49818
1570287897.74819
1570287897.9982
1570287898.24821
1570287898.49822
1570287898.74823
1570287898.99825
1570287899.24826
1570287899.49827
1570287899.74828
1570287899.99829
1570287900.2483
1570287900.49832
1570287900.74833
1570287900.99834
1570287901.24835
1570287901.49836
1570287901.74837
1570287901.99839
1570287902.2484
1570287902.49841
1570287902.74842
1570287902.99843
1570287903.24844
1570287903.49845
1570287903.74847
1570287903.99848
1570287904.24849
1570287904.4985
1570287904.74851
1570287904.99852
1570287905.24854
1570287905.49855
1570287905.74856
1570287905.99857
1570287906.24858
1570287906.49859
1570287906.74861
1570287906.99862
1570287907.24863
1570287907.49864
1570287907.74865
1570287907.99866
1570287908.24867
1570287908.49869
1570287908.7487
1570287908.99871
1570287909.24872
1570287909.49873
1570287909.74874
1570287909.99876
1570287910.24877
1570287910.49878
1570287910.74879
1570287910.9988
1570287911.24881
1570287911.49883
1570287911.74884
1570287911.99885
1570287912.24886
1570287912.49887
1570287912.74888
1570287912.99889
1570287913.24891
1570287913.49892
1570287913.74893
1570287913.99894
1570287914.24895
1570287914.49896
1570287914.74898
1570287914.99899
1570287915.249
1570287915.49901
1570287915.74902
1570287915.99903
1570287916.24904
1570287916.49906
1570287916.74907
1570287916.99908
1570287917.24909
1570287917.4991
1570287917.74911
1570287917.99913
1570287918.24914
1570287918.49915
1570287918.74916
1570287918.99917
1570287919.24918
1570287919.4992
1570287919.74921
1570287919.99922
1570287920.24923
1570287920.49924
1570287920.74925
1570287920.99926
1570287921.24928
1570287921.49929
1570287921.7493
1570287921.99931
1570287922.24932
1570287922.49933
1570287922.74935
1570287922.99936
1570287923.24937
1570287923.49938
1570287923.74939
1570287923.9994
1570287924.24942
1570287924.49943
1570287924.74944
1570287924.99945
1570287925.24946
1570287925.49947
1570287925.74948
1570287925.9995
1570287926.24951
1570287926.49952
1570287926.74953
1570287926.99954
1570287927.24955
1570287927.49957
1570287927.74958
1570287927.99959
1570287928.2496
1570287928.49961
1570287928.74962
1570287928.99964
1570287929.24965
1570287929.49966
1570287929.74967
1570287929.99968
1570287930.24969
1570287930.4997
1570287930.74972
1570287930.99973
1570287931.24974
1570287931.49975
1570287931.74976
1570287931.99977
1570287932.24979
1570287932.4998
1570287932.74981
1570287932.99982
1570287933.24983
1570287933.49984
1570287933.74986
1570287933.99987
1570287934.24988
1570287934.49989
1570287934.7499
1570287934.99991
1570287935.24992
1570287935.49994
1570287935.74995
1570287935.99996
1570287936.24997
1570287936.49998
1570287936.74999
1570287937.00001
1570287937.25002
1570287937.50003
1570287937.75004
1570287938.00005
1570287938.25006
1570287938.50008
1570287938.75009
1570287939.0001
1570287939.25011
1570287939.50012
1570287939.75013
1570287940.00014
1570287940.25016
1570287940.50017
1570287940.75018
1570287941.00019
1570287941.2502
1570287941.50021
1570287941.75023
1570287942.00024
1570287942.25025
1570287942.50026
1570287942.75027
1570287943.00028
1570287943.25029
1570287943.50031
1570287943.75032
1570287944.00033
1570287944.25034
1570287944.50035
1570287944.75036
1570287945.00038
1570287945.25039
1570287945.5004
1570287945.75041
1570287946.00042
1570287946.25043
1570287946.50045
1570287946.75046
1570287947.00047
1570287947.25048
1570287947.50049
1570287947.7505
1570287948.00051
1570287948.25053
1570287948.50054
1570287948.75055
1570287949.00056
1570287949.25057
1570287949.50058
1570287949.7506
1570287950.00061
1570287950.25062
1570287950.50063
1570287950.75064
1570287951.00065
1570287951.25067
1570287951.50068
1570287951.75069
1570287952.0007
1570287952.25071
1570287952.50072
1570287952.75073
1570287953.00075
1570287953.25076
1570287953.50077
1570287953.75078
1570287954.00079
1570287954.2508
1570287954.50082
1570287954.75083
1570287955.00084
1570287955.25085
1570287955.50086
1570287955.75087
1570287956.00089
1570287956.2509
1570287956.50091
1570287956.75092
1570287957.00093
1570287957.25094
1570287957.50095
1570287957.75097
1570287958.00098
1570287958.25099
1570287958.501
1570287958.75101
1570287959.00102
1570287959.25104
1570287959.50105
1570287959.75106
1570287960.00107
1570287960.25108
1570287960.50109
1570287960.75111
1570287961.00112
1570287961.25113
1570287961.50114
1570287961.75115
1570287962.00116
1570287962.25117
1570287962.50119
1570287962.7512
1570287963.00121
1570287963.25122
1570287963.50123
1570287963.75124
1570287964.00126
1570287964.25127
1570287964.50128
1570287964.75129
1570287965.0013
1570287965.25131
1570287965.50133
1570287965.75134
1570287966.00135
1570287966.25136
1570287966.50137
1570287966.75138
1570287967.00139
1570287967.25141
1570287967.50142
1570287967.75143
1570287968.00144
1570287968.25145
1570287968.50146
1570287968.75148
1570287969.00149
1570287969.2515
1570287969.50151
1570287969.75152
1570287970.00153
1570287970.25155
1570287970.50156
1570287970.75157
1570287971.00158
1570287971.25159
1570287971.5016
1570287971.75161
1570287972.00163
1570287972.25164
1570287972.50165
1570287972.75166
1570287973.00167
1570287973.25168
1570287973.5017
1570287973.75171
1570287974.00172
1570287974.25173
1570287974.50174
1570287974.75175
1570287975.00177
1570287975.25178
1570287975.50179
1570287975.7518
1570287976.00181
1570287976.25182
1570287976.50183
1570287976.75185
1570287977.00186
1570287977.25187
1570287977.50188
1570287977.75189
1570287978.0019
1570287978.25192
1570287978.50193
1570287978.75194
1570287979.00195
1570287979.25196
1570287979.50197
1570287979.75198
1570287980.002
1570287980.25201
1570287980.50202
1570287980.75203
1570287981.00204
1570287981.25205
1570287981.50207
1570287981.75208
1570287982.00209
1570287982.2521
1570287982.50211
1570287982.75212
1570287983.00214
1570287983.25215
1570287983.50216
1570287983.75217
1570287984.00218
1570287984.25219
1570287984.5022
1570287984.75222
1570287985.00223
1570287985.25224
1570287985.50225
1570287985.75226
1570287986.00227
1570287986.25229
1570287986.5023
1570287986.75231
1570287987.00232
1570287987.25233
1570287987.50234
1570287987.75236
1570287988.00237
1570287988.25238
1570287988.50239
1570287988.7524
1570287989.00241
1570287989.25242
1570287989.50244
1570287989.75245
1570287990.00246
1570287990.25247
1570287990.50248
1570287990.75249
1570287991.00251
1570287991.25252
1570287991.50253
1570287991.75254
1570287992.00255
1570287992.25256
1570287992.50258
1570287992.75259
1570287993.0026
1570287993.25261
1570287993.50262
1570287993.75263
1570287994.00264
1570287994.25266
1570287994.50267
1570287994.75268
1570287995.00269
1570287995.2527
1570287995.50271
1570287995.75273
1570287996.00274
1570287996.25275
1570287996.50276
1570287996.75277
1570287997.00278
1570287997.2528
1570287997.50281
1570287997.75282
1570287998.00283
1570287998.25284
1570287998.50285
1570287998.75286
1570287999.00288
1570287999.25289
1570287999.5029
1570287999.75291
1570288000.00292
1570288000.25293
1570288000.50295
1570288000.75296
1570288001.00297
1570288001.25298
1570288001.50299
1570288001.753
1570288002.00302
1570288002.25303
1570288002.50304
1570288002.75305
1570288003.00306
1570288003.25307
1570288003.50308
1570288003.7531
1570288004.00311
1570288004.25312
1570288004.50313
1570288004.75314
1570288005.00315
1570288005.25317
1570288005.50318
1570288005.75319
1570288006.0032
1570288006.25321
1570288006.50322
1570288006.75324
1570288007.00325
1570288007.25326
1570288007.50327
1570288007.75328
1570288008.00329
1570288008.2533
1570288008.50332
1570288008.75333
1570288009.00334
1570288009.25335
1570288009.50336
1570288009.75337
1570288010.00339
1570288010.2534
1570288010.50341
1570288010.75342
1570288011.00343
1570288011.25344
1570288011.50345
1570288011.75347
1570288012.00348
1570288012.25349
1570288012.5035
1570288012.75351
1570288013.00352
1570288013.25354
1570288013.50355
1570288013.75356
1570288014.00357
1570288014.25358
1570288014.50359
1570288014.75361
1570288015.00362
1570288015.25363
1570288015.50364
1570288015.75365
1570288016.00366
1570288016.25367
1570288016.50369
1570288016.7537
1570288017.00371
1570288017.25372
1570288017.50373
1570288017.75374
1570288018.00376
1570288018.25377
1570288018.50378
1570288018.75379
1570288019.0038
1570288019.25381
1570288019.50383
1570288019.75384
1570288020.00385
1570288020.25386
1570288020.50387
1570288020.75388
1570288021.00389
1570288021.25391
1570288021.50392
1570288021.75393
1570288022.00394
1570288022.25395
1570288022.50396
1570288022.75398
1570288023.00399
1570288023.254
1570288023.50401
1570288023.75402
1570288024.00403
1570288024.25405
1570288024.50406
1570288024.75407
1570288025.00408
1570288025.25409
1570288025.5041
1570288025.75411
1570288026.00413
1570288026.25414
1570288026.50415
1570288026.75416
1570288027.00417
1570288027.25418
1570288027.5042
1570288027.75421
1570288028.00422
1570288028.25423
1570288028.50424
1570288028.75425
1570288029.00427
1570288029.25428
1570288029.50429
1570288029.7543
1570288030.00431
