1570287282.21969
1570287282.4697
1570287282.71971
1570287282.96973
1570287283.21974
1570287283.46975
1570287283.71976
1570287283.96977
1570287284.21978
1570287284.4698
1570287284.71981
1570287284.96982
1570287285.21983
1570287285.46984
1570287285.71985
1570287285.96987
1570287286.21988
1570287286.46989
1570287286.7199
1570287286.96991
1570287287.21992
1570287287.46993
1570287287.71995
1570287287.96996
1570287288.21997
1570287288.46998
1570287288.71999
1570287288.97
1570287289.22002
1570287289.47003
1570287289.72004
1570287289.97005
1570287290.22006
1570287290.47007
1570287290.72008
1570287290.9701
1570287291.22011
1570287291.47012
1570287291.72013
1570287291.97014
1570287292.22015
1570287292.47017
1570287292.72018
1570287292.97019
1570287293.2202
1570287293.47021
1570287293.72022
1570287293.97024
1570287294.22025
1570287294.47026
1570287294.72027
1570287294.97028
1570287295.22029
1570287295.4703
1570287295.72032
1570287295.97033
1570287296.22034
1570287296.47035
1570287296.72036
1570287296.97037
1570287297.22039
1570287297.4704
1570287297.72041
1570287297.97042
1570287298.22043
1570287298.47044
1570287298.72046
1570287298.97047
1570287299.22048
1570287299.47049
1570287299.7205
1570287299.97051
1570287300.22052
1570287300.47054
1570287300.72055
1570287300.97056
1570287301.22057
1570287301.47058
1570287301.72059
1570287301.97061
1570287302.22062
1570287302.47063
1570287302.72064
1570287302.97065
1570287303.22066
1570287303.47068
1570287303.72069
1570287303.9707
1570287304.22071
1570287304.47072
1570287304.72073
1570287304.97074
1570287305.22076
1570287305.47077
1570287305.72078
1570287305.97079
1570287306.2208
1570287306.47081
1570287306.72083
1570287306.97084
1570287307.22085
1570287307.47086
1570287307.72087
1570287307.97088
1570287308.2209
1570287308.47091
1570287308.72092
1570287308.97093
1570287309.22094
1570287309.47095
1570287309.72096
1570287309.97098
1570287310.22099
1570287310.471
1570287310.72101
1570287310.97102
1570287311.22103
1570287311.47105
1570287311.72106
1570287311.97107
1570287312.22108
1570287312.47109
1570287312.7211
1570287312.97112
1570287313.22113
1570287313.47114
1570287313.72115
1570287313.97116
1570287314.22117
1570287314.47118
1570287314.7212
1570287314.97121
1570287315.22122
1570287315.47123
1570287315.72124
1570287315.97125
1570287316.22127
1570287316.47128
1570287316.72129
1570287316.9713
1570287317.22131
1570287317.47132
1570287317.72133
1570287317.97135
1570287318.22136
1570287318.47137
1570287318.72138
1570287318.97139
1570287319.2214
1570287319.47142
1570287319.72143
1570287319.97144
1570287320.22145
1570287320.47146
1570287320.72147
1570287320.97149
1570287321.2215
1570287321.47151
1570287321.72152
1570287321.97153
1570287322.22154
1570287322.47155
1570287322.72157
1570287322.97158
1570287323.22159
1570287323.4716
1570287323.72161
1570287323.97162
1570287324.22164
1570287324.47165
1570287324.72166
1570287324.97167
1570287325.22168
1570287325.47169
1570287325.72171
1570287325.97172
1570287326.22173
1570287326.47174
1570287326.72175
1570287326.97176
1570287327.22177
1570287327.47179
1570287327.7218
1570287327.97181
1570287328.22182
1570287328.47183
1570287328.72184
1570287328.97186
1570287329.22187
1570287329.47188
1570287329.72189
1570287329.9719
1570287330.22191
1570287330.47193
1570287330.72194
1570287330.97195
1570287331.22196
1570287331.47197
1570287331.72198
1570287331.97199
1570287332.22201
1570287332.47202
1570287332.72203
1570287332.97204
1570287333.22205
1570287333.47206
1570287333.72208
1570287333.97209
1570287334.2221
1570287334.47211
1570287334.72212
1570287334.97213
1570287335.22215
1570287335.47216
1570287335.72217
1570287335.97218
1570287336.22219
1570287336.4722
1570287336.72221
1570287336.97223
1570287337.22224
1570287337.47225
1570287337.72226
1570287337.97227
1570287338.22228
1570287338.4723
1570287338.72231
1570287338.97232
1570287339.22233
1570287339.47234
1570287339.72235
1570287339.97237
1570287340.22238
1570287340.47239
1570287340.7224
1570287340.97241
1570287341.22242
1570287341.47243
1570287341.72245
1570287341.97246
1570287342.22247
1570287342.47248
1570287342.72249
1570287342.9725
1570287343.22252
1570287343.47253
1570287343.72254
1570287343.97255
1570287344.22256
1570287344.47257
1570287344.72258
1570287344.9726
1570287345.22261
1570287345.47262
1570287345.72263
1570287345.97264
1570287346.22265
1570287346.47267
1570287346.72268
1570287346.97269
1570287347.2227
1570287347.47271
1570287347.72272
1570287347.97274
1570287348.22275
1570287348.47276
1570287348.72277
1570287348.97278
1570287349.22279
1570287349.47281
1570287349.72282
1570287349.97283
1570287350.22284
1570287350.47285
1570287350.72286
1570287350.97287
1570287351.22289
1570287351.4729
1570287351.72291
1570287351.97292
1570287352.22293
1570287352.47294
1570287352.72296
1570287352.97297
1570287353.22298
1570287353.47299
1570287353.723
1570287353.97301
1570287354.22302
1570287354.47304
1570287354.72305
1570287354.97306
1570287355.22307
1570287355.47308
1570287355.72309
1570287355.97311
1570287356.22312
1570287356.47313
1570287356.72314
1570287356.97315
1570287357.22316
1570287357.47318
1570287357.72319
1570287357.9732
1570287358.22321
1570287358.47322
1570287358.72323
1570287358.97324
1570287359.22326
1570287359.47327
1570287359.72328
1570287359.97329
1570287360.2233
1570287360.47331
1570287360.72333
1570287360.97334
1570287361.22335
1570287361.47336
1570287361.72337
1570287361.97338
1570287362.2234
1570287362.47341
1570287362.72342
1570287362.97343
1570287363.22344
1570287363.47345
1570287363.72346
1570287363.97348
1570287364.22349
1570287364.4735
1570287364.72351
1570287364.97352
1570287365.22353
1570287365.47355
1570287365.72356
1570287365.97357
1570287366.22358
1570287366.47359
1570287366.7236
1570287366.97362
1570287367.22363
1570287367.47364
1570287367.72365
1570287367.97366
1570287368.22367
1570287368.47368
1570287368.7237
1570287368.97371
1570287369.22372
1570287369.47373
1570287369.72374
1570287369.97375
1570287370.22377
1570287370.47378
1570287370.72379
1570287370.9738
1570287371.22381
1570287371.47382
1570287371.72384
1570287371.97385
1570287372.22386
1570287372.47387
1570287372.72388
1570287372.97389
1570287373.2239
1570287373.47392
1570287373.72393
1570287373.97394
1570287374.22395
1570287374.47396
1570287374.72397
1570287374.97399
1570287375.224
1570287375.47401
1570287375.72402
1570287375.97403
1570287376.22404
1570287376.47406
1570287376.72407
1570287376.97408
1570287377.22409
1570287377.4741
1570287377.72411
1570287377.97412
1570287378.22414
1570287378.47415
1570287378.72416
1570287378.97417
1570287379.22418
1570287379.47419
1570287379.72421
1570287379.97422
1570287380.22423
1570287380.47424
1570287380.72425
1570287380.97426
1570287381.22427
1570287381.47429
1570287381.7243
1570287381.97431
1570287382.22432
1570287382.47433
1570287382.72434
1570287382.97436
1570287383.22437
1570287383.47438
1570287383.72439
1570287383.9744
1570287384.22441
1570287384.47443
1570287384.72444
1570287384.97445
1570287385.22446
1570287385.47447
1570287385.72448
1570287385.97449
1570287386.22451
1570287386.47452
1570287386.72453
1570287386.97454
1570287387.22455
1570287387.47456
1570287387.72458
1570287387.97459
1570287388.2246
1570287388.47461
1570287388.72462
1570287388.97463
1570287389.22465
1570287389.47466
1570287389.72467
1570287389.97468
1570287390.22469
1570287390.4747
1570287390.72471
1570287390.97473
1570287391.22474
1570287391.47475
1570287391.72476
1570287391.97477
1570287392.22478
1570287392.4748
1570287392.72481
1570287392.97482
1570287393.22483
1570287393.47484
1570287393.72485
1570287393.97487
1570287394.22488
1570287394.47489
1570287394.7249
1570287394.97491
1570287395.22492
1570287395.47493
1570287395.72495
1570287395.97496
1570287396.22497
1570287396.47498
1570287396.72499
1570287396.975
1570287397.22502
1570287397.47503
1570287397.72504
1570287397.97505
1570287398.22506
1570287398.47507
1570287398.72509
1570287398.9751
1570287399.22511
1570287399.47512
1570287399.72513
1570287399.97514
1570287400.22515
1570287400.47517
1570287400.72518
1570287400.97519
1570287401.2252
1570287401.47521
1570287401.72522
1570287401.97524
1570287402.22525
1570287402.47526
1570287402.72527
1570287402.97528
1570287403.22529
1570287403.47531
1570287403.72532
1570287403.97533
1570287404.22534
1570287404.47535
1570287404.72536
1570287404.97537
1570287405.22539
1570287405.4754
1570287405.72541
1570287405.97542
1570287406.22543
1570287406.47544
1570287406.72546
1570287406.97547
1570287407.22548
1570287407.47549
1570287407.7255
1570287407.97551
1570287408.22553
1570287408.47554
1570287408.72555
1570287408.97556
1570287409.22557
1570287409.47558
1570287409.72559
1570287409.97561
1570287410.22562
1570287410.47563
1570287410.72564
1570287410.97565
1570287411.22566
1570287411.47568
1570287411.72569
1570287411.9757
1570287412.22571
1570287412.47572
1570287412.72573
1570287412.97574
1570287413.22576
1570287413.47577
1570287413.72578
1570287413.97579
1570287414.2258
1570287414.47581
1570287414.72583
1570287414.97584
1570287415.22585
1570287415.47586
1570287415.72587
1570287415.97588
1570287416.2259
1570287416.47591
1570287416.72592
1570287416.97593
1570287417.22594
1570287417.47595
1570287417.72596
1570287417.97598
1570287418.22599
1570287418.476
1570287418.72601
1570287418.97602
1570287419.22603
1570287419.47605
1570287419.72606
1570287419.97607
1570287420.22608
1570287420.47609
1570287420.7261
1570287420.97612
1570287421.22613
1570287421.47614
1570287421.72615
1570287421.97616
1570287422.22617
1570287422.47618
1570287422.7262
1570287422.97621
1570287423.22622
1570287423.47623
1570287423.72624
1570287423.97625
1570287424.22627
1570287424.47628
1570287424.72629
1570287424.9763
1570287425.22631
1570287425.47632
1570287425.72634
1570287425.97635
1570287426.22636
1570287426.47637
1570287426.72638
1570287426.97639
1570287427.2264
1570287427.47642
1570287427.72643
1570287427.97644
1570287428.22645
1570287428.47646
1570287428.72647
1570287428.97649
1570287429.2265
1570287429.47651
1570287429.72652
1570287429.97653
1570287430.22654
1570287430.47656
1570287430.72657
1570287430.97658
1570287431.22659
1570287431.4766
1570287431.72661
1570287431.97662
1570287432.22664
1570287432.47665
1570287432.72666
1570287432.97667
1570287433.22668
1570287433.47669
1570287433.72671
1570287433.97672
1570287434.22673
1570287434.47674
1570287434.72675
1570287434.97676
1570287435.22678
1570287435.47679
1570287435.7268
1570287435.97681
1570287436.22682
1570287436.47683
1570287436.72684
1570287436.97686
1570287437.22687
1570287437.47688
1570287437.72689
1570287437.9769
1570287438.22691
1570287438.47693
1570287438.72694
1570287438.97695
1570287439.22696
1570287439.47697
1570287439.72698
1570287439.97699
1570287440.22701
1570287440.47702
1570287440.72703
1570287440.97704
1570287441.22705
1570287441.47706
1570287441.72708
1570287441.97709
1570287442.2271
1570287442.47711
1570287442.72712
1570287442.97713
1570287443.22715
1570287443.47716
1570287443.72717
1570287443.97718
1570287444.22719
1570287444.4772
1570287444.72722
1570287444.97723
1570287445.22724
1570287445.47725
1570287445.72726
1570287445.97727
1570287446.22728
1570287446.4773
1570287446.72731
1570287446.97732
1570287447.22733
1570287447.47734
1570287447.72735
1570287447.97737
1570287448.22738
1570287448.47739
1570287448.7274
1570287448.97741
1570287449.22742
1570287449.47743
1570287449.72745
1570287449.97746
1570287450.22747
1570287450.47748
1570287450.72749
1570287450.9775
1570287451.22752
1570287451.47753
1570287451.72754
1570287451.97755
1570287452.22756
1570287452.47757
1570287452.72759
1570287452.9776
1570287453.22761
1570287453.47762
1570287453.72763
1570287453.97764
1570287454.22765
1570287454.47767
1570287454.72768
1570287454.97769
1570287455.2277
1570287455.47771
1570287455.72772
1570287455.97774
1570287456.22775
1570287456.47776
1570287456.72777
1570287456.97778
1570287457.22779
1570287457.47781
1570287457.72782
1570287457.97783
1570287458.22784
1570287458.47785
1570287458.72786
1570287458.97787
1570287459.22789
1570287459.4779
1570287459.72791
1570287459.97792
1570287460.22793
1570287460.47794
1570287460.72796
1570287460.97797
1570287461.22798
1570287461.47799
1570287461.728
1570287461.97801
1570287462.22803
1570287462.47804
1570287462.72805
1570287462.97806
1570287463.22807
1570287463.47808
1570287463.72809
1570287463.97811
1570287464.22812
1570287464.47813
1570287464.72814
1570287464.97815
1570287465.22816
1570287465.47818
1570287465.72819
1570287465.9782
1570287466.22821
1570287466.47822
1570287466.72823
1570287466.97825
1570287467.22826
1570287467.47827
1570287467.72828
1570287467.97829
1570287468.2283
1570287468.47831
1570287468.72833
1570287468.97834
1570287469.22835
1570287469.47836
1570287469.72837
1570287469.97838
1570287470.2284
1570287470.47841
1570287470.72842
1570287470.97843
1570287471.22844
1570287471.47845
1570287471.72847
1570287471.97848
1570287472.22849
1570287472.4785
1570287472.72851
1570287472.97852
1570287473.22853
1570287473.47855
1570287473.72856
1570287473.97857
1570287474.22858
1570287474.47859
1570287474.7286
1570287474.97862
1570287475.22863
1570287475.47864
1570287475.72865
1570287475.97866
1570287476.22867
1570287476.47868
1570287476.7287
1570287476.97871
1570287477.22872
1570287477.47873
1570287477.72874
1570287477.97875
1570287478.22877
1570287478.47878
1570287478.72879
1570287478.9788
1570287479.22881
1570287479.47882
1570287479.72884
1570287479.97885
1570287480.22886
1570287480.47887
1570287480.72888
1570287480.97889
1570287481.2289
1570287481.47892
1570287481.72893
1570287481.97894
1570287482.22895
1570287482.47896
1570287482.72897
1570287482.97899
1570287483.229
1570287483.47901
1570287483.72902
1570287483.97903
1570287484.22904
1570287484.47906
1570287484.72907
1570287484.97908
1570287485.22909
1570287485.4791
1570287485.72911
1570287485.97912
1570287486.22914
1570287486.47915
1570287486.72916
1570287486.97917
1570287487.22918
1570287487.47919
1570287487.72921
1570287487.97922
1570287488.22923
1570287488.47924
1570287488.72925
1570287488.97926
1570287489.22928
1570287489.47929
1570287489.7293
1570287489.97931
1570287490.22932
1570287490.47933
1570287490.72934
1570287490.97936
1570287491.22937
1570287491.47938
1570287491.72939
1570287491.9794
1570287492.22941
1570287492.47943
1570287492.72944
1570287492.97945
1570287493.22946
1570287493.47947
1570287493.72948
1570287493.9795
1570287494.22951
1570287494.47952
1570287494.72953
1570287494.97954
1570287495.22955
1570287495.47956
1570287495.72958
1570287495.97959
1570287496.2296
1570287496.47961
1570287496.72962
1570287496.97963
1570287497.22965
1570287497.47966
1570287497.72967
1570287497.97968
1570287498.22969
1570287498.4797
1570287498.72972
1570287498.97973
1570287499.22974
1570287499.47975
1570287499.72976
1570287499.97977
1570287500.22978
1570287500.4798
1570287500.72981
1570287500.97982
1570287501.22983
1570287501.47984
1570287501.72985
1570287501.97987
1570287502.22988
1570287502.47989
1570287502.7299
1570287502.97991
1570287503.22992
1570287503.47993
1570287503.72995
1570287503.97996
1570287504.22997
1570287504.47998
1570287504.72999
1570287504.98
1570287505.23002
1570287505.48003
1570287505.73004
1570287505.98005
1570287506.23006
1570287506.48007
1570287506.73009
1570287506.9801
1570287507.23011
1570287507.48012
1570287507.73013
1570287507.98014
1570287508.23015
1570287508.48017
1570287508.73018
1570287508.98019
1570287509.2302
1570287509.48021
1570287509.73022
1570287509.98024
1570287510.23025
1570287510.48026
1570287510.73027
1570287510.98028
1570287511.23029
1570287511.48031
1570287511.73032
1570287511.98033
1570287512.23034
1570287512.48035
1570287512.73036
1570287512.98037
1570287513.23039
1570287513.4804
1570287513.73041
1570287513.98042
1570287514.23043
1570287514.48044
1570287514.73046
1570287514.98047
1570287515.23048
1570287515.48049
1570287515.7305
1570287515.98051
1570287516.23053
1570287516.48054
1570287516.73055
1570287516.98056
1570287517.23057
1570287517.48058
1570287517.73059
1570287517.98061
1570287518.23062
1570287518.48063
1570287518.73064
1570287518.98065
1570287519.23066
1570287519.48068
1570287519.73069
1570287519.9807
1570287520.23071
1570287520.48072
1570287520.73073
1570287520.98075
1570287521.23076
1570287521.48077
1570287521.73078
1570287521.98079
1570287522.2308
1570287522.48081
1570287522.73083
1570287522.98084
1570287523.23085
1570287523.48086
1570287523.73087
1570287523.98088
1570287524.2309
1570287524.48091
1570287524.73092
1570287524.98093
1570287525.23094
1570287525.48095
1570287525.73097
1570287525.98098
1570287526.23099
1570287526.481
1570287526.73101
1570287526.98102
1570287527.23103
1570287527.48105
1570287527.73106
1570287527.98107
1570287528.23108
1570287528.48109
1570287528.7311
1570287528.98112
1570287529.23113
1570287529.48114
1570287529.73115
1570287529.98116
1570287530.23117
1570287530.48119
1570287530.7312
1570287530.98121
1570287531.23122
1570287531.48123
1570287531.73124
1570287531.98125
1570287532.23127
1570287532.48128
1570287532.73129
1570287532.9813
1570287533.23131
1570287533.48132
1570287533.73134
1570287533.98135
1570287534.23136
1570287534.48137
1570287534.73138
1570287534.98139
1570287535.23141
1570287535.48142
1570287535.73143
1570287535.98144
1570287536.23145
1570287536.48146
1570287536.73147
1570287536.98149
1570287537.2315
1570287537.48151
1570287537.73152
1570287537.98153
1570287538.23154
1570287538.48156
1570287538.73157
1570287538.98158
1570287539.23159
1570287539.4816
1570287539.73161
1570287539.98162
1570287540.23164
1570287540.48165
1570287540.73166
1570287540.98167
1570287541.23168
1570287541.48169
1570287541.73171
1570287541.98172
1570287542.23173
1570287542.48174
1570287542.73175
1570287542.98176
1570287543.23178
1570287543.48179
1570287543.7318
1570287543.98181
1570287544.23182
1570287544.48183
1570287544.73184
1570287544.98186
1570287545.23187
1570287545.48188
1570287545.73189
1570287545.9819
1570287546.23191
1570287546.48193
1570287546.73194
1570287546.98195
1570287547.23196
1570287547.48197
1570287547.73198
1570287547.982
1570287548.23201
1570287548.48202
1570287548.73203
1570287548.98204
1570287549.23205
1570287549.48206
1570287549.73208
1570287549.98209
1570287550.2321
1570287550.48211
1570287550.73212
1570287550.98213
1570287551.23215
1570287551.48216
1570287551.73217
1570287551.98218
1570287552.23219
1570287552.4822
1570287552.73222
1570287552.98223
1570287553.23224
1570287553.48225
1570287553.73226
1570287553.98227
1570287554.23228
1570287554.4823
1570287554.73231
1570287554.98232
1570287555.23233
1570287555.48234
1570287555.73235
1570287555.98237
1570287556.23238
1570287556.48239
1570287556.7324
1570287556.98241
1570287557.23242
1570287557.48244
1570287557.73245
1570287557.98246
1570287558.23247
1570287558.48248
1570287558.73249
1570287558.9825
1570287559.23252
1570287559.48253
1570287559.73254
1570287559.98255
1570287560.23256
1570287560.48257
1570287560.73259
1570287560.9826
1570287561.23261
1570287561.48262
1570287561.73263
1570287561.98264
1570287562.23266
1570287562.48267
1570287562.73268
1570287562.98269
1570287563.2327
1570287563.48271
1570287563.73272
1570287563.98274
1570287564.23275
1570287564.48276
1570287564.73277
1570287564.98278
1570287565.23279
1570287565.48281
1570287565.73282
1570287565.98283
1570287566.23284
1570287566.48285
1570287566.73286
1570287566.98288
1570287567.23289
1570287567.4829
1570287567.73291
1570287567.98292
1570287568.23293
1570287568.48294
1570287568.73296
1570287568.98297
1570287569.23298
1570287569.48299
1570287569.733
1570287569.98301
1570287570.23303
1570287570.48304
1570287570.73305
1570287570.98306
1570287571.23307
1570287571.48308
1570287571.73309
1570287571.98311
1570287572.23312
1570287572.48313
1570287572.73314
1570287572.98315
1570287573.23316
1570287573.48318
1570287573.73319
1570287573.9832
1570287574.23321
1570287574.48322
1570287574.73323
1570287574.98325
1570287575.23326
1570287575.48327
1570287575.73328
1570287575.98329
1570287576.2333
1570287576.48331
1570287576.73333
1570287576.98334
1570287577.23335
1570287577.48336
1570287577.73337
1570287577.98338
1570287578.2334
1570287578.48341
1570287578.73342
1570287578.98343
1570287579.23344
1570287579.48345
1570287579.73347
1570287579.98348
1570287580.23349
1570287580.4835
1570287580.73351
1570287580.98352
1570287581.23353
1570287581.48355
1570287581.73356
1570287581.98357
1570287582.23358
1570287582.48359
1570287582.7336
1570287582.98362
1570287583.23363
1570287583.48364
1570287583.73365
1570287583.98366
1570287584.23367
1570287584.48369
1570287584.7337
1570287584.98371
1570287585.23372
1570287585.48373
1570287585.73374
1570287585.98375
1570287586.23377
1570287586.48378
1570287586.73379
1570287586.9838
1570287587.23381
1570287587.48382
1570287587.73384
1570287587.98385
1570287588.23386
1570287588.48387
1570287588.73388
1570287588.98389
1570287589.23391
1570287589.48392
1570287589.73393
1570287589.98394
1570287590.23395
1570287590.48396
1570287590.73397
1570287590.98399
1570287591.234
1570287591.48401
1570287591.73402
1570287591.98403
1570287592.23404
1570287592.48406
1570287592.73407
1570287592.98408
1570287593.23409
1570287593.4841
1570287593.73411
1570287593.98413
1570287594.23414
1570287594.48415
1570287594.73416
1570287594.98417
1570287595.23418
1570287595.48419
1570287595.73421
1570287595.98422
1570287596.23423
1570287596.48424
1570287596.73425
1570287596.98426
1570287597.23428
1570287597.48429
1570287597.7343
1570287597.98431
1570287598.23432
1570287598.48433
1570287598.73434
1570287598.98436
1570287599.23437
1570287599.48438
1570287599.73439
1570287599.9844
1570287600.23441
1570287600.48443
1570287600.73444
1570287600.98445
1570287601.23446
1570287601.48447
1570287601.73448
1570287601.9845
1570287602.23451
1570287602.48452
1570287602.73453
1570287602.98454
1570287603.23455
1570287603.48457
1570287603.73458
1570287603.98459
1570287604.2346
1570287604.48461
1570287604.73462
1570287604.98463
1570287605.23465
1570287605.48466
1570287605.73467
1570287605.98468
1570287606.23469
1570287606.4847
1570287606.73472
1570287606.98473
1570287607.23474
1570287607.48475
1570287607.73476
1570287607.98477
1570287608.23478
1570287608.4848
1570287608.73481
1570287608.98482
1570287609.23483
1570287609.48484
1570287609.73485
1570287609.98487
1570287610.23488
1570287610.48489
1570287610.7349
1570287610.98491
1570287611.23492
1570287611.48494
1570287611.73495
1570287611.98496
1570287612.23497
1570287612.48498
1570287612.73499
1570287612.985
1570287613.23502
1570287613.48503
1570287613.73504
1570287613.98505
1570287614.23506
1570287614.48507
1570287614.73509
1570287614.9851
1570287615.23511
1570287615.48512
1570287615.73513
1570287615.98514
1570287616.23516
1570287616.48517
1570287616.73518
1570287616.98519
1570287617.2352
1570287617.48521
1570287617.73522
1570287617.98524
1570287618.23525
1570287618.48526
1570287618.73527
1570287618.98528
1570287619.23529
1570287619.48531
1570287619.73532
1570287619.98533
1570287620.23534
1570287620.48535
1570287620.73536
1570287620.98538
1570287621.23539
1570287621.4854
1570287621.73541
1570287621.98542
1570287622.23543
1570287622.48544
1570287622.73546
1570287622.98547
1570287623.23548
1570287623.48549
1570287623.7355
1570287623.98551
1570287624.23553
1570287624.48554
1570287624.73555
1570287624.98556
1570287625.23557
1570287625.48558
1570287625.73559
1570287625.98561
1570287626.23562
1570287626.48563
1570287626.73564
1570287626.98565
1570287627.23566
1570287627.48568
1570287627.73569
1570287627.9857
1570287628.23571
1570287628.48572
1570287628.73573
1570287628.98575
1570287629.23576
1570287629.48577
1570287629.73578
1570287629.98579
1570287630.2358
1570287630.48582
1570287630.73583
1570287630.98584
1570287631.23585
1570287631.48586
1570287631.73587
1570287631.98588
1570287632.2359
1570287632.48591
1570287632.73592
1570287632.98593
1570287633.23594
1570287633.48595
1570287633.73597
1570287633.98598
1570287634.23599
1570287634.486
1570287634.73601
1570287634.98602
1570287635.23603
1570287635.48605
1570287635.73606
1570287635.98607
1570287636.23608
1570287636.48609
1570287636.7361
1570287636.98612
1570287637.23613
1570287637.48614
1570287637.73615
1570287637.98616
1570287638.23617
1570287638.48619
1570287638.7362
1570287638.98621
1570287639.23622
1570287639.48623
1570287639.73624
1570287639.98625
1570287640.23627
1570287640.48628
1570287640.73629
1570287640.9863
1570287641.23631
1570287641.48632
1570287641.73634
1570287641.98635
1570287642.23636
1570287642.48637
1570287642.73638
1570287642.98639
1570287643.23641
1570287643.48642
1570287643.73643
1570287643.98644
1570287644.23645
1570287644.48646
1570287644.73647
1570287644.98649
1570287645.2365
1570287645.48651
1570287645.73652
1570287645.98653
1570287646.23654
1570287646.48656
1570287646.73657
1570287646.98658
1570287647.23659
1570287647.4866
1570287647.73661
1570287647.98663
1570287648.23664
1570287648.48665
1570287648.73666
1570287648.98667
1570287649.23668
1570287649.48669
1570287649.73671
1570287649.98672
1570287650.23673
1570287650.48674
1570287650.73675
1570287650.98676
1570287651.23678
1570287651.48679
1570287651.7368
1570287651.98681
1570287652.23682
1570287652.48683
1570287652.73685
1570287652.98686
1570287653.23687
1570287653.48688
1570287653.73689
1570287653.9869
1570287654.23691
1570287654.48693
1570287654.73694
1570287654.98695
1570287655.23696
1570287655.48697
1570287655.73698
1570287655.987
1570287656.23701
1570287656.48702
1570287656.73703
1570287656.98704
1570287657.23705
1570287657.48707
1570287657.73708
1570287657.98709
1570287658.2371
1570287658.48711
1570287658.73712
1570287658.98713
1570287659.23715
1570287659.48716
1570287659.73717
1570287659.98718
1570287660.23719
1570287660.4872
1570287660.73722
1570287660.98723
1570287661.23724
1570287661.48725
1570287661.73726
1570287661.98727
1570287662.23728
1570287662.4873
1570287662.73731
1570287662.98732
1570287663.23733
1570287663.48734
1570287663.73735
1570287663.98737
1570287664.23738
1570287664.48739
1570287664.7374
1570287664.98741
1570287665.23742
1570287665.48744
1570287665.73745
1570287665.98746
1570287666.23747
1570287666.48748
1570287666.73749
1570287666.9875
1570287667.23752
1570287667.48753
1570287667.73754
1570287667.98755
1570287668.23756
1570287668.48757
1570287668.73759
1570287668.9876
1570287669.23761
1570287669.48762
1570287669.73763
1570287669.98764
