E4_Bvp 1569258633,61519 -5,63393
E4_Bvp 1569258633,63082 -4,856264
E4_Bvp 1569258633,64644 -3,736361
E4_Bvp 1569258633,66207 -2,47094
E4_Bvp 1569258633,67769 -1,171314
E4_Bvp 1569258633,69332 0,1162987
E4_Bvp 1569258633,70894 1,393803
E4_Bvp 1569258633,72457 2,673859
E4_Bvp 1569258633,7402 3,923969
E4_Bvp 1569258633,75582 5,052952
E4_Bvp 1569258633,77145 5,947136
E4_Bvp 1569258633,78707 6,547459
E4_Bvp 1569258633,8027 6,838516
E4_Bvp 1569258633,81832 6,89629
E4_Bvp 1569258633,83395 6,799656
E4_Bvp 1569258633,84958 6,614212
E4_Bvp 1569258633,8652 6,3894
E4_Bvp 1569258633,88083 6,154678
E4_Bvp 1569258633,89645 5,935909
E4_Bvp 1569258633,91208 5,755146
E4_Bvp 1569258633,9277 5,656044
E4_Bvp 1569258633,94333 5,607887
E4_Bvp 1569258633,95896 5,579483
E4_Bvp 1569258633,97458 5,510448
E4_Bvp 1569258633,99021 5,348087
E4_Bvp 1569258634,00583 5,084835
E4_Bvp 1569258634,02146 4,741581
E4_Bvp 1569258634,03708 4,354446
E4_Bvp 1569258634,05271 3,929234
E4_Bvp 1569258634,06834 3,502789
E4_Bvp 1569258634,08396 3,061958
E4_Bvp 1569258634,09959 2,596161
E4_Bvp 1569258634,11521 2,078125
E4_Bvp 1569258634,13084 1,49633
E4_Bvp 1569258634,14646 0,84589
E4_Bvp 1569258634,16209 0,1315536
E4_Bvp 1569258634,17772 -0,6067543
E4_Bvp 1569258634,19334 -1,353294
E4_Bvp 1569258634,20897 -2,096397
E4_Bvp 1569258634,22459 -2,861126
E4_Bvp 1569258634,24022 -3,656322
E4_Bvp 1569258634,25584 -4,461075
E4_Bvp 1569258634,27147 -5,181347
E4_Bvp 1569258634,2871 -5,644592
E4_Bvp 1569258634,30272 -5,694492
E4_Bvp 1569258634,31835 -5,215168
E4_Bvp 1569258634,33397 -4,236237
E4_Bvp 1569258634,3496 -2,931007
E4_Bvp 1569258634,36522 -1,568134
E4_Bvp 1569258634,38085 -0,4148865
E4_Bvp 1569258634,39648 0,3751411
E4_Bvp 1569258634,4121 0,7796898
E4_Bvp 1569258634,42773 0,914608
E4_Bvp 1569258634,44335 0,8933907
E4_Bvp 1569258634,45898 0,8356209
E4_Bvp 1569258634,4746 0,7651367
E4_Bvp 1569258634,49023 0,700573
E4_Bvp 1569258634,50586 0,6802139
E4_Bvp 1569258634,52148 0,781353
E4_Bvp 1569258634,53711 1,100523
E4_Bvp 1569258634,55273 1,651033
E4_Bvp 1569258634,56836 2,351311
E4_Bvp 1569258634,58398 2,998112
E4_Bvp 1569258634,59961 3,406914
E4_Bvp 1569258634,61524 3,461208
E4_Bvp 1569258634,63086 3,216745
E4_Bvp 1569258634,64649 2,848066
E4_Bvp 1569258634,66211 2,540319
E4_Bvp 1569258634,67774 2,413443
E4_Bvp 1569258634,69336 2,477015
E4_Bvp 1569258634,70899 2,655567
E4_Bvp 1569258634,72462 2,820507
E4_Gsr 1569258633,231 0,5947329
E4_Gsr 1569258633,481 0,6370117
E4_Gsr 1569258633,731 0,6908212
E4_Gsr 1569258633,981 0,7638482
E4_Gsr 1569258634,231 0,8586553
E4_Gsr 1569258634,481 0,9470565
E4_Temperature 1569258633,10501 28,83
E4_Temperature 1569258633,35502 28,83
E4_Temperature 1569258633,60503 28,83
E4_Temperature 1569258633,85504 28,83
E4_Temperature 1569258634,10505 28,83
E4_Temperature 1569258634,35507 28,83
E4_Temperature 1569258634,60508 28,83
E4_Temperature 1569258634,85509 28,83
E4_Bvp 1569258634,74024 2,872978
E4_Bvp 1569258634,75587 2,765509
E4_Bvp 1569258634,77149 2,494417
E4_Bvp 1569258634,78712 2,094494
E4_Bvp 1569258634,80274 1,595598
E4_Bvp 1569258634,81837 1,02277
E4_Bvp 1569258634,834 0,4085388
E4_Bvp 1569258634,84962 -0,2151814
E4_Bvp 1569258634,86525 -0,7932777
E4_Bvp 1569258634,88087 -1,267487
E4_Bvp 1569258634,8965 -1,554228
E4_Bvp 1569258634,91213 -1,58552
E4_Bvp 1569258634,92775 -1,342129
E4_Bvp 1569258634,94338 -0,8792953
E4_Bvp 1569258634,959 -0,2919807
E4_Bvp 1569258634,97463 0,3370342
E4_Bvp 1569258634,99025 0,9321003
E4_Bvp 1569258635,00588 1,512344
E4_Bvp 1569258635,02151 2,138824
E4_Bvp 1569258635,03713 2,921057
E4_Bvp 1569258635,05276 3,946003
E4_Bvp 1569258635,06838 5,26298
E4_Bvp 1569258635,08401 6,838125
E4_Bvp 1569258635,09963 8,627087
E4_Bvp 1569258635,11526 10,5809
E4_Bvp 1569258635,13089 12,69776
E4_Bvp 1569258635,14651 15,03297
E4_Bvp 1569258635,16214 17,64263
E4_Bvp 1569258635,17776 20,56469
E4_Bvp 1569258635,19339 23,76086
E4_Bvp 1569258635,20901 27,16995
E4_Bvp 1569258635,22464 30,7362
E4_Bvp 1569258635,24027 34,41523
E4_Bvp 1569258635,25589 38,17047
E4_Bvp 1569258635,27152 41,92609
E4_Bvp 1569258635,28714 45,5512
E4_Bvp 1569258635,30277 48,89234
E4_Bvp 1569258635,31839 51,81322
E4_Bvp 1569258635,33402 54,25034
E4_Bvp 1569258635,34965 56,22118
E4_Bvp 1569258635,36527 57,74445
E4_Bvp 1569258635,3809 58,7266
E4_Bvp 1569258635,39652 58,92433
E4_Bvp 1569258635,41215 58,03721
E4_Bvp 1569258635,42777 55,85318
E4_Bvp 1569258635,4434 52,43245
E4_Bvp 1569258635,45903 48,18765
E4_Bvp 1569258635,47465 43,82147
E4_Bvp 1569258635,49028 40,12276
E4_Bvp 1569258635,5059 37,65133
E4_Bvp 1569258635,52153 36,39993
E4_Bvp 1569258635,53715 35,67387
E4_Bvp 1569258635,55278 34,26281
E4_Bvp 1569258635,56841 30,87545
E4_Bvp 1569258635,58403 24,71686
E4_Bvp 1569258635,59966 15,87984
E4_Bvp 1569258635,61528 5,348709
E4_Bvp 1569258635,63091 -5,377464
E4_Bvp 1569258635,64653 -14,91984
E4_Bvp 1569258635,66216 -22,55091
E4_Bvp 1569258635,67779 -28,30697
E4_Bvp 1569258635,69341 -32,7296
E4_Bvp 1569258635,70904 -36,45122
E4_Bvp 1569258635,72466 -39,87164
E4_Bvp 1569258635,74029 -43,18773
E4_Bvp 1569258635,75591 -46,54495
E4_Bvp 1569258635,77154 -50,07873
E4_Bvp 1569258635,78717 -53,84193
E4_Bvp 1569258635,80279 -57,58859
E4_Bvp 1569258635,81842 -60,71043
E4_Bvp 1569258635,83404 -62,39575
E4_Bvp 1569258635,84967 -62,07745
E4_Bvp 1569258635,86529 -59,8667
E4_Bvp 1569258635,88092 -56,6723
E4_Bvp 1569258635,89655 -53,91098
E4_Bvp 1569258635,91217 -52,8237
E4_Bvp 1569258635,9278 -53,90164
E4_Bvp 1569258635,94342 -56,55634
E4_Bvp 1569258635,95905 -59,3914
E4_Bvp 1569258635,97467 -60,84724
E4_Bvp 1569258635,9903 -59,87065
E4_Bvp 1569258636,00593 -56,26247
E4_Bvp 1569258636,02155 -50,55133
E4_Bvp 1569258636,03718 -43,58221
E4_Bvp 1569258636,0528 -36,04828
E4_Bvp 1569258636,06843 -28,28717
E4_Bvp 1569258636,08405 -20,33688
E4_Bvp 1569258636,09968 -12,19444
E4_Gsr 1569258634,731 1,049551
E4_Gsr 1569258634,981 1,132896
E4_Gsr 1569258635,231 1,132896
E4_Gsr 1569258635,481 1,145708
E4_Gsr 1569258635,731 1,132896
E4_Gsr 1569258635,981 1,144427
E4_Bvp 1569258636,11531 -4,123047
E4_Bvp 1569258636,13093 3,332184
E4_Bvp 1569258636,14656 9,536926
E4_Bvp 1569258636,16218 14,0399
E4_Bvp 1569258636,17781 16,76233
E4_Bvp 1569258636,19343 17,99609
E4_Bvp 1569258636,20906 18,20004
E4_Bvp 1569258636,22469 17,81769
E4_Bvp 1569258636,24031 17,2142
E4_Bvp 1569258636,25594 16,54822
E4_Bvp 1569258636,27156 15,86737
E4_Bvp 1569258636,28719 15,17508
E4_Bvp 1569258636,30281 14,49367
E4_Bvp 1569258636,31844 13,9012
E4_Bvp 1569258636,33407 13,51289
E4_Bvp 1569258636,34969 13,35257
E4_Bvp 1569258636,36532 13,23152
E4_Bvp 1569258636,38094 12,75432
E4_Bvp 1569258636,39657 11,48901
E4_Bvp 1569258636,41219 9,282852
E4_Bvp 1569258636,42782 6,438889
E4_Bvp 1569258636,44345 3,679001
E4_Bvp 1569258636,45907 1,778473
E4_Bvp 1569258636,4747 1,101364
E4_Bvp 1569258636,49032 1,354538
E4_Bvp 1569258636,50595 1,612152
E4_Bvp 1569258636,52157 0,7487488
E4_Bvp 1569258636,5372 -1,989075
E4_Bvp 1569258636,55283 -6,672516
E4_Bvp 1569258636,56845 -12,65303
E4_Bvp 1569258636,58408 -18,92674
E4_Bvp 1569258636,5997 -24,55142
E4_Bvp 1569258636,61533 -28,93942
E4_Bvp 1569258636,63095 -31,80276
E4_Bvp 1569258636,64658 -33,01807
E4_Bvp 1569258636,66221 -32,42204
E4_Bvp 1569258636,67783 -29,86908
E4_Bvp 1569258636,69346 -25,45195
E4_Bvp 1569258636,70908 -19,62593
E4_Bvp 1569258636,72471 -13,28468
E4_Bvp 1569258636,74033 -7,467316
E4_Bvp 1569258636,75596 -3,015274
E4_Bvp 1569258636,77159 -0,2228394
E4_Bvp 1569258636,78721 1,181671
E4_Temperature 1569258635,1051 28,83
E4_Temperature 1569258635,35511 28,83
E4_Temperature 1569258635,60512 28,83
E4_Temperature 1569258635,85513 28,83
E4_Temperature 1569258636,10515 28,85
E4_Temperature 1569258636,35516 28,85
E4_Temperature 1569258636,60517 28,85
E4_Temperature 1569258636,85518 28,85
E4_Bvp 1569258636,80284 1,845642
E4_Bvp 1569258636,81846 2,428818
E4_Bvp 1569258636,83409 3,332382
E4_Bvp 1569258636,84971 4,658295
E4_Bvp 1569258636,86534 6,317154
E4_Bvp 1569258636,88097 8,181488
E4_Bvp 1569258636,89659 10,16318
E4_Bvp 1569258636,91222 12,20352
E4_Bvp 1569258636,92784 14,15155
E4_Bvp 1569258636,94347 15,79385
E4_Bvp 1569258636,95909 16,93033
E4_Bvp 1569258636,97472 17,39278
E4_Bvp 1569258636,99035 17,08301
E4_Bvp 1569258637,00597 15,90793
E4_Bvp 1569258637,0216 13,74155
E4_Bvp 1569258637,03722 10,56354
E4_Bvp 1569258637,05285 6,550552
E4_Bvp 1569258637,06847 2,09024
E4_Bvp 1569258637,0841 -2,406586
E4_Bvp 1569258637,09973 -6,734131
E4_Bvp 1569258637,11535 -10,98305
E4_Bvp 1569258637,13098 -15,39384
E4_Bvp 1569258637,1466 -20,1328
E4_Bvp 1569258637,16223 -25,03178
E4_Bvp 1569258637,17786 -29,5322
E4_Bvp 1569258637,19348 -32,88771
E4_Bvp 1569258637,20911 -34,39825
E4_Bvp 1569258637,22473 -33,64824
E4_Bvp 1569258637,24036 -30,6176
E4_Bvp 1569258637,25598 -25,63029
E4_Bvp 1569258637,27161 -19,20363
E4_Bvp 1569258637,28724 -11,94574
E4_Bvp 1569258637,30286 -4,448059
E4_Bvp 1569258637,31849 2,806076
E4_Bvp 1569258637,33411 9,475479
E4_Bvp 1569258637,34974 15,3905
E4_Bvp 1569258637,36536 20,50378
E4_Bvp 1569258637,38099 24,78403
E4_Bvp 1569258637,39662 28,07945
E4_Bvp 1569258637,41224 30,09642
E4_Bvp 1569258637,42787 30,52354
E4_Bvp 1569258637,44349 29,26767
E4_Bvp 1569258637,45912 26,61497
E4_Bvp 1569258637,47474 23,19902
E4_Bvp 1569258637,49037 19,74637
E4_Bvp 1569258637,506 16,7316
E4_Bvp 1569258637,52162 14,12889
E4_Bvp 1569258637,53725 11,42052
E4_Bvp 1569258637,55287 7,928268
E4_Bvp 1569258637,5685 3,272614
E4_Bvp 1569258637,58412 -2,361374
E4_Bvp 1569258637,59975 -8,292511
E4_Bvp 1569258637,61538 -13,68343
E4_Bvp 1569258637,631 -17,95473
E4_Bvp 1569258637,64663 -21,08165
E4_Gsr 1569258636,231 1,157239
E4_Gsr 1569258636,481 1,134177
E4_Gsr 1569258636,731 1,059869
E4_Gsr 1569258636,981 1,032964
E4_Gsr 1569258637,231 1,008622
E4_Gsr 1569258637,481 0,9650621
E4_Bvp 1569258637,66225 -23,47522
E4_Bvp 1569258637,67788 -25,62659
E4_Bvp 1569258637,6935 -27,7879
E4_Bvp 1569258637,70913 -29,8609
E4_Bvp 1569258637,72476 -31,50659
E4_Bvp 1569258637,74038 -32,40787
E4_Bvp 1569258637,75601 -32,43344
E4_Bvp 1569258637,77163 -31,64581
E4_Bvp 1569258637,78726 -30,26532
E4_Bvp 1569258637,80288 -28,65425
E4_Bvp 1569258637,81851 -27,19693
E4_Bvp 1569258637,83414 -26,20789
E4_Bvp 1569258637,84976 -25,77835
E4_Bvp 1569258637,86539 -25,74561
E4_Bvp 1569258637,88101 -25,82484
E4_Bvp 1569258637,89664 -25,80125
E4_Bvp 1569258637,91226 -25,69273
E4_Bvp 1569258637,92789 -25,66095
E4_Bvp 1569258637,94352 -25,7988
E4_Bvp 1569258637,95914 -25,96419
E4_Bvp 1569258637,97477 -25,79837
E4_Bvp 1569258637,99039 -24,93532
E4_Bvp 1569258638,00602 -23,20396
E4_Bvp 1569258638,02164 -20,69244
E4_Bvp 1569258638,03727 -17,65088
E4_Bvp 1569258638,0529 -14,3277
E4_Bvp 1569258638,06852 -10,85391
E4_Bvp 1569258638,08415 -7,267136
E4_Bvp 1569258638,09977 -3,644211
E4_Bvp 1569258638,1154 -0,1622162
E4_Bvp 1569258638,13102 2,976868
E4_Bvp 1569258638,14665 5,648804
E4_Bvp 1569258638,16228 7,888443
E4_Bvp 1569258638,1779 9,816742
E4_Bvp 1569258638,19353 11,46239
E4_Bvp 1569258638,20915 12,69987
E4_Bvp 1569258638,22478 13,35321
E4_Bvp 1569258638,2404 13,37148
E4_Bvp 1569258638,25603 12,96872
E4_Bvp 1569258638,27166 12,5213
E4_Bvp 1569258638,28728 12,35017
E4_Bvp 1569258638,30291 12,53459
E4_Bvp 1569258638,31853 12,90392
E4_Bvp 1569258638,33416 13,16531
E4_Bvp 1569258638,34978 13,13808
E4_Bvp 1569258638,36541 12,83173
E4_Bvp 1569258638,38104 12,3278
E4_Bvp 1569258638,39666 11,67836
E4_Bvp 1569258638,41229 10,81599
E4_Bvp 1569258638,42791 9,629654
E4_Bvp 1569258638,44354 8,086334
E4_Bvp 1569258638,45916 6,346008
E4_Bvp 1569258638,47479 4,716843
E4_Bvp 1569258638,49042 3,504211
E4_Bvp 1569258638,50604 2,83493
E4_Bvp 1569258638,52167 2,584656
E4_Bvp 1569258638,53729 2,546326
E4_Bvp 1569258638,55292 2,580704
E4_Bvp 1569258638,56854 2,698975
E4_Bvp 1569258638,58417 2,964615
E4_Bvp 1569258638,5998 3,310196
E4_Bvp 1569258638,61542 3,475677
E4_Bvp 1569258638,63105 3,130447
E4_Bvp 1569258638,64667 2,083481
E4_Bvp 1569258638,6623 0,488266
E4_Bvp 1569258638,67792 -1,171341
E4_Bvp 1569258638,69355 -2,299072
E4_Bvp 1569258638,70918 -2,466965
E4_Bvp 1569258638,7248 -1,623871
E4_Bvp 1569258638,74043 -0,1039124
E4_Bvp 1569258638,75605 1,60141
E4_Bvp 1569258638,77168 3,031021
E4_Bvp 1569258638,7873 3,903488
E4_Bvp 1569258638,80293 4,158585
E4_Bvp 1569258638,81856 3,884918
E4_Bvp 1569258638,83418 3,224945
E4_Bvp 1569258638,84981 2,302551
E4_Temperature 1569258637,10519 28,85
E4_Temperature 1569258637,3552 28,85
E4_Temperature 1569258637,60522 28,85
E4_Temperature 1569258637,85523 28,85
E4_Temperature 1569258638,10524 28,83
E4_Temperature 1569258638,35525 28,83
E4_Temperature 1569258638,60526 28,83
E4_Temperature 1569258638,85527 28,83
E4_Bvp 1569258638,86543 1,249435
E4_Bvp 1569258638,88106 0,1927261
E4_Bvp 1569258638,89668 -0,7458572
E4_Bvp 1569258638,91231 -1,37812
E4_Bvp 1569258638,92794 -1,546761
E4_Bvp 1569258638,94356 -1,119705
E4_Bvp 1569258638,95919 -0,1099625
E4_Bvp 1569258638,97481 1,329826
E4_Bvp 1569258638,99044 2,929146
E4_Bvp 1569258639,00606 4,424408
E4_Bvp 1569258639,02169 5,737816
E4_Bvp 1569258639,03732 6,964928
E4_Bvp 1569258639,05294 8,290657
E4_Bvp 1569258639,06857 9,812897
E4_Bvp 1569258639,08419 11,41174
E4_Bvp 1569258639,09982 12,72498
E4_Bvp 1569258639,11544 13,36576
E4_Bvp 1569258639,13107 13,1106
E4_Bvp 1569258639,1467 12,05789
E4_Bvp 1569258639,16232 10,58457
E4_Bvp 1569258639,17795 9,138763
E4_Bvp 1569258639,19357 7,979546
E4_Gsr 1569258637,731 1,03937
E4_Gsr 1569258637,981 0,7434185
E4_Gsr 1569258638,231 0,6357996
E4_Gsr 1569258638,481 1,091899
E4_Gsr 1569258638,731 1,24564
E4_Gsr 1569258638,981 1,253327
E4_Bvp 1569258639,2092 7,074089
E4_Bvp 1569258639,22482 6,143959
E4_Bvp 1569258639,24045 4,846931
E4_Bvp 1569258639,25608 3,039688
E4_Bvp 1569258639,2717 0,865654
E4_Bvp 1569258639,28733 -1,297401
E4_Bvp 1569258639,30295 -3,04084
E4_Bvp 1569258639,31858 -4,156265
E4_Bvp 1569258639,3342 -4,705452
E4_Bvp 1569258639,34983 -5,00856
E4_Bvp 1569258639,36546 -5,380569
E4_Bvp 1569258639,38108 -5,978058
E4_Bvp 1569258639,39671 -6,702866
E4_Bvp 1569258639,41233 -7,235352
E4_Bvp 1569258639,42796 -7,19931
E4_Bvp 1569258639,44358 -6,266281
E4_Bvp 1569258639,45921 -4,326256
E4_Bvp 1569258639,47484 -1,521851
E4_Bvp 1569258639,49046 1,760925
E4_Bvp 1569258639,50609 4,992981
E4_Bvp 1569258639,52171 7,70594
E4_Bvp 1569258639,53734 9,667709
E4_Bvp 1569258639,55296 10,91433
E4_Bvp 1569258639,56859 11,65089
E4_Bvp 1569258639,58422 12,05827
E4_Bvp 1569258639,59984 12,04702
E4_Bvp 1569258639,61547 11,30618
E4_Bvp 1569258639,63109 9,583084
E4_Bvp 1569258639,64672 7,051529
E4_Bvp 1569258639,66234 4,412949
E4_Bvp 1569258639,67797 2,593102
E4_Bvp 1569258639,6936 2,165894
E4_Bvp 1569258639,70922 2,987717
E4_Bvp 1569258639,72485 4,293251
E4_Bvp 1569258639,74047 5,203857
E4_Bvp 1569258639,7561 5,321861
E4_Bvp 1569258639,77173 4,834541
E4_Bvp 1569258639,78735 4,13047
E4_Bvp 1569258639,80298 3,275681
E4_Bvp 1569258639,8186 1,93401
E4_Bvp 1569258639,83423 -0,2872276
E4_Bvp 1569258639,84985 -3,372398
E4_Bvp 1569258639,86548 -6,687256
E4_Bvp 1569258639,88111 -9,35041
E4_Bvp 1569258639,89673 -10,7709
E4_Bvp 1569258639,91236 -11,05704
E4_Bvp 1569258639,92798 -10,9234
E4_Bvp 1569258639,94361 -11,22998
E4_Bvp 1569258639,95923 -12,50767
E4_Bvp 1569258639,97486 -14,62697
E4_Bvp 1569258639,99049 -16,83164
E4_Bvp 1569258640,00611 -17,95771
E4_Bvp 1569258640,02174 -16,73773
E4_Bvp 1569258640,03736 -12,15011
E4_Bvp 1569258640,05299 -3,826847
E4_Bvp 1569258640,06861 7,676552
E4_Bvp 1569258640,08424 20,90625
E4_Bvp 1569258640,09987 33,86858
E4_Bvp 1569258640,11549 44,65871
E4_Bvp 1569258640,13112 52,05319
E4_Bvp 1569258640,14674 55,75679
E4_Bvp 1569258640,16237 56,16385
E4_Bvp 1569258640,17799 53,91705
E4_Bvp 1569258640,19362 49,60958
E4_Bvp 1569258640,20925 43,82883
E4_Bvp 1569258640,22487 37,36725
E4_Bvp 1569258640,2405 31,26377
E4_Bvp 1569258640,25612 26,57732
E4_Bvp 1569258640,27175 23,94882
E4_Bvp 1569258640,28737 23,38219
E4_Bvp 1569258640,303 24,23357
E4_Bvp 1569258640,31863 25,64859
E4_Bvp 1569258640,33425 26,95739
E4_Bvp 1569258640,34988 27,84468
E4_Bvp 1569258640,3655 28,23435
E4_Bvp 1569258640,38113 28,00764
E4_Bvp 1569258640,39675 26,81334
E4_Bvp 1569258640,41238 24,11231
E4_Bvp 1569258640,42801 19,50713
E4_Bvp 1569258640,44363 13,07752
E4_Bvp 1569258640,45926 5,517036
E4_Bvp 1569258640,47488 -2,047081
E4_Bvp 1569258640,49051 -8,53685
E4_Bvp 1569258640,50613 -13,42613
E4_Bvp 1569258640,52176 -16,90596
E4_Bvp 1569258640,53739 -19,60292
E4_Bvp 1569258640,55301 -22,03728
E4_Bvp 1569258640,56864 -24,15776
E4_Gsr 1569258639,231 1,276388
E4_Gsr 1569258639,481 1,261014
E4_Gsr 1569258639,731 1,264857
E4_Gsr 1569258639,981 1,262295
E4_Gsr 1569258640,231 1,240515
E4_Gsr 1569258640,481 1,262295
E4_Bvp 1569258640,58426 -25,30717
E4_Bvp 1569258640,59989 -24,67132
E4_Bvp 1569258640,61551 -21,89127
E4_Bvp 1569258640,63114 -17,37902
E4_Bvp 1569258640,64677 -12,14423
E4_Bvp 1569258640,66239 -7,110428
E4_Bvp 1569258640,67802 -2,578629
E4_Bvp 1569258640,69364 1,94268
E4_Bvp 1569258640,70927 7,271507
E4_Bvp 1569258640,72489 13,81052
E4_Bvp 1569258640,74052 21,00311
E4_Temperature 1569258639,10529 28,85
E4_Temperature 1569258639,3553 28,85
E4_Temperature 1569258639,60531 28,85
E4_Temperature 1569258639,85532 28,85
E4_Temperature 1569258640,10533 28,83
E4_Temperature 1569258640,35534 28,83
E4_Temperature 1569258640,60535 28,83
E4_Temperature 1569258640,85537 28,83
E4_Bvp 1569258640,75615 27,3801
E4_Bvp 1569258640,77177 31,15949
E4_Bvp 1569258640,7874 31,14755
E4_Bvp 1569258640,80302 27,34743
E4_Bvp 1569258640,81865 20,97437
E4_Bvp 1569258640,83427 13,89713
E4_Bvp 1569258640,8499 7,793556
E4_Bvp 1569258640,86553 3,563332
E4_Bvp 1569258640,88115 1,222
E4_Bvp 1569258640,89678 0,2288208
E4_Bvp 1569258640,9124 -0,03793335
E4_Bvp 1569258640,92803 0,06155396
E4_Bvp 1569258640,94365 0,4380341
E4_Bvp 1569258640,95928 1,074539
E4_Bvp 1569258640,97491 1,84491
E4_Bvp 1569258640,99053 2,444534
E4_Bvp 1569258641,00616 2,51239
E4_Bvp 1569258641,02178 1,786728
E4_Bvp 1569258641,03741 0,1935272
E4_Bvp 1569258641,05303 -2,120605
E4_Bvp 1569258641,06866 -4,871124
E4_Bvp 1569258641,08429 -7,662582
E4_Bvp 1569258641,09991 -10,11356
E4_Bvp 1569258641,11554 -11,95073
E4_Bvp 1569258641,13116 -13,08214
E4_Bvp 1569258641,14679 -13,72694
E4_Bvp 1569258641,16241 -14,27698
E4_Bvp 1569258641,17804 -15,09018
E4_Bvp 1569258641,19367 -16,19659
E4_Bvp 1569258641,20929 -17,16423
E4_Bvp 1569258641,22492 -17,25629
E4_Bvp 1569258641,24054 -15,83545
E4_Bvp 1569258641,25617 -12,78574
E4_Bvp 1569258641,27179 -8,655609
E4_Bvp 1569258641,28742 -4,484161
E4_Bvp 1569258641,30305 -1,271988
E4_Bvp 1569258641,31867 0,4524078
E4_Bvp 1569258641,3343 0,8270874
E4_Bvp 1569258641,34992 0,4433746
E4_Bvp 1569258641,36555 -0,1000366
E4_Bvp 1569258641,38117 -0,5688477
E4_Bvp 1569258641,3968 -1,154709
E4_Bvp 1569258641,41243 -2,292175
E4_Bvp 1569258641,42805 -4,308975
E4_Bvp 1569258641,44368 -7,156265
E4_Bvp 1569258641,4593 -10,38795
E4_Bvp 1569258641,47493 -13,35486
E4_Bvp 1569258641,49055 -15,50273
E4_Bvp 1569258641,50618 -16,55794
E4_Bvp 1569258641,52181 -16,61168
E4_Bvp 1569258641,53743 -15,99448
E4_Bvp 1569258641,55306 -15,09044
E4_Bvp 1569258641,56868 -14,21666
E4_Bvp 1569258641,58431 -13,536
E4_Bvp 1569258641,59993 -13,07784
E4_Bvp 1569258641,61556 -12,85037
E4_Bvp 1569258641,63119 -12,85402
E4_Bvp 1569258641,64681 -13,09459
E4_Bvp 1569258641,66244 -13,60809
E4_Bvp 1569258641,67806 -14,40619
E4_Bvp 1569258641,69369 -15,46277
E4_Bvp 1569258641,70931 -16,72035
E4_Bvp 1569258641,72494 -18,11728
E4_Bvp 1569258641,74057 -19,58528
E4_Bvp 1569258641,75619 -21,07542
E4_Bvp 1569258641,77182 -22,49193
E4_Bvp 1569258641,78744 -23,65663
E4_Bvp 1569258641,80307 -24,31854
E4_Bvp 1569258641,81869 -24,15387
E4_Bvp 1569258641,83432 -22,85989
E4_Bvp 1569258641,84995 -20,23869
E4_Bvp 1569258641,86557 -16,32433
E4_Bvp 1569258641,8812 -11,45343
E4_Bvp 1569258641,89682 -6,183716
E4_Bvp 1569258641,91245 -1,121857
E4_Bvp 1569258641,92807 3,24675
E4_Bvp 1569258641,9437 6,689301
E4_Bvp 1569258641,95933 9,244049
E4_Bvp 1569258641,97495 11,07034
E4_Bvp 1569258641,99058 12,31039
E4_Bvp 1569258642,0062 12,96622
E4_Bvp 1569258642,02183 12,94516
E4_Bvp 1569258642,03746 12,12793
E4_Bvp 1569258642,05308 10,52347
E4_Bvp 1569258642,06871 8,278397
E4_Bvp 1569258642,08433 5,600098
E4_Bvp 1569258642,09996 2,685959
E4_Bvp 1569258642,11558 -0,415451
E4_Gsr 1569258640,731 1,272545
E4_Gsr 1569258640,981 1,261014
E4_Gsr 1569258641,231 1,246921
E4_Gsr 1569258641,481 1,226422
E4_Gsr 1569258641,731 1,193112
E4_Gsr 1569258641,981 1,172613
E4_Bvp 1569258642,13121 -3,769943
E4_Bvp 1569258642,14684 -7,417572
E4_Bvp 1569258642,16246 -11,19666
E4_Bvp 1569258642,17809 -14,6768
E4_Bvp 1569258642,19371 -17,2048
E4_Bvp 1569258642,20934 -18,14046
E4_Bvp 1569258642,22496 -17,20461
E4_Bvp 1569258642,24059 -14,64674
E4_Bvp 1569258642,25622 -11,30301
E4_Bvp 1569258642,27184 -8,30452
E4_Bvp 1569258642,28747 -6,6353
E4_Bvp 1569258642,30309 -6,721924
E4_Bvp 1569258642,31872 -8,250076
E4_Bvp 1569258642,33434 -10,34416
E4_Bvp 1569258642,34997 -11,9574
E4_Bvp 1569258642,3656 -12,34023
E4_Bvp 1569258642,38122 -11,32375
E4_Bvp 1569258642,39685 -9,293655
E4_Bvp 1569258642,41247 -6,882904
E4_Bvp 1569258642,4281 -4,650925
E4_Bvp 1569258642,44372 -2,881729
E4_Bvp 1569258642,45935 -1,581696
E4_Bvp 1569258642,47498 -0,6532745
E4_Bvp 1569258642,4906 0,00680542
E4_Bvp 1569258642,50623 0,4555664
E4_Bvp 1569258642,52185 0,8498535
E4_Bvp 1569258642,53748 1,514145
E4_Bvp 1569258642,5531 2,840134
E4_Bvp 1569258642,56873 5,088577
E4_Bvp 1569258642,58436 8,081467
E4_Bvp 1569258642,59998 11,14906
E4_Bvp 1569258642,61561 13,31779
E4_Bvp 1569258642,63123 13,79922
E4_Bvp 1569258642,64686 12,40366
E4_Bvp 1569258642,66248 9,731949
E4_Bvp 1569258642,67811 6,917236
E4_Bvp 1569258642,69374 5,066788
E4_Bvp 1569258642,70936 4,713287
E4_Bvp 1569258642,72499 5,541946
E4_Bvp 1569258642,74061 6,629181
E4_Bvp 1569258642,75624 6,9366
E4_Bvp 1569258642,77186 5,931549
E4_Bvp 1569258642,78749 3,837799
E4_Bvp 1569258642,80312 1,48877
E4_Temperature 1569258641,10538 28,85
E4_Temperature 1569258641,35539 28,85
E4_Temperature 1569258641,6054 28,85
E4_Temperature 1569258641,85541 28,85
E4_Temperature 1569258642,10542 28,83
E4_Temperature 1569258642,35544 28,83
E4_Temperature 1569258642,60545 28,83
E4_Temperature 1569258642,85546 28,83
E4_Bvp 1569258642,81874 -0,1736603
E4_Bvp 1569258642,83437 -0,6146545
E4_Bvp 1569258642,84999 0,02583313
E4_Bvp 1569258642,86562 1,094116
E4_Bvp 1569258642,88124 1,842087
E4_Bvp 1569258642,89687 1,837708
E4_Bvp 1569258642,9125 1,158447
E4_Bvp 1569258642,92812 0,2150269
E4_Bvp 1569258642,94375 -0,5878754
E4_Bvp 1569258642,95937 -1,15123
E4_Bvp 1569258642,975 -1,761948
E4_Bvp 1569258642,99062 -2,839828
E4_Bvp 1569258643,00625 -4,63855
E4_Bvp 1569258643,02188 -7,032913
E4_Bvp 1569258643,0375 -9,454254
E4_Bvp 1569258643,05313 -11,19061
E4_Bvp 1569258643,06875 -11,65009
E4_Bvp 1569258643,08438 -10,60893
E4_Bvp 1569258643,1 -8,20314
E4_Bvp 1569258643,11563 -4,812851
E4_Bvp 1569258643,13126 -0,856369
E4_Bvp 1569258643,14688 3,294983
E4_Bvp 1569258643,16251 7,34967
E4_Bvp 1569258643,17813 11,03885
E4_Bvp 1569258643,19376 14,06252
E4_Bvp 1569258643,20938 16,09427
E4_Bvp 1569258643,22501 16,9079
E4_Bvp 1569258643,24064 16,48808
E4_Bvp 1569258643,25626 15,05687
E4_Bvp 1569258643,27189 13,06102
E4_Bvp 1569258643,28751 10,98734
E4_Bvp 1569258643,30314 9,210846
E4_Bvp 1569258643,31876 7,90152
E4_Bvp 1569258643,33439 6,986435
E4_Bvp 1569258643,35002 6,191711
E4_Bvp 1569258643,36564 5,235992
E4_Bvp 1569258643,38127 3,960205
E4_Bvp 1569258643,39689 2,429199
E4_Bvp 1569258643,41252 0,9442596
E4_Bvp 1569258643,42814 -0,07191467
E4_Bvp 1569258643,44377 -0,2687531
E4_Bvp 1569258643,4594 0,3894196
E4_Bvp 1569258643,47502 1,524673
E4_Bvp 1569258643,49065 2,378067
E4_Bvp 1569258643,50627 2,147614
E4_Bvp 1569258643,5219 0,3299408
E4_Bvp 1569258643,53752 -3,021759
E4_Bvp 1569258643,55315 -7,254486
E4_Bvp 1569258643,56878 -11,41708
E4_Bvp 1569258643,5844 -14,68571
E4_Bvp 1569258643,60003 -16,71858
E4_Bvp 1569258643,61565 -17,79195
E4_Bvp 1569258643,63128 -18,61606
E4_Bvp 1569258643,6469 -19,96765
E4_Bvp 1569258643,66253 -22,3541
E4_Gsr 1569258642,231 1,175175
E4_Gsr 1569258642,481 1,185424
E4_Gsr 1569258642,731 1,1803
E4_Gsr 1569258642,981 1,161082
E4_Gsr 1569258643,231 1,141864
E4_Gsr 1569258643,481 1,13674
E4_Bvp 1569258643,67816 -25,85883
E4_Bvp 1569258643,69378 -30,05243
E4_Bvp 1569258643,70941 -34,08475
E4_Bvp 1569258643,72503 -36,76617
E4_Bvp 1569258643,74066 -36,77795
E4_Bvp 1569258643,75628 -33,04018
E4_Bvp 1569258643,77191 -25,17314
E4_Bvp 1569258643,78754 -13,88034
E4_Bvp 1569258643,80316 -1,045547
E4_Bvp 1569258643,81879 10,77814
E4_Bvp 1569258643,83441 19,23019
E4_Bvp 1569258643,85004 22,9792
E4_Bvp 1569258643,86566 22,19609
E4_Bvp 1569258643,88129 18,27129
E4_Bvp 1569258643,89692 13,06035
E4_Bvp 1569258643,91254 8,022446
E4_Bvp 1569258643,92817 3,80191
E4_Bvp 1569258643,94379 0,3347931
E4_Bvp 1569258643,95942 -2,609863
E4_Bvp 1569258643,97504 -4,965073
E4_Bvp 1569258643,99067 -6,35318
E4_Bvp 1569258644,0063 -6,453018
E4_Bvp 1569258644,02192 -5,476868
E4_Bvp 1569258644,03755 -4,432663
E4_Bvp 1569258644,05317 -4,812363
E4_Bvp 1569258644,0688 -7,946289
E4_Bvp 1569258644,08442 -14,3739
E4_Bvp 1569258644,10005 -23,44925
E4_Bvp 1569258644,11568 -33,43265
E4_Bvp 1569258644,1313 -41,99593
E4_Bvp 1569258644,14693 -46,87436
E4_Bvp 1569258644,16255 -46,50455
E4_Bvp 1569258644,17818 -40,46843
E4_Bvp 1569258644,1938 -29,55864
E4_Bvp 1569258644,20943 -15,55743
E4_Bvp 1569258644,22506 -0,7246552
E4_Bvp 1569258644,24068 12,91673
E4_Bvp 1569258644,25631 24,13943
E4_Bvp 1569258644,27193 32,71573
E4_Bvp 1569258644,28756 39,29497
E4_Bvp 1569258644,30318 44,84058
E4_Bvp 1569258644,31881 50,12184
E4_Bvp 1569258644,33444 55,43216
E4_Bvp 1569258644,35006 60,61577
E4_Bvp 1569258644,36569 65,29933
E4_Bvp 1569258644,38131 69,18266
E4_Bvp 1569258644,39694 72,15019
E4_Bvp 1569258644,41256 74,17429
E4_Bvp 1569258644,42819 75,20685
E4_Bvp 1569258644,44382 75,00896
E4_Bvp 1569258644,45944 73,23326
E4_Bvp 1569258644,47507 69,54321
E4_Bvp 1569258644,49069 63,74248
E4_Bvp 1569258644,50632 55,96399
E4_Bvp 1569258644,52195 46,69795
E4_Bvp 1569258644,53757 36,70879
E4_Bvp 1569258644,5532 26,84966
E4_Bvp 1569258644,56882 17,91098
E4_Bvp 1569258644,58445 10,41043
E4_Bvp 1569258644,60007 4,535034
E4_Bvp 1569258644,6157 0,1690674
E4_Bvp 1569258644,63133 -3,003922
E4_Bvp 1569258644,64695 -5,312943
E4_Bvp 1569258644,66258 -7,041992
E4_Bvp 1569258644,6782 -8,376999
E4_Bvp 1569258644,69383 -9,462143
E4_Bvp 1569258644,70945 -10,41479
E4_Bvp 1569258644,72508 -11,37448
E4_Bvp 1569258644,74071 -12,50616
E4_Bvp 1569258644,75633 -13,98077
E4_Bvp 1569258644,77196 -15,97864
E4_Bvp 1569258644,78758 -18,59407
E4_Bvp 1569258644,80321 -21,7831
E4_Bvp 1569258644,81883 -25,29189
E4_Bvp 1569258644,83446 -28,73109
E4_Bvp 1569258644,85009 -31,68272
E4_Bvp 1569258644,86571 -33,92798
E4_Temperature 1569258643,10547 28,81
E4_Temperature 1569258643,35548 28,81
E4_Temperature 1569258643,60549 28,81
E4_Temperature 1569258643,85551 28,81
E4_Temperature 1569258644,10552 28,81
E4_Temperature 1569258644,35553 28,81
E4_Temperature 1569258644,60554 28,81
E4_Temperature 1569258644,85555 28,81
E4_Bvp 1569258644,88134 -35,51888
E4_Bvp 1569258644,89696 -36,74478
E4_Bvp 1569258644,91259 -37,97815
E4_Bvp 1569258644,92821 -39,37601
E4_Bvp 1569258644,94384 -40,81247
E4_Bvp 1569258644,95947 -41,85999
E4_Bvp 1569258644,97509 -42,00916
E4_Bvp 1569258644,99072 -40,91783
E4_Bvp 1569258645,00634 -38,55757
E4_Bvp 1569258645,02197 -35,21892
E4_Bvp 1569258645,03759 -31,32298
E4_Bvp 1569258645,05322 -27,28564
E4_Bvp 1569258645,06885 -23,35316
E4_Bvp 1569258645,08447 -19,65996
E4_Bvp 1569258645,1001 -16,25903
E4_Bvp 1569258645,11572 -13,20531
E4_Bvp 1569258645,13135 -10,57161
E4_Bvp 1569258645,14697 -8,38945
E4_Bvp 1569258645,1626 -6,66275
E4_Bvp 1569258645,17823 -5,314102
E4_Bvp 1569258645,19385 -4,224106
E4_Bvp 1569258645,20948 -3,279175
E4_Gsr 1569258643,731 1,131615
E4_Gsr 1569258643,981 1,120084
E4_Gsr 1569258644,231 1,10471
E4_Gsr 1569258644,481 1,098305
E4_Gsr 1569258644,731 1,089336
E4_Gsr 1569258644,981 1,081649
E4_Bvp 1569258645,2251 -2,422318
E4_Bvp 1569258645,24073 -1,645874
E4_Bvp 1569258645,25635 -1,016907
E4_Bvp 1569258645,27198 -0,6171112
E4_Bvp 1569258645,28761 -0,4918976
E4_Bvp 1569258645,30323 -0,6248779
E4_Bvp 1569258645,31886 -0,9233246
E4_Bvp 1569258645,33448 -1,257339
E4_Bvp 1569258645,35011 -1,506561
E4_Bvp 1569258645,36573 -1,655029
E4_Bvp 1569258645,38136 -1,745468
E4_Bvp 1569258645,39699 -1,870834
E4_Bvp 1569258645,41261 -2,103378
E4_Bvp 1569258645,42824 -2,394958
E4_Bvp 1569258645,44386 -2,658249
E4_Bvp 1569258645,45949 -2,783173
E4_Bvp 1569258645,47511 -2,736359
E4_Bvp 1569258645,49074 -2,600128
E4_Bvp 1569258645,50637 -2,534729
E4_Bvp 1569258645,52199 -2,749954
E4_Bvp 1569258645,53762 -3,41951
E4_Bvp 1569258645,55324 -4,643112
E4_Bvp 1569258645,56887 -6,364029
E4_Bvp 1569258645,58449 -8,416855
E4_Bvp 1569258645,60012 -10,48705
E4_Bvp 1569258645,61575 -12,17587
E4_Bvp 1569258645,63137 -13,12724
E4_Bvp 1569258645,647 -13,11055
E4_Bvp 1569258645,66262 -12,11594
E4_Bvp 1569258645,67825 -10,37219
E4_Bvp 1569258645,69387 -8,234451
E4_Bvp 1569258645,7095 -6,021667
E4_Bvp 1569258645,72513 -3,980865
E4_Bvp 1569258645,74075 -2,197403
E4_Bvp 1569258645,75638 -0,6747284
E4_Bvp 1569258645,772 0,6095886
E4_Bvp 1569258645,78763 1,643127
E4_Bvp 1569258645,80325 2,418121
E4_Bvp 1569258645,81888 2,925446
E4_Bvp 1569258645,83451 3,226807
E4_Bvp 1569258645,85013 3,422211
E4_Bvp 1569258645,86576 3,635147
E4_Bvp 1569258645,88138 3,981339
E4_Bvp 1569258645,89701 4,49733
E4_Bvp 1569258645,91263 5,121048
E4_Bvp 1569258645,92826 5,712494
E4_Bvp 1569258645,94389 6,136093
E4_Bvp 1569258645,95951 6,303726
E4_Bvp 1569258645,97514 6,221191
E4_Bvp 1569258645,99076 5,935043
E4_Bvp 1569258646,00639 5,518646
E4_Bvp 1569258646,02201 5,002869
E4_Bvp 1569258646,03764 4,333054
E4_Bvp 1569258646,05327 3,423248
E4_Bvp 1569258646,06889 2,217331
E4_Bvp 1569258646,08452 0,7224121
E4_Bvp 1569258646,10014 -0,9861755
E4_Bvp 1569258646,11577 -2,770599
E4_Bvp 1569258646,13139 -4,514603
E4_Bvp 1569258646,14702 -6,114685
E4_Bvp 1569258646,16265 -7,516304
E4_Bvp 1569258646,17827 -8,735077
E4_Bvp 1569258646,1939 -9,808365
E4_Bvp 1569258646,20952 -10,77081
E4_Bvp 1569258646,22515 -11,62667
E4_Bvp 1569258646,24077 -12,31065
E4_Bvp 1569258646,2564 -12,62502
E4_Bvp 1569258646,27203 -12,31062
E4_Bvp 1569258646,28765 -11,122
E4_Bvp 1569258646,30328 -8,98114
E4_Bvp 1569258646,3189 -6,037415
E4_Bvp 1569258646,33453 -2,597244
E4_Bvp 1569258646,35015 0,9071045
E4_Bvp 1569258646,36578 4,085281
E4_Bvp 1569258646,38141 6,680031
E4_Bvp 1569258646,39703 8,596176
E4_Bvp 1569258646,41266 9,853447
E4_Bvp 1569258646,42828 10,5348
E4_Bvp 1569258646,44391 10,7151
E4_Bvp 1569258646,45953 10,45452
E4_Bvp 1569258646,47516 9,857117
E4_Bvp 1569258646,49079 9,017288
E4_Bvp 1569258646,50641 8,042938
E4_Bvp 1569258646,52204 7,078323
E4_Bvp 1569258646,53766 6,238365
E4_Bvp 1569258646,55329 5,602005
E4_Bvp 1569258646,56891 5,23642
E4_Bvp 1569258646,58454 5,135155
E4_Gsr 1569258645,231 1,0714
E4_Gsr 1569258645,481 1,062431
E4_Gsr 1569258645,731 1,050901
E4_Gsr 1569258645,981 1,043214
E4_Gsr 1569258646,231 1,043214
E4_Gsr 1569258646,481 1,052182
E4_Bvp 1569258646,60017 5,217972
E4_Bvp 1569258646,61579 5,38755
E4_Bvp 1569258646,63142 5,477333
E4_Bvp 1569258646,64704 5,354958
E4_Bvp 1569258646,66267 4,975685
E4_Bvp 1569258646,67829 4,345787
E4_Bvp 1569258646,69392 3,527641
E4_Bvp 1569258646,70955 2,632301
E4_Bvp 1569258646,72517 1,78323
E4_Bvp 1569258646,7408 1,015732
E4_Bvp 1569258646,75642 0,3418236
E4_Temperature 1569258645,10556 28,81
E4_Temperature 1569258645,35557 28,81
E4_Temperature 1569258645,60559 28,81
E4_Temperature 1569258645,8556 28,81
E4_Temperature 1569258646,10561 28,83
E4_Temperature 1569258646,35562 28,83
E4_Temperature 1569258646,60563 28,83
E4_Temperature 1569258646,85564 28,83
E4_Bvp 1569258646,77205 -0,2980804
E4_Bvp 1569258646,78767 -0,9707489
E4_Bvp 1569258646,8033 -1,744446
E4_Bvp 1569258646,81893 -2,708893
E4_Bvp 1569258646,83455 -3,922455
E4_Bvp 1569258646,85018 -5,392067
E4_Bvp 1569258646,8658 -7,020237
E4_Bvp 1569258646,88143 -8,580357
E4_Bvp 1569258646,89706 -9,709747
E4_Bvp 1569258646,91268 -10,04364
E4_Bvp 1569258646,92831 -9,320045
E4_Bvp 1569258646,94393 -7,507465
E4_Bvp 1569258646,95956 -4,84938
E4_Bvp 1569258646,97518 -1,751675
E4_Bvp 1569258646,99081 1,325439
E4_Bvp 1569258647,00644 4,008015
E4_Bvp 1569258647,02206 6,10017
E4_Bvp 1569258647,03769 7,549477
E4_Bvp 1569258647,05331 8,397268
E4_Bvp 1569258647,06894 8,736691
E4_Bvp 1569258647,08456 8,681473
E4_Bvp 1569258647,10019 8,365002
E4_Bvp 1569258647,11582 7,948725
E4_Bvp 1569258647,13144 7,543507
E4_Bvp 1569258647,14707 7,186632
E4_Bvp 1569258647,16269 6,846613
E4_Bvp 1569258647,17832 6,476891
E4_Bvp 1569258647,19394 6,055897
E4_Bvp 1569258647,20957 5,631905
E4_Bvp 1569258647,2252 5,292827
E4_Bvp 1569258647,24082 5,076369
E4_Bvp 1569258647,25645 4,922001
E4_Bvp 1569258647,27207 4,713375
E4_Bvp 1569258647,2877 4,32072
E4_Bvp 1569258647,30332 3,714458
E4_Bvp 1569258647,31895 2,963609
E4_Bvp 1569258647,33458 2,189752
E4_Bvp 1569258647,3502 1,501787
E4_Bvp 1569258647,36583 0,9226133
E4_Bvp 1569258647,38145 0,3987308
E4_Bvp 1569258647,39708 -0,1750903
E4_Bvp 1569258647,4127 -0,8878899
E4_Bvp 1569258647,42833 -1,767179
E4_Bvp 1569258647,44396 -2,791986
E4_Bvp 1569258647,45958 -3,908307
E4_Bvp 1569258647,47521 -5,019143
E4_Bvp 1569258647,49083 -5,990335
E4_Bvp 1569258647,50646 -6,686234
E4_Bvp 1569258647,52208 -6,945415
E4_Bvp 1569258647,53771 -6,672979
E4_Bvp 1569258647,55334 -5,841965
E4_Bvp 1569258647,56896 -4,463154
E4_Bvp 1569258647,58459 -2,657131
E4_Bvp 1569258647,60021 -0,5929356
E4_Bvp 1569258647,61584 1,525061
E4_Bvp 1569258647,63146 3,468357
E4_Bvp 1569258647,64709 5,031193
E4_Bvp 1569258647,66272 6,10714
E4_Bvp 1569258647,67834 6,673393
E4_Bvp 1569258647,69397 6,79351
E4_Bvp 1569258647,70959 6,586533
E4_Bvp 1569258647,72522 6,144806
E4_Bvp 1569258647,74084 5,549507
E4_Bvp 1569258647,75647 4,876781
E4_Bvp 1569258647,7721 4,240082
E4_Bvp 1569258647,78772 3,75087
E4_Bvp 1569258647,80335 3,507599
E4_Bvp 1569258647,81897 3,539425
E4_Bvp 1569258647,8346 3,774666
E4_Bvp 1569258647,85022 4,094364
E4_Bvp 1569258647,86585 4,362915
E4_Bvp 1569258647,88148 4,498013
E4_Bvp 1569258647,8971 4,460293
E4_Bvp 1569258647,91273 4,244247
E4_Bvp 1569258647,92835 3,793644
E4_Bvp 1569258647,94398 3,078217
E4_Bvp 1569258647,9596 2,054363
E4_Bvp 1569258647,97523 0,7425919
E4_Bvp 1569258647,99086 -0,7679672
E4_Bvp 1569258648,00648 -2,354237
E4_Bvp 1569258648,02211 -3,91584
E4_Bvp 1569258648,03773 -5,420879
E4_Bvp 1569258648,05336 -6,887177
E4_Bvp 1569258648,06898 -8,302261
E4_Bvp 1569258648,08461 -9,521629
E4_Bvp 1569258648,10024 -10,29938
E4_Bvp 1569258648,11586 -10,33792
E4_Bvp 1569258648,13149 -9,485191
E4_Gsr 1569258646,731 1,072681
E4_Gsr 1569258646,981 1,10471
E4_Gsr 1569258647,231 1,172613
E4_Gsr 1569258647,481 1,243077
E4_Gsr 1569258647,731 1,312261
E4_Gsr 1569258647,981 1,382726
E4_Bvp 1569258648,14711 -7,814949
E4_Bvp 1569258648,16274 -5,623741
E4_Bvp 1569258648,17836 -3,306236
E4_Bvp 1569258648,19399 -1,171448
E4_Bvp 1569258648,20962 0,6756592
E4_Bvp 1569258648,22524 2,30603
E4_Bvp 1569258648,24087 3,80761
E4_Bvp 1569258648,25649 5,192406
E4_Bvp 1569258648,27212 6,36969
E4_Bvp 1569258648,28774 7,199203
E4_Bvp 1569258648,30337 7,606377
E4_Bvp 1569258648,319 7,658638
E4_Bvp 1569258648,33462 7,496864
E4_Bvp 1569258648,35025 7,243706
E4_Bvp 1569258648,36587 6,956337
E4_Bvp 1569258648,3815 6,622604
E4_Bvp 1569258648,39712 6,229568
E4_Bvp 1569258648,41275 5,832848
E4_Bvp 1569258648,42838 5,485916
E4_Bvp 1569258648,444 5,218956
E4_Bvp 1569258648,45963 4,964371
E4_Bvp 1569258648,47525 4,603401
E4_Bvp 1569258648,49088 4,043915
E4_Bvp 1569258648,5065 3,271881
E4_Bvp 1569258648,52213 2,395653
E4_Bvp 1569258648,53776 1,553871
E4_Bvp 1569258648,55338 0,859581
E4_Bvp 1569258648,56901 0,3070145
E4_Bvp 1569258648,58463 -0,2047501
E4_Bvp 1569258648,60026 -0,8456116
E4_Bvp 1569258648,61588 -1,741867
E4_Bvp 1569258648,63151 -2,946053
E4_Bvp 1569258648,64714 -4,398445
E4_Bvp 1569258648,66276 -5,977661
E4_Bvp 1569258648,67839 -7,493729
E4_Bvp 1569258648,69401 -8,733215
E4_Bvp 1569258648,70964 -9,491653
E4_Bvp 1569258648,72526 -9,603897
E4_Bvp 1569258648,74089 -8,982918
E4_Bvp 1569258648,75652 -7,661568
E4_Bvp 1569258648,77214 -5,754013
E4_Bvp 1569258648,78777 -3,454422
E4_Bvp 1569258648,80339 -1,019058
E4_Bvp 1569258648,81902 1,300842
E4_Temperature 1569258647,10566 28,79
E4_Temperature 1569258647,35567 28,79
E4_Temperature 1569258647,60568 28,79
E4_Temperature 1569258647,85569 28,79
E4_Temperature 1569258648,1057 28,83
E4_Temperature 1569258648,35571 28,83
E4_Temperature 1569258648,60573 28,83
E4_Temperature 1569258648,85574 28,83
E4_Bvp 1569258648,83464 3,31395
E4_Bvp 1569258648,85027 4,893974
E4_Bvp 1569258648,8659 6,032845
E4_Bvp 1569258648,88152 6,753716
E4_Bvp 1569258648,89715 7,123817
E4_Bvp 1569258648,91277 7,228958
E4_Bvp 1569258648,9284 7,153473
E4_Bvp 1569258648,94402 6,990646
E4_Bvp 1569258648,95965 6,863052
E4_Bvp 1569258648,97528 6,816162
E4_Bvp 1569258648,9909 6,85997
E4_Bvp 1569258649,00653 6,926559
E4_Bvp 1569258649,02215 6,920197
E4_Bvp 1569258649,03778 6,751038
E4_Bvp 1569258649,05341 6,401672
E4_Bvp 1569258649,06903 5,888977
E4_Bvp 1569258649,08466 5,258865
E4_Bvp 1569258649,10028 4,588531
E4_Bvp 1569258649,11591 3,916016
E4_Bvp 1569258649,13153 3,295853
E4_Bvp 1569258649,14716 2,757141
E4_Bvp 1569258649,16279 2,283875
E4_Bvp 1569258649,17841 1,788345
E4_Bvp 1569258649,19404 1,182404
E4_Bvp 1569258649,20966 0,3671875
E4_Bvp 1569258649,22529 -0,7140961
E4_Bvp 1569258649,24091 -2,017776
E4_Bvp 1569258649,25654 -3,49144
E4_Bvp 1569258649,27217 -5,067719
E4_Bvp 1569258649,28779 -6,712265
E4_Bvp 1569258649,30342 -8,356079
E4_Bvp 1569258649,31904 -9,893341
E4_Bvp 1569258649,33467 -11,08554
E4_Bvp 1569258649,35029 -11,63979
E4_Bvp 1569258649,36592 -11,31758
E4_Bvp 1569258649,38155 -10,04778
E4_Bvp 1569258649,39717 -7,995285
E4_Bvp 1569258649,4128 -5,483673
E4_Bvp 1569258649,42842 -2,84761
E4_Bvp 1569258649,44405 -0,3214417
E4_Bvp 1569258649,45967 1,994812
E4_Bvp 1569258649,4753 4,089417
E4_Bvp 1569258649,49093 5,954315
E4_Bvp 1569258649,50655 7,48851
E4_Bvp 1569258649,52218 8,578918
E4_Bvp 1569258649,5378 9,143112
E4_Bvp 1569258649,55343 9,204285
E4_Bvp 1569258649,56905 8,950699
E4_Bvp 1569258649,58468 8,636429
E4_Bvp 1569258649,60031 8,470947
E4_Bvp 1569258649,61593 8,510117
E4_Bvp 1569258649,63156 8,639648
E4_Bvp 1569258649,64718 8,65416
E4_Bvp 1569258649,66281 8,40712
E4_Bvp 1569258649,67843 7,850494
E4_Gsr 1569258648,231 1,413474
E4_Gsr 1569258648,481 1,426286
E4_Gsr 1569258648,731 1,428848
E4_Gsr 1569258648,981 1,416036
E4_Gsr 1569258649,231 1,400662
E4_Gsr 1569258649,481 1,35454
E4_Bvp 1569258649,69406 7,052994
E4_Bvp 1569258649,70969 6,138702
E4_Bvp 1569258649,72531 5,187195
E4_Bvp 1569258649,74094 4,186295
E4_Bvp 1569258649,75656 3,089767
E4_Bvp 1569258649,77219 1,845062
E4_Bvp 1569258649,78781 0,4758911
E4_Bvp 1569258649,80344 -0,8788757
E4_Bvp 1569258649,81907 -2,069809
E4_Bvp 1569258649,83469 -2,984299
E4_Bvp 1569258649,85032 -3,605255
E4_Bvp 1569258649,86594 -4,044693
E4_Bvp 1569258649,88157 -4,471283
E4_Bvp 1569258649,89719 -5,021835
E4_Bvp 1569258649,91282 -5,773544
E4_Bvp 1569258649,92845 -6,722656
E4_Bvp 1569258649,94407 -7,736206
E4_Bvp 1569258649,9597 -8,640045
E4_Bvp 1569258649,97532 -9,216904
E4_Bvp 1569258649,99095 -9,26358
E4_Bvp 1569258650,00657 -8,612152
E4_Bvp 1569258650,0222 -7,225052
E4_Bvp 1569258650,03783 -5,171524
E4_Bvp 1569258650,05345 -2,68602
E4_Bvp 1569258650,06908 -0,1142273
E4_Bvp 1569258650,0847 2,211365
E4_Bvp 1569258650,10033 4,033188
E4_Bvp 1569258650,11595 5,286697
E4_Bvp 1569258650,13158 6,037659
E4_Bvp 1569258650,14721 6,42131
E4_Bvp 1569258650,16283 6,526489
E4_Bvp 1569258650,17846 6,363205
E4_Bvp 1569258650,19408 5,877716
E4_Bvp 1569258650,20971 5,028885
E4_Bvp 1569258650,22533 3,859619
E4_Bvp 1569258650,24096 2,502792
E4_Bvp 1569258650,25659 1,164795
E4_Bvp 1569258650,27221 0,05184937
E4_Bvp 1569258650,28784 -0,7082825
E4_Bvp 1569258650,30346 -1,084076
E4_Bvp 1569258650,31909 -1,190689
E4_Bvp 1569258650,33471 -1,221848
E4_Bvp 1569258650,35034 -1,433792
E4_Bvp 1569258650,36597 -2,04599
E4_Bvp 1569258650,38159 -3,177994
E4_Bvp 1569258650,39722 -4,796158
E4_Bvp 1569258650,41284 -6,692169
E4_Bvp 1569258650,42847 -8,626709
E4_Bvp 1569258650,44409 -10,38289
E4_Bvp 1569258650,45972 -11,87926
E4_Bvp 1569258650,47535 -13,14677
E4_Bvp 1569258650,49097 -14,37074
E4_Bvp 1569258650,5066 -15,75786
E4_Bvp 1569258650,52222 -17,54185
E4_Bvp 1569258650,53785 -19,85999
E4_Bvp 1569258650,55347 -22,69
E4_Bvp 1569258650,5691 -25,77768
E4_Bvp 1569258650,58473 -28,62323
E4_Bvp 1569258650,60035 -30,64932
E4_Bvp 1569258650,61598 -31,32436
E4_Bvp 1569258650,6316 -30,3737
E4_Bvp 1569258650,64723 -27,86656
E4_Bvp 1569258650,66285 -24,12309
E4_Bvp 1569258650,67848 -19,54929
E4_Bvp 1569258650,69411 -14,47083
E4_Bvp 1569258650,70973 -8,994171
E4_Temperature 1569258649,10575 28,83
E4_Temperature 1569258649,35576 28,83
E4_Temperature 1569258649,60577 28,83
E4_Temperature 1569258649,85578 28,83
E4_Temperature 1569258650,10579 28,81
E4_Temperature 1569258650,35581 28,81
E4_Temperature 1569258650,60582 28,81
E4_Temperature 1569258650,85583 28,81
E4_Bvp 1569258650,72536 -2,992889
E4_Bvp 1569258650,74098 3,79892
E4_Bvp 1569258650,75661 11,65094
E4_Bvp 1569258650,77223 20,69189
E4_Bvp 1569258650,78786 30,77887
E4_Bvp 1569258650,80349 41,45563
E4_Bvp 1569258650,81911 51,95398
E4_Bvp 1569258650,83474 61,33316
E4_Bvp 1569258650,85036 68,66537
E4_Bvp 1569258650,86599 73,30383
E4_Bvp 1569258650,88161 75,01321
E4_Bvp 1569258650,89724 74,01437
E4_Bvp 1569258650,91287 70,86469
E4_Bvp 1569258650,92849 66,2645
E4_Bvp 1569258650,94412 60,80554
E4_Bvp 1569258650,95974 54,89502
E4_Bvp 1569258650,97537 48,70776
E4_Bvp 1569258650,99099 42,24554
E4_Bvp 1569258651,00662 35,50308
E4_Bvp 1569258651,02225 28,51422
E4_Bvp 1569258651,03787 21,43747
E4_Bvp 1569258651,0535 14,50903
E4_Bvp 1569258651,06912 7,974762
E4_Bvp 1569258651,08475 2,005035
E4_Bvp 1569258651,10037 -3,340668
E4_Bvp 1569258651,116 -8,117126
E4_Bvp 1569258651,13163 -12,39359
E4_Bvp 1569258651,14725 -16,17419
E4_Bvp 1569258651,16288 -19,36252
E4_Bvp 1569258651,1785 -21,75967
E4_Bvp 1569258651,19413 -23,17307
E4_Bvp 1569258651,20975 -23,53247
E4_Bvp 1569258651,22538 -22,92603
E4_Gsr 1569258649,731 1,307136
E4_Gsr 1569258649,981 1,281513
E4_Gsr 1569258650,231 1,281513
E4_Gsr 1569258650,481 1,298168
E4_Gsr 1569258650,731 1,286637
E4_Gsr 1569258650,981 1,280232
E4_Bvp 1569258651,24101 -21,60495
E4_Bvp 1569258651,25663 -19,88037
E4_Bvp 1569258651,27226 -18,00818
E4_Bvp 1569258651,28788 -16,14349
E4_Bvp 1569258651,30351 -14,36646
E4_Bvp 1569258651,31913 -12,75974
E4_Bvp 1569258651,33476 -11,45456
E4_Bvp 1569258651,35039 -10,65845
E4_Bvp 1569258651,36601 -10,53882
E4_Bvp 1569258651,38164 -11,13425
E4_Bvp 1569258651,39726 -12,30997
E4_Bvp 1569258651,41289 -13,7854
E4_Bvp 1569258651,42851 -15,1806
E4_Bvp 1569258651,44414 -16,16479
E4_Bvp 1569258651,45977 -16,49829
E4_Bvp 1569258651,47539 -16,09573
E4_Bvp 1569258651,49102 -15,06052
E4_Bvp 1569258651,50664 -13,60431
E4_Bvp 1569258651,52227 -12,05865
E4_Bvp 1569258651,53789 -10,77243
E4_Bvp 1569258651,55352 -10,05182
E4_Bvp 1569258651,56915 -10,02545
E4_Bvp 1569258651,58477 -10,6106
E4_Bvp 1569258651,6004 -11,52832
E4_Bvp 1569258651,61602 -12,44861
E4_Bvp 1569258651,63165 -13,1438
E4_Bvp 1569258651,64727 -13,61685
E4_Bvp 1569258651,6629 -14,09146
E4_Bvp 1569258651,67853 -14,90057
E4_Bvp 1569258651,69415 -16,30191
E4_Bvp 1569258651,70978 -18,35825
E4_Bvp 1569258651,7254 -20,888
E4_Bvp 1569258651,74103 -23,52103
E4_Bvp 1569258651,75666 -25,79803
E4_Bvp 1569258651,77228 -27,1947
E4_Bvp 1569258651,78791 -27,1749
E4_Bvp 1569258651,80353 -25,3013
E4_Bvp 1569258651,81916 -21,41183
E4_Bvp 1569258651,83478 -15,74951
E4_Bvp 1569258651,85041 -8,982178
E4_Bvp 1569258651,86604 -2,000793
E4_Bvp 1569258651,88166 4,49762
E4_Bvp 1569258651,89729 10,31195
E4_Bvp 1569258651,91291 15,81436
E4_Bvp 1569258651,92854 21,67145
E4_Bvp 1569258651,94416 28,37555
E4_Bvp 1569258651,95979 35,86212
E4_Bvp 1569258651,97542 43,46561
E4_Bvp 1569258651,99104 50,23285
E4_Bvp 1569258652,00667 55,3797
E4_Bvp 1569258652,02229 58,64413
E4_Bvp 1569258652,03792 60,29971
E4_Bvp 1569258652,05354 60,89703
E4_Bvp 1569258652,06917 60,87686
E4_Bvp 1569258652,0848 60,43414
E4_Bvp 1569258652,10042 59,53656
E4_Bvp 1569258652,11605 58,12335
E4_Bvp 1569258652,13167 56,27933
E4_Bvp 1569258652,1473 54,23438
E4_Bvp 1569258652,16292 52,27213
E4_Bvp 1569258652,17855 50,54077
E4_Bvp 1569258652,19418 49,01926
E4_Bvp 1569258652,2098 47,61536
E4_Bvp 1569258652,22543 46,37521
E4_Bvp 1569258652,24105 45,5502
E4_Bvp 1569258652,25668 45,46564
E4_Bvp 1569258652,2723 46,16974
E4_Bvp 1569258652,28793 47,18356
E4_Bvp 1569258652,30356 47,53073
E4_Bvp 1569258652,31918 46,07156
E4_Bvp 1569258652,33481 42,06384
E4_Bvp 1569258652,35043 35,53435
E4_Bvp 1569258652,36606 27,30013
E4_Bvp 1569258652,38168 18,56853
E4_Bvp 1569258652,39731 10,38205
E4_Bvp 1569258652,41294 3,2668
E4_Bvp 1569258652,42856 -2,812439
E4_Bvp 1569258652,44419 -8,11557
E4_Bvp 1569258652,45981 -12,78104
E4_Bvp 1569258652,47544 -16,68068
E4_Bvp 1569258652,49106 -19,52679
E4_Bvp 1569258652,50669 -21,09299
E4_Bvp 1569258652,52232 -21,44246
E4_Bvp 1569258652,53794 -20,91988
E4_Bvp 1569258652,55357 -19,98347
E4_Bvp 1569258652,56919 -19,02399
E4_Bvp 1569258652,58482 -18,22319
E4_Bvp 1569258652,60044 -17,57927
E4_Gsr 1569258651,231 1,273826
E4_Gsr 1569258651,481 1,264857
E4_Gsr 1569258651,731 1,304574
E4_Gsr 1569258651,981 1,377601
E4_Gsr 1569258652,231 1,454472
E4_Gsr 1569258652,481 1,509562
E4_Bvp 1569258652,61607 -17,00548
E4_Bvp 1569258652,6317 -16,46753
E4_Bvp 1569258652,64732 -16,03503
E4_Bvp 1569258652,66295 -15,86221
E4_Bvp 1569258652,67857 -16,09737
E4_Bvp 1569258652,6942 -16,79248
E4_Bvp 1569258652,70982 -17,82794
E4_Bvp 1569258652,72545 -18,92741
E4_Bvp 1569258652,74108 -19,76265
E4_Bvp 1569258652,7567 -20,07336
E4_Bvp 1569258652,77233 -19,78958
E4_Temperature 1569258651,10584 28,81
E4_Temperature 1569258651,35585 28,81
E4_Temperature 1569258651,60586 28,81
E4_Temperature 1569258651,85588 28,81
E4_Temperature 1569258652,10589 28,81
E4_Temperature 1569258652,3559 28,81
E4_Temperature 1569258652,60591 28,81
E4_Temperature 1569258652,85592 28,81
E4_Bvp 1569258652,78795 -19,08411
E4_Bvp 1569258652,80358 -18,33368
E4_Bvp 1569258652,8192 -17,96039
E4_Bvp 1569258652,83483 -18,26279
E4_Bvp 1569258652,85046 -19,26686
E4_Bvp 1569258652,86608 -20,70595
E4_Bvp 1569258652,88171 -22,10504
E4_Bvp 1569258652,89733 -22,99625
E4_Bvp 1569258652,91296 -23,13585
E4_Bvp 1569258652,92858 -22,61385
E4_Bvp 1569258652,94421 -21,75284
E4_Bvp 1569258652,95984 -20,84147
E4_Bvp 1569258652,97546 -19,91824
E4_Bvp 1569258652,99109 -18,74731
E4_Bvp 1569258653,00671 -16,98598
E4_Bvp 1569258653,02234 -14,49493
E4_Bvp 1569258653,03796 -11,47096
E4_Bvp 1569258653,05359 -8,432205
E4_Bvp 1569258653,06922 -5,936409
E4_Bvp 1569258653,08484 -4,326454
E4_Bvp 1569258653,10047 -3,569954
E4_Bvp 1569258653,11609 -3,349655
E4_Bvp 1569258653,13172 -3,2509
E4_Bvp 1569258653,14734 -2,978561
E4_Bvp 1569258653,16297 -2,378113
E4_Bvp 1569258653,1786 -1,379562
E4_Bvp 1569258653,19422 0,0746994
E4_Bvp 1569258653,20985 2,089165
E4_Bvp 1569258653,22547 4,728508
E4_Bvp 1569258653,2411 7,934486
E4_Bvp 1569258653,25672 11,38281
E4_Bvp 1569258653,27235 14,52591
E4_Bvp 1569258653,28798 16,72739
E4_Bvp 1569258653,3036 17,4773
E4_Bvp 1569258653,31923 16,62817
E4_Bvp 1569258653,33485 14,43872
E4_Bvp 1569258653,35048 11,55569
E4_Bvp 1569258653,3661 8,717628
E4_Bvp 1569258653,38173 6,488926
E4_Bvp 1569258653,39736 5,021912
E4_Bvp 1569258653,41298 4,014263
E4_Bvp 1569258653,42861 2,905453
E4_Bvp 1569258653,44423 1,102566
E4_Bvp 1569258653,45986 -1,722828
E4_Bvp 1569258653,47548 -5,56266
E4_Bvp 1569258653,49111 -10,05198
E4_Bvp 1569258653,50674 -14,61238
E4_Bvp 1569258653,52236 -18,63655
E4_Bvp 1569258653,53799 -21,64257
E4_Bvp 1569258653,55361 -23,45823
E4_Bvp 1569258653,56924 -24,22749
E4_Bvp 1569258653,58486 -24,42656
E4_Bvp 1569258653,60049 -24,64434
E4_Bvp 1569258653,61612 -25,37794
E4_Bvp 1569258653,63174 -26,7992
E4_Bvp 1569258653,64737 -28,70724
E4_Bvp 1569258653,66299 -30,63508
E4_Bvp 1569258653,67862 -32,0005
E4_Bvp 1569258653,69424 -32,34806
E4_Bvp 1569258653,70987 -31,38864
E4_Bvp 1569258653,7255 -29,05323
E4_Bvp 1569258653,74112 -25,38242
E4_Bvp 1569258653,75675 -20,51204
E4_Bvp 1569258653,77237 -14,64735
E4_Bvp 1569258653,788 -8,133636
E4_Bvp 1569258653,80362 -1,468831
E4_Bvp 1569258653,81925 4,724543
E4_Bvp 1569258653,83488 9,820669
E4_Bvp 1569258653,8505 13,38565
E4_Bvp 1569258653,86613 15,30786
E4_Bvp 1569258653,88175 15,85699
E4_Bvp 1569258653,89738 15,61879
E4_Bvp 1569258653,913 15,20058
E4_Bvp 1569258653,92863 15,02453
E4_Bvp 1569258653,94426 15,13337
E4_Bvp 1569258653,95988 15,26874
E4_Bvp 1569258653,97551 15,06032
E4_Bvp 1569258653,99113 14,29183
E4_Bvp 1569258654,00676 13,0739
E4_Bvp 1569258654,02239 11,77035
E4_Bvp 1569258654,03801 10,80699
E4_Bvp 1569258654,05364 10,33935
E4_Bvp 1569258654,06926 10,18783
E4_Bvp 1569258654,08489 9,882737
E4_Bvp 1569258654,10051 8,94153
E4_Bvp 1569258654,11614 7,134202
E4_Bvp 1569258654,13177 4,594312
E4_Bvp 1569258654,14739 1,740651
E4_Gsr 1569258652,731 1,564752
E4_Gsr 1569258652,981 1,635217
E4_Gsr 1569258653,231 1,683901
E4_Gsr 1569258653,481 1,721056
E4_Gsr 1569258653,731 1,732586
E4_Gsr 1569258653,981 1,713368
E4_Bvp 1569258654,16302 -0,9088287
E4_Bvp 1569258654,17864 -2,898712
E4_Bvp 1569258654,19427 -4,019602
E4_Bvp 1569258654,20989 -4,280557
E4_Bvp 1569258654,22552 -3,87037
E4_Bvp 1569258654,24115 -3,102503
E4_Bvp 1569258654,25677 -2,278728
E4_Bvp 1569258654,2724 -1,683186
E4_Bvp 1569258654,28802 -1,545231
E4_Bvp 1569258654,30365 -2,065596
E4_Bvp 1569258654,31927 -3,335758
E4_Bvp 1569258654,3349 -5,302151
E4_Bvp 1569258654,35053 -7,684507
E4_Bvp 1569258654,36615 -9,967587
E4_Bvp 1569258654,38178 -11,58032
E4_Bvp 1569258654,3974 -12,01835
E4_Bvp 1569258654,41303 -11,12649
E4_Bvp 1569258654,42865 -9,189478
E4_Bvp 1569258654,44428 -6,869007
E4_Bvp 1569258654,45991 -4,912218
E4_Bvp 1569258654,47553 -3,868198
E4_Bvp 1569258654,49116 -3,840649
E4_Bvp 1569258654,50678 -4,511837
E4_Bvp 1569258654,52241 -5,379139
E4_Bvp 1569258654,53803 -5,959713
E4_Bvp 1569258654,55366 -6,038368
E4_Bvp 1569258654,56929 -5,651024
E4_Bvp 1569258654,58491 -4,988098
E4_Bvp 1569258654,60054 -4,26474
E4_Bvp 1569258654,61616 -3,6353
E4_Bvp 1569258654,63179 -3,108646
E4_Bvp 1569258654,64741 -2,58646
E4_Bvp 1569258654,66304 -1,9547
E4_Bvp 1569258654,67867 -1,165901
E4_Bvp 1569258654,69429 -0,3486328
E4_Bvp 1569258654,70992 0,174778
E4_Bvp 1569258654,72554 -0,007671356
E4_Bvp 1569258654,74117 -1,215118
E4_Bvp 1569258654,75679 -3,453529
E4_Bvp 1569258654,77242 -6,315178
E4_Bvp 1569258654,78805 -9,072948
E4_Bvp 1569258654,80367 -11,07173
E4_Bvp 1569258654,8193 -12,03401
E4_Bvp 1569258654,83492 -12,25429
E4_Temperature 1569258653,10593 28,83
E4_Temperature 1569258653,35595 28,83
E4_Temperature 1569258653,60596 28,83
E4_Temperature 1569258653,85597 28,83
E4_Temperature 1569258654,10598 28,79
E4_Temperature 1569258654,35599 28,79
E4_Temperature 1569258654,606 28,79
E4_Temperature 1569258654,85601 28,79
E4_Bvp 1569258654,85055 -12,45403
E4_Bvp 1569258654,86617 -13,38269
E4_Bvp 1569258654,8818 -15,40205
E4_Bvp 1569258654,89743 -18,3439
E4_Bvp 1569258654,91305 -21,66245
E4_Bvp 1569258654,92868 -24,79906
E4_Bvp 1569258654,9443 -27,51035
E4_Bvp 1569258654,95993 -29,89384
E4_Bvp 1569258654,97555 -32,14378
E4_Bvp 1569258654,99118 -34,23691
E4_Bvp 1569258655,00681 -35,73588
E4_Bvp 1569258655,02243 -35,92262
E4_Bvp 1569258655,03806 -34,1402
E4_Bvp 1569258655,05368 -30,16072
E4_Bvp 1569258655,06931 -24,41551
E4_Bvp 1569258655,08493 -17,81084
E4_Bvp 1569258655,10056 -11,36554
E4_Bvp 1569258655,11619 -5,844238
E4_Bvp 1569258655,13181 -1,498718
E4_Bvp 1569258655,14744 1,877407
E4_Bvp 1569258655,16306 4,72319
E4_Bvp 1569258655,17869 7,37603
E4_Bvp 1569258655,19431 9,940342
E4_Bvp 1569258655,20994 12,21471
E4_Bvp 1569258655,22557 13,8429
E4_Bvp 1569258655,24119 14,50306
E4_Bvp 1569258655,25682 14,08439
E4_Bvp 1569258655,27244 12,72144
E4_Bvp 1569258655,28807 10,7926
E4_Bvp 1569258655,30369 8,802359
E4_Bvp 1569258655,31932 7,259954
E4_Bvp 1569258655,33495 6,574942
E4_Bvp 1569258655,35057 6,953247
E4_Bvp 1569258655,3662 8,289198
E4_Bvp 1569258655,38182 10,18886
E4_Bvp 1569258655,39745 12,01711
E4_Bvp 1569258655,41307 13,14363
E4_Bvp 1569258655,4287 13,20413
E4_Bvp 1569258655,44433 12,24703
E4_Bvp 1569258655,45995 10,66754
E4_Bvp 1569258655,47558 9,05772
E4_Bvp 1569258655,4912 7,911028
E4_Bvp 1569258655,50683 7,442265
E4_Bvp 1569258655,52245 7,58633
E4_Bvp 1569258655,53808 8,095205
E4_Bvp 1569258655,55371 8,75878
E4_Bvp 1569258655,56933 9,399427
E4_Bvp 1569258655,58496 9,882728
E4_Bvp 1569258655,60058 10,01259
E4_Bvp 1569258655,61621 9,564018
E4_Bvp 1569258655,63183 8,399185
E4_Bvp 1569258655,64746 6,601543
E4_Bvp 1569258655,66309 4,56953
E4_Bvp 1569258655,67871 2,849354
E4_Bvp 1569258655,69434 2,006933
E4_Gsr 1569258654,231 1,703119
E4_Gsr 1569258654,481 1,676214
E4_Gsr 1569258654,731 1,644185
E4_Gsr 1569258654,981 1,578845
E4_Gsr 1569258655,231 1,537847
E4_Gsr 1569258655,481 1,519911
E4_Bvp 1569258655,70996 2,329933
E4_Bvp 1569258655,72559 3,760187
E4_Bvp 1569258655,74121 5,896401
E4_Bvp 1569258655,75684 8,188932
E4_Bvp 1569258655,77247 10,08106
E4_Bvp 1569258655,78809 11,16416
E4_Bvp 1569258655,80372 11,24576
E4_Bvp 1569258655,81934 10,34791
E4_Bvp 1569258655,83497 8,659492
E4_Bvp 1569258655,85059 6,51904
E4_Bvp 1569258655,86622 4,289465
E4_Bvp 1569258655,88185 2,334702
E4_Bvp 1569258655,89747 0,9223337
E4_Bvp 1569258655,9131 0,1790314
E4_Bvp 1569258655,92872 0,08148575
E4_Bvp 1569258655,94435 0,518445
E4_Bvp 1569258655,95997 1,308948
E4_Bvp 1569258655,9756 2,24766
E4_Bvp 1569258655,99123 3,170939
E4_Bvp 1569258656,00685 3,951477
E4_Bvp 1569258656,02248 4,496699
E4_Bvp 1569258656,0381 4,71402
E4_Bvp 1569258656,05373 4,506188
E4_Bvp 1569258656,06935 3,786537
E4_Bvp 1569258656,08498 2,593801
E4_Bvp 1569258656,10061 1,075969
E4_Bvp 1569258656,11623 -0,5317688
E4_Bvp 1569258656,13186 -1,967059
E4_Bvp 1569258656,14748 -3,115702
E4_Bvp 1569258656,16311 -4,028662
E4_Bvp 1569258656,17874 -4,899508
E4_Bvp 1569258656,19436 -5,941452
E4_Bvp 1569258656,20999 -7,255891
E4_Bvp 1569258656,22561 -8,770949
E4_Bvp 1569258656,24124 -10,28315
E4_Bvp 1569258656,25686 -11,5321
E4_Bvp 1569258656,27249 -12,27854
E4_Bvp 1569258656,28812 -12,36032
E4_Bvp 1569258656,30374 -11,71714
E4_Bvp 1569258656,31937 -10,32887
E4_Bvp 1569258656,33499 -8,284025
E4_Bvp 1569258656,35062 -5,696959
E4_Bvp 1569258656,36624 -2,700388
E4_Bvp 1569258656,38187 0,5998144
E4_Bvp 1569258656,3975 4,14102
E4_Bvp 1569258656,41312 7,840075
E4_Bvp 1569258656,42875 11,53113
E4_Bvp 1569258656,44437 14,88574
E4_Bvp 1569258656,46 17,52041
E4_Bvp 1569258656,47562 19,06709
E4_Bvp 1569258656,49125 19,409
E4_Bvp 1569258656,50688 18,73903
E4_Bvp 1569258656,5225 17,53533
E4_Bvp 1569258656,53813 16,38
E4_Bvp 1569258656,55375 15,73033
E4_Bvp 1569258656,56938 15,75677
E4_Bvp 1569258656,585 16,38549
E4_Bvp 1569258656,60063 17,43402
E4_Bvp 1569258656,61626 18,73384
E4_Bvp 1569258656,63188 20,28248
E4_Bvp 1569258656,64751 22,12093
E4_Bvp 1569258656,66313 24,18397
E4_Bvp 1569258656,67876 26,17712
E4_Bvp 1569258656,69438 27,55413
E4_Bvp 1569258656,71001 27,68195
E4_Bvp 1569258656,72564 26,12097
E4_Temperature 1569258655,10603 28,81
E4_Temperature 1569258655,35604 28,81
E4_Temperature 1569258655,60605 28,81
E4_Temperature 1569258655,85606 28,81
E4_Temperature 1569258656,10607 28,79
E4_Temperature 1569258656,35608 28,79
E4_Temperature 1569258656,6061 28,79
E4_Temperature 1569258656,85611 28,79
E4_Bvp 1569258656,74126 22,80932
E4_Bvp 1569258656,75689 18,09935
E4_Bvp 1569258656,77251 12,60867
E4_Bvp 1569258656,78814 6,991974
E4_Bvp 1569258656,80376 1,645313
E4_Bvp 1569258656,81939 -3,292664
E4_Bvp 1569258656,83502 -7,901859
E4_Bvp 1569258656,85064 -12,31753
E4_Bvp 1569258656,86627 -16,58316
E4_Bvp 1569258656,88189 -20,64809
E4_Bvp 1569258656,89752 -24,41085
E4_Bvp 1569258656,91314 -27,81311
E4_Bvp 1569258656,92877 -30,86495
E4_Bvp 1569258656,9444 -33,68463
E4_Bvp 1569258656,96002 -36,34789
E4_Bvp 1569258656,97565 -38,84026
E4_Bvp 1569258656,99127 -40,99128
E4_Bvp 1569258657,0069 -42,51551
E4_Bvp 1569258657,02252 -43,11448
E4_Bvp 1569258657,03815 -42,5666
E4_Bvp 1569258657,05378 -40,78833
E4_Bvp 1569258657,0694 -37,87621
