E4_Bvp 1566822917,60877 -11,7332
E4_Bvp 1566822917,62439 -3,563568
E4_Bvp 1566822917,64002 3,53772
E4_Bvp 1566822917,65564 9,588699
E4_Bvp 1566822917,67127 14,54294
E4_Bvp 1566822917,6869 18,33212
E4_Bvp 1566822917,70252 20,89769
E4_Bvp 1566822917,71815 22,31372
E4_Bvp 1566822917,73377 22,84662
E4_Bvp 1566822917,7494 22,87206
E4_Bvp 1566822917,76502 22,82713
E4_Bvp 1566822917,78065 23,02141
E4_Bvp 1566822917,79628 23,63225
E4_Bvp 1566822917,8119 24,67117
E4_Bvp 1566822917,82753 26,03271
E4_Bvp 1566822917,84315 27,59726
E4_Bvp 1566822917,85878 29,23396
E4_Bvp 1566822917,8744 30,83499
E4_Bvp 1566822917,89003 32,33771
E4_Bvp 1566822917,90566 33,64528
E4_Bvp 1566822917,92128 34,63614
E4_Bvp 1566822917,93691 35,21115
E4_Bvp 1566822917,95253 35,2377
E4_Bvp 1566822917,96816 34,69667
E4_Bvp 1566822917,98378 33,61327
E4_Bvp 1566822917,99941 32,16145
E4_Bvp 1566822918,01504 30,6077
E4_Bvp 1566822918,03066 29,24037
E4_Bvp 1566822918,04629 28,2041
E4_Bvp 1566822918,06191 27,44043
E4_Bvp 1566822918,07754 26,6976
E4_Bvp 1566822918,09316 25,60245
E4_Bvp 1566822918,10879 23,83972
E4_Bvp 1566822918,12442 21,37416
E4_Bvp 1566822918,14004 18,43277
E4_Bvp 1566822918,15567 15,41774
E4_Bvp 1566822918,17129 12,69748
E4_Bvp 1566822918,18692 10,43256
E4_Bvp 1566822918,20254 8,467697
E4_Bvp 1566822918,21817 6,474915
E4_Bvp 1566822918,2338 4,101624
E4_Bvp 1566822918,24942 1,145889
E4_Bvp 1566822918,26505 -2,376511
E4_Bvp 1566822918,28067 -6,324554
E4_Bvp 1566822918,2963 -10,49571
E4_Bvp 1566822918,31192 -14,6946
E4_Bvp 1566822918,32755 -18,81621
E4_Bvp 1566822918,34318 -22,76961
E4_Bvp 1566822918,3588 -26,56886
E4_Bvp 1566822918,37443 -30,3522
E4_Bvp 1566822918,39005 -34,38461
E4_Bvp 1566822918,40568 -38,9463
E4_Bvp 1566822918,4213 -44,19753
E4_Bvp 1566822918,43693 -49,95825
E4_Bvp 1566822918,45256 -55,60413
E4_Bvp 1566822918,46818 -60,13023
E4_Bvp 1566822918,48381 -62,48798
E4_Bvp 1566822918,49943 -61,83025
E4_Bvp 1566822918,51506 -57,91684
E4_Bvp 1566822918,53068 -51,10323
E4_Bvp 1566822918,54631 -42,26074
E4_Bvp 1566822918,56194 -32,49091
E4_Bvp 1566822918,57756 -22,75752
E4_Bvp 1566822918,59319 -13,77002
E4_Bvp 1566822918,60881 -5,848099
E4_Bvp 1566822918,62444 0,9192352
E4_Bvp 1566822918,64007 6,566788
E4_Bvp 1566822918,65569 11,18004
E4_Bvp 1566822918,67132 14,84172
E4_Bvp 1566822918,68694 17,62944
E4_Bvp 1566822918,70257 19,64572
E4_Bvp 1566822918,71819 21,05551
E4_Gsr 1566822917,595 0,1012069
E4_Gsr 1566822917,845 0,1012069
E4_Gsr 1566822918,095 0,102488
E4_Gsr 1566822918,345 0,1037691
E4_Gsr 1566822918,595 0,102488
E4_Gsr 1566822918,845 0,102488
E4_Bvp 1566822918,73382 22,04816
E4_Bvp 1566822918,74945 22,80777
E4_Bvp 1566822918,76507 23,47458
E4_Bvp 1566822918,7807 24,14664
E4_Bvp 1566822918,79632 24,83028
E4_Bvp 1566822918,81195 25,53502
E4_Bvp 1566822918,82757 26,25839
E4_Bvp 1566822918,8432 26,98679
E4_Bvp 1566822918,85883 27,75168
E4_Bvp 1566822918,87445 28,53928
E4_Bvp 1566822918,89008 29,24796
E4_Bvp 1566822918,9057 29,71172
E4_Bvp 1566822918,92133 29,66641
E4_Bvp 1566822918,93695 28,88046
E4_Bvp 1566822918,95258 27,28416
E4_Bvp 1566822918,96821 24,9762
E4_Bvp 1566822918,98383 22,26294
E4_Bvp 1566822918,99946 19,57816
E4_Bvp 1566822919,01508 17,29025
E4_Bvp 1566822919,03071 15,6032
E4_Bvp 1566822919,04633 14,46478
E4_Bvp 1566822919,06196 13,58719
E4_Bvp 1566822919,07759 12,58801
E4_Bvp 1566822919,09321 11,18558
E4_Bvp 1566822919,10884 9,318985
E4_Bvp 1566822919,12446 7,186996
E4_Bvp 1566822919,14009 5,070816
E4_Bvp 1566822919,15571 3,167923
E4_Bvp 1566822919,17134 1,441513
E4_Bvp 1566822919,18697 -0,3642883
E4_Bvp 1566822919,20259 -2,616104
E4_Bvp 1566822919,21822 -5,569229
E4_Bvp 1566822919,23384 -9,200378
E4_Bvp 1566822919,24947 -13,25623
E4_Bvp 1566822919,26509 -17,33527
E4_Bvp 1566822919,28072 -21,06485
E4_Bvp 1566822919,29635 -24,27803
E4_Bvp 1566822919,31197 -27,0609
E4_Bvp 1566822919,3276 -29,66576
E4_Bvp 1566822919,34322 -32,43414
E4_Bvp 1566822919,35885 -35,75427
E4_Bvp 1566822919,37447 -39,87921
E4_Bvp 1566822919,3901 -44,92105
E4_Bvp 1566822919,40573 -50,66302
E4_Temperature 1566822917,7277 31,95
E4_Temperature 1566822917,97771 31,95
E4_Temperature 1566822918,22772 31,95
E4_Temperature 1566822918,47773 31,95
E4_Temperature 1566822918,72774 31,97
E4_Temperature 1566822918,97775 31,97
E4_Temperature 1566822919,22777 31,97
E4_Temperature 1566822919,47778 31,97
E4_Bvp 1566822919,42135 -56,53226
E4_Bvp 1566822919,43698 -61,57962
E4_Bvp 1566822919,4526 -64,68144
E4_Bvp 1566822919,46823 -64,83761
E4_Bvp 1566822919,48385 -61,54054
E4_Bvp 1566822919,49948 -55,00916
E4_Bvp 1566822919,51511 -46,11674
E4_Bvp 1566822919,53073 -36,11546
E4_Bvp 1566822919,54636 -26,21129
E4_Bvp 1566822919,56198 -17,20425
E4_Bvp 1566822919,57761 -9,420792
E4_Bvp 1566822919,59323 -2,773193
E4_Bvp 1566822919,60886 2,972488
E4_Bvp 1566822919,62449 7,98085
E4_Bvp 1566822919,64011 12,28851
E4_Bvp 1566822919,65574 15,87247
E4_Bvp 1566822919,67136 18,78104
E4_Bvp 1566822919,68699 21,16875
E4_Bvp 1566822919,70261 23,26985
E4_Bvp 1566822919,71824 25,25255
E4_Bvp 1566822919,73387 27,18753
E4_Bvp 1566822919,74949 28,98433
E4_Bvp 1566822919,76512 30,47343
E4_Bvp 1566822919,78074 31,57928
E4_Bvp 1566822919,79637 32,35889
E4_Bvp 1566822919,81199 32,98203
E4_Bvp 1566822919,82762 33,66449
E4_Bvp 1566822919,84325 34,54762
E4_Bvp 1566822919,85887 35,57506
E4_Bvp 1566822919,8745 36,5107
E4_Bvp 1566822919,89012 37,03839
E4_Bvp 1566822919,90575 36,87556
E4_Bvp 1566822919,92137 35,89616
E4_Bvp 1566822919,937 34,19514
E4_Bvp 1566822919,95263 31,98885
E4_Bvp 1566822919,96825 29,54562
E4_Bvp 1566822919,98388 27,08925
E4_Bvp 1566822919,9995 24,71921
E4_Bvp 1566822920,01513 22,48405
E4_Bvp 1566822920,03075 20,39624
E4_Bvp 1566822920,04638 18,41289
E4_Bvp 1566822920,06201 16,48941
E4_Bvp 1566822920,07763 14,56282
E4_Bvp 1566822920,09326 12,58464
E4_Bvp 1566822920,10888 10,52397
E4_Bvp 1566822920,12451 8,42981
E4_Bvp 1566822920,14013 6,370987
E4_Bvp 1566822920,15576 4,406776
E4_Bvp 1566822920,17139 2,539986
E4_Bvp 1566822920,18701 0,6496658
E4_Bvp 1566822920,20264 -1,441368
E4_Bvp 1566822920,21826 -3,94014
E4_Bvp 1566822920,23389 -6,928719
E4_Bvp 1566822920,24951 -10,35342
E4_Bvp 1566822920,26514 -13,99518
E4_Gsr 1566822919,095 0,1037691
E4_Gsr 1566822919,345 0,1050502
E4_Gsr 1566822919,595 0,09992581
E4_Gsr 1566822919,845 0,09992581
E4_Gsr 1566822920,095 0,1012069
E4_Gsr 1566822920,345 0,1012069
E4_Bvp 1566822920,28077 -17,5525
E4_Bvp 1566822920,29639 -20,75565
E4_Bvp 1566822920,31202 -23,48535
E4_Bvp 1566822920,32764 -25,79939
E4_Bvp 1566822920,34327 -27,95672
E4_Bvp 1566822920,35889 -30,31399
E4_Bvp 1566822920,37452 -33,23516
E4_Bvp 1566822920,39015 -36,95284
E4_Bvp 1566822920,40577 -41,48701
E4_Bvp 1566822920,4214 -46,55064
E4_Bvp 1566822920,43702 -51,56136
E4_Bvp 1566822920,45265 -55,68642
E4_Bvp 1566822920,46827 -58,03919
E4_Bvp 1566822920,4839 -57,86621
E4_Bvp 1566822920,49953 -54,86541
E4_Bvp 1566822920,51515 -49,2089
E4_Bvp 1566822920,53078 -41,60539
E4_Bvp 1566822920,5464 -32,96011
E4_Bvp 1566822920,56203 -24,17678
E4_Bvp 1566822920,57765 -15,88985
E4_Bvp 1566822920,59328 -8,386757
E4_Bvp 1566822920,60891 -1,742607
E4_Bvp 1566822920,62453 4,060913
E4_Bvp 1566822920,64016 8,973953
E4_Bvp 1566822920,65578 12,93685
E4_Bvp 1566822920,67141 15,93997
E4_Bvp 1566822920,68703 18,10256
E4_Bvp 1566822920,70266 19,6733
E4_Bvp 1566822920,71829 20,9649
E4_Bvp 1566822920,73391 22,23756
E4_Bvp 1566822920,74954 23,59531
E4_Bvp 1566822920,76516 24,96202
E4_Bvp 1566822920,78079 26,21998
E4_Bvp 1566822920,79642 27,29961
E4_Bvp 1566822920,81204 28,24489
E4_Bvp 1566822920,82767 29,17735
E4_Bvp 1566822920,84329 30,24146
E4_Bvp 1566822920,85892 31,48969
E4_Bvp 1566822920,87454 32,79778
E4_Bvp 1566822920,89017 33,9797
E4_Bvp 1566822920,9058 34,81477
E4_Bvp 1566822920,92142 35,10342
E4_Bvp 1566822920,93705 34,75837
E4_Bvp 1566822920,95267 33,74223
E4_Bvp 1566822920,9683 32,11235
E4_Bvp 1566822920,98392 30,0077
E4_Bvp 1566822920,99955 27,63809
E4_Bvp 1566822921,01518 25,33186
E4_Bvp 1566822921,0308 23,36115
E4_Bvp 1566822921,04643 21,88336
E4_Bvp 1566822921,06205 20,82917
E4_Bvp 1566822921,07768 19,95073
E4_Bvp 1566822921,0933 18,85709
E4_Bvp 1566822921,10893 17,24408
E4_Bvp 1566822921,12456 15,00489
E4_Bvp 1566822921,14018 12,2487
E4_Bvp 1566822921,15581 9,265923
E4_Bvp 1566822921,17143 6,364029
E4_Bvp 1566822921,18706 3,787384
E4_Bvp 1566822921,20268 1,568359
E4_Bvp 1566822921,21831 -0,4669113
E4_Bvp 1566822921,23394 -2,627716
E4_Bvp 1566822921,24956 -5,181702
E4_Bvp 1566822921,26519 -8,225395
E4_Bvp 1566822921,28081 -11,65039
E4_Bvp 1566822921,29644 -15,13629
E4_Bvp 1566822921,31206 -18,32854
E4_Bvp 1566822921,32769 -21,04485
E4_Bvp 1566822921,34332 -23,31716
E4_Bvp 1566822921,35894 -25,33746
E4_Bvp 1566822921,37457 -27,47661
E4_Bvp 1566822921,39019 -30,05096
E4_Bvp 1566822921,40582 -33,32367
E4_Bvp 1566822921,42144 -37,43143
E4_Bvp 1566822921,43707 -42,23166
E4_Bvp 1566822921,4527 -47,20248
E4_Bvp 1566822921,46832 -51,4642
E4_Temperature 1566822919,72779 31,95
E4_Temperature 1566822919,9778 31,95
E4_Temperature 1566822920,22781 31,95
E4_Temperature 1566822920,47782 31,95
E4_Temperature 1566822920,72784 31,95
E4_Temperature 1566822920,97785 31,95
E4_Temperature 1566822921,22786 31,95
E4_Temperature 1566822921,47787 31,95
E4_Bvp 1566822921,48395 -53,95827
E4_Bvp 1566822921,49957 -53,7674
E4_Bvp 1566822921,5152 -50,53311
E4_Bvp 1566822921,53082 -44,57208
E4_Bvp 1566822921,54645 -36,82096
E4_Bvp 1566822921,56208 -28,4441
E4_Bvp 1566822921,5777 -20,43817
E4_Bvp 1566822921,59333 -13,3774
E4_Bvp 1566822921,60895 -7,365761
E4_Bvp 1566822921,62458 -2,23307
E4_Bvp 1566822921,6402 2,191643
E4_Bvp 1566822921,65583 5,957542
E4_Bvp 1566822921,67146 9,032005
E4_Bvp 1566822921,68708 11,35857
E4_Bvp 1566822921,70271 12,99879
E4_Bvp 1566822921,71833 14,1541
E4_Bvp 1566822921,73396 15,0988
E4_Bvp 1566822921,74958 16,04662
E4_Bvp 1566822921,76521 17,10206
E4_Bvp 1566822921,78084 18,21629
E4_Bvp 1566822921,79646 19,2584
E4_Bvp 1566822921,81209 20,12311
E4_Gsr 1566822920,595 0,1012069
E4_Gsr 1566822920,845 0,1012069
E4_Gsr 1566822921,095 0,1012069
E4_Gsr 1566822921,345 0,102488
E4_Gsr 1566822921,595 0,102488
E4_Gsr 1566822921,845 0,1037691
E4_Bvp 1566822921,82771 20,78809
E4_Bvp 1566822921,84334 21,35387
E4_Bvp 1566822921,85896 21,99113
E4_Bvp 1566822921,87459 22,82149
E4_Bvp 1566822921,89022 23,88897
E4_Bvp 1566822921,90584 25,10561
E4_Bvp 1566822921,92147 26,28583
E4_Bvp 1566822921,93709 27,16776
E4_Bvp 1566822921,95272 27,5246
E4_Bvp 1566822921,96834 27,19526
E4_Bvp 1566822921,98397 26,1916
E4_Bvp 1566822921,9996 24,7144
E4_Bvp 1566822922,01522 23,05407
E4_Bvp 1566822922,03085 21,51004
E4_Bvp 1566822922,04647 20,22302
E4_Bvp 1566822922,0621 19,09097
E4_Bvp 1566822922,07772 17,80434
E4_Bvp 1566822922,09335 16,03825
E4_Bvp 1566822922,10898 13,58492
E4_Bvp 1566822922,1246 10,5442
E4_Bvp 1566822922,14023 7,286293
E4_Bvp 1566822922,15585 4,240433
E4_Bvp 1566822922,17148 1,683006
E4_Bvp 1566822922,1871 -0,425148
E4_Bvp 1566822922,20273 -2,429817
E4_Bvp 1566822922,21836 -4,77774
E4_Bvp 1566822922,23398 -7,751953
E4_Bvp 1566822922,24961 -11,3279
E4_Bvp 1566822922,26523 -15,18977
E4_Bvp 1566822922,28086 -18,9453
E4_Bvp 1566822922,29648 -22,34988
E4_Bvp 1566822922,31211 -25,43185
E4_Bvp 1566822922,32774 -28,4276
E4_Bvp 1566822922,34336 -31,57195
E4_Bvp 1566822922,35899 -34,9537
E4_Bvp 1566822922,37461 -38,54371
E4_Bvp 1566822922,39024 -42,27445
E4_Bvp 1566822922,40586 -46,13263
E4_Bvp 1566822922,42149 -50,11909
E4_Bvp 1566822922,43712 -54,02591
E4_Bvp 1566822922,45274 -57,22845
E4_Bvp 1566822922,46837 -58,73721
E4_Bvp 1566822922,48399 -57,55026
E4_Bvp 1566822922,49962 -53,09315
E4_Bvp 1566822922,51524 -45,59727
E4_Bvp 1566822922,53087 -36,06321
E4_Bvp 1566822922,5465 -25,88248
E4_Bvp 1566822922,56212 -16,2515
E4_Bvp 1566822922,57775 -7,802254
E4_Bvp 1566822922,59337 -0,6000214
E4_Bvp 1566822922,609 5,594017
E4_Bvp 1566822922,62462 10,89537
E4_Bvp 1566822922,64025 15,1786
E4_Bvp 1566822922,65588 18,16935
E4_Bvp 1566822922,6715 19,76768
E4_Bvp 1566822922,68713 20,24218
E4_Bvp 1566822922,70275 20,21705
E4_Bvp 1566822922,71838 20,4358
E4_Bvp 1566822922,734 21,43416
E4_Bvp 1566822922,74963 23,35008
E4_Bvp 1566822922,76526 25,91843
E4_Bvp 1566822922,78088 28,66229
E4_Bvp 1566822922,79651 31,10667
E4_Bvp 1566822922,81213 32,96312
E4_Bvp 1566822922,82776 34,18027
E4_Bvp 1566822922,84338 34,87237
E4_Bvp 1566822922,85901 35,22383
E4_Bvp 1566822922,87464 35,42219
E4_Bvp 1566822922,89026 35,6012
E4_Bvp 1566822922,90589 35,7774
E4_Bvp 1566822922,92151 35,90203
E4_Bvp 1566822922,93714 35,84464
E4_Bvp 1566822922,95276 35,4521
E4_Bvp 1566822922,96839 34,57364
E4_Bvp 1566822922,98402 33,15376
E4_Bvp 1566822922,99964 31,24914
E4_Bvp 1566822923,01527 29,02236
E4_Bvp 1566822923,03089 26,70481
E4_Bvp 1566822923,04652 24,52888
E4_Bvp 1566822923,06214 22,64803
E4_Bvp 1566822923,07777 21,09161
E4_Bvp 1566822923,0934 19,70768
E4_Bvp 1566822923,10902 18,26068
E4_Bvp 1566822923,12465 16,46104
E4_Bvp 1566822923,14027 14,14788
E4_Bvp 1566822923,1559 11,30987
E4_Bvp 1566822923,17153 8,132839
E4_Bvp 1566822923,18715 4,93092
E4_Gsr 1566822922,095 0,102488
E4_Gsr 1566822922,345 0,09992581
E4_Gsr 1566822922,595 0,1037691
E4_Gsr 1566822922,845 0,1012069
E4_Gsr 1566822923,095 0,1012069
E4_Gsr 1566822923,345 0,1012069
E4_Bvp 1566822923,20278 1,916321
E4_Bvp 1566822923,2184 -0,8114891
E4_Bvp 1566822923,23403 -3,347069
E4_Bvp 1566822923,24965 -5,87851
E4_Bvp 1566822923,26528 -8,571819
E4_Bvp 1566822923,28091 -11,43578
E4_Bvp 1566822923,29653 -14,34748
E4_Bvp 1566822923,31216 -17,12318
E4_Bvp 1566822923,32778 -19,63348
E4_Bvp 1566822923,34341 -21,87866
E4_Bvp 1566822923,35903 -24,00976
E4_Temperature 1566822921,72788 31,95
E4_Temperature 1566822921,97789 31,95
E4_Temperature 1566822922,22791 31,95
E4_Temperature 1566822922,47792 31,95
E4_Temperature 1566822922,72793 31,97
E4_Temperature 1566822922,97794 31,97
E4_Temperature 1566822923,22795 31,97
E4_Temperature 1566822923,47796 31,97
E4_Bvp 1566822923,37466 -26,18364
E4_Bvp 1566822923,39029 -28,50096
E4_Bvp 1566822923,40591 -31,01569
E4_Bvp 1566822923,42154 -33,82165
E4_Bvp 1566822923,43716 -37,1155
E4_Bvp 1566822923,45279 -41,09365
E4_Bvp 1566822923,46841 -45,7981
E4_Bvp 1566822923,48404 -50,87059
E4_Bvp 1566822923,49967 -55,42555
E4_Bvp 1566822923,51529 -58,26737
E4_Bvp 1566822923,53092 -58,31513
E4_Bvp 1566822923,54654 -55,02386
E4_Bvp 1566822923,56217 -48,65766
E4_Bvp 1566822923,57779 -40,1639
E4_Bvp 1566822923,59342 -30,79158
E4_Bvp 1566822923,60905 -21,55907
E4_Bvp 1566822923,62467 -13,08917
E4_Bvp 1566822923,6403 -5,510284
E4_Bvp 1566822923,65592 1,25523
E4_Bvp 1566822923,67155 7,226063
E4_Bvp 1566822923,68717 12,29129
E4_Bvp 1566822923,7028 16,21605
E4_Bvp 1566822923,71843 18,88191
E4_Bvp 1566822923,73405 20,38253
E4_Bvp 1566822923,74968 21,01278
E4_Bvp 1566822923,7653 21,18879
E4_Bvp 1566822923,78093 21,27158
E4_Bvp 1566822923,79655 21,44094
E4_Bvp 1566822923,81218 21,77769
E4_Bvp 1566822923,82781 22,25725
E4_Bvp 1566822923,84343 22,89667
E4_Bvp 1566822923,85906 23,70537
E4_Bvp 1566822923,87468 24,68439
E4_Bvp 1566822923,89031 25,80427
E4_Bvp 1566822923,90593 26,97972
E4_Bvp 1566822923,92156 28,07929
E4_Bvp 1566822923,93719 28,96755
E4_Bvp 1566822923,95281 29,56945
E4_Bvp 1566822923,96844 29,85235
E4_Bvp 1566822923,98406 29,79984
E4_Bvp 1566822923,99969 29,42927
E4_Bvp 1566822924,01531 28,73018
E4_Bvp 1566822924,03094 27,70229
E4_Bvp 1566822924,04657 26,33882
E4_Bvp 1566822924,06219 24,69128
E4_Bvp 1566822924,07782 22,88616
E4_Bvp 1566822924,09344 21,03576
E4_Bvp 1566822924,10907 19,29737
E4_Bvp 1566822924,12469 17,73513
E4_Bvp 1566822924,14032 16,33352
E4_Bvp 1566822924,15595 14,96107
E4_Bvp 1566822924,17157 13,3976
E4_Bvp 1566822924,1872 11,47383
E4_Bvp 1566822924,20282 9,1358
E4_Bvp 1566822924,21845 6,48748
E4_Bvp 1566822924,23407 3,774538
E4_Bvp 1566822924,2497 1,347283
E4_Bvp 1566822924,26533 -0,568759
E4_Bvp 1566822924,28095 -1,90612
E4_Bvp 1566822924,29658 -2,857075
E4_Bvp 1566822924,3122 -3,82957
E4_Bvp 1566822924,32783 -5,264668
E4_Bvp 1566822924,34345 -7,502059
E4_Bvp 1566822924,35908 -10,59301
E4_Bvp 1566822924,37471 -14,29745
E4_Bvp 1566822924,39033 -18,16564
E4_Bvp 1566822924,40596 -21,72887
E4_Bvp 1566822924,42158 -24,69186
E4_Bvp 1566822924,43721 -27,0166
E4_Bvp 1566822924,45283 -28,89823
E4_Bvp 1566822924,46846 -30,69067
E4_Bvp 1566822924,48409 -32,83088
E4_Bvp 1566822924,49971 -35,63964
E4_Bvp 1566822924,51534 -39,28203
E4_Bvp 1566822924,53096 -43,5205
E4_Bvp 1566822924,54659 -47,69696
E4_Bvp 1566822924,56221 -50,84416
E4_Bvp 1566822924,57784 -51,89951
E4_Bvp 1566822924,59347 -50,086
E4_Bvp 1566822924,60909 -45,21276
E4_Bvp 1566822924,62472 -37,80948
E4_Bvp 1566822924,64034 -28,85534
E4_Bvp 1566822924,65597 -19,49295
E4_Bvp 1566822924,67159 -10,6806
E4_Bvp 1566822924,68722 -3,001665
E4_Bvp 1566822924,70285 3,302744
E4_Bvp 1566822924,71847 8,202253
E4_Bvp 1566822924,7341 11,75415
E4_Gsr 1566822923,595 0,1012069
E4_Gsr 1566822923,845 0,1012069
E4_Gsr 1566822924,095 0,1037691
E4_Gsr 1566822924,345 0,1037691
E4_Gsr 1566822924,595 0,1050502
E4_Gsr 1566822924,845 0,1037691
E4_Bvp 1566822924,74972 14,08678
E4_Bvp 1566822924,76535 15,36447
E4_Bvp 1566822924,78097 15,84916
E4_Bvp 1566822924,7966 15,82982
E4_Bvp 1566822924,81223 15,58813
E4_Bvp 1566822924,82785 15,37153
E4_Bvp 1566822924,84348 15,31336
E4_Bvp 1566822924,8591 15,50577
E4_Bvp 1566822924,87473 15,95631
E4_Bvp 1566822924,89035 16,62434
E4_Bvp 1566822924,90598 17,43534
E4_Bvp 1566822924,92161 18,30516
E4_Bvp 1566822924,93723 19,19427
E4_Bvp 1566822924,95286 20,09924
E4_Bvp 1566822924,96848 21,09476
E4_Bvp 1566822924,98411 22,17204
E4_Bvp 1566822924,99973 23,25452
E4_Bvp 1566822925,01536 24,1065
E4_Bvp 1566822925,03099 24,44745
E4_Bvp 1566822925,04661 24,04801
E4_Bvp 1566822925,06224 22,86236
E4_Bvp 1566822925,07786 21,0817
E4_Bvp 1566822925,09349 19,08846
E4_Bvp 1566822925,10911 17,3009
E4_Bvp 1566822925,12474 15,95854
E4_Bvp 1566822925,14037 15,02077
E4_Bvp 1566822925,15599 14,2019
E4_Bvp 1566822925,17162 13,1012
E4_Bvp 1566822925,18724 11,42026
E4_Bvp 1566822925,20287 9,114719
E4_Bvp 1566822925,21849 6,459595
E4_Bvp 1566822925,23412 3,845207
E4_Bvp 1566822925,24975 1,654533
E4_Bvp 1566822925,26537 0,04000092
E4_Bvp 1566822925,281 -1,101742
E4_Bvp 1566822925,29662 -2,048874
E4_Bvp 1566822925,31225 -3,17762
E4_Bvp 1566822925,32787 -4,76767
E4_Bvp 1566822925,3435 -6,962181
E4_Bvp 1566822925,35913 -9,703747
E4_Bvp 1566822925,37475 -12,80482
E4_Bvp 1566822925,39038 -16,01881
E4_Bvp 1566822925,406 -19,14146
E4_Bvp 1566822925,42163 -22,02701
E4_Temperature 1566822923,72797 31,93
E4_Temperature 1566822923,97799 31,93
E4_Temperature 1566822924,228 31,93
E4_Temperature 1566822924,47801 31,93
E4_Temperature 1566822924,72802 31,97
E4_Temperature 1566822924,97803 31,97
E4_Temperature 1566822925,22804 31,97
E4_Temperature 1566822925,47806 31,97
E4_Bvp 1566822925,43725 -24,66564
E4_Bvp 1566822925,45288 -27,1459
E4_Bvp 1566822925,46851 -29,65693
E4_Bvp 1566822925,48413 -32,40315
E4_Bvp 1566822925,49976 -35,59771
E4_Bvp 1566822925,51538 -39,33781
E4_Bvp 1566822925,53101 -43,48502
E4_Bvp 1566822925,54663 -47,54131
E4_Bvp 1566822925,56226 -50,72609
E4_Bvp 1566822925,57789 -52,13905
E4_Bvp 1566822925,59351 -51,07803
E4_Bvp 1566822925,60914 -47,28168
E4_Bvp 1566822925,62476 -41,08437
E4_Bvp 1566822925,64039 -33,30692
E4_Bvp 1566822925,65602 -24,94647
E4_Bvp 1566822925,67164 -16,86565
E4_Bvp 1566822925,68727 -9,607574
E4_Bvp 1566822925,70289 -3,371967
E4_Bvp 1566822925,71852 1,838856
E4_Bvp 1566822925,73414 6,095119
E4_Bvp 1566822925,74977 9,450005
E4_Bvp 1566822925,7654 11,91737
E4_Bvp 1566822925,78102 13,5357
E4_Bvp 1566822925,79665 14,4279
E4_Bvp 1566822925,81227 14,81496
E4_Bvp 1566822925,8279 14,96792
E4_Bvp 1566822925,84352 15,1953
E4_Bvp 1566822925,85915 15,74968
E4_Bvp 1566822925,87478 16,73355
E4_Bvp 1566822925,8904 18,17573
E4_Bvp 1566822925,90603 19,96774
E4_Bvp 1566822925,92165 21,95219
E4_Bvp 1566822925,93728 23,98206
E4_Bvp 1566822925,9529 25,8948
E4_Bvp 1566822925,96853 27,59269
E4_Bvp 1566822925,98416 28,93632
E4_Bvp 1566822925,99978 29,81556
E4_Bvp 1566822926,01541 30,10549
E4_Bvp 1566822926,03103 29,79918
E4_Bvp 1566822926,04666 28,93754
E4_Bvp 1566822926,06228 27,73276
E4_Bvp 1566822926,07791 26,41562
E4_Bvp 1566822926,09354 25,18693
E4_Bvp 1566822926,10916 24,11711
E4_Bvp 1566822926,12479 23,12902
E4_Bvp 1566822926,14041 22,0634
E4_Bvp 1566822926,15604 20,67925
E4_Bvp 1566822926,17166 18,81839
E4_Bvp 1566822926,18729 16,44435
E4_Bvp 1566822926,20292 13,65752
E4_Bvp 1566822926,21854 10,64193
E4_Bvp 1566822926,23417 7,685646
E4_Bvp 1566822926,24979 4,989342
E4_Bvp 1566822926,26542 2,693855
E4_Bvp 1566822926,28104 0,8335114
E4_Gsr 1566822925,095 0,1012069
E4_Gsr 1566822925,345 0,102488
E4_Gsr 1566822925,595 0,1012069
E4_Gsr 1566822925,845 0,1037691
E4_Gsr 1566822926,095 0,102488
E4_Gsr 1566822926,345 0,1012069
E4_Bvp 1566822926,29667 -0,7104568
E4_Bvp 1566822926,3123 -2,125607
E4_Bvp 1566822926,32792 -3,665897
E4_Bvp 1566822926,34355 -5,612709
E4_Bvp 1566822926,35917 -8,122211
E4_Bvp 1566822926,3748 -11,21599
E4_Bvp 1566822926,39042 -14,70219
E4_Bvp 1566822926,40605 -18,23338
E4_Bvp 1566822926,42168 -21,44724
E4_Bvp 1566822926,4373 -24,10281
E4_Bvp 1566822926,45293 -26,23834
E4_Bvp 1566822926,46855 -28,15909
E4_Bvp 1566822926,48418 -30,27724
E4_Bvp 1566822926,4998 -33,02746
E4_Bvp 1566822926,51543 -36,62361
E4_Bvp 1566822926,53106 -41,01654
E4_Bvp 1566822926,54668 -45,84709
E4_Bvp 1566822926,56231 -50,49898
E4_Bvp 1566822926,57793 -54,13475
E4_Bvp 1566822926,59356 -55,87189
E4_Bvp 1566822926,60918 -54,97731
E4_Bvp 1566822926,62481 -51,14344
E4_Bvp 1566822926,64044 -44,59288
E4_Bvp 1566822926,65606 -36,0554
E4_Bvp 1566822926,67169 -26,58787
E4_Bvp 1566822926,68731 -17,18122
E4_Bvp 1566822926,70294 -8,554848
E4_Bvp 1566822926,71856 -1,083279
E4_Bvp 1566822926,73419 5,121445
E4_Bvp 1566822926,74982 10,05755
E4_Bvp 1566822926,76544 13,73387
E4_Bvp 1566822926,78107 16,17592
E4_Bvp 1566822926,79669 17,50819
E4_Bvp 1566822926,81232 18,01868
E4_Bvp 1566822926,82794 18,08498
E4_Bvp 1566822926,84357 18,11298
E4_Bvp 1566822926,8592 18,35526
E4_Bvp 1566822926,87482 18,90316
E4_Bvp 1566822926,89045 19,65438
E4_Bvp 1566822926,90607 20,43265
E4_Bvp 1566822926,9217 21,10526
E4_Bvp 1566822926,93732 21,63029
E4_Bvp 1566822926,95295 22,05687
E4_Bvp 1566822926,96858 22,50318
E4_Bvp 1566822926,9842 23,08399
E4_Bvp 1566822926,99983 23,84666
E4_Bvp 1566822927,01545 24,74326
E4_Bvp 1566822927,03108 25,61953
E4_Bvp 1566822927,0467 26,26657
E4_Bvp 1566822927,06233 26,47062
E4_Bvp 1566822927,07796 26,05699
E4_Bvp 1566822927,09358 24,978
E4_Bvp 1566822927,10921 23,34684
E4_Bvp 1566822927,12483 21,36383
E4_Bvp 1566822927,14046 19,30003
E4_Bvp 1566822927,15608 17,40385
E4_Bvp 1566822927,17171 15,79563
E4_Bvp 1566822927,18734 14,48304
E4_Bvp 1566822927,20296 13,37255
E4_Bvp 1566822927,21859 12,31749
E4_Bvp 1566822927,23421 11,20056
E4_Bvp 1566822927,24984 9,99736
E4_Bvp 1566822927,26546 8,731647
E4_Bvp 1566822927,28109 7,420395
E4_Bvp 1566822927,29672 6,028168
E4_Bvp 1566822927,31234 4,4198
E4_Bvp 1566822927,32797 2,406898
E4_Bvp 1566822927,34359 -0,1721382
E4_Bvp 1566822927,35922 -3,376293
E4_Bvp 1566822927,37484 -7,067295
E4_Bvp 1566822927,39047 -10,96262
E4_Bvp 1566822927,4061 -14,72207
E4_Bvp 1566822927,42172 -18,09366
E4_Bvp 1566822927,43735 -20,97936
E4_Bvp 1566822927,45297 -23,47947
E4_Bvp 1566822927,4686 -25,82484
E4_Bvp 1566822927,48422 -28,30801
E4_Temperature 1566822925,72807 31,95
E4_Temperature 1566822925,97808 31,95
E4_Temperature 1566822926,22809 31,95
E4_Temperature 1566822926,4781 31,95
E4_Temperature 1566822926,72811 31,93
E4_Temperature 1566822926,97813 31,93
E4_Temperature 1566822927,22814 31,93
E4_Temperature 1566822927,47815 31,93
E4_Bvp 1566822927,49985 -31,2097
E4_Bvp 1566822927,51548 -34,72725
E4_Bvp 1566822927,5311 -38,8957
E4_Bvp 1566822927,54673 -43,513
E4_Bvp 1566822927,56235 -48,05109
E4_Bvp 1566822927,57798 -51,67368
E4_Bvp 1566822927,5936 -53,40702
E4_Bvp 1566822927,60923 -52,44735
E4_Bvp 1566822927,62486 -48,51108
E4_Bvp 1566822927,64048 -41,93973
E4_Bvp 1566822927,65611 -33,61374
E4_Bvp 1566822927,67173 -24,6652
E4_Bvp 1566822927,68736 -16,04761
E4_Bvp 1566822927,70298 -8,310879
E4_Bvp 1566822927,71861 -1,549648
E4_Bvp 1566822927,73424 4,378117
E4_Bvp 1566822927,74986 9,629509
E4_Bvp 1566822927,76549 14,2109
E4_Bvp 1566822927,78111 17,98507
E4_Bvp 1566822927,79674 20,80499
E4_Bvp 1566822927,81236 22,62545
E4_Bvp 1566822927,82799 23,54583
E4_Gsr 1566822926,595 0,09992581
E4_Gsr 1566822926,845 0,1012069
E4_Gsr 1566822927,095 0,1012069
E4_Gsr 1566822927,345 0,1012069
E4_Gsr 1566822927,595 0,1012069
E4_Gsr 1566822927,845 0,1012069
E4_Bvp 1566822927,84362 23,79704
E4_Bvp 1566822927,85924 23,60807
E4_Bvp 1566822927,87487 23,21054
E4_Bvp 1566822927,89049 22,76443
E4_Bvp 1566822927,90612 22,39179
E4_Bvp 1566822927,92175 22,15314
E4_Bvp 1566822927,93737 22,07352
E4_Bvp 1566822927,953 22,16648
E4_Bvp 1566822927,96862 22,38671
E4_Bvp 1566822927,98425 22,66882
E4_Bvp 1566822927,99987 22,924
E4_Bvp 1566822928,0155 23,00919
E4_Bvp 1566822928,03113 22,76014
E4_Bvp 1566822928,04675 22,01749
E4_Bvp 1566822928,06238 20,73554
E4_Bvp 1566822928,078 19,00406
E4_Bvp 1566822928,09363 17,03406
E4_Bvp 1566822928,10925 15,15466
E4_Bvp 1566822928,12488 13,59037
E4_Bvp 1566822928,14051 12,43912
E4_Bvp 1566822928,15613 11,57468
E4_Bvp 1566822928,17176 10,77619
E4_Bvp 1566822928,18738 9,786301
E4_Bvp 1566822928,20301 8,486502
E4_Bvp 1566822928,21863 6,929405
E4_Bvp 1566822928,23426 5,201532
E4_Bvp 1566822928,24989 3,384947
E4_Bvp 1566822928,26551 1,448063
E4_Bvp 1566822928,28114 -0,6866341
E4_Bvp 1566822928,29676 -3,099289
E4_Bvp 1566822928,31239 -5,801394
E4_Bvp 1566822928,32801 -8,654678
E4_Bvp 1566822928,34364 -11,49494
E4_Bvp 1566822928,35927 -14,22899
E4_Bvp 1566822928,37489 -16,87204
E4_Bvp 1566822928,39052 -19,53564
E4_Bvp 1566822928,40614 -22,37239
E4_Bvp 1566822928,42177 -25,42311
E4_Bvp 1566822928,43739 -28,66632
E4_Bvp 1566822928,45302 -32,04089
E4_Bvp 1566822928,46865 -35,55691
E4_Bvp 1566822928,48427 -39,3219
E4_Bvp 1566822928,4999 -43,37767
E4_Bvp 1566822928,51552 -47,55895
E4_Bvp 1566822928,53115 -51,285
E4_Bvp 1566822928,54677 -53,68792
E4_Bvp 1566822928,5624 -53,8365
E4_Bvp 1566822928,57803 -51,0921
E4_Bvp 1566822928,59365 -45,46114
E4_Bvp 1566822928,60928 -37,56289
E4_Bvp 1566822928,6249 -28,44606
E4_Bvp 1566822928,64053 -19,18653
E4_Bvp 1566822928,65615 -10,59591
E4_Bvp 1566822928,67178 -3,060051
E4_Bvp 1566822928,68741 3,347623
E4_Bvp 1566822928,70303 8,732472
E4_Bvp 1566822928,71866 13,15499
E4_Bvp 1566822928,73428 16,65115
E4_Bvp 1566822928,74991 19,24867
E4_Bvp 1566822928,76553 21,05309
E4_Bvp 1566822928,78116 22,28631
E4_Bvp 1566822928,79679 23,19628
E4_Bvp 1566822928,81241 23,96191
E4_Bvp 1566822928,82804 24,6251
E4_Bvp 1566822928,84366 25,09943
E4_Bvp 1566822928,85929 25,3135
E4_Bvp 1566822928,87491 25,27426
E4_Bvp 1566822928,89054 25,13709
E4_Bvp 1566822928,90617 25,09516
E4_Bvp 1566822928,92179 25,35405
E4_Bvp 1566822928,93742 25,99841
E4_Bvp 1566822928,95304 26,97078
E4_Bvp 1566822928,96867 28,07314
E4_Bvp 1566822928,98429 29,01045
E4_Bvp 1566822928,99992 29,46348
E4_Bvp 1566822929,01555 29,17787
E4_Bvp 1566822929,03117 28,12058
E4_Bvp 1566822929,0468 26,41209
E4_Bvp 1566822929,06242 24,39435
E4_Bvp 1566822929,07805 22,44526
E4_Bvp 1566822929,09367 20,77874
E4_Bvp 1566822929,1093 19,36893
E4_Bvp 1566822929,12493 17,96822
E4_Bvp 1566822929,14055 16,2918
E4_Bvp 1566822929,15618 14,2131
E4_Bvp 1566822929,1718 11,87761
E4_Bvp 1566822929,18743 9,594957
E4_Bvp 1566822929,20305 7,687258
E4_Gsr 1566822928,095 0,102488
E4_Gsr 1566822928,345 0,1037691
E4_Gsr 1566822928,595 0,1012069
E4_Gsr 1566822928,845 0,1012069
E4_Gsr 1566822929,095 0,1012069
E4_Gsr 1566822929,345 0,1037691
E4_Bvp 1566822929,21868 6,238255
E4_Bvp 1566822929,23431 5,024153
E4_Bvp 1566822929,24993 3,636364
E4_Bvp 1566822929,26556 1,640358
E4_Bvp 1566822929,28118 -1,173998
E4_Bvp 1566822929,29681 -4,73988
E4_Bvp 1566822929,31243 -8,800228
E4_Bvp 1566822929,32806 -13,0565
E4_Bvp 1566822929,34369 -17,29842
E4_Bvp 1566822929,35931 -21,43776
E4_Bvp 1566822929,37494 -25,44572
E4_Temperature 1566822927,72816 31,95
E4_Temperature 1566822927,97817 31,95
E4_Temperature 1566822928,22818 31,95
E4_Temperature 1566822928,47819 31,95
E4_Temperature 1566822928,72821 31,93
E4_Temperature 1566822928,97822 31,93
E4_Temperature 1566822929,22823 31,93
E4_Temperature 1566822929,47824 31,93
E4_Bvp 1566822929,39056 -29,35755
E4_Bvp 1566822929,40619 -33,18676
E4_Bvp 1566822929,42181 -37,00664
E4_Bvp 1566822929,43744 -40,96707
E4_Bvp 1566822929,45307 -45,23861
E4_Bvp 1566822929,46869 -49,84555
E4_Bvp 1566822929,48432 -54,50983
E4_Bvp 1566822929,49994 -58,54174
E4_Bvp 1566822929,51557 -60,91638
E4_Bvp 1566822929,53119 -60,59473
E4_Bvp 1566822929,54682 -56,9311
E4_Bvp 1566822929,56245 -50,00646
E4_Bvp 1566822929,57807 -40,58503
E4_Bvp 1566822929,5937 -29,90159
E4_Bvp 1566822929,60932 -19,19285
E4_Bvp 1566822929,62495 -9,325554
E4_Bvp 1566822929,64057 -0,6347542
E4_Bvp 1566822929,6562 6,945316
E4_Bvp 1566822929,67183 13,58794
E4_Bvp 1566822929,68745 19,3531
E4_Bvp 1566822929,70308 24,03922
E4_Bvp 1566822929,7187 27,37481
E4_Bvp 1566822929,73433 29,15144
E4_Bvp 1566822929,74995 29,4912
E4_Bvp 1566822929,76558 28,7924
E4_Bvp 1566822929,78121 27,63372
E4_Bvp 1566822929,79683 26,549
E4_Bvp 1566822929,81246 25,82891
E4_Bvp 1566822929,82808 25,52296
E4_Bvp 1566822929,84371 25,51138
E4_Bvp 1566822929,85933 25,66068
E4_Bvp 1566822929,87496 25,91612
E4_Bvp 1566822929,89059 26,33618
E4_Bvp 1566822929,90621 26,96093
E4_Bvp 1566822929,92184 27,73689
E4_Bvp 1566822929,93746 28,5028
E4_Bvp 1566822929,95309 29,03191
E4_Bvp 1566822929,96871 29,14421
E4_Bvp 1566822929,98434 28,78396
E4_Bvp 1566822929,99997 28,06328
E4_Bvp 1566822930,01559 27,08299
E4_Bvp 1566822930,03122 25,93449
E4_Bvp 1566822930,04684 24,63379
E4_Bvp 1566822930,06247 23,11428
E4_Bvp 1566822930,07809 21,34308
E4_Bvp 1566822930,09372 19,37382
E4_Bvp 1566822930,10935 17,34651
E4_Bvp 1566822930,12497 15,36658
E4_Bvp 1566822930,1406 13,4965
E4_Bvp 1566822930,15622 11,67781
E4_Bvp 1566822930,17185 9,824135
E4_Bvp 1566822930,18747 7,841064
E4_Bvp 1566822930,2031 5,687599
E4_Bvp 1566822930,21873 3,363884
E4_Bvp 1566822930,23435 0,8162994
E4_Bvp 1566822930,24998 -2,03833
E4_Bvp 1566822930,2656 -5,355278
E4_Bvp 1566822930,28123 -9,201157
E4_Bvp 1566822930,29685 -13,57381
E4_Bvp 1566822930,31248 -18,29386
E4_Bvp 1566822930,32811 -23,05321
E4_Bvp 1566822930,34373 -27,52091
E4_Bvp 1566822930,35936 -31,43051
E4_Bvp 1566822930,37498 -34,68968
E4_Bvp 1566822930,39061 -37,45069
E4_Bvp 1566822930,40623 -40,09465
E4_Bvp 1566822930,42186 -43,1208
E4_Bvp 1566822930,43749 -46,93078
E4_Bvp 1566822930,45311 -51,60256
E4_Bvp 1566822930,46874 -56,70226
E4_Bvp 1566822930,48436 -61,30154
E4_Bvp 1566822930,49999 -64,19473
E4_Bvp 1566822930,51561 -64,27708
E4_Bvp 1566822930,53124 -60,93497
E4_Bvp 1566822930,54687 -54,20374
E4_Bvp 1566822930,56249 -44,79922
E4_Bvp 1566822930,57812 -33,79251
E4_Bvp 1566822930,59374 -22,31738
E4_Bvp 1566822930,60937 -11,26051
E4_Bvp 1566822930,625 -1,181679
E4_Bvp 1566822930,64062 7,661766
E4_Bvp 1566822930,65625 15,2021
E4_Bvp 1566822930,67187 21,46291
E4_Bvp 1566822930,6875 26,45599
E4_Bvp 1566822930,70312 30,16534
E4_Bvp 1566822930,71875 32,63255
E4_Bvp 1566822930,73438 33,99416
E4_Bvp 1566822930,75 34,50668
E4_Gsr 1566822929,595 0,1037691
E4_Gsr 1566822929,845 0,1178612
E4_Gsr 1566822930,095 0,09992581
E4_Gsr 1566822930,345 0,09992581
E4_Gsr 1566822930,595 0,0986447
E4_Gsr 1566822930,845 0,1012069
E4_Bvp 1566822930,76563 34,5529
E4_Bvp 1566822930,78125 34,53614
E4_Bvp 1566822930,79688 34,76332
E4_Bvp 1566822930,8125 35,36549
E4_Bvp 1566822930,82813 36,28387
E4_Bvp 1566822930,84376 37,33326
E4_Bvp 1566822930,85938 38,32893
E4_Bvp 1566822930,87501 39,18035
E4_Bvp 1566822930,89063 39,88508
E4_Bvp 1566822930,90626 40,49187
E4_Bvp 1566822930,92188 40,99319
E4_Bvp 1566822930,93751 41,27792
E4_Bvp 1566822930,95314 41,13543
E4_Bvp 1566822930,96876 40,36633
E4_Bvp 1566822930,98439 38,86227
E4_Bvp 1566822931,00001 36,65038
E4_Bvp 1566822931,01564 33,84505
E4_Bvp 1566822931,03126 30,5632
E4_Bvp 1566822931,04689 26,92545
E4_Bvp 1566822931,06252 22,94626
E4_Bvp 1566822931,07814 18,66412
E4_Bvp 1566822931,09377 14,19675
E4_Bvp 1566822931,10939 9,771202
E4_Bvp 1566822931,12502 5,71167
E4_Bvp 1566822931,14064 2,320297
E4_Bvp 1566822931,15627 -0,2956543
E4_Bvp 1566822931,1719 -2,268715
E4_Bvp 1566822931,18752 -3,979568
E4_Bvp 1566822931,20315 -5,900772
E4_Bvp 1566822931,21877 -8,357712
E4_Bvp 1566822931,2344 -11,44689
E4_Bvp 1566822931,25002 -14,98356
E4_Bvp 1566822931,26565 -18,62659
E4_Bvp 1566822931,28128 -22,00684
E4_Bvp 1566822931,2969 -24,94579
E4_Bvp 1566822931,31253 -27,42627
E4_Bvp 1566822931,32815 -29,64909
E4_Bvp 1566822931,34378 -31,95638
E4_Bvp 1566822931,3594 -34,76591
E4_Bvp 1566822931,37503 -38,40678
E4_Bvp 1566822931,39066 -42,94683
E4_Bvp 1566822931,40628 -48,05305
E4_Bvp 1566822931,42191 -52,90726
E4_Bvp 1566822931,43753 -56,37042
E4_Temperature 1566822929,72825 31,95
E4_Temperature 1566822929,97826 31,95
E4_Temperature 1566822930,22828 31,95
E4_Temperature 1566822930,47829 31,95
E4_Temperature 1566822930,7283 31,95
E4_Temperature 1566822930,97831 31,95
E4_Temperature 1566822931,22832 31,95
E4_Temperature 1566822931,47833 31,95
E4_Bvp 1566822931,45316 -57,26289
E4_Bvp 1566822931,46878 -54,86176
E4_Bvp 1566822931,48441 -49,07552
E4_Bvp 1566822931,50004 -40,51056
E4_Bvp 1566822931,51566 -30,22495
E4_Bvp 1566822931,53129 -19,36708
E4_Bvp 1566822931,54691 -8,89946
E4_Bvp 1566822931,56254 0,5824432
E4_Bvp 1566822931,57816 8,733994
E4_Bvp 1566822931,59379 15,33076
E4_Bvp 1566822931,60942 20,21924
E4_Bvp 1566822931,62504 23,31351
E4_Bvp 1566822931,64067 24,7124
E4_Bvp 1566822931,65629 24,72946
E4_Bvp 1566822931,67192 23,87088
E4_Bvp 1566822931,68754 22,69646
E4_Bvp 1566822931,70317 21,69525
E4_Bvp 1566822931,7188 21,20111
E4_Bvp 1566822931,73442 21,34201
E4_Bvp 1566822931,75005 22,07387
E4_Bvp 1566822931,76567 23,24399
E4_Bvp 1566822931,7813 24,57561
E4_Bvp 1566822931,79692 25,80344
E4_Bvp 1566822931,81255 26,6969
E4_Bvp 1566822931,82818 27,08092
E4_Bvp 1566822931,8438 26,98048
E4_Bvp 1566822931,85943 26,45302
E4_Bvp 1566822931,87505 25,58833
E4_Bvp 1566822931,89068 24,45244
E4_Bvp 1566822931,9063 23,04497
E4_Bvp 1566822931,92193 21,33046
E4_Bvp 1566822931,93756 19,29129
E4_Bvp 1566822931,95318 16,94075
E4_Bvp 1566822931,96881 14,31328
E4_Bvp 1566822931,98443 11,51802
E4_Bvp 1566822932,00006 8,6577
E4_Bvp 1566822932,01568 5,812576
E4_Bvp 1566822932,03131 3,055374
E4_Bvp 1566822932,04694 0,4185944
E4_Bvp 1566822932,06256 -2,155014
E4_Bvp 1566822932,07819 -4,749283
E4_Bvp 1566822932,09381 -7,449677
E4_Bvp 1566822932,10944 -10,29991
E4_Bvp 1566822932,12506 -13,23695
E4_Bvp 1566822932,14069 -16,1118
E4_Bvp 1566822932,15632 -18,7825
E4_Bvp 1566822932,17194 -21,18193
E4_Bvp 1566822932,18757 -23,37059
E4_Bvp 1566822932,20319 -25,52597
E4_Bvp 1566822932,21882 -27,84438
E4_Bvp 1566822932,23444 -30,48671
E4_Bvp 1566822932,25007 -33,56729
E4_Bvp 1566822932,2657 -37,13678
E4_Bvp 1566822932,28132 -41,17888
E4_Bvp 1566822932,29695 -45,58673
E4_Gsr 1566822931,095 0,1012069
E4_Gsr 1566822931,345 0,102488
E4_Gsr 1566822931,595 0,102488
E4_Gsr 1566822931,845 0,102488
E4_Gsr 1566822932,095 0,1012069
E4_Gsr 1566822932,345 0,1037691
E4_Bvp 1566822932,31257 -49,97739
E4_Bvp 1566822932,3282 -53,67796
E4_Bvp 1566822932,34382 -55,7442
E4_Bvp 1566822932,35945 -55,2674
E4_Bvp 1566822932,37508 -51,70648
E4_Bvp 1566822932,3907 -45,16101
E4_Bvp 1566822932,40633 -36,35117
E4_Bvp 1566822932,42195 -26,37848
E4_Bvp 1566822932,43758 -16,32298
E4_Bvp 1566822932,4532 -6,873199
E4_Bvp 1566822932,46883 1,615417
E4_Bvp 1566822932,48446 9,082703
E4_Bvp 1566822932,50008 15,51968
E4_Bvp 1566822932,51571 20,74724
E4_Bvp 1566822932,53133 24,54793
E4_Bvp 1566822932,54696 26,81653
E4_Bvp 1566822932,56258 27,69658
E4_Bvp 1566822932,57821 27,60168
E4_Bvp 1566822932,59384 27,12581
E4_Bvp 1566822932,60946 26,78195
E4_Bvp 1566822932,62509 26,91916
E4_Bvp 1566822932,64071 27,61523
E4_Bvp 1566822932,65634 28,73883
E4_Bvp 1566822932,67196 30,02832
E4_Bvp 1566822932,68759 31,24567
E4_Bvp 1566822932,70322 32,2426
E4_Bvp 1566822932,71884 32,98357
E4_Bvp 1566822932,73447 33,54999
E4_Bvp 1566822932,75009 34,00092
E4_Bvp 1566822932,76572 34,27985
E4_Bvp 1566822932,78135 34,17677
E4_Bvp 1566822932,79697 33,4117
E4_Bvp 1566822932,8126 31,82368
E4_Bvp 1566822932,82822 29,46326
E4_Bvp 1566822932,84385 26,6487
E4_Bvp 1566822932,85947 23,83463
E4_Bvp 1566822932,8751 21,36667
E4_Bvp 1566822932,89073 19,36259
E4_Bvp 1566822932,90635 17,67265
E4_Bvp 1566822932,92198 16,00613
E4_Bvp 1566822932,9376 14,10674
E4_Bvp 1566822932,95323 11,90028
E4_Bvp 1566822932,96885 9,516617
E4_Bvp 1566822932,98448 7,224609
E4_Bvp 1566822933,00011 5,277344
E4_Bvp 1566822933,01573 3,763306
E4_Bvp 1566822933,03136 2,578766
E4_Bvp 1566822933,04698 1,408981
E4_Bvp 1566822933,06261 -0,08152771
E4_Bvp 1566822933,07823 -2,169159
E4_Bvp 1566822933,09386 -4,931213
E4_Bvp 1566822933,10949 -8,202469
E4_Bvp 1566822933,12511 -11,71307
E4_Bvp 1566822933,14074 -15,14941
E4_Bvp 1566822933,15636 -18,2861
E4_Bvp 1566822933,17199 -21,0802
E4_Bvp 1566822933,18761 -23,71707
E4_Bvp 1566822933,20324 -26,47658
E4_Bvp 1566822933,21887 -29,72711
E4_Bvp 1566822933,23449 -33,83235
E4_Bvp 1566822933,25012 -38,99846
E4_Bvp 1566822933,26574 -45,12871
E4_Bvp 1566822933,28137 -51,72057
E4_Bvp 1566822933,29699 -57,77995
E4_Bvp 1566822933,31262 -61,95917
E4_Bvp 1566822933,32825 -62,99004
E4_Temperature 1566822931,72835 31,93
E4_Temperature 1566822931,97836 31,93
E4_Temperature 1566822932,22837 31,93
E4_Temperature 1566822932,47838 31,93
E4_Temperature 1566822932,72839 31,95
E4_Temperature 1566822932,9784 31,95
E4_Temperature 1566822933,22841 31,95
E4_Temperature 1566822933,47843 31,95
E4_Bvp 1566822933,34387 -60,06032
E4_Bvp 1566822933,3595 -53,20052
E4_Bvp 1566822933,37512 -43,29631
E4_Bvp 1566822933,39075 -31,80644
E4_Bvp 1566822933,40637 -20,25989
E4_Bvp 1566822933,422 -9,743271
E4_Bvp 1566822933,43763 -0,7282104
E4_Bvp 1566822933,45325 6,875061
E4_Bvp 1566822933,46888 13,36986
E4_Bvp 1566822933,4845 18,95555
E4_Bvp 1566822933,50013 23,60707
E4_Bvp 1566822933,51575 27,14632
E4_Bvp 1566822933,53138 29,48753
E4_Bvp 1566822933,54701 30,77148
E4_Bvp 1566822933,56263 31,40224
E4_Bvp 1566822933,57826 31,85446
E4_Bvp 1566822933,59388 32,5117
E4_Bvp 1566822933,60951 33,5284
E4_Bvp 1566822933,62513 34,82751
E4_Bvp 1566822933,64076 36,22145
E4_Bvp 1566822933,65639 37,54169
E4_Bvp 1566822933,67201 38,72299
E4_Bvp 1566822933,68764 39,73309
E4_Bvp 1566822933,70326 40,54401
E4_Bvp 1566822933,71889 41,06898
E4_Bvp 1566822933,73451 41,13887
E4_Bvp 1566822933,75014 40,57231
E4_Bvp 1566822933,76577 39,21933
E4_Bvp 1566822933,78139 37,03366
E4_Bvp 1566822933,79702 34,08287
E4_Bvp 1566822933,81264 30,6179
E4_Bvp 1566822933,82827 26,98254
E4_Bvp 1566822933,84389 23,55769
E4_Gsr 1566822932,595 0,1050502
E4_Gsr 1566822932,845 0,1037691
E4_Gsr 1566822933,095 0,102488
E4_Gsr 1566822933,345 0,09736361
E4_Gsr 1566822933,595 0,09992581
E4_Gsr 1566822933,845 0,1012069
E4_Bvp 1566822933,85952 20,66495
E4_Bvp 1566822933,87515 18,4427
E4_Bvp 1566822933,89077 16,84209
E4_Bvp 1566822933,9064 15,66023
E4_Bvp 1566822933,92202 14,6078
E4_Bvp 1566822933,93765 13,41145
E4_Bvp 1566822933,95327 11,88889
E4_Bvp 1566822933,9689 9,990692
E4_Bvp 1566822933,98453 7,800629
E4_Bvp 1566822934,00015 5,442307
E4_Bvp 1566822934,01578 3,068024
E4_Bvp 1566822934,0314 0,7809296
E4_Bvp 1566822934,04703 -1,415802
E4_Bvp 1566822934,06265 -3,658707
E4_Bvp 1566822934,07828 -6,094101
E4_Bvp 1566822934,09391 -8,84639
E4_Bvp 1566822934,10953 -11,94507
E4_Bvp 1566822934,12516 -15,25528
E4_Bvp 1566822934,14078 -18,54906
E4_Bvp 1566822934,15641 -21,59641
E4_Bvp 1566822934,17203 -24,28397
E4_Bvp 1566822934,18766 -26,71407
E4_Bvp 1566822934,20329 -29,19412
E4_Bvp 1566822934,21891 -32,16811
E4_Bvp 1566822934,23454 -35,98997
E4_Bvp 1566822934,25016 -40,73958
E4_Bvp 1566822934,26579 -46,00815
E4_Bvp 1566822934,28141 -50,90802
E4_Bvp 1566822934,29704 -54,25406
E4_Bvp 1566822934,31267 -54,91833
E4_Bvp 1566822934,32829 -52,24872
E4_Bvp 1566822934,34392 -46,27397
E4_Bvp 1566822934,35954 -37,714
E4_Bvp 1566822934,37517 -27,70107
E4_Bvp 1566822934,39079 -17,46399
E4_Bvp 1566822934,40642 -7,940475
E4_Bvp 1566822934,42205 0,3322296
E4_Bvp 1566822934,43767 7,200165
E4_Bvp 1566822934,4533 12,69664
E4_Bvp 1566822934,46892 16,93755
E4_Bvp 1566822934,48455 19,99959
E4_Bvp 1566822934,50017 21,9313
E4_Bvp 1566822934,5158 22,8508
E4_Bvp 1566822934,53143 22,96498
E4_Bvp 1566822934,54705 22,61685
E4_Bvp 1566822934,56268 22,21185
E4_Bvp 1566822934,5783 22,09918
E4_Bvp 1566822934,59393 22,50786
E4_Bvp 1566822934,60955 23,42334
E4_Bvp 1566822934,62518 24,65244
E4_Bvp 1566822934,64081 25,8687
E4_Bvp 1566822934,65643 26,74611
E4_Bvp 1566822934,67206 27,1004
E4_Bvp 1566822934,68768 26,88289
E4_Bvp 1566822934,70331 26,22487
E4_Bvp 1566822934,71893 25,29333
E4_Bvp 1566822934,73456 24,1889
E4_Bvp 1566822934,75019 22,93958
E4_Bvp 1566822934,76581 21,48547
E4_Bvp 1566822934,78144 19,80602
E4_Bvp 1566822934,79706 17,97977
E4_Bvp 1566822934,81269 16,19655
E4_Bvp 1566822934,82831 14,59233
E4_Bvp 1566822934,84394 13,20076
E4_Bvp 1566822934,85957 11,86369
E4_Bvp 1566822934,87519 10,38161
E4_Bvp 1566822934,89082 8,673157
E4_Bvp 1566822934,90644 6,85968
E4_Bvp 1566822934,92207 5,269211
E4_Bvp 1566822934,93769 4,202469
E4_Bvp 1566822934,95332 3,6474
E4_Bvp 1566822934,96895 3,288544
E4_Bvp 1566822934,98457 2,566055
E4_Bvp 1566822935,0002 0,956192
E4_Bvp 1566822935,01582 -1,725922
E4_Bvp 1566822935,03145 -5,249664
E4_Bvp 1566822935,04708 -9,127151
E4_Bvp 1566822935,0627 -12,86089
E4_Bvp 1566822935,07833 -16,22023
E4_Bvp 1566822935,09395 -19,27463
E4_Bvp 1566822935,10958 -22,3633
E4_Bvp 1566822935,1252 -25,80952
E4_Bvp 1566822935,14083 -29,83125
E4_Bvp 1566822935,15646 -34,44
E4_Bvp 1566822935,17208 -39,50217
E4_Bvp 1566822935,18771 -44,72133
E4_Bvp 1566822935,20333 -49,58653
E4_Bvp 1566822935,21896 -53,40935
E4_Gsr 1566822934,095 0,1012069
E4_Gsr 1566822934,345 0,1012069
E4_Gsr 1566822934,595 0,1012069
E4_Gsr 1566822934,845 0,102488
E4_Gsr 1566822935,095 0,102488
E4_Gsr 1566822935,345 0,102488
E4_Bvp 1566822935,23458 -55,34975
E4_Bvp 1566822935,25021 -54,60825
E4_Bvp 1566822935,26584 -50,74255
E4_Bvp 1566822935,28146 -43,94437
E4_Bvp 1566822935,29709 -34,94902
E4_Bvp 1566822935,31271 -24,91637
E4_Bvp 1566822935,32834 -14,99536
E4_Bvp 1566822935,34396 -5,946793
E4_Bvp 1566822935,35959 1,912155
E4_Bvp 1566822935,37522 8,634689
E4_Bvp 1566822935,39084 14,362
E4_Temperature 1566822933,72844 31,95
E4_Temperature 1566822933,97845 31,95
E4_Temperature 1566822934,22846 31,95
E4_Temperature 1566822934,47847 31,95
E4_Temperature 1566822934,72848 31,95
E4_Temperature 1566822934,9785 31,95
E4_Temperature 1566822935,22851 31,95
E4_Temperature 1566822935,47852 31,95
E4_Bvp 1566822935,40647 19,13525
E4_Bvp 1566822935,42209 22,82944
E4_Bvp 1566822935,43772 25,31754
E4_Bvp 1566822935,45334 26,55447
E4_Bvp 1566822935,46897 26,74478
E4_Bvp 1566822935,4846 26,26268
E4_Bvp 1566822935,50022 25,5681
E4_Bvp 1566822935,51585 25,04884
E4_Bvp 1566822935,53147 24,93027
E4_Bvp 1566822935,5471 25,27942
E4_Bvp 1566822935,56272 25,99149
E4_Bvp 1566822935,57835 26,93916
E4_Bvp 1566822935,59398 28,03377
E4_Bvp 1566822935,6096 29,16319
E4_Bvp 1566822935,62523 30,22241
E4_Bvp 1566822935,64085 31,05603
E4_Bvp 1566822935,65648 31,44055
E4_Bvp 1566822935,6721 31,14262
E4_Bvp 1566822935,68773 30,02205
E4_Bvp 1566822935,70336 28,10973
E4_Bvp 1566822935,71898 25,67783
E4_Bvp 1566822935,73461 23,08397
E4_Bvp 1566822935,75023 20,70665
E4_Bvp 1566822935,76586 18,73097
E4_Bvp 1566822935,78148 17,09781
E4_Bvp 1566822935,79711 15,56668
E4_Bvp 1566822935,81274 13,88036
E4_Bvp 1566822935,82836 11,96931
E4_Bvp 1566822935,84399 9,930481
E4_Bvp 1566822935,85961 8,022247
E4_Bvp 1566822935,87524 6,43721
E4_Bvp 1566822935,89086 5,130676
E4_Bvp 1566822935,90649 3,862343
E4_Bvp 1566822935,92212 2,247459
E4_Bvp 1566822935,93774 -0,01617432
E4_Bvp 1566822935,95337 -3,00827
E4_Bvp 1566822935,96899 -6,518967
E4_Bvp 1566822935,98462 -10,20129
E4_Bvp 1566822936,00024 -13,74734
E4_Bvp 1566822936,01587 -17,03556
E4_Bvp 1566822936,0315 -20,1711
E4_Bvp 1566822936,04712 -23,40591
E4_Bvp 1566822936,06275 -27,02687
E4_Bvp 1566822936,07837 -31,27519
E4_Bvp 1566822936,094 -36,19668
E4_Bvp 1566822936,10962 -41,75882
E4_Bvp 1566822936,12525 -47,74159
E4_Bvp 1566822936,14088 -53,7925
E4_Bvp 1566822936,1565 -59,40156
E4_Bvp 1566822936,17213 -63,97013
E4_Bvp 1566822936,18775 -66,87771
E4_Bvp 1566822936,20338 -67,63865
E4_Bvp 1566822936,219 -65,98105
E4_Bvp 1566822936,23463 -61,89748
E4_Bvp 1566822936,25026 -55,65718
E4_Bvp 1566822936,26588 -47,72157
E4_Bvp 1566822936,28151 -38,63003
E4_Bvp 1566822936,29713 -28,99299
E4_Bvp 1566822936,31276 -19,39123
E4_Bvp 1566822936,32838 -10,36202
E4_Bvp 1566822936,34401 -2,451637
E4_Bvp 1566822936,35964 3,828156
E4_Bvp 1566822936,37526 8,000626
E4_Bvp 1566822936,39089 9,683022
E4_Bvp 1566822936,40651 8,866447
E4_Bvp 1566822936,42214 6,157753
E4_Bvp 1566822936,43776 2,768753
E4_Bvp 1566822936,45339 0,2622223
E4_Bvp 1566822936,46902 -0,04121399
E4_Bvp 1566822936,48464 2,321915
E4_Bvp 1566822936,50027 6,59362
E4_Bvp 1566822936,51589 11,03576
E4_Bvp 1566822936,53152 13,66555
E4_Bvp 1566822936,54714 13,2207
E4_Bvp 1566822936,56277 9,71051
E4_Bvp 1566822936,5784 4,321762
E4_Bvp 1566822936,59402 -1,253677
E4_Bvp 1566822936,60965 -5,791687
E4_Bvp 1566822936,62527 -9,086761
E4_Bvp 1566822936,6409 -11,90767
E4_Bvp 1566822936,65652 -15,427
E4_Bvp 1566822936,67215 -20,39517
E4_Bvp 1566822936,68778 -26,78639
E4_Bvp 1566822936,7034 -33,91223
E4_Bvp 1566822936,71903 -40,92589
E4_Bvp 1566822936,73465 -47,32919
E4_Bvp 1566822936,75028 -53,25089
E4_Bvp 1566822936,7659 -59,18562
E4_Gsr 1566822935,595 0,1037691
E4_Gsr 1566822935,845 0,1037691
E4_Gsr 1566822936,095 0,09992581
E4_Gsr 1566822936,345 0,1037691
E4_Gsr 1566822936,595 0,1037691
E4_Gsr 1566822936,845 0,0986447
E4_Bvp 1566822936,78153 -65,44298
E4_Bvp 1566822936,79716 -71,67947
E4_Bvp 1566822936,81278 -76,72418
E4_Bvp 1566822936,82841 -79,00302
E4_Bvp 1566822936,84403 -77,21606
E4_Bvp 1566822936,85966 -70,91089
E4_Bvp 1566822936,87528 -60,72484
E4_Bvp 1566822936,89091 -48,04131
E4_Bvp 1566822936,90654 -34,43204
E4_Bvp 1566822936,92216 -21,01079
E4_Bvp 1566822936,93779 -8,257935
E4_Bvp 1566822936,95341 3,763245
E4_Bvp 1566822936,96904 14,93111
E4_Bvp 1566822936,98466 24,79227
E4_Bvp 1566822937,00029 32,54303
E4_Bvp 1566822937,01592 37,42435
E4_Bvp 1566822937,03154 39,19492
E4_Bvp 1566822937,04717 38,349
E4_Bvp 1566822937,06279 35,91891
E4_Bvp 1566822937,07842 32,90088
E4_Bvp 1566822937,09404 29,93221
E4_Bvp 1566822937,10967 27,1778
E4_Bvp 1566822937,1253 24,57785
E4_Bvp 1566822937,14092 22,1687
E4_Bvp 1566822937,15655 20,1792
E4_Bvp 1566822937,17217 18,95554
E4_Bvp 1566822937,1878 18,79294
E4_Bvp 1566822937,20342 19,75772
E4_Bvp 1566822937,21905 21,74738
E4_Bvp 1566822937,23468 24,5665
E4_Bvp 1566822937,2503 27,97589
E4_Bvp 1566822937,26593 31,67776
E4_Bvp 1566822937,28155 35,15912
E4_Bvp 1566822937,29718 37,54984
E4_Bvp 1566822937,3128 37,89209
E4_Bvp 1566822937,32843 35,46469
E4_Bvp 1566822937,34406 30,2536
E4_Bvp 1566822937,35968 23,13821
E4_Bvp 1566822937,37531 15,67151
E4_Bvp 1566822937,39093 9,48587
E4_Bvp 1566822937,40656 5,754547
E4_Bvp 1566822937,42218 4,881287
E4_Bvp 1566822937,43781 6,632996
E4_Bvp 1566822937,45344 10,47113
E4_Temperature 1566822935,72853 31,93
E4_Temperature 1566822935,97854 31,93
E4_Temperature 1566822936,22855 31,93
E4_Temperature 1566822936,47856 31,93
E4_Temperature 1566822936,72858 31,93
E4_Temperature 1566822936,97859 31,93
E4_Temperature 1566822937,2286 31,93
E4_Temperature 1566822937,47861 31,93
E4_Bvp 1566822937,46906 15,79758
E4_Bvp 1566822937,48469 22,14078
E4_Bvp 1566822937,50031 29,00504
E4_Bvp 1566822937,51594 35,87799
E4_Bvp 1566822937,53156 42,15372
E4_Bvp 1566822937,54719 47,35931
E4_Bvp 1566822937,56282 51,4082
E4_Bvp 1566822937,57844 54,58163
E4_Bvp 1566822937,59407 57,36768
E4_Bvp 1566822937,60969 60,06985
E4_Bvp 1566822937,62532 62,56372
E4_Bvp 1566822937,64095 64,30545
E4_Bvp 1566822937,65657 64,74606
E4_Bvp 1566822937,6722 63,71817
E4_Bvp 1566822937,68782 61,64206
E4_Bvp 1566822937,70345 59,34497
E4_Bvp 1566822937,71907 57,6467
E4_Bvp 1566822937,7347 56,95871
E4_Bvp 1566822937,75033 57,12289
E4_Bvp 1566822937,76595 57,65198
E4_Bvp 1566822937,78158 58,05859
E4_Bvp 1566822937,7972 58,1517
E4_Bvp 1566822937,81283 58,21078
E4_Bvp 1566822937,82845 58,70724
E4_Bvp 1566822937,84408 60,02945
E4_Bvp 1566822937,85971 62,26971
E4_Bvp 1566822937,87533 65,23724
E4_Bvp 1566822937,89096 68,604
E4_Bvp 1566822937,90658 72,30682
E4_Bvp 1566822937,92221 76,61481
E4_Bvp 1566822937,93783 82,02725
E4_Bvp 1566822937,95346 88,94696
E4_Bvp 1566822937,96909 97,22079
E4_Bvp 1566822937,98471 105,8524
E4_Bvp 1566822938,00034 113,1519
E4_Bvp 1566822938,01596 117,3298
E4_Bvp 1566822938,03159 117,2323
E4_Bvp 1566822938,04721 112,9658
E4_Bvp 1566822938,06284 105,8086
E4_Bvp 1566822938,07847 97,56972
E4_Bvp 1566822938,09409 89,72588
E4_Bvp 1566822938,10972 82,93469
E4_Bvp 1566822938,12534 76,98775
E4_Bvp 1566822938,14097 71,1183
E4_Bvp 1566822938,15659 64,07924
E4_Bvp 1566822938,17222 54,1983
E4_Bvp 1566822938,18785 39,63651
E4_Bvp 1566822938,20347 18,96692
E4_Bvp 1566822938,2191 -7,749527
E4_Bvp 1566822938,23472 -38,21539
E4_Bvp 1566822938,25035 -68,1423
E4_Bvp 1566822938,26597 -92,75307
E4_Bvp 1566822938,2816 -108,9854
E4_Bvp 1566822938,29723 -117,0265
E4_Bvp 1566822938,31285 -120,3944
E4_Gsr 1566822937,095 0,09992581
E4_Gsr 1566822937,345 0,0986447
E4_Gsr 1566822937,595 0,09223921
E4_Gsr 1566822937,845 0,08327151
E4_Gsr 1566822938,095 0,07814711
E4_Gsr 1566822938,345 0,07814711
E4_Bvp 1566822938,32848 -124,4103
E4_Bvp 1566822938,3441 -134,0633
E4_Bvp 1566822938,35973 -151,97
E4_Bvp 1566822938,37535 -177,4171
E4_Bvp 1566822938,39098 -206,1963
E4_Bvp 1566822938,40661 -231,2619
E4_Bvp 1566822938,42223 -244,4109
E4_Bvp 1566822938,43786 -238,8073
E4_Bvp 1566822938,45348 -211,631
E4_Bvp 1566822938,46911 -165,5457
E4_Bvp 1566822938,48473 -108,1578
E4_Bvp 1566822938,50036 -49,16998
E4_Bvp 1566822938,51599 3,328075
E4_Bvp 1566822938,53161 45,44135
E4_Bvp 1566822938,54724 77,76045
E4_Bvp 1566822938,56286 103,323
E4_Bvp 1566822938,57849 125,1267
E4_Bvp 1566822938,59411 144,622
E4_Bvp 1566822938,60974 162,0444
E4_Bvp 1566822938,62537 177,4577
E4_Bvp 1566822938,64099 191,3783
E4_Bvp 1566822938,65662 204,0063
E4_Bvp 1566822938,67224 214,0032
E4_Bvp 1566822938,68787 218,2208
E4_Bvp 1566822938,70349 213,0116
E4_Bvp 1566822938,71912 196,5544
E4_Bvp 1566822938,73475 170,0904
E4_Bvp 1566822938,75037 137,5662
E4_Bvp 1566822938,766 103,1679
E4_Bvp 1566822938,78162 68,89264
E4_Bvp 1566822938,79725 33,82074
E4_Bvp 1566822938,81287 -4,37529
E4_Bvp 1566822938,8285 -46,76186
E4_Bvp 1566822938,84413 -91,53125
E4_Bvp 1566822938,85975 -134,1583
E4_Bvp 1566822938,87538 -169,5625
E4_Bvp 1566822938,891 -194,6216
E4_Bvp 1566822938,90663 -209,391
E4_Bvp 1566822938,92225 -216,3633
E4_Bvp 1566822938,93788 -218,7273
E4_Bvp 1566822938,95351 -218,6097
E4_Bvp 1566822938,96913 -216,3808
E4_Bvp 1566822938,98476 -211,3695
E4_Bvp 1566822939,00038 -202,9842
E4_Bvp 1566822939,01601 -191,7322
E4_Bvp 1566822939,03163 -179,4058
E4_Bvp 1566822939,04726 -168,5442
E4_Bvp 1566822939,06289 -161,4169
E4_Bvp 1566822939,07851 -159,0566
E4_Bvp 1566822939,09414 -161,0279
E4_Bvp 1566822939,10976 -165,6994
E4_Bvp 1566822939,12539 -171,3992
E4_Bvp 1566822939,14101 -176,9889
E4_Bvp 1566822939,15664 -182,3606
E4_Bvp 1566822939,17227 -187,7446
E4_Bvp 1566822939,18789 -192,5865
E4_Bvp 1566822939,20352 -194,3702
E4_Bvp 1566822939,21914 -188,7527
E4_Bvp 1566822939,23477 -171,1617
E4_Bvp 1566822939,25039 -139,2186
E4_Bvp 1566822939,26602 -94,88081
E4_Bvp 1566822939,28165 -44,71097
E4_Bvp 1566822939,29727 2,130051
E4_Bvp 1566822939,3129 37,53668
E4_Bvp 1566822939,32852 57,82838
E4_Bvp 1566822939,34415 65,10562
E4_Temperature 1566822937,72862 31,97
E4_Temperature 1566822937,97863 31,97
E4_Temperature 1566822938,22865 31,97
E4_Temperature 1566822938,47866 31,97
E4_Temperature 1566822938,72867 31,95
E4_Temperature 1566822938,97868 31,95
E4_Temperature 1566822939,22869 31,95
E4_Temperature 1566822939,4787 31,95
E4_Bvp 1566822939,35977 65,72672
E4_Bvp 1566822939,3754 66,97679
E4_Bvp 1566822939,39103 73,46191
E4_Bvp 1566822939,40665 85,1683
E4_Bvp 1566822939,42228 98,19727
E4_Bvp 1566822939,4379 107,4148
E4_Bvp 1566822939,45353 109,5293
E4_Bvp 1566822939,46915 104,9058
E4_Bvp 1566822939,48478 97,00616
E4_Bvp 1566822939,50041 90,20207
E4_Bvp 1566822939,51603 87,23603
E4_Bvp 1566822939,53166 87,89796
E4_Bvp 1566822939,54728 89,43228
E4_Bvp 1566822939,56291 88,44145
E4_Bvp 1566822939,57853 82,83231
E4_Bvp 1566822939,59416 72,8176
E4_Bvp 1566822939,60979 60,66361
E4_Bvp 1566822939,62541 49,08961
E4_Bvp 1566822939,64104 39,81783
E4_Bvp 1566822939,65666 32,61922
E4_Bvp 1566822939,67229 25,55022
E4_Bvp 1566822939,68791 16,20579
E4_Gsr 1566822938,595 0,07814711
E4_Gsr 1566822938,845 0,07558491
E4_Gsr 1566822939,095 0,07814711
E4_Gsr 1566822939,345 0,07814711
E4_Gsr 1566822939,595 0,07686601
E4_Gsr 1566822939,845 0,07814711
E4_Bvp 1566822939,70354 3,292904
E4_Bvp 1566822939,71917 -12,5034
E4_Bvp 1566822939,73479 -28,59417
E4_Bvp 1566822939,75042 -41,72324
E4_Bvp 1566822939,76604 -49,57347
E4_Bvp 1566822939,78167 -51,81736
E4_Bvp 1566822939,79729 -50,08395
E4_Bvp 1566822939,81292 -46,95374
E4_Bvp 1566822939,82855 -44,42349
E4_Bvp 1566822939,84417 -42,91058
E4_Bvp 1566822939,8598 -41,19363
E4_Bvp 1566822939,87542 -37,34315
E4_Bvp 1566822939,89105 -29,93176
E4_Bvp 1566822939,90668 -18,91753
E4_Bvp 1566822939,9223 -5,73669
E4_Bvp 1566822939,93793 7,472499
E4_Bvp 1566822939,95355 18,85969
E4_Bvp 1566822939,96918 27,77917
E4_Bvp 1566822939,9848 34,80586
E4_Bvp 1566822940,00043 41,26028
E4_Bvp 1566822940,01606 48,32691
E4_Bvp 1566822940,03168 56,33453
E4_Bvp 1566822940,04731 64,52023
E4_Bvp 1566822940,06293 71,41376
E4_Bvp 1566822940,07856 75,61237
E4_Bvp 1566822940,09418 76,40942
E4_Bvp 1566822940,10981 74,08533
E4_Bvp 1566822940,12544 69,69249
E4_Bvp 1566822940,14106 64,51199
E4_Bvp 1566822940,15669 59,41539
E4_Bvp 1566822940,17231 54,58704
E4_Bvp 1566822940,18794 49,7011
E4_Bvp 1566822940,20356 44,25969
E4_Bvp 1566822940,21919 38,04367
E4_Bvp 1566822940,23482 31,34352
E4_Bvp 1566822940,25044 24,82053
E4_Bvp 1566822940,26607 19,13049
E4_Bvp 1566822940,28169 14,52925
E4_Bvp 1566822940,29732 10,68614
E4_Bvp 1566822940,31294 6,822086
E4_Bvp 1566822940,32857 2,141991
E4_Bvp 1566822940,3442 -3,701729
E4_Bvp 1566822940,35982 -10,35028
E4_Bvp 1566822940,37545 -16,86458
E4_Bvp 1566822940,39107 -22,16946
E4_Bvp 1566822940,4067 -25,60027
E4_Bvp 1566822940,42232 -27,19536
E4_Bvp 1566822940,43795 -27,70829
E4_Bvp 1566822940,45358 -28,1831
E4_Bvp 1566822940,4692 -29,53534
E4_Bvp 1566822940,48483 -32,17595
E4_Bvp 1566822940,50045 -35,94381
E4_Bvp 1566822940,51608 -40,20226
E4_Bvp 1566822940,5317 -44,14366
E4_Bvp 1566822940,54733 -46,88853
E4_Bvp 1566822940,56296 -47,71334
E4_Bvp 1566822940,57858 -46,15738
E4_Bvp 1566822940,59421 -42,10801
E4_Bvp 1566822940,60983 -35,846
E4_Bvp 1566822940,62546 -27,993
E4_Bvp 1566822940,64108 -19,31881
E4_Bvp 1566822940,65671 -10,56727
E4_Bvp 1566822940,67234 -2,386787
E4_Bvp 1566822940,68796 4,769035
E4_Bvp 1566822940,70359 10,59
E4_Bvp 1566822940,71921 14,95934
E4_Bvp 1566822940,73484 17,9109
E4_Bvp 1566822940,75046 19,66556
E4_Bvp 1566822940,76609 20,62637
E4_Bvp 1566822940,78172 21,27148
E4_Bvp 1566822940,79734 22,01583
E4_Bvp 1566822940,81297 23,01868
E4_Bvp 1566822940,82859 24,17992
E4_Bvp 1566822940,84422 25,16351
E4_Bvp 1566822940,85984 25,55138
E4_Bvp 1566822940,87547 25,11227
E4_Bvp 1566822940,8911 23,9838
E4_Bvp 1566822940,90672 22,59221
E4_Bvp 1566822940,92235 21,57538
E4_Bvp 1566822940,93797 21,40939
E4_Bvp 1566822940,9536 22,24389
E4_Bvp 1566822940,96922 23,79389
E4_Bvp 1566822940,98485 25,47495
E4_Bvp 1566822941,00048 26,6795
E4_Bvp 1566822941,0161 27,03749
E4_Bvp 1566822941,03173 26,50559
E4_Bvp 1566822941,04735 25,31411
E4_Bvp 1566822941,06298 23,77104
E4_Bvp 1566822941,0786 22,10969
E4_Bvp 1566822941,09423 20,4053
E4_Bvp 1566822941,10986 18,63038
E4_Bvp 1566822941,12548 16,71633
E4_Bvp 1566822941,14111 14,64439
E4_Bvp 1566822941,15673 12,43291
E4_Bvp 1566822941,17236 10,14631
E4_Bvp 1566822941,18798 7,794212
E4_Bvp 1566822941,20361 5,319267
E4_Bvp 1566822941,21924 2,608139
E4_Bvp 1566822941,23486 -0,5085907
E4_Gsr 1566822940,095 0,07686601
E4_Gsr 1566822940,345 0,07814711
E4_Gsr 1566822940,595 0,07558491
E4_Gsr 1566822940,845 0,09095811
E4_Gsr 1566822941,095 0,07558491
E4_Gsr 1566822941,345 0,07814711
E4_Bvp 1566822941,25049 -4,121147
E4_Bvp 1566822941,26611 -8,228043
E4_Bvp 1566822941,28174 -12,70736
E4_Bvp 1566822941,29736 -17,27966
E4_Bvp 1566822941,31299 -21,49667
E4_Bvp 1566822941,32862 -24,79868
E4_Bvp 1566822941,34424 -26,54742
E4_Bvp 1566822941,35987 -26,15399
E4_Bvp 1566822941,37549 -23,25711
E4_Bvp 1566822941,39112 -17,78278
E4_Bvp 1566822941,40674 -10,01813
E4_Temperature 1566822939,72872 31,95
E4_Temperature 1566822939,97873 31,95
E4_Temperature 1566822940,22874 31,95
E4_Temperature 1566822940,47875 31,95
E4_Temperature 1566822940,72876 31,97
E4_Temperature 1566822940,97877 31,97
E4_Temperature 1566822941,22879 31,97
E4_Temperature 1566822941,4788 31,97
E4_Bvp 1566822941,42237 -0,5070343
E4_Bvp 1566822941,438 10,07603
E4_Bvp 1566822941,45362 21,05482
E4_Bvp 1566822941,46925 31,75541
E4_Bvp 1566822941,48487 41,61017
E4_Bvp 1566822941,5005 50,18584
E4_Bvp 1566822941,51612 57,24067
E4_Bvp 1566822941,53175 62,80614
E4_Bvp 1566822941,54738 67,21091
E4_Bvp 1566822941,563 71,03999
E4_Bvp 1566822941,57863 74,94725
E4_Bvp 1566822941,59425 79,55663
E4_Bvp 1566822941,60988 85,27797
E4_Bvp 1566822941,6255 92,22622
E4_Bvp 1566822941,64113 100,0708
E4_Bvp 1566822941,65676 108,0217
E4_Bvp 1566822941,67238 114,931
E4_Bvp 1566822941,68801 119,4985
E4_Bvp 1566822941,70363 120,6575
E4_Bvp 1566822941,71926 117,9896
E4_Bvp 1566822941,73488 111,8657
E4_Bvp 1566822941,75051 103,3122
E4_Bvp 1566822941,76614 93,60175
E4_Bvp 1566822941,78176 83,77219
E4_Bvp 1566822941,79739 74,22752
E4_Bvp 1566822941,81301 64,73288
E4_Bvp 1566822941,82864 54,63706
E4_Bvp 1566822941,84426 43,32746
E4_Bvp 1566822941,85989 30,56556
E4_Bvp 1566822941,87552 16,61751
E4_Bvp 1566822941,89114 2,093663
E4_Bvp 1566822941,90677 -12,33936
E4_Bvp 1566822941,92239 -26,26784
E4_Bvp 1566822941,93802 -39,60824
E4_Bvp 1566822941,95364 -52,59788
E4_Bvp 1566822941,96927 -65,58624
E4_Bvp 1566822941,9849 -78,82422
E4_Bvp 1566822942,00052 -92,3407
E4_Bvp 1566822942,01615 -106,0163
E4_Bvp 1566822942,03177 -119,7263
E4_Bvp 1566822942,0474 -133,3996
E4_Bvp 1566822942,06303 -146,9741
E4_Bvp 1566822942,07865 -160,1279
E4_Bvp 1566822942,09428 -172,1442
E4_Bvp 1566822942,1099 -181,9735
E4_Bvp 1566822942,12553 -188,447
E4_Bvp 1566822942,14115 -190,5025
E4_Bvp 1566822942,15678 -187,3453
E4_Bvp 1566822942,17241 -178,4317
E4_Bvp 1566822942,18803 -163,4295
E4_Bvp 1566822942,20366 -142,3221
E4_Bvp 1566822942,21928 -115,6239
E4_Bvp 1566822942,23491 -84,56007
E4_Bvp 1566822942,25053 -51,16587
E4_Bvp 1566822942,26616 -17,98709
E4_Bvp 1566822942,28179 12,5904
E4_Bvp 1566822942,29741 38,99806
E4_Bvp 1566822942,31304 60,71678
E4_Bvp 1566822942,32866 78,00583
E4_Bvp 1566822942,34429 91,23901
E4_Bvp 1566822942,35991 100,3747
E4_Bvp 1566822942,37554 104,9071
E4_Bvp 1566822942,39117 104,4666
E4_Bvp 1566822942,40679 99,41692
E4_Bvp 1566822942,42242 91,06433
E4_Bvp 1566822942,43804 81,30408
E4_Bvp 1566822942,45367 71,7328
E4_Bvp 1566822942,46929 62,98579
E4_Bvp 1566822942,48492 54,61192
E4_Bvp 1566822942,50055 45,66782
E4_Bvp 1566822942,51617 35,537
E4_Bvp 1566822942,5318 24,44774
E4_Bvp 1566822942,54742 13,49944
E4_Bvp 1566822942,56305 3,931587
E4_Bvp 1566822942,57867 -3,561752
E4_Bvp 1566822942,5943 -9,134773
E4_Bvp 1566822942,60993 -13,61446
E4_Bvp 1566822942,62555 -17,96031
E4_Bvp 1566822942,64118 -22,7383
E4_Bvp 1566822942,6568 -27,96446
E4_Bvp 1566822942,67243 -33,20383
E4_Bvp 1566822942,68805 -37,92813
E4_Bvp 1566822942,70368 -41,75508
E4_Bvp 1566822942,71931 -44,61882
E4_Bvp 1566822942,73493 -46,71361
E4_Bvp 1566822942,75056 -48,48775
E4_Bvp 1566822942,76618 -50,56274
E4_Bvp 1566822942,78181 -53,59238
E4_Gsr 1566822941,595 0,07686601
E4_Gsr 1566822941,845 0,07942821
E4_Gsr 1566822942,095 0,08199041
E4_Gsr 1566822942,345 0,08199041
E4_Gsr 1566822942,595 0,08070931
E4_Gsr 1566822942,845 0,08070931
E4_Bvp 1566822942,79743 -58,0022
E4_Bvp 1566822942,81306 -63,78504
E4_Bvp 1566822942,82869 -70,33177
E4_Bvp 1566822942,84431 -76,53651
E4_Bvp 1566822942,85994 -80,98848
E4_Bvp 1566822942,87556 -82,49983
E4_Bvp 1566822942,89119 -80,37993
E4_Bvp 1566822942,90681 -74,67215
E4_Bvp 1566822942,92244 -66,15154
E4_Bvp 1566822942,93807 -56,08585
E4_Bvp 1566822942,95369 -45,89556
E4_Bvp 1566822942,96932 -36,8814
E4_Bvp 1566822942,98494 -29,82764
E4_Bvp 1566822943,00057 -24,75703
E4_Bvp 1566822943,01619 -20,95074
E4_Bvp 1566822943,03182 -17,23846
E4_Bvp 1566822943,04745 -12,54474
E4_Bvp 1566822943,06307 -6,509666
E4_Bvp 1566822943,0787 0,4185181
E4_Bvp 1566822943,09432 7,138367
E4_Bvp 1566822943,10995 12,49927
E4_Bvp 1566822943,12557 15,91077
E4_Bvp 1566822943,1412 17,56066
E4_Bvp 1566822943,15683 18,1937
E4_Bvp 1566822943,17245 18,57626
E4_Bvp 1566822943,18808 19,00038
E4_Bvp 1566822943,2037 19,18964
E4_Bvp 1566822943,21933 18,52044
E4_Bvp 1566822943,23495 16,64295
E4_Bvp 1566822943,25058 13,76181
E4_Bvp 1566822943,26621 10,5972
E4_Bvp 1566822943,28183 7,97364
E4_Bvp 1566822943,29746 6,404182
E4_Bvp 1566822943,31308 5,801796
E4_Bvp 1566822943,32871 5,718212
E4_Bvp 1566822943,34433 5,568798
E4_Bvp 1566822943,35996 5,0667
E4_Bvp 1566822943,37559 4,276798
E4_Bvp 1566822943,39121 3,480793
E4_Bvp 1566822943,40684 2,917885
E4_Bvp 1566822943,42246 2,561832
E4_Bvp 1566822943,43809 2,089775
E4_Bvp 1566822943,45371 0,9844818
E4_Bvp 1566822943,46934 -1,160305
E4_Temperature 1566822941,72881 31,95
E4_Temperature 1566822941,97882 31,95
E4_Temperature 1566822942,22883 31,95
E4_Temperature 1566822942,47884 31,95
E4_Temperature 1566822942,72885 31,95
E4_Temperature 1566822942,97887 31,95
E4_Temperature 1566822943,22888 31,95
E4_Temperature 1566822943,47889 31,95
E4_Bvp 1566822943,48497 -4,442427
E4_Bvp 1566822943,50059 -8,595119
E4_Bvp 1566822943,51622 -13,14486
E4_Bvp 1566822943,53184 -17,55165
E4_Bvp 1566822943,54747 -21,41487
E4_Bvp 1566822943,56309 -24,61463
E4_Bvp 1566822943,57872 -27,18098
E4_Bvp 1566822943,59435 -29,2504
E4_Bvp 1566822943,60997 -30,78619
E4_Bvp 1566822943,6256 -31,49409
E4_Bvp 1566822943,64122 -30,90896
E4_Bvp 1566822943,65685 -28,55527
E4_Bvp 1566822943,67247 -24,25912
E4_Bvp 1566822943,6881 -18,22898
E4_Bvp 1566822943,70373 -11,0087
E4_Bvp 1566822943,71935 -3,300135
E4_Bvp 1566822943,73498 4,292934
E4_Bvp 1566822943,7506 11,37564
E4_Bvp 1566822943,76623 17,78826
E4_Bvp 1566822943,78185 23,49492
E4_Bvp 1566822943,79748 28,44751
E4_Bvp 1566822943,81311 32,56096
E4_Bvp 1566822943,82873 35,70702
E4_Bvp 1566822943,84436 37,8162
E4_Bvp 1566822943,85998 38,89639
E4_Bvp 1566822943,87561 39,09167
E4_Bvp 1566822943,89123 38,61776
E4_Bvp 1566822943,90686 37,73168
E4_Bvp 1566822943,92249 36,6556
E4_Bvp 1566822943,93811 35,55381
E4_Bvp 1566822943,95374 34,50723
E4_Bvp 1566822943,96936 33,52337
E4_Bvp 1566822943,98499 32,59184
E4_Bvp 1566822944,00061 31,69862
E4_Bvp 1566822944,01624 30,84402
E4_Bvp 1566822944,03187 29,97022
E4_Bvp 1566822944,04749 28,90424
E4_Bvp 1566822944,06312 27,37966
E4_Bvp 1566822944,07874 25,15545
E4_Bvp 1566822944,09437 22,12965
E4_Bvp 1566822944,10999 18,42995
E4_Bvp 1566822944,12562 14,43088
E4_Bvp 1566822944,14125 10,55698
E4_Bvp 1566822944,15687 7,174736
E4_Bvp 1566822944,1725 4,407356
E4_Bvp 1566822944,18812 2,214233
E4_Bvp 1566822944,20375 0,4610748
E4_Bvp 1566822944,21937 -0,9245224
E4_Bvp 1566822944,235 -1,919334
E4_Bvp 1566822944,25063 -2,475006
E4_Bvp 1566822944,26625 -2,644577
E4_Bvp 1566822944,28188 -2,662514
E4_Bvp 1566822944,2975 -2,929146
E4_Bvp 1566822944,31313 -3,855782
E4_Bvp 1566822944,32875 -5,719513
E4_Gsr 1566822943,095 0,08070931
E4_Gsr 1566822943,345 0,08327151
E4_Gsr 1566822943,595 0,08327151
E4_Gsr 1566822943,845 0,08327151
E4_Gsr 1566822944,095 0,07942821
E4_Gsr 1566822944,345 0,07814711
E4_Bvp 1566822944,34438 -8,618004
E4_Bvp 1566822944,36001 -12,37479
E4_Bvp 1566822944,37563 -16,62012
E4_Bvp 1566822944,39126 -20,82742
E4_Bvp 1566822944,40688 -24,34267
E4_Bvp 1566822944,42251 -26,53431
E4_Bvp 1566822944,43813 -26,85319
E4_Bvp 1566822944,45376 -25,0055
E4_Bvp 1566822944,46939 -21,03764
E4_Bvp 1566822944,48501 -15,3791
E4_Bvp 1566822944,50064 -8,734177
E4_Bvp 1566822944,51626 -1,965332
E4_Bvp 1566822944,53189 4,13768
E4_Bvp 1566822944,54751 9,01416
E4_Bvp 1566822944,56314 12,45944
E4_Bvp 1566822944,57877 14,59351
E4_Bvp 1566822944,59439 15,81117
E4_Bvp 1566822944,61002 16,60509
E4_Bvp 1566822944,62564 17,37437
E4_Bvp 1566822944,64127 18,33537
E4_Bvp 1566822944,65689 19,4574
E4_Bvp 1566822944,67252 20,51549
E4_Bvp 1566822944,68815 21,23499
E4_Bvp 1566822944,70377 21,39023
E4_Bvp 1566822944,7194 20,92456
E4_Bvp 1566822944,73502 19,9425
E4_Bvp 1566822944,75065 18,71605
E4_Bvp 1566822944,76628 17,53595
E4_Bvp 1566822944,7819 16,64981
E4_Bvp 1566822944,79753 16,14709
E4_Bvp 1566822944,81315 15,96782
E4_Bvp 1566822944,82878 15,90187
E4_Bvp 1566822944,8444 15,72238
E4_Bvp 1566822944,86003 15,27248
E4_Bvp 1566822944,87566 14,54607
E4_Bvp 1566822944,89128 13,61865
E4_Bvp 1566822944,90691 12,58476
E4_Bvp 1566822944,92253 11,49966
E4_Bvp 1566822944,93816 10,27682
E4_Bvp 1566822944,95378 8,745697
E4_Bvp 1566822944,96941 6,82486
E4_Bvp 1566822944,98504 4,547775
E4_Bvp 1566822945,00066 2,169769
E4_Bvp 1566822945,01629 0,03364563
E4_Bvp 1566822945,03191 -1,560684
E4_Bvp 1566822945,04754 -2,553238
E4_Bvp 1566822945,06316 -3,128738
E4_Bvp 1566822945,07879 -3,690048
E4_Bvp 1566822945,09442 -4,639069
E4_Bvp 1566822945,11004 -6,202545
E4_Bvp 1566822945,12567 -8,396851
E4_Bvp 1566822945,14129 -11,05423
E4_Bvp 1566822945,15692 -13,9249
E4_Bvp 1566822945,17254 -16,75713
E4_Bvp 1566822945,18817 -19,29796
E4_Bvp 1566822945,2038 -21,23752
E4_Bvp 1566822945,21942 -22,19789
E4_Bvp 1566822945,23505 -21,84698
E4_Bvp 1566822945,25067 -19,93332
E4_Bvp 1566822945,2663 -16,49243
E4_Bvp 1566822945,28192 -11,86589
E4_Bvp 1566822945,29755 -6,617477
E4_Bvp 1566822945,31318 -1,240494
E4_Bvp 1566822945,3288 3,941376
E4_Bvp 1566822945,34443 8,928207
E4_Bvp 1566822945,36005 13,85425
E4_Temperature 1566822943,7289 31,91
E4_Temperature 1566822943,97891 31,91
E4_Temperature 1566822944,22892 31,91
E4_Temperature 1566822944,47894 31,91
E4_Temperature 1566822944,72895 31,89
E4_Temperature 1566822944,97896 31,89
E4_Temperature 1566822945,22897 31,89
E4_Temperature 1566822945,47898 31,89
E4_Bvp 1566822945,37568 18,81816
E4_Bvp 1566822945,3913 23,70341
E4_Bvp 1566822945,40693 28,12047
E4_Bvp 1566822945,42256 31,61938
E4_Bvp 1566822945,43818 33,85411
E4_Bvp 1566822945,45381 34,76015
E4_Bvp 1566822945,46943 34,54593
E4_Bvp 1566822945,48506 33,58775
E4_Bvp 1566822945,50068 32,29942
E4_Bvp 1566822945,51631 30,97722
E4_Bvp 1566822945,53194 29,8389
E4_Bvp 1566822945,54756 29,0168
E4_Bvp 1566822945,56319 28,62
E4_Bvp 1566822945,57881 28,66698
E4_Bvp 1566822945,59444 29,01706
E4_Bvp 1566822945,61006 29,28799
E4_Bvp 1566822945,62569 28,93916
E4_Bvp 1566822945,64132 27,46654
E4_Bvp 1566822945,65694 24,55176
E4_Bvp 1566822945,67257 20,30133
E4_Bvp 1566822945,68819 15,19609
E4_Bvp 1566822945,70382 9,952255
E4_Gsr 1566822944,595 0,07942821
E4_Gsr 1566822944,845 0,08070931
E4_Gsr 1566822945,095 0,08070931
E4_Gsr 1566822945,345 0,08199041
E4_Gsr 1566822945,595 0,08070931
E4_Gsr 1566822945,845 0,08327151
E4_Bvp 1566822945,71944 5,262283
E4_Bvp 1566822945,73507 1,567795
E4_Bvp 1566822945,7507 -1,068268
E4_Bvp 1566822945,76632 -2,923294
E4_Bvp 1566822945,78195 -4,447922
E4_Bvp 1566822945,79757 -6,0784
E4_Bvp 1566822945,8132 -8,032349
E4_Bvp 1566822945,82882 -10,38722
E4_Bvp 1566822945,84445 -13,08308
E4_Bvp 1566822945,86008 -16,03824
E4_Bvp 1566822945,8757 -19,22972
E4_Bvp 1566822945,89133 -22,70755
E4_Bvp 1566822945,90695 -26,60767
E4_Bvp 1566822945,92258 -30,94875
E4_Bvp 1566822945,9382 -35,67233
E4_Bvp 1566822945,95383 -40,47737
E4_Bvp 1566822945,96946 -44,91986
E4_Bvp 1566822945,98508 -48,43633
E4_Bvp 1566822946,00071 -50,61801
E4_Bvp 1566822946,01633 -51,30034
E4_Bvp 1566822946,03196 -50,70085
E4_Bvp 1566822946,04758 -49,36168
E4_Bvp 1566822946,06321 -47,90335
E4_Bvp 1566822946,07884 -46,81517
E4_Bvp 1566822946,09446 -46,18494
E4_Bvp 1566822946,11009 -45,74248
E4_Bvp 1566822946,12571 -44,97745
E4_Bvp 1566822946,14134 -43,43826
E4_Bvp 1566822946,15696 -40,85503
E4_Bvp 1566822946,17259 -37,26599
E4_Bvp 1566822946,18822 -32,896
E4_Bvp 1566822946,20384 -28,09628
E4_Bvp 1566822946,21947 -23,23743
E4_Bvp 1566822946,23509 -18,67223
E4_Bvp 1566822946,25072 -14,71098
E4_Bvp 1566822946,26634 -11,58771
E4_Bvp 1566822946,28197 -9,407013
E4_Bvp 1566822946,2976 -8,099945
E4_Bvp 1566822946,31322 -7,44516
E4_Bvp 1566822946,32885 -7,12912
E4_Bvp 1566822946,34447 -6,815308
E4_Bvp 1566822946,3601 -6,23764
E4_Bvp 1566822946,37572 -5,285736
E4_Bvp 1566822946,39135 -4,026398
E4_Bvp 1566822946,40698 -2,751175
E4_Bvp 1566822946,4226 -1,959961
E4_Bvp 1566822946,43823 -2,208038
E4_Bvp 1566822946,45385 -3,965271
E4_Bvp 1566822946,46948 -7,449722
E4_Bvp 1566822946,4851 -12,49519
E4_Bvp 1566822946,50073 -18,62259
E4_Bvp 1566822946,51636 -25,18991
E4_Bvp 1566822946,53198 -31,61382
E4_Bvp 1566822946,54761 -37,56198
E4_Bvp 1566822946,56323 -43,00288
E4_Bvp 1566822946,57886 -48,14571
E4_Bvp 1566822946,59448 -53,32007
E4_Bvp 1566822946,61011 -58,85318
E4_Bvp 1566822946,62574 -64,96202
E4_Bvp 1566822946,64136 -71,89798
E4_Bvp 1566822946,65699 -79,87234
E4_Bvp 1566822946,67261 -89,14108
E4_Bvp 1566822946,68824 -99,92697
E4_Bvp 1566822946,70386 -112,3539
E4_Bvp 1566822946,71949 -126,3419
E4_Bvp 1566822946,73512 -141,5379
E4_Bvp 1566822946,75074 -157,3094
E4_Bvp 1566822946,76637 -172,8603
E4_Bvp 1566822946,78199 -187,3379
E4_Bvp 1566822946,79762 -200,0195
E4_Bvp 1566822946,81324 -210,3274
E4_Bvp 1566822946,82887 -217,8807
E4_Bvp 1566822946,8445 -222,3177
E4_Bvp 1566822946,86012 -223,2082
E4_Bvp 1566822946,87575 -219,9929
E4_Bvp 1566822946,89137 -212,0099
E4_Bvp 1566822946,907 -198,6549
E4_Bvp 1566822946,92263 -179,64
E4_Bvp 1566822946,93825 -155,1219
E4_Bvp 1566822946,95388 -125,8201
E4_Bvp 1566822946,9695 -93,01944
E4_Bvp 1566822946,98513 -58,40253
E4_Bvp 1566822947,00075 -23,81488
E4_Bvp 1566822947,01638 8,961487
E4_Bvp 1566822947,03201 38,42035
E4_Bvp 1566822947,04763 63,50452
E4_Bvp 1566822947,06326 83,68091
E4_Bvp 1566822947,07888 98,93616
E4_Bvp 1566822947,09451 109,6479
E4_Bvp 1566822947,11013 116,5605
E4_Bvp 1566822947,12576 120,6776
E4_Bvp 1566822947,14139 123,2733
E4_Bvp 1566822947,15701 125,6818
E4_Bvp 1566822947,17264 128,8843
E4_Bvp 1566822947,18826 133,1915
E4_Bvp 1566822947,20389 138,14
E4_Bvp 1566822947,21951 142,7474
E4_Bvp 1566822947,23514 146,2252
E4_Bvp 1566822947,25077 148,5633
E4_Gsr 1566822946,095 0,08070931
E4_Gsr 1566822946,345 0,08199041
E4_Gsr 1566822946,595 0,07942821
E4_Gsr 1566822946,845 0,08199041
E4_Gsr 1566822947,095 0,07942821
E4_Gsr 1566822947,345 0,07942821
E4_Bvp 1566822947,26639 150,7861
E4_Bvp 1566822947,28202 154,4598
E4_Bvp 1566822947,29764 160,7386
E4_Bvp 1566822947,31327 169,4852
E4_Bvp 1566822947,32889 179,0704
E4_Bvp 1566822947,34452 186,9709
E4_Bvp 1566822947,36015 190,955
E4_Bvp 1566822947,37577 190,0162
E4_Bvp 1566822947,3914 184,6108
E4_Bvp 1566822947,40702 175,9747
E4_Bvp 1566822947,42265 165,318
E4_Temperature 1566822945,72899 31,89
E4_Temperature 1566822945,979 31,89
E4_Temperature 1566822946,22902 31,89
E4_Temperature 1566822946,47903 31,89
E4_Temperature 1566822946,72904 31,89
E4_Temperature 1566822946,97905 31,89
E4_Temperature 1566822947,22906 31,89
E4_Temperature 1566822947,47907 31,89
E4_Bvp 1566822947,43827 153,4118
E4_Bvp 1566822947,4539 140,8687
E4_Bvp 1566822947,46953 128,7164
E4_Bvp 1566822947,48515 118,5259
E4_Bvp 1566822947,50078 111,8808
E4_Bvp 1566822947,5164 109,5186
E4_Bvp 1566822947,53203 110,6852
E4_Bvp 1566822947,54765 113,3551
E4_Bvp 1566822947,56328 115,2695
E4_Bvp 1566822947,57891 115,1982
E4_Bvp 1566822947,59453 113,4626
E4_Bvp 1566822947,61016 111,6349
E4_Bvp 1566822947,62578 111,3421
E4_Bvp 1566822947,64141 113,1804
E4_Bvp 1566822947,65703 116,3109
E4_Bvp 1566822947,67266 118,8772
E4_Bvp 1566822947,68829 118,8986
E4_Bvp 1566822947,70391 115,1189
E4_Bvp 1566822947,71954 107,3595
E4_Bvp 1566822947,73516 96,36176
E4_Bvp 1566822947,75079 83,3504
E4_Bvp 1566822947,76641 69,64563
E4_Bvp 1566822947,78204 56,37518
E4_Bvp 1566822947,79767 44,40271
E4_Bvp 1566822947,81329 34,29718
E4_Bvp 1566822947,82892 26,34973
E4_Bvp 1566822947,84454 20,65924
E4_Bvp 1566822947,86017 17,07715
E4_Bvp 1566822947,87579 15,20959
E4_Bvp 1566822947,89142 14,46069
E4_Bvp 1566822947,90705 14,05975
E4_Bvp 1566822947,92267 13,23193
E4_Bvp 1566822947,9383 11,36316
E4_Bvp 1566822947,95392 8,145691
E4_Bvp 1566822947,96955 3,536438
E4_Bvp 1566822947,98517 -2,211487
E4_Bvp 1566822948,0008 -8,633972
E4_Bvp 1566822948,01643 -15,16101
E4_Bvp 1566822948,03205 -21,26483
E4_Bvp 1566822948,04768 -26,57892
E4_Bvp 1566822948,0633 -30,96814
E4_Bvp 1566822948,07893 -34,54034
E4_Bvp 1566822948,09455 -37,51129
E4_Bvp 1566822948,11018 -40,10199
E4_Bvp 1566822948,12581 -42,42273
E4_Bvp 1566822948,14143 -44,50299
E4_Bvp 1566822948,15706 -46,32373
E4_Bvp 1566822948,17268 -47,86829
E4_Bvp 1566822948,18831 -49,07617
E4_Bvp 1566822948,20393 -49,83386
E4_Bvp 1566822948,21956 -49,94659
E4_Bvp 1566822948,23519 -49,14386
E4_Bvp 1566822948,25081 -47,20496
E4_Bvp 1566822948,26644 -44,04419
E4_Bvp 1566822948,28206 -39,77399
E4_Bvp 1566822948,29769 -34,71411
E4_Bvp 1566822948,31331 -29,27209
E4_Bvp 1566822948,32894 -23,80811
E4_Bvp 1566822948,34457 -18,61096
E4_Bvp 1566822948,36019 -13,85028
E4_Bvp 1566822948,37582 -9,68988
E4_Bvp 1566822948,39144 -6,305725
E4_Bvp 1566822948,40707 -3,918213
E4_Bvp 1566822948,42269 -2,652405
E4_Bvp 1566822948,43832 -2,445557
E4_Bvp 1566822948,45395 -2,920471
E4_Bvp 1566822948,46957 -3,554504
E4_Bvp 1566822948,4852 -3,781433
E4_Bvp 1566822948,50082 -3,329346
E4_Bvp 1566822948,51645 -2,302429
E4_Bvp 1566822948,53207 -1,137573
E4_Bvp 1566822948,5477 -0,3666382
E4_Bvp 1566822948,56333 -0,3155518
E4_Bvp 1566822948,57895 -0,9815063
E4_Bvp 1566822948,59458 -2,017822
E4_Bvp 1566822948,6102 -3,046326
E4_Bvp 1566822948,62583 -3,835144
E4_Bvp 1566822948,64145 -4,447937
E4_Bvp 1566822948,65708 -5,150085
E4_Bvp 1566822948,67271 -6,164063
E4_Bvp 1566822948,68833 -7,558228
E4_Bvp 1566822948,70396 -9,129822
E4_Bvp 1566822948,71958 -10,62915
E4_Bvp 1566822948,73521 -11,87811
E4_Bvp 1566822948,75083 -12,89294
E4_Bvp 1566822948,76646 -13,86438
E4_Bvp 1566822948,78209 -15,01904
E4_Bvp 1566822948,79771 -16,49658
E4_Gsr 1566822947,595 0,07686601
E4_Gsr 1566822947,845 0,07942821
E4_Gsr 1566822948,095 0,07942821
E4_Gsr 1566822948,345 0,07942821
E4_Gsr 1566822948,595 0,07942821
E4_Gsr 1566822948,845 0,08070931
E4_Bvp 1566822948,81334 -18,35901
E4_Bvp 1566822948,82896 -20,5968
E4_Bvp 1566822948,84459 -23,16016
E4_Bvp 1566822948,86021 -25,95306
E4_Bvp 1566822948,87584 -28,80261
E4_Bvp 1566822948,89147 -31,34845
E4_Bvp 1566822948,90709 -33,14764
E4_Bvp 1566822948,92272 -33,73077
E4_Bvp 1566822948,93834 -32,76898
E4_Bvp 1566822948,95397 -30,2002
E4_Bvp 1566822948,96959 -26,26019
E4_Bvp 1566822948,98522 -21,33093
E4_Bvp 1566822949,00085 -15,87183
E4_Bvp 1566822949,01647 -10,31946
E4_Bvp 1566822949,0321 -4,988281
E4_Bvp 1566822949,04772 -0,1216431
E4_Bvp 1566822949,06335 4,131897
E4_Bvp 1566822949,07897 7,70575
E4_Bvp 1566822949,0946 10,59021
E4_Bvp 1566822949,11023 12,81219
E4_Bvp 1566822949,12585 14,40991
E4_Bvp 1566822949,14148 15,38013
E4_Bvp 1566822949,1571 15,65802
E4_Bvp 1566822949,17273 15,20154
E4_Bvp 1566822949,18835 14,0011
E4_Bvp 1566822949,20398 12,20746
E4_Bvp 1566822949,21961 10,08215
E4_Bvp 1566822949,23523 7,947571
E4_Bvp 1566822949,25086 6,062439
E4_Bvp 1566822949,26648 4,571899
E4_Bvp 1566822949,28211 3,456909
E4_Bvp 1566822949,29773 2,56073
E4_Bvp 1566822949,31336 1,771851
E4_Bvp 1566822949,32899 1,000122
E4_Bvp 1566822949,34461 0,2319336
E4_Bvp 1566822949,36024 -0,4812622
E4_Bvp 1566822949,37586 -1,113525
E4_Bvp 1566822949,39149 -1,687073
E4_Bvp 1566822949,40711 -2,274841
E4_Bvp 1566822949,42274 -2,999939
E4_Bvp 1566822949,43837 -4,018677
E4_Bvp 1566822949,45399 -5,442078
E4_Bvp 1566822949,46962 -7,328003
E4_Bvp 1566822949,48524 -9,628052
E4_Temperature 1566822947,72909 31,87
E4_Temperature 1566822947,9791 31,87
E4_Temperature 1566822948,22911 31,87
E4_Temperature 1566822948,47912 31,87
E4_Temperature 1566822948,72913 31,89
E4_Temperature 1566822948,97914 31,89
E4_Temperature 1566822949,22916 31,89
E4_Temperature 1566822949,47917 31,89
E4_Bvp 1566822949,50087 -12,17377
E4_Bvp 1566822949,51649 -14,79016
E4_Bvp 1566822949,53212 -17,35876
E4_Bvp 1566822949,54775 -19,90094
E4_Bvp 1566822949,56337 -22,50708
E4_Bvp 1566822949,579 -25,22363
E4_Bvp 1566822949,59462 -27,88531
E4_Bvp 1566822949,61025 -30,13751
E4_Bvp 1566822949,62588 -31,41101
E4_Bvp 1566822949,6415 -31,20697
E4_Bvp 1566822949,65713 -29,28931
E4_Bvp 1566822949,67275 -25,73785
E4_Bvp 1566822949,68838 -20,93726
E4_Bvp 1566822949,704 -15,40942
E4_Bvp 1566822949,71963 -9,656189
E4_Bvp 1566822949,73526 -4,11145
E4_Bvp 1566822949,75088 0,9329834
E4_Bvp 1566822949,76651 5,252991
E4_Bvp 1566822949,78213 8,755493
E4_Bvp 1566822949,79776 11,44244
E4_Bvp 1566822949,81338 13,4054
E4_Bvp 1566822949,82901 14,78961
E4_Bvp 1566822949,84464 15,65802
E4_Bvp 1566822949,86026 16,013
E4_Bvp 1566822949,87589 15,78339
E4_Bvp 1566822949,89151 14,91272
E4_Bvp 1566822949,90714 13,48071
E4_Bvp 1566822949,92276 11,67328
E4_Bvp 1566822949,93839 9,722961
E4_Bvp 1566822949,95402 7,794067
E4_Bvp 1566822949,96964 5,917603
E4_Bvp 1566822949,98527 4,010193
E4_Bvp 1566822950,00089 2,026672
E4_Bvp 1566822950,01652 0,08538818
E4_Bvp 1566822950,03214 -1,510132
E4_Bvp 1566822950,04777 -2,413391
E4_Bvp 1566822950,0634 -2,377808
E4_Bvp 1566822950,07902 -1,444519
E4_Bvp 1566822950,09465 -0,01293945
E4_Bvp 1566822950,11027 1,309753
E4_Bvp 1566822950,1259 1,946472
E4_Bvp 1566822950,14152 1,593323
E4_Bvp 1566822950,15715 0,3059692
E4_Bvp 1566822950,17278 -1,503174
E4_Bvp 1566822950,1884 -3,347168
E4_Bvp 1566822950,20403 -4,827454
E4_Bvp 1566822950,21965 -5,841309
E4_Bvp 1566822950,23528 -6,541321
E4_Bvp 1566822950,2509 -7,243835
E4_Bvp 1566822950,26653 -8,263977
E4_Bvp 1566822950,28216 -9,882263
E4_Bvp 1566822950,29778 -12,26306
E4_Bvp 1566822950,31341 -15,54303
E4_Bvp 1566822950,32903 -19,71106
E4_Bvp 1566822950,34466 -24,53204
E4_Gsr 1566822949,095 0,08199041
E4_Gsr 1566822949,345 0,08199041
E4_Gsr 1566822949,595 0,08199041
E4_Gsr 1566822949,845 0,07942821
E4_Gsr 1566822950,095 0,08070931
E4_Gsr 1566822950,345 0,08327151
E4_Bvp 1566822950,36028 -29,42059
E4_Bvp 1566822950,37591 -33,508
E4_Bvp 1566822950,39154 -35,90393
E4_Bvp 1566822950,40716 -35,96771
E4_Bvp 1566822950,42279 -33,56525
E4_Bvp 1566822950,43841 -29,09198
E4_Bvp 1566822950,45404 -23,23389
E4_Bvp 1566822950,46966 -16,69189
E4_Bvp 1566822950,48529 -9,999512
E4_Bvp 1566822950,50092 -3,459106
E4_Bvp 1566822950,51654 2,714111
E4_Bvp 1566822950,53217 8,244568
E4_Bvp 1566822950,54779 12,83368
E4_Bvp 1566822950,56342 16,22601
E4_Bvp 1566822950,57904 18,42798
E4_Bvp 1566822950,59467 19,66864
E4_Bvp 1566822950,6103 20,42896
E4_Bvp 1566822950,62592 21,11865
E4_Bvp 1566822950,64155 22,01727
E4_Bvp 1566822950,65717 23,13434
E4_Bvp 1566822950,6728 24,30927
E4_Bvp 1566822950,68842 25,24567
E4_Bvp 1566822950,70405 25,71649
E4_Bvp 1566822950,71968 25,63318
E4_Bvp 1566822950,7353 25,04559
E4_Bvp 1566822950,75093 24,12018
E4_Bvp 1566822950,76655 23,03802
E4_Bvp 1566822950,78218 21,90942
E4_Bvp 1566822950,7978 20,78271
E4_Bvp 1566822950,81343 19,58191
E4_Bvp 1566822950,82906 18,28949
E4_Bvp 1566822950,84468 16,87933
E4_Bvp 1566822950,86031 15,43161
E4_Bvp 1566822950,87593 13,99942
E4_Bvp 1566822950,89156 12,58588
E4_Bvp 1566822950,90718 11,05414
E4_Bvp 1566822950,92281 9,176208
E4_Bvp 1566822950,93844 6,731293
E4_Bvp 1566822950,95406 3,653137
E4_Bvp 1566822950,96969 0,1005249
E4_Bvp 1566822950,98531 -3,611938
E4_Bvp 1566822951,00094 -7,200073
E4_Bvp 1566822951,01656 -10,577
E4_Bvp 1566822951,03219 -13,94446
E4_Bvp 1566822951,04782 -17,59052
E4_Bvp 1566822951,06344 -21,62283
E4_Bvp 1566822951,07907 -25,7504
E4_Bvp 1566822951,09469 -29,20642
E4_Bvp 1566822951,11032 -31,04971
E4_Bvp 1566822951,12594 -30,52679
E4_Bvp 1566822951,14157 -27,42355
E4_Bvp 1566822951,1572 -22,16861
E4_Bvp 1566822951,17282 -15,57327
E4_Bvp 1566822951,18845 -8,57254
E4_Bvp 1566822951,20407 -1,909912
E4_Bvp 1566822951,2197 3,973267
E4_Bvp 1566822951,23532 8,849274
E4_Bvp 1566822951,25095 12,57037
E4_Bvp 1566822951,26658 14,9646
E4_Bvp 1566822951,2822 15,93814
E4_Bvp 1566822951,29783 15,52853
E4_Bvp 1566822951,31345 14,05478
E4_Bvp 1566822951,32908 11,95236
E4_Bvp 1566822951,3447 9,784424
E4_Bvp 1566822951,36033 7,988586
E4_Bvp 1566822951,37596 6,801239
E4_Temperature 1566822949,72918 31,91
E4_Temperature 1566822949,97919 31,91
E4_Temperature 1566822950,2292 31,91
E4_Temperature 1566822950,47921 31,91
E4_Temperature 1566822950,72922 31,89
E4_Temperature 1566822950,97924 31,89
E4_Temperature 1566822951,22925 31,89
E4_Temperature 1566822951,47926 31,89
E4_Bvp 1566822951,39158 6,216187
E4_Bvp 1566822951,40721 6,063232
E4_Bvp 1566822951,42283 6,107025
E4_Bvp 1566822951,43846 6,151001
E4_Bvp 1566822951,45408 6,088013
E4_Bvp 1566822951,46971 5,916351
E4_Bvp 1566822951,48534 5,651459
E4_Bvp 1566822951,50096 5,341217
E4_Bvp 1566822951,51659 4,998077
E4_Bvp 1566822951,53221 4,647339
E4_Bvp 1566822951,54784 4,295776
E4_Bvp 1566822951,56346 3,950989
E4_Bvp 1566822951,57909 3,555023
E4_Bvp 1566822951,59472 2,950562
E4_Bvp 1566822951,61034 1,95285
E4_Bvp 1566822951,62597 0,351532
E4_Bvp 1566822951,64159 -1,908234
E4_Bvp 1566822951,65722 -4,743042
E4_Bvp 1566822951,67284 -7,882813
E4_Bvp 1566822951,68847 -11,03958
E4_Bvp 1566822951,7041 -14,02655
E4_Bvp 1566822951,71972 -16,87158
E4_Gsr 1566822950,595 0,08199041
E4_Gsr 1566822950,845 0,08070931
E4_Gsr 1566822951,095 0,07942821
E4_Gsr 1566822951,345 0,07942821
E4_Gsr 1566822951,595 0,07942821
E4_Gsr 1566822951,845 0,07942821
E4_Bvp 1566822951,73535 -19,75894
E4_Bvp 1566822951,75097 -22,9263
E4_Bvp 1566822951,7666 -26,53052
E4_Bvp 1566822951,78223 -30,54391
E4_Bvp 1566822951,79785 -34,75696
E4_Bvp 1566822951,81348 -38,72925
E4_Bvp 1566822951,8291 -41,87579
E4_Bvp 1566822951,84473 -43,56818
E4_Bvp 1566822951,86035 -43,27158
E4_Bvp 1566822951,87598 -40,72598
E4_Bvp 1566822951,89161 -36,07355
E4_Bvp 1566822951,90723 -29,82486
E4_Bvp 1566822951,92286 -22,72952
E4_Bvp 1566822951,93848 -15,54022
E4_Bvp 1566822951,95411 -8,786987
E4_Bvp 1566822951,96973 -2,700378
E4_Bvp 1566822951,98536 2,671173
E4_Bvp 1566822952,00099 7,391205
E4_Bvp 1566822952,01661 11,43994
E4_Bvp 1566822952,03224 14,69766
E4_Bvp 1566822952,04786 16,99808
E4_Bvp 1566822952,06349 18,26794
E4_Bvp 1566822952,07911 18,59763
E4_Bvp 1566822952,09474 18,22412
E4_Bvp 1566822952,11037 17,48407
E4_Bvp 1566822952,12599 16,71622
E4_Bvp 1566822952,14162 16,17496
E4_Bvp 1566822952,15724 16,00085
E4_Bvp 1566822952,17287 16,16898
E4_Bvp 1566822952,18849 16,58563
E4_Bvp 1566822952,20412 17,04785
E4_Bvp 1566822952,21975 17,323
E4_Bvp 1566822952,23537 17,20248
E4_Bvp 1566822952,251 16,53952
E4_Bvp 1566822952,26662 15,31421
E4_Bvp 1566822952,28225 13,60281
E4_Bvp 1566822952,29787 11,52664
E4_Bvp 1566822952,3135 9,213623
E4_Bvp 1566822952,32913 6,712372
E4_Bvp 1566822952,34475 4,027191
E4_Bvp 1566822952,36038 1,132446
E4_Bvp 1566822952,376 -1,94165
E4_Bvp 1566822952,39163 -5,110596
E4_Bvp 1566822952,40725 -8,242096
E4_Bvp 1566822952,42288 -11,21338
E4_Bvp 1566822952,43851 -13,96347
E4_Bvp 1566822952,45413 -16,51645
E4_Bvp 1566822952,46976 -18,96725
E4_Bvp 1566822952,48538 -21,45023
E4_Bvp 1566822952,50101 -24,12106
E4_Bvp 1566822952,51663 -27,14276
E4_Bvp 1566822952,53226 -30,62677
E4_Bvp 1566822952,54789 -34,60687
E4_Bvp 1566822952,56351 -38,88138
E4_Bvp 1566822952,57914 -42,96475
E4_Bvp 1566822952,59476 -46,12445
E4_Bvp 1566822952,61039 -47,50931
E4_Bvp 1566822952,62601 -46,42984
E4_Bvp 1566822952,64164 -42,59787
E4_Bvp 1566822952,65727 -36,18869
E4_Bvp 1566822952,67289 -27,86514
E4_Bvp 1566822952,68852 -18,53918
E4_Bvp 1566822952,70414 -9,129791
E4_Bvp 1566822952,71977 -0,3657837
E4_Bvp 1566822952,73539 7,261047
E4_Bvp 1566822952,75102 13,49588
E4_Bvp 1566822952,76665 18,24985
E4_Bvp 1566822952,78227 21,52948
E4_Bvp 1566822952,7979 23,43457
E4_Bvp 1566822952,81352 24,12756
E4_Bvp 1566822952,82915 23,8725
E4_Bvp 1566822952,84477 22,9498
E4_Bvp 1566822952,8604 21,63184
E4_Bvp 1566822952,87603 20,14908
E4_Bvp 1566822952,89165 18,69431
E4_Bvp 1566822952,90728 17,40717
E4_Bvp 1566822952,9229 16,41876
E4_Bvp 1566822952,93853 15,80563
E4_Bvp 1566822952,95415 15,61664
E4_Bvp 1566822952,96978 15,79572
E4_Bvp 1566822952,98541 16,25021
E4_Bvp 1566822953,00103 16,84097
E4_Bvp 1566822953,01666 17,34045
E4_Bvp 1566822953,03228 17,53076
E4_Bvp 1566822953,04791 17,20013
E4_Bvp 1566822953,06353 16,17126
E4_Bvp 1566822953,07916 14,43976
E4_Bvp 1566822953,09479 12,11478
E4_Bvp 1566822953,11041 9,466919
E4_Bvp 1566822953,12604 6,835266
E4_Bvp 1566822953,14166 4,475555
E4_Bvp 1566822953,15729 2,45047
E4_Bvp 1566822953,17291 0,6245422
E4_Bvp 1566822953,18854 -1,298126
E4_Bvp 1566822953,20417 -3,624023
E4_Bvp 1566822953,21979 -6,491241
E4_Bvp 1566822953,23542 -9,833801
E4_Bvp 1566822953,25104 -13,41876
E4_Bvp 1566822953,26667 -16,99026
E4_Gsr 1566822952,095 0,08070931
E4_Gsr 1566822952,345 0,08070931
E4_Gsr 1566822952,595 0,07942821
E4_Gsr 1566822952,845 0,08199041
E4_Gsr 1566822953,095 0,08199041
E4_Gsr 1566822953,345 0,08199041
E4_Bvp 1566822953,28229 -20,39926
E4_Bvp 1566822953,29792 -23,6871
E4_Bvp 1566822953,31355 -27,0499
E4_Bvp 1566822953,32917 -30,66116
E4_Bvp 1566822953,3448 -34,5986
E4_Bvp 1566822953,36042 -38,64407
E4_Bvp 1566822953,37605 -42,29318
E4_Bvp 1566822953,39167 -44,83661
E4_Bvp 1566822953,4073 -45,50967
E4_Bvp 1566822953,42293 -43,70685
E4_Bvp 1566822953,43855 -39,22049
E4_Temperature 1566822951,72927 31,91
E4_Temperature 1566822951,97928 31,91
E4_Temperature 1566822952,22929 31,91
E4_Temperature 1566822952,47931 31,91
E4_Temperature 1566822952,72932 31,91
E4_Temperature 1566822952,97933 31,91
E4_Temperature 1566822953,22934 31,91
E4_Temperature 1566822953,47935 31,91
E4_Bvp 1566822953,45418 -32,30652
E4_Bvp 1566822953,4698 -23,65948
E4_Bvp 1566822953,48543 -14,25629
E4_Bvp 1566822953,50105 -5,010895
E4_Bvp 1566822953,51668 3,389313
E4_Bvp 1566822953,53231 10,61935
E4_Bvp 1566822953,54793 16,65875
E4_Bvp 1566822953,56356 21,57553
E4_Bvp 1566822953,57918 25,41565
E4_Bvp 1566822953,59481 28,10043
E4_Bvp 1566822953,61043 29,55566
E4_Bvp 1566822953,62606 29,81128
E4_Bvp 1566822953,64169 29,09094
E4_Bvp 1566822953,65731 27,83069
E4_Bvp 1566822953,67294 26,52713
E4_Bvp 1566822953,68856 25,57135
E4_Bvp 1566822953,70419 25,11127
E4_Bvp 1566822953,71981 25,04764
E4_Bvp 1566822953,73544 25,10333
E4_Bvp 1566822953,75107 24,96783
E4_Bvp 1566822953,76669 24,43149
E4_Bvp 1566822953,78232 23,45679
E4_Bvp 1566822953,79794 22,11914
E4_Bvp 1566822953,81357 20,58231
E4_Bvp 1566822953,82919 19,03439
E4_Bvp 1566822953,84482 17,59924
E4_Bvp 1566822953,86045 16,28677
E4_Bvp 1566822953,87607 14,99734
E4_Bvp 1566822953,8917 13,54794
E4_Bvp 1566822953,90732 11,76028
E4_Bvp 1566822953,92295 9,54425
E4_Bvp 1566822953,93857 6,983398
E4_Bvp 1566822953,9542 4,219116
E4_Bvp 1566822953,96983 1,42038
E4_Bvp 1566822953,98545 -1,36499
E4_Bvp 1566822954,00108 -4,168488
E4_Bvp 1566822954,0167 -7,009857
E4_Bvp 1566822954,03233 -9,858246
E4_Bvp 1566822954,04796 -12,60724
E4_Bvp 1566822954,06358 -15,14264
E4_Bvp 1566822954,07921 -17,49936
E4_Bvp 1566822954,09483 -19,91553
E4_Bvp 1566822954,11046 -22,72946
E4_Bvp 1566822954,12608 -26,1937
E4_Bvp 1566822954,14171 -30,21167
E4_Bvp 1566822954,15734 -34,25525
E4_Bvp 1566822954,17296 -37,48605
E4_Bvp 1566822954,18859 -39,02182
E4_Bvp 1566822954,20421 -38,17529
E4_Bvp 1566822954,21984 -34,67233
E4_Bvp 1566822954,23546 -28,70825
E4_Bvp 1566822954,25109 -20,87152
E4_Bvp 1566822954,26672 -11,99237
E4_Bvp 1566822954,28234 -2,986389
E4_Bvp 1566822954,29797 5,352905
E4_Bvp 1566822954,31359 12,44574
E4_Bvp 1566822954,32922 18,05023
E4_Bvp 1566822954,34484 22,20135
E4_Bvp 1566822954,36047 25,11066
E4_Bvp 1566822954,3761 26,97247
E4_Bvp 1566822954,39172 27,90912
E4_Bvp 1566822954,40735 27,93134
E4_Bvp 1566822954,42297 27,05725
E4_Bvp 1566822954,4386 25,48395
E4_Bvp 1566822954,45422 23,60065
E4_Bvp 1566822954,46985 21,95203
E4_Bvp 1566822954,48548 21,00562
E4_Bvp 1566822954,5011 20,92389
E4_Bvp 1566822954,51673 21,54962
E4_Bvp 1566822954,53235 22,45691
E4_Bvp 1566822954,54798 23,24597
E4_Bvp 1566822954,5636 23,70184
E4_Bvp 1566822954,57923 23,87463
E4_Bvp 1566822954,59486 23,90228
E4_Bvp 1566822954,61048 23,83392
E4_Bvp 1566822954,62611 23,4306
E4_Bvp 1566822954,64173 22,28998
E4_Bvp 1566822954,65736 20,07501
E4_Bvp 1566822954,67298 16,75043
E4_Bvp 1566822954,68861 12,68597
E4_Bvp 1566822954,70424 8,504944
E4_Bvp 1566822954,71986 4,778503
E4_Bvp 1566822954,73549 1,784302
E4_Bvp 1566822954,75111 -0,6208496
E4_Bvp 1566822954,76674 -2,83075
E4_Bvp 1566822954,78236 -5,267212
E4_Bvp 1566822954,79799 -8,150574
E4_Bvp 1566822954,81362 -11,40741
E4_Gsr 1566822953,595 0,08199041
E4_Gsr 1566822953,845 0,08070931
E4_Gsr 1566822954,095 0,08070931
E4_Gsr 1566822954,345 0,08199041
E4_Gsr 1566822954,595 0,07814711
E4_Gsr 1566822954,845 0,07942821
E4_Bvp 1566822954,82924 -14,78107
E4_Bvp 1566822954,84487 -18,00116
E4_Bvp 1566822954,86049 -20,88751
E4_Bvp 1566822954,87612 -23,57318
E4_Bvp 1566822954,89174 -26,37378
E4_Bvp 1566822954,90737 -29,66547
E4_Bvp 1566822954,923 -33,73492
E4_Bvp 1566822954,93862 -38,52246
E4_Bvp 1566822954,95425 -43,57605
E4_Bvp 1566822954,96987 -48,05371
E4_Bvp 1566822954,9855 -50,97876
