E4_Bvp 1566822869,74718 9,614624
E4_Bvp 1566822869,7628 8,110596
E4_Bvp 1566822869,77843 7,069702
E4_Bvp 1566822869,79405 6,29895
E4_Bvp 1566822869,80968 5,561157
E4_Bvp 1566822869,8253 4,714478
E4_Bvp 1566822869,84093 3,724609
E4_Bvp 1566822869,85656 2,530396
E4_Bvp 1566822869,87218 1,052246
E4_Bvp 1566822869,88781 -0,8679199
E4_Bvp 1566822869,90343 -3,371094
E4_Bvp 1566822869,91906 -6,419067
E4_Bvp 1566822869,93468 -9,727783
E4_Bvp 1566822869,95031 -12,87085
E4_Bvp 1566822869,96594 -15,46301
E4_Bvp 1566822869,98156 -17,32727
E4_Bvp 1566822869,99719 -18,65991
E4_Bvp 1566822870,01281 -19,85364
E4_Bvp 1566822870,02844 -21,31323
E4_Bvp 1566822870,04406 -23,26904
E4_Bvp 1566822870,05969 -25,71069
E4_Bvp 1566822870,07532 -28,50391
E4_Bvp 1566822870,09094 -31,5365
E4_Bvp 1566822870,10657 -34,77063
E4_Bvp 1566822870,12219 -38,21765
E4_Bvp 1566822870,13782 -41,75293
E4_Bvp 1566822870,15344 -44,96606
E4_Bvp 1566822870,16907 -47,19592
E4_Bvp 1566822870,1847 -47,68909
E4_Bvp 1566822870,20032 -45,93945
E4_Bvp 1566822870,21595 -41,89954
E4_Bvp 1566822870,23157 -36,01953
E4_Bvp 1566822870,2472 -29,08936
E4_Bvp 1566822870,26282 -21,91919
E4_Bvp 1566822870,27845 -15,06165
E4_Bvp 1566822870,29408 -8,676147
E4_Bvp 1566822870,3097 -2,680054
E4_Bvp 1566822870,32533 3,054565
E4_Bvp 1566822870,34095 8,480957
E4_Bvp 1566822870,35658 13,33081
E4_Bvp 1566822870,3722 17,24841
E4_Bvp 1566822870,38783 20,05127
E4_Bvp 1566822870,40346 21,85413
E4_Bvp 1566822870,41908 23,02893
E4_Bvp 1566822870,43471 23,99731
E4_Bvp 1566822870,45033 24,97083
E4_Bvp 1566822870,46596 25,8042
E4_Bvp 1566822870,48158 26,10828
E4_Bvp 1566822870,49721 25,4386
E4_Bvp 1566822870,51284 23,63049
E4_Bvp 1566822870,52846 20,92468
E4_Bvp 1566822870,54409 17,9104
E4_Bvp 1566822870,55971 15,31384
E4_Bvp 1566822870,57534 13,71936
E4_Bvp 1566822870,59096 13,37354
E4_Bvp 1566822870,60659 14,13855
E4_Bvp 1566822870,62222 15,59277
E4_Bvp 1566822870,63784 17,24426
E4_Bvp 1566822870,65347 18,72485
E4_Bvp 1566822870,66909 19,88745
E4_Bvp 1566822870,68472 20,78882
E4_Bvp 1566822870,70034 21,57031
E4_Bvp 1566822870,71597 22,25964
E4_Bvp 1566822870,7316 22,80896
E4_Bvp 1566822870,74722 23,00793
E4_Bvp 1566822870,76285 22,66724
E4_Gsr 1566822869,595 0,1037691
E4_Gsr 1566822869,845 0,1037691
E4_Gsr 1566822870,095 0,1012069
E4_Gsr 1566822870,345 0,1037691
E4_Gsr 1566822870,595 0,1063313
E4_Gsr 1566822870,845 0,1050502
E4_Bvp 1566822870,77847 21,67261
E4_Bvp 1566822870,7941 20,14807
E4_Bvp 1566822870,80973 18,31396
E4_Bvp 1566822870,82535 16,39185
E4_Bvp 1566822870,84098 14,47766
E4_Bvp 1566822870,8566 12,55444
E4_Bvp 1566822870,87223 10,48083
E4_Bvp 1566822870,88785 8,149414
E4_Bvp 1566822870,90348 5,604736
E4_Bvp 1566822870,91911 2,966309
E4_Bvp 1566822870,93473 0,3851318
E4_Bvp 1566822870,95036 -2,055298
E4_Bvp 1566822870,96598 -4,378662
E4_Bvp 1566822870,98161 -6,748413
E4_Bvp 1566822870,99723 -9,416748
E4_Bvp 1566822871,01286 -12,63574
E4_Bvp 1566822871,02849 -16,56323
E4_Bvp 1566822871,04411 -21,21631
E4_Bvp 1566822871,05974 -26,39685
E4_Bvp 1566822871,07536 -31,63843
E4_Bvp 1566822871,09099 -36,23132
E4_Bvp 1566822871,10661 -39,40393
E4_Bvp 1566822871,12224 -40,48621
E4_Bvp 1566822871,13787 -39,1792
E4_Bvp 1566822871,15349 -35,65356
E4_Bvp 1566822871,16912 -30,5
E4_Bvp 1566822871,18474 -24,55005
E4_Bvp 1566822871,20037 -18,51904
E4_Bvp 1566822871,21599 -12,86975
E4_Bvp 1566822871,23162 -7,794922
E4_Bvp 1566822871,24725 -3,28894
E4_Bvp 1566822871,26287 0,6776123
E4_Bvp 1566822871,2785 4,035156
E4_Bvp 1566822871,29412 6,665405
E4_Bvp 1566822871,30975 8,484375
E4_Bvp 1566822871,32537 9,526733
E4_Bvp 1566822871,341 9,93103
E4_Bvp 1566822871,35663 9,896606
E4_Bvp 1566822871,37225 9,64502
E4_Bvp 1566822871,38788 9,312988
E4_Bvp 1566822871,4035 8,971802
E4_Bvp 1566822871,41913 8,635986
E4_Bvp 1566822871,43475 8,303711
E4_Bvp 1566822871,45038 7,99646
E4_Temperature 1566822869,72547 32,13
E4_Temperature 1566822869,97549 32,13
E4_Temperature 1566822870,2255 32,13
E4_Temperature 1566822870,47551 32,13
E4_Temperature 1566822870,72552 32,09
E4_Temperature 1566822870,97553 32,09
E4_Temperature 1566822871,22554 32,09
E4_Temperature 1566822871,47556 32,09
E4_Bvp 1566822871,46601 7,821655
E4_Bvp 1566822871,48163 7,937744
E4_Bvp 1566822871,49726 8,553223
E4_Bvp 1566822871,51288 9,756714
E4_Bvp 1566822871,52851 11,47949
E4_Bvp 1566822871,54413 13,47742
E4_Bvp 1566822871,55976 15,40747
E4_Bvp 1566822871,57539 17,0199
E4_Bvp 1566822871,59101 18,20068
E4_Bvp 1566822871,60664 19,0033
E4_Bvp 1566822871,62226 19,55725
E4_Bvp 1566822871,63789 19,99622
E4_Bvp 1566822871,65351 20,37012
E4_Bvp 1566822871,66914 20,68823
E4_Bvp 1566822871,68477 20,99182
E4_Bvp 1566822871,70039 21,32483
E4_Bvp 1566822871,71602 21,73157
E4_Bvp 1566822871,73164 22,20862
E4_Bvp 1566822871,74727 22,58862
E4_Bvp 1566822871,76289 22,65234
E4_Bvp 1566822871,77852 22,18115
E4_Bvp 1566822871,79415 21,02686
E4_Bvp 1566822871,80977 19,14832
E4_Bvp 1566822871,8254 16,65222
E4_Bvp 1566822871,84102 13,69482
E4_Bvp 1566822871,85665 10,44434
E4_Bvp 1566822871,87227 7,093506
E4_Bvp 1566822871,8879 3,771362
E4_Bvp 1566822871,90353 0,5172119
E4_Bvp 1566822871,91915 -2,68811
E4_Bvp 1566822871,93478 -5,857422
E4_Bvp 1566822871,9504 -8,943481
E4_Bvp 1566822871,96603 -11,81506
E4_Bvp 1566822871,98165 -14,40173
E4_Bvp 1566822871,99728 -16,82788
E4_Bvp 1566822872,01291 -19,46033
E4_Bvp 1566822872,02853 -22,79883
E4_Bvp 1566822872,04416 -27,18237
E4_Bvp 1566822872,05978 -32,45447
E4_Bvp 1566822872,07541 -37,84155
E4_Bvp 1566822872,09103 -42,10156
E4_Bvp 1566822872,10666 -43,96558
E4_Bvp 1566822872,12229 -42,61536
E4_Bvp 1566822872,13791 -37,97229
E4_Bvp 1566822872,15354 -30,72742
E4_Bvp 1566822872,16916 -22,03625
E4_Bvp 1566822872,18479 -13,14661
E4_Bvp 1566822872,20041 -5,108398
E4_Bvp 1566822872,21604 1,335938
E4_Bvp 1566822872,23167 5,764771
E4_Bvp 1566822872,24729 8,091553
E4_Bvp 1566822872,26292 8,540894
E4_Bvp 1566822872,27854 7,678833
E4_Bvp 1566822872,29417 6,338135
E4_Bvp 1566822872,30979 5,284058
E4_Gsr 1566822871,095 0,1050502
E4_Gsr 1566822871,345 0,1063313
E4_Gsr 1566822871,595 0,1063313
E4_Gsr 1566822871,845 0,1063313
E4_Gsr 1566822872,095 0,102488
E4_Gsr 1566822872,345 0,102488
E4_Bvp 1566822872,32542 5,054077
E4_Bvp 1566822872,34105 5,699097
E4_Bvp 1566822872,35667 6,829956
E4_Bvp 1566822872,3723 7,853394
E4_Bvp 1566822872,38792 8,305908
E4_Bvp 1566822872,40355 8,107788
E4_Bvp 1566822872,41917 7,552979
E4_Bvp 1566822872,4348 7,145142
E4_Bvp 1566822872,45043 7,254883
E4_Bvp 1566822872,46605 7,961548
E4_Bvp 1566822872,48168 9,03418
E4_Bvp 1566822872,4973 10,09875
E4_Bvp 1566822872,51293 10,88794
E4_Bvp 1566822872,52855 11,24158
E4_Bvp 1566822872,54418 11,16187
E4_Bvp 1566822872,55981 10,66296
E4_Bvp 1566822872,57543 9,723145
E4_Bvp 1566822872,59106 8,267334
E4_Bvp 1566822872,60668 6,306641
E4_Bvp 1566822872,62231 3,987427
E4_Bvp 1566822872,63793 1,587891
E4_Bvp 1566822872,65356 -0,6217041
E4_Bvp 1566822872,66919 -2,504639
E4_Bvp 1566822872,68481 -4,138672
E4_Bvp 1566822872,70044 -5,761719
E4_Bvp 1566822872,71606 -7,613647
E4_Bvp 1566822872,73169 -9,776978
E4_Bvp 1566822872,74731 -12,1001
E4_Bvp 1566822872,76294 -14,28381
E4_Bvp 1566822872,77857 -16,06494
E4_Bvp 1566822872,79419 -17,2948
E4_Bvp 1566822872,80982 -18,14038
E4_Bvp 1566822872,82544 -18,99622
E4_Bvp 1566822872,84107 -20,35657
E4_Bvp 1566822872,85669 -22,62341
E4_Bvp 1566822872,87232 -25,90869
E4_Bvp 1566822872,88795 -29,90356
E4_Bvp 1566822872,90357 -33,9209
E4_Bvp 1566822872,9192 -37,09033
E4_Bvp 1566822872,93482 -38,54639
E4_Bvp 1566822872,95045 -37,73108
E4_Bvp 1566822872,96607 -34,51953
E4_Bvp 1566822872,9817 -29,24011
E4_Bvp 1566822872,99733 -22,60046
E4_Bvp 1566822873,01295 -15,39783
E4_Bvp 1566822873,02858 -8,379639
E4_Bvp 1566822873,0442 -2,060913
E4_Bvp 1566822873,05983 3,363281
E4_Bvp 1566822873,07545 7,964233
E4_Bvp 1566822873,09108 11,89429
E4_Bvp 1566822873,10671 15,28967
E4_Bvp 1566822873,12233 18,12878
E4_Bvp 1566822873,13796 20,30688
E4_Bvp 1566822873,15358 21,70422
E4_Bvp 1566822873,16921 22,33032
E4_Bvp 1566822873,18483 22,34167
E4_Bvp 1566822873,20046 22,00757
E4_Bvp 1566822873,21609 21,5741
E4_Bvp 1566822873,23171 21,17651
E4_Bvp 1566822873,24734 20,84326
E4_Bvp 1566822873,26296 20,51819
E4_Bvp 1566822873,27859 20,18713
E4_Bvp 1566822873,29421 19,94507
E4_Bvp 1566822873,30984 19,93994
E4_Bvp 1566822873,32547 20,30273
E4_Bvp 1566822873,34109 21,03821
E4_Temperature 1566822871,72557 32,11
E4_Temperature 1566822871,97558 32,11
E4_Temperature 1566822872,22559 32,11
E4_Temperature 1566822872,4756 32,11
E4_Temperature 1566822872,72561 32,11
E4_Temperature 1566822872,97563 32,11
E4_Temperature 1566822873,22564 32,11
E4_Temperature 1566822873,47565 32,11
E4_Bvp 1566822873,35672 22,01465
E4_Bvp 1566822873,37234 22,97327
E4_Bvp 1566822873,38797 23,62671
E4_Bvp 1566822873,40359 23,7511
E4_Bvp 1566822873,41922 23,25403
E4_Bvp 1566822873,43485 22,11877
E4_Bvp 1566822873,45047 20,427
E4_Bvp 1566822873,4661 18,28638
E4_Bvp 1566822873,48172 15,83801
E4_Bvp 1566822873,49735 13,24609
E4_Bvp 1566822873,51298 10,71777
E4_Bvp 1566822873,5286 8,427612
E4_Bvp 1566822873,54423 6,467773
E4_Bvp 1566822873,55985 4,785034
E4_Bvp 1566822873,57548 3,175171
E4_Bvp 1566822873,5911 1,366089
E4_Bvp 1566822873,60673 -0,8658447
E4_Bvp 1566822873,62236 -3,602539
E4_Bvp 1566822873,63798 -6,73291
E4_Bvp 1566822873,65361 -10,00244
E4_Bvp 1566822873,66923 -13,15454
E4_Bvp 1566822873,68486 -16,00623
E4_Gsr 1566822872,595 0,102488
E4_Gsr 1566822872,845 0,1012069
E4_Gsr 1566822873,095 0,1050502
E4_Gsr 1566822873,345 0,1050502
E4_Gsr 1566822873,595 0,1050502
E4_Gsr 1566822873,845 0,1050502
E4_Bvp 1566822873,70048 -18,56372
E4_Bvp 1566822873,71611 -20,96094
E4_Bvp 1566822873,73174 -23,4325
E4_Bvp 1566822873,74736 -26,22607
E4_Bvp 1566822873,76299 -29,5177
E4_Bvp 1566822873,77861 -33,32739
E4_Bvp 1566822873,79424 -37,44214
E4_Bvp 1566822873,80986 -41,39734
E4_Bvp 1566822873,82549 -44,53625
E4_Bvp 1566822873,84112 -46,17603
E4_Bvp 1566822873,85674 -45,74463
E4_Bvp 1566822873,87237 -42,96887
E4_Bvp 1566822873,88799 -37,9978
E4_Bvp 1566822873,90362 -31,29883
E4_Bvp 1566822873,91924 -23,59985
E4_Bvp 1566822873,93487 -15,64478
E4_Bvp 1566822873,9505 -8,066772
E4_Bvp 1566822873,96612 -1,221069
E4_Bvp 1566822873,98175 4,752441
E4_Bvp 1566822873,99737 9,87561
E4_Bvp 1566822874,013 14,23926
E4_Bvp 1566822874,02862 17,89246
E4_Bvp 1566822874,04425 20,8595
E4_Bvp 1566822874,05988 23,11084
E4_Bvp 1566822874,0755 24,65735
E4_Bvp 1566822874,09113 25,55676
E4_Bvp 1566822874,10675 25,92554
E4_Bvp 1566822874,12238 25,85474
E4_Bvp 1566822874,138 25,4364
E4_Bvp 1566822874,15363 24,76477
E4_Bvp 1566822874,16926 23,92505
E4_Bvp 1566822874,18488 23,10596
E4_Bvp 1566822874,20051 22,50488
E4_Bvp 1566822874,21613 22,2749
E4_Bvp 1566822874,23176 22,40234
E4_Bvp 1566822874,24738 22,7478
E4_Bvp 1566822874,26301 23,03821
E4_Bvp 1566822874,27864 23,02454
E4_Bvp 1566822874,29426 22,57825
E4_Bvp 1566822874,30989 21,67346
E4_Bvp 1566822874,32551 20,40796
E4_Bvp 1566822874,34114 18,89185
E4_Bvp 1566822874,35676 17,20142
E4_Bvp 1566822874,37239 15,38635
E4_Bvp 1566822874,38802 13,521
E4_Bvp 1566822874,40364 11,74194
E4_Bvp 1566822874,41927 10,22241
E4_Bvp 1566822874,43489 9,11145
E4_Bvp 1566822874,45052 8,329346
E4_Bvp 1566822874,46614 7,626953
E4_Bvp 1566822874,48177 6,59375
E4_Bvp 1566822874,4974 4,844849
E4_Bvp 1566822874,51302 2,217529
E4_Bvp 1566822874,52865 -1,121216
E4_Bvp 1566822874,54427 -4,715698
E4_Bvp 1566822874,5599 -8,026489
E4_Bvp 1566822874,57552 -10,66345
E4_Bvp 1566822874,59115 -12,62634
E4_Bvp 1566822874,60678 -14,21667
E4_Bvp 1566822874,6224 -15,8894
E4_Bvp 1566822874,63803 -18,0686
E4_Bvp 1566822874,65365 -20,90442
E4_Bvp 1566822874,66928 -24,33582
E4_Bvp 1566822874,6849 -28,13208
E4_Bvp 1566822874,70053 -31,96582
E4_Bvp 1566822874,71616 -35,44727
E4_Bvp 1566822874,73178 -38,10095
E4_Bvp 1566822874,74741 -39,31787
E4_Bvp 1566822874,76303 -38,51501
E4_Bvp 1566822874,77866 -35,3363
E4_Bvp 1566822874,79428 -29,86938
E4_Bvp 1566822874,80991 -22,72998
E4_Bvp 1566822874,82554 -14,94421
E4_Bvp 1566822874,84116 -7,56311
E4_Bvp 1566822874,85679 -1,355103
E4_Bvp 1566822874,87241 3,413818
E4_Bvp 1566822874,88804 6,924927
E4_Bvp 1566822874,90366 9,600708
E4_Bvp 1566822874,91929 11,78296
E4_Bvp 1566822874,93492 13,63574
E4_Bvp 1566822874,95054 15,13843
E4_Bvp 1566822874,96617 16,20227
E4_Bvp 1566822874,98179 16,76807
E4_Bvp 1566822874,99742 16,94128
E4_Bvp 1566822875,01304 16,9187
E4_Bvp 1566822875,02867 16,90857
E4_Bvp 1566822875,0443 17,0238
E4_Bvp 1566822875,05992 17,32068
E4_Bvp 1566822875,07555 17,745
E4_Bvp 1566822875,09117 18,26501
E4_Bvp 1566822875,1068 18,90979
E4_Bvp 1566822875,12242 19,78967
E4_Bvp 1566822875,13805 20,9317
E4_Bvp 1566822875,15368 22,2489
E4_Bvp 1566822875,1693 23,46112
E4_Bvp 1566822875,18493 24,12811
E4_Bvp 1566822875,20055 23,80975
E4_Bvp 1566822875,21618 22,27881
E4_Bvp 1566822875,2318 19,66626
E4_Gsr 1566822874,095 0,1050502
E4_Gsr 1566822874,345 0,1050502
E4_Gsr 1566822874,595 0,1050502
E4_Gsr 1566822874,845 0,102488
E4_Gsr 1566822875,095 0,102488
E4_Gsr 1566822875,345 0,102488
E4_Bvp 1566822875,24743 16,39832
E4_Bvp 1566822875,26306 13,06128
E4_Bvp 1566822875,27868 10,13837
E4_Bvp 1566822875,29431 7,815857
E4_Bvp 1566822875,30993 5,921753
E4_Bvp 1566822875,32556 4,06604
E4_Bvp 1566822875,34118 1,853394
E4_Bvp 1566822875,35681 -0,918396
E4_Bvp 1566822875,37244 -4,188782
E4_Bvp 1566822875,38806 -7,618164
E4_Bvp 1566822875,40369 -10,78113
E4_Temperature 1566822873,72566 32,09
E4_Temperature 1566822873,97567 32,09
E4_Temperature 1566822874,22568 32,09
E4_Temperature 1566822874,47569 32,09
E4_Temperature 1566822874,72571 32,07
E4_Temperature 1566822874,97572 32,07
E4_Temperature 1566822875,22573 32,07
E4_Temperature 1566822875,47574 32,07
E4_Bvp 1566822875,41931 -13,39008
E4_Bvp 1566822875,43494 -15,35028
E4_Bvp 1566822875,45056 -16,75439
E4_Bvp 1566822875,46619 -17,81116
E4_Bvp 1566822875,48182 -18,80652
E4_Bvp 1566822875,49744 -20,01691
E4_Bvp 1566822875,51307 -21,71173
E4_Bvp 1566822875,52869 -24,11676
E4_Bvp 1566822875,54432 -27,2337
E4_Bvp 1566822875,55994 -30,72589
E4_Bvp 1566822875,57557 -33,90411
E4_Bvp 1566822875,5912 -35,85907
E4_Bvp 1566822875,60682 -35,76495
E4_Bvp 1566822875,62245 -33,24274
E4_Bvp 1566822875,63807 -28,51526
E4_Bvp 1566822875,6537 -22,32874
E4_Bvp 1566822875,66933 -15,6214
E4_Bvp 1566822875,68495 -9,185608
E4_Bvp 1566822875,70058 -3,463562
E4_Bvp 1566822875,7162 1,473083
E4_Bvp 1566822875,73183 5,756897
E4_Bvp 1566822875,74745 9,509827
E4_Bvp 1566822875,76308 12,72906
E4_Bvp 1566822875,77871 15,37091
E4_Bvp 1566822875,79433 17,39307
E4_Bvp 1566822875,80996 18,87286
E4_Bvp 1566822875,82558 19,96881
E4_Bvp 1566822875,84121 20,86176
E4_Bvp 1566822875,85683 21,64685
E4_Bvp 1566822875,87246 22,29016
E4_Bvp 1566822875,88809 22,70184
E4_Bvp 1566822875,90371 22,80408
E4_Bvp 1566822875,91934 22,6593
E4_Bvp 1566822875,93496 22,45386
E4_Bvp 1566822875,95059 22,44147
E4_Bvp 1566822875,96621 22,79767
E4_Bvp 1566822875,98184 23,50732
E4_Bvp 1566822875,99747 24,32123
E4_Bvp 1566822876,01309 24,87036
E4_Bvp 1566822876,02872 24,82288
E4_Bvp 1566822876,04434 23,99493
E4_Bvp 1566822876,05997 22,44794
E4_Bvp 1566822876,07559 20,4007
E4_Bvp 1566822876,09122 18,17932
E4_Bvp 1566822876,10685 16,05878
E4_Bvp 1566822876,12247 14,18164
E4_Bvp 1566822876,1381 12,5683
E4_Bvp 1566822876,15372 11,06482
E4_Bvp 1566822876,16935 9,494812
E4_Bvp 1566822876,18497 7,700623
E4_Bvp 1566822876,2006 5,587158
E4_Bvp 1566822876,21623 3,198181
E4_Bvp 1566822876,23185 0,6422119
E4_Bvp 1566822876,24748 -1,915955
E4_Bvp 1566822876,2631 -4,378906
E4_Bvp 1566822876,27873 -6,758545
E4_Bvp 1566822876,29435 -9,209045
E4_Bvp 1566822876,30998 -12,00189
E4_Bvp 1566822876,32561 -15,39575
E4_Bvp 1566822876,34123 -19,54645
E4_Bvp 1566822876,35686 -24,35132
E4_Bvp 1566822876,37248 -29,40363
E4_Bvp 1566822876,38811 -33,93933
E4_Bvp 1566822876,40373 -37,06171
E4_Bvp 1566822876,41936 -37,92963
E4_Bvp 1566822876,43499 -36,1073
E4_Bvp 1566822876,45061 -31,70581
E4_Bvp 1566822876,46624 -25,45612
E4_Bvp 1566822876,48186 -18,39026
E4_Bvp 1566822876,49749 -11,4903
E4_Bvp 1566822876,51311 -5,334717
E4_Bvp 1566822876,52874 -0,02246094
E4_Bvp 1566822876,54437 4,625122
E4_Bvp 1566822876,55999 8,761047
E4_Bvp 1566822876,57562 12,32092
E4_Bvp 1566822876,59124 14,98639
E4_Bvp 1566822876,60687 16,48254
E4_Bvp 1566822876,62249 16,76953
E4_Bvp 1566822876,63812 16,20636
E4_Bvp 1566822876,65375 15,33533
E4_Bvp 1566822876,66937 14,70715
E4_Bvp 1566822876,685 14,59723
E4_Bvp 1566822876,70062 14,94434
E4_Bvp 1566822876,71625 15,48456
E4_Bvp 1566822876,73187 15,95514
E4_Bvp 1566822876,7475 16,28217
E4_Bvp 1566822876,76313 16,56989
E4_Bvp 1566822876,77875 17,03314
E4_Gsr 1566822875,595 0,1012069
E4_Gsr 1566822875,845 0,1050502
E4_Gsr 1566822876,095 0,1050502
E4_Gsr 1566822876,345 0,1037691
E4_Gsr 1566822876,595 0,1037691
E4_Gsr 1566822876,845 0,1050502
E4_Bvp 1566822876,79438 17,8194
E4_Bvp 1566822876,81 18,88501
E4_Bvp 1566822876,82563 19,95111
E4_Bvp 1566822876,84125 20,62366
E4_Bvp 1566822876,85688 20,52191
E4_Bvp 1566822876,87251 19,42145
E4_Bvp 1566822876,88813 17,35553
E4_Bvp 1566822876,90376 14,53503
E4_Bvp 1566822876,91938 11,35767
E4_Bvp 1566822876,93501 8,197876
E4_Bvp 1566822876,95063 5,36908
E4_Bvp 1566822876,96626 3,046814
E4_Bvp 1566822876,98189 1,16571
E4_Bvp 1566822876,99751 -0,4800415
E4_Bvp 1566822877,01314 -2,190796
E4_Bvp 1566822877,02876 -4,231262
E4_Bvp 1566822877,04439 -6,700623
E4_Bvp 1566822877,06001 -9,516418
E4_Bvp 1566822877,07564 -12,44202
E4_Bvp 1566822877,09127 -15,19873
E4_Bvp 1566822877,10689 -17,63892
E4_Bvp 1566822877,12252 -19,77008
E4_Bvp 1566822877,13814 -21,76422
E4_Bvp 1566822877,15377 -23,84668
E4_Bvp 1566822877,16939 -26,20123
E4_Bvp 1566822877,18502 -28,94409
E4_Bvp 1566822877,20065 -32,0047
E4_Bvp 1566822877,21627 -35,15918
E4_Bvp 1566822877,2319 -37,93683
E4_Bvp 1566822877,24752 -39,71454
E4_Bvp 1566822877,26315 -39,81494
E4_Bvp 1566822877,27877 -37,78693
E4_Bvp 1566822877,2944 -33,58997
E4_Bvp 1566822877,31003 -27,66595
E4_Bvp 1566822877,32565 -20,83386
E4_Bvp 1566822877,34128 -13,93329
E4_Bvp 1566822877,3569 -7,608521
E4_Bvp 1566822877,37253 -2,060242
E4_Bvp 1566822877,38815 2,820984
E4_Bvp 1566822877,40378 7,213745
E4_Bvp 1566822877,41941 11,17444
E4_Bvp 1566822877,43503 14,50513
E4_Bvp 1566822877,45066 16,88306
E4_Bvp 1566822877,46628 18,07385
E4_Temperature 1566822875,72575 32,09
E4_Temperature 1566822875,97576 32,09
E4_Temperature 1566822876,22578 32,09
E4_Temperature 1566822876,47579 32,09
E4_Temperature 1566822876,7258 32,09
E4_Temperature 1566822876,97581 32,09
E4_Temperature 1566822877,22582 32,09
E4_Temperature 1566822877,47583 32,09
E4_Bvp 1566822877,48191 18,10498
E4_Bvp 1566822877,49753 17,27777
E4_Bvp 1566822877,51316 16,09045
E4_Bvp 1566822877,52879 15,00635
E4_Bvp 1566822877,54441 14,31171
E4_Bvp 1566822877,56004 14,11975
E4_Bvp 1566822877,57566 14,35657
E4_Bvp 1566822877,59129 14,88525
E4_Bvp 1566822877,60691 15,59222
E4_Bvp 1566822877,62254 16,39502
E4_Bvp 1566822877,63817 17,24323
E4_Bvp 1566822877,65379 18,08002
E4_Bvp 1566822877,66942 18,79822
E4_Bvp 1566822877,68504 19,25616
E4_Bvp 1566822877,70067 19,35339
E4_Bvp 1566822877,71629 19,02515
E4_Bvp 1566822877,73192 18,21539
E4_Bvp 1566822877,74755 16,94891
E4_Bvp 1566822877,76317 15,21338
E4_Bvp 1566822877,7788 13,05334
E4_Bvp 1566822877,79442 10,58508
E4_Bvp 1566822877,81005 8,03656
E4_Bvp 1566822877,82567 5,688782
E4_Bvp 1566822877,8413 3,850403
E4_Bvp 1566822877,85693 2,623474
E4_Bvp 1566822877,87255 1,845398
E4_Bvp 1566822877,88818 1,147339
E4_Bvp 1566822877,9038 0,1281738
E4_Bvp 1566822877,91943 -1,463867
E4_Bvp 1566822877,93506 -3,58136
E4_Bvp 1566822877,95068 -5,944824
E4_Bvp 1566822877,96631 -8,236694
E4_Bvp 1566822877,98193 -10,26135
E4_Bvp 1566822877,99756 -12,06085
E4_Bvp 1566822878,01318 -13,84119
E4_Bvp 1566822878,02881 -15,84326
E4_Bvp 1566822878,04444 -18,23059
E4_Bvp 1566822878,06006 -21,039
E4_Bvp 1566822878,07569 -24,24023
E4_Bvp 1566822878,09131 -27,79413
E4_Bvp 1566822878,10694 -31,651
E4_Bvp 1566822878,12256 -35,61346
E4_Bvp 1566822878,13819 -39,28943
E4_Bvp 1566822878,15382 -42,04254
E4_Bvp 1566822878,16944 -43,1402
E4_Bvp 1566822878,18507 -42,01514
E4_Bvp 1566822878,20069 -38,43146
E4_Bvp 1566822878,21632 -32,61053
E4_Bvp 1566822878,23194 -25,15814
E4_Bvp 1566822878,24757 -16,8562
E4_Bvp 1566822878,2632 -8,468506
E4_Bvp 1566822878,27882 -0,5704346
E4_Bvp 1566822878,29445 6,479736
E4_Bvp 1566822878,31007 12,53131
E4_Bvp 1566822878,3257 17,48505
E4_Gsr 1566822877,095 0,1050502
E4_Gsr 1566822877,345 0,1063313
E4_Gsr 1566822877,595 0,102488
E4_Gsr 1566822877,845 0,102488
E4_Gsr 1566822878,095 0,102488
E4_Gsr 1566822878,345 0,09736361
E4_Bvp 1566822878,34132 21,26166
E4_Bvp 1566822878,35695 23,84241
E4_Bvp 1566822878,37258 25,24158
E4_Bvp 1566822878,3882 25,57758
E4_Bvp 1566822878,40383 25,09082
E4_Bvp 1566822878,41945 24,04565
E4_Bvp 1566822878,43508 22,73859
E4_Bvp 1566822878,4507 21,41449
E4_Bvp 1566822878,46633 20,22974
E4_Bvp 1566822878,48196 19,28253
E4_Bvp 1566822878,49758 18,67059
E4_Bvp 1566822878,51321 18,45789
E4_Bvp 1566822878,52883 18,65894
E4_Bvp 1566822878,54446 19,24139
E4_Bvp 1566822878,56008 20,0434
E4_Bvp 1566822878,57571 20,85187
E4_Bvp 1566822878,59134 21,37964
E4_Bvp 1566822878,60696 21,37506
E4_Bvp 1566822878,62259 20,65851
E4_Bvp 1566822878,63821 19,1557
E4_Bvp 1566822878,65384 16,93915
E4_Bvp 1566822878,66946 14,18372
E4_Bvp 1566822878,68509 11,19165
E4_Bvp 1566822878,70072 8,264282
E4_Bvp 1566822878,71634 5,677734
E4_Bvp 1566822878,73197 3,593262
E4_Bvp 1566822878,74759 2,024231
E4_Bvp 1566822878,76322 0,9121704
E4_Bvp 1566822878,77884 0,1624146
E4_Bvp 1566822878,79447 -0,3424072
E4_Bvp 1566822878,8101 -0,7089233
E4_Bvp 1566822878,82572 -1,084534
E4_Bvp 1566822878,84135 -1,647034
E4_Bvp 1566822878,85697 -2,619446
E4_Bvp 1566822878,8726 -4,162964
E4_Bvp 1566822878,88822 -6,282104
E4_Bvp 1566822878,90385 -8,870544
E4_Bvp 1566822878,91948 -11,66681
E4_Bvp 1566822878,9351 -14,38843
E4_Bvp 1566822878,95073 -16,78143
E4_Bvp 1566822878,96635 -18,78638
E4_Bvp 1566822878,98198 -20,5462
E4_Bvp 1566822878,9976 -22,3512
E4_Bvp 1566822879,01323 -24,63232
E4_Bvp 1566822879,02886 -27,74103
E4_Bvp 1566822879,04448 -31,76031
E4_Bvp 1566822879,06011 -36,3418
E4_Bvp 1566822879,07573 -40,71472
E4_Bvp 1566822879,09136 -43,82733
E4_Bvp 1566822879,10698 -44,74585
E4_Bvp 1566822879,12261 -42,84766
E4_Bvp 1566822879,13824 -38,06421
E4_Bvp 1566822879,15386 -30,86987
E4_Bvp 1566822879,16949 -22,08545
E4_Bvp 1566822879,18511 -12,70355
E4_Bvp 1566822879,20074 -3,642273
E4_Bvp 1566822879,21636 4,398071
E4_Bvp 1566822879,23199 10,99689
E4_Bvp 1566822879,24762 16,0451
E4_Bvp 1566822879,26324 19,68243
E4_Bvp 1566822879,27887 22,15808
E4_Bvp 1566822879,29449 23,74506
E4_Bvp 1566822879,31012 24,61511
E4_Bvp 1566822879,32574 24,83435
E4_Bvp 1566822879,34137 24,50165
E4_Bvp 1566822879,357 23,80621
E4_Temperature 1566822877,72584 32,07
E4_Temperature 1566822877,97586 32,07
E4_Temperature 1566822878,22587 32,07
E4_Temperature 1566822878,47588 32,07
E4_Temperature 1566822878,72589 32,05
E4_Temperature 1566822878,9759 32,05
E4_Temperature 1566822879,22591 32,05
E4_Temperature 1566822879,47593 32,05
E4_Bvp 1566822879,37262 23,06213
E4_Bvp 1566822879,38825 22,64459
E4_Bvp 1566822879,40387 22,75183
E4_Bvp 1566822879,4195 23,37671
E4_Bvp 1566822879,43512 24,26013
E4_Bvp 1566822879,45075 25,08209
E4_Bvp 1566822879,46638 25,64307
E4_Bvp 1566822879,482 25,9657
E4_Bvp 1566822879,49763 26,23853
E4_Bvp 1566822879,51325 26,62695
E4_Bvp 1566822879,52888 27,11469
E4_Bvp 1566822879,5445 27,42889
E4_Bvp 1566822879,56013 27,24469
E4_Bvp 1566822879,57576 26,26886
E4_Bvp 1566822879,59138 24,50586
E4_Bvp 1566822879,60701 22,16345
E4_Bvp 1566822879,62263 19,65833
E4_Bvp 1566822879,63826 17,32288
E4_Bvp 1566822879,65388 15,36517
E4_Bvp 1566822879,66951 13,79706
E4_Bvp 1566822879,68514 12,48199
E4_Bvp 1566822879,70076 11,23059
E4_Gsr 1566822878,595 0,102488
E4_Gsr 1566822878,845 0,102488
E4_Gsr 1566822879,095 0,1037691
E4_Gsr 1566822879,345 0,1037691
E4_Gsr 1566822879,595 0,1037691
E4_Gsr 1566822879,845 0,1037691
E4_Bvp 1566822879,71639 9,891296
E4_Bvp 1566822879,73201 8,320496
E4_Bvp 1566822879,74764 6,446167
E4_Bvp 1566822879,76326 4,239746
E4_Bvp 1566822879,77889 1,684875
E4_Bvp 1566822879,79452 -1,164612
E4_Bvp 1566822879,81014 -4,187073
E4_Bvp 1566822879,82577 -7,201111
E4_Bvp 1566822879,84139 -9,996765
E4_Bvp 1566822879,85702 -12,40594
E4_Bvp 1566822879,87264 -14,3725
E4_Bvp 1566822879,88827 -15,99475
E4_Bvp 1566822879,9039 -17,48511
E4_Bvp 1566822879,91952 -19,15735
E4_Bvp 1566822879,93515 -21,33612
E4_Bvp 1566822879,95077 -24,25024
E4_Bvp 1566822879,9664 -28,01172
E4_Bvp 1566822879,98202 -32,5246
E4_Bvp 1566822879,99765 -37,34406
E4_Bvp 1566822880,01328 -41,7066
E4_Bvp 1566822880,0289 -44,60315
E4_Bvp 1566822880,04453 -45,06409
E4_Bvp 1566822880,06015 -42,43707
E4_Bvp 1566822880,07578 -36,76154
E4_Bvp 1566822880,0914 -28,71967
E4_Bvp 1566822880,10703 -19,49188
E4_Bvp 1566822880,12266 -10,315
E4_Bvp 1566822880,13828 -2,052246
E4_Bvp 1566822880,15391 4,916443
E4_Bvp 1566822880,16953 10,66931
E4_Bvp 1566822880,18516 15,42554
E4_Bvp 1566822880,20078 19,26355
E4_Bvp 1566822880,21641 22,03845
E4_Bvp 1566822880,23204 23,53912
E4_Bvp 1566822880,24766 23,69049
E4_Bvp 1566822880,26329 22,72784
E4_Bvp 1566822880,27891 21,17133
E4_Bvp 1566822880,29454 19,58026
E4_Bvp 1566822880,31016 18,37323
E4_Bvp 1566822880,32579 17,7204
E4_Bvp 1566822880,34142 17,54016
E4_Bvp 1566822880,35704 17,6673
E4_Bvp 1566822880,37267 18,00946
E4_Bvp 1566822880,38829 18,51733
E4_Bvp 1566822880,40392 19,17725
E4_Bvp 1566822880,41954 19,93872
E4_Bvp 1566822880,43517 20,64203
E4_Bvp 1566822880,4508 21,12115
E4_Bvp 1566822880,46642 21,19531
E4_Bvp 1566822880,48205 20,78021
E4_Bvp 1566822880,49767 19,85095
E4_Bvp 1566822880,5133 18,45911
E4_Bvp 1566822880,52893 16,68945
E4_Bvp 1566822880,54455 14,64813
E4_Bvp 1566822880,56018 12,48206
E4_Bvp 1566822880,5758 10,29816
E4_Bvp 1566822880,59143 8,161865
E4_Bvp 1566822880,60705 6,153748
E4_Bvp 1566822880,62268 4,287292
E4_Bvp 1566822880,63831 2,666809
E4_Bvp 1566822880,65393 1,369141
E4_Bvp 1566822880,66956 0,4046021
E4_Bvp 1566822880,68518 -0,3552246
E4_Bvp 1566822880,70081 -1,210327
E4_Bvp 1566822880,71643 -2,522949
E4_Bvp 1566822880,73206 -4,547668
E4_Bvp 1566822880,74769 -7,296997
E4_Bvp 1566822880,76331 -10,5014
E4_Bvp 1566822880,77894 -13,73718
E4_Bvp 1566822880,79456 -16,61591
E4_Bvp 1566822880,81019 -18,96771
E4_Bvp 1566822880,82581 -20,9057
E4_Bvp 1566822880,84144 -22,77887
E4_Bvp 1566822880,85707 -25,07257
E4_Bvp 1566822880,87269 -28,20599
E4_Bvp 1566822880,88832 -32,35983
E4_Bvp 1566822880,90394 -37,34976
E4_Bvp 1566822880,91957 -42,54269
E4_Bvp 1566822880,93519 -46,90628
E4_Bvp 1566822880,95082 -49,26636
E4_Bvp 1566822880,96645 -48,70624
E4_Bvp 1566822880,98207 -44,86203
E4_Bvp 1566822880,9977 -38,14386
E4_Bvp 1566822881,01332 -29,53876
E4_Bvp 1566822881,02895 -20,26669
E4_Bvp 1566822881,04457 -11,37589
E4_Bvp 1566822881,0602 -3,481995
E4_Bvp 1566822881,07583 3,242371
E4_Bvp 1566822881,09145 8,782318
E4_Bvp 1566822881,10708 13,19333
E4_Bvp 1566822881,1227 16,42523
E4_Bvp 1566822881,13833 18,44693
E4_Bvp 1566822881,15395 19,33344
E4_Bvp 1566822881,16958 19,30206
E4_Bvp 1566822881,18521 18,70892
E4_Bvp 1566822881,20083 17,91602
E4_Bvp 1566822881,21646 17,20447
E4_Bvp 1566822881,23208 16,70984
E4_Bvp 1566822881,24771 16,51517
E4_Gsr 1566822880,095 0,1050502
E4_Gsr 1566822880,345 0,1012069
E4_Gsr 1566822880,595 0,1012069
E4_Gsr 1566822880,845 0,1012069
E4_Gsr 1566822881,095 0,09992581
E4_Gsr 1566822881,345 0,1037691
E4_Bvp 1566822881,26333 16,62112
E4_Bvp 1566822881,27896 17,01971
E4_Bvp 1566822881,29459 17,67752
E4_Bvp 1566822881,31021 18,54886
E4_Bvp 1566822881,32584 19,56396
E4_Bvp 1566822881,34146 20,69705
E4_Bvp 1566822881,35709 21,91681
E4_Bvp 1566822881,37271 23,15753
E4_Bvp 1566822881,38834 24,26166
E4_Bvp 1566822881,40397 24,96475
E4_Bvp 1566822881,41959 24,9201
E4_Temperature 1566822879,72594 32,05
E4_Temperature 1566822879,97595 32,05
E4_Temperature 1566822880,22596 32,05
E4_Temperature 1566822880,47597 32,05
E4_Temperature 1566822880,72598 32,03
E4_Temperature 1566822880,976 32,03
E4_Temperature 1566822881,22601 32,03
E4_Temperature 1566822881,47602 32,03
E4_Bvp 1566822881,43522 23,86084
E4_Bvp 1566822881,45084 21,76273
E4_Bvp 1566822881,46647 18,88626
E4_Bvp 1566822881,48209 15,7099
E4_Bvp 1566822881,49772 12,75409
E4_Bvp 1566822881,51335 10,35706
E4_Bvp 1566822881,52897 8,567444
E4_Bvp 1566822881,5446 7,181152
E4_Bvp 1566822881,56022 5,862427
E4_Bvp 1566822881,57585 4,338043
E4_Bvp 1566822881,59147 2,481812
E4_Bvp 1566822881,6071 0,3248901
E4_Bvp 1566822881,62273 -2,056
E4_Bvp 1566822881,63835 -4,575012
E4_Bvp 1566822881,65398 -7,230774
E4_Bvp 1566822881,6696 -10,02216
E4_Bvp 1566822881,68523 -12,92017
E4_Bvp 1566822881,70085 -15,81781
E4_Bvp 1566822881,71648 -18,56955
E4_Bvp 1566822881,73211 -21,06421
E4_Bvp 1566822881,74773 -23,27664
E4_Bvp 1566822881,76336 -25,39243
E4_Bvp 1566822881,77898 -27,69009
E4_Bvp 1566822881,79461 -30,55673
E4_Bvp 1566822881,81023 -34,25403
E4_Bvp 1566822881,82586 -38,71924
E4_Bvp 1566822881,84149 -43,44415
E4_Bvp 1566822881,85711 -47,49222
E4_Bvp 1566822881,87274 -49,72714
E4_Bvp 1566822881,88836 -49,21976
E4_Bvp 1566822881,90399 -45,55408
E4_Bvp 1566822881,91961 -38,99969
E4_Bvp 1566822881,93524 -30,43091
E4_Bvp 1566822881,95087 -20,94849
E4_Bvp 1566822881,96649 -11,56534
E4_Bvp 1566822881,98212 -2,945038
E4_Bvp 1566822881,99774 4,64856
E4_Bvp 1566822882,01337 11,19543
E4_Bvp 1566822882,02899 16,72961
E4_Bvp 1566822882,04462 21,21707
E4_Bvp 1566822882,06025 24,57089
E4_Bvp 1566822882,07587 26,6965
E4_Bvp 1566822882,0915 27,63086
E4_Bvp 1566822882,10712 27,55142
E4_Bvp 1566822882,12275 26,78699
E4_Bvp 1566822882,13837 25,69965
E4_Bvp 1566822882,154 24,61569
E4_Bvp 1566822882,16963 23,76315
E4_Bvp 1566822882,18525 23,18112
E4_Bvp 1566822882,20088 22,85132
E4_Bvp 1566822882,2165 22,61716
E4_Bvp 1566822882,23213 22,37048
E4_Bvp 1566822882,24775 22,07199
E4_Bvp 1566822882,26338 21,73358
E4_Bvp 1566822882,27901 21,40787
E4_Bvp 1566822882,29463 21,14719
E4_Bvp 1566822882,31026 20,94308
E4_Bvp 1566822882,32588 20,72314
E4_Bvp 1566822882,34151 20,39407
E4_Bvp 1566822882,35713 19,84116
E4_Bvp 1566822882,37276 18,95734
E4_Bvp 1566822882,38839 17,69641
E4_Bvp 1566822882,40401 16,0896
E4_Bvp 1566822882,41964 14,23804
E4_Bvp 1566822882,43526 12,29672
E4_Bvp 1566822882,45089 10,45111
E4_Bvp 1566822882,46651 8,828003
E4_Bvp 1566822882,48214 7,44101
E4_Bvp 1566822882,49777 6,189697
E4_Bvp 1566822882,51339 4,870911
E4_Bvp 1566822882,52902 3,238739
E4_Bvp 1566822882,54464 1,131256
E4_Bvp 1566822882,56027 -1,507233
E4_Bvp 1566822882,57589 -4,578766
E4_Bvp 1566822882,59152 -7,914398
E4_Bvp 1566822882,60715 -11,34375
E4_Bvp 1566822882,62277 -14,70477
E4_Bvp 1566822882,6384 -17,90509
E4_Bvp 1566822882,65402 -20,89523
E4_Bvp 1566822882,66965 -23,66144
E4_Bvp 1566822882,68527 -26,25244
E4_Bvp 1566822882,7009 -28,8046
E4_Bvp 1566822882,71653 -31,53513
E4_Bvp 1566822882,73215 -34,72412
E4_Bvp 1566822882,74778 -38,44525
E4_Bvp 1566822882,7634 -42,43018
E4_Bvp 1566822882,77903 -45,98438
E4_Bvp 1566822882,79466 -48,10907
E4_Gsr 1566822881,595 0,1037691
E4_Gsr 1566822881,845 0,1037691
E4_Gsr 1566822882,095 0,1037691
E4_Gsr 1566822882,345 0,1050502
E4_Gsr 1566822882,595 0,1012069
E4_Gsr 1566822882,845 0,102488
E4_Bvp 1566822882,81028 -47,80457
E4_Bvp 1566822882,82591 -44,46603
E4_Bvp 1566822882,84153 -38,117
E4_Bvp 1566822882,85716 -29,35687
E4_Bvp 1566822882,87278 -19,22757
E4_Bvp 1566822882,88841 -8,827789
E4_Bvp 1566822882,90404 0,9752808
E4_Bvp 1566822882,91966 9,6698
E4_Bvp 1566822882,93529 17,06985
E4_Bvp 1566822882,95091 23,16443
E4_Bvp 1566822882,96654 27,93329
E4_Bvp 1566822882,98216 31,30679
E4_Bvp 1566822882,99779 33,17496
E4_Bvp 1566822883,01342 33,52866
E4_Bvp 1566822883,02904 32,61295
E4_Bvp 1566822883,04467 30,90707
E4_Bvp 1566822883,06029 29,06216
E4_Bvp 1566822883,07592 27,68219
E4_Bvp 1566822883,09154 27,10284
E4_Bvp 1566822883,10717 27,2634
E4_Bvp 1566822883,1228 27,758
E4_Bvp 1566822883,13842 28,16229
E4_Bvp 1566822883,15405 28,2243
E4_Bvp 1566822883,16967 27,99271
E4_Bvp 1566822883,1853 27,7522
E4_Bvp 1566822883,20092 27,7103
E4_Bvp 1566822883,21655 27,86691
E4_Bvp 1566822883,23218 27,90811
E4_Bvp 1566822883,2478 27,38681
E4_Bvp 1566822883,26343 25,91388
E4_Bvp 1566822883,27905 23,38956
E4_Bvp 1566822883,29468 19,99326
E4_Bvp 1566822883,3103 16,09261
E4_Bvp 1566822883,32593 12,11369
E4_Bvp 1566822883,34156 8,318634
E4_Bvp 1566822883,35718 4,837326
E4_Bvp 1566822883,37281 1,65799
E4_Bvp 1566822883,38843 -1,281219
E4_Bvp 1566822883,40406 -4,087067
E4_Bvp 1566822883,41968 -6,875839
E4_Bvp 1566822883,43531 -9,755356
E4_Bvp 1566822883,45094 -12,80621
E4_Bvp 1566822883,46656 -16,03035
E4_Bvp 1566822883,48219 -19,32227
E4_Temperature 1566822881,72603 32,05
E4_Temperature 1566822881,97604 32,05
E4_Temperature 1566822882,22605 32,05
E4_Temperature 1566822882,47606 32,05
E4_Temperature 1566822882,72608 32,05
E4_Temperature 1566822882,97609 32,05
E4_Temperature 1566822883,2261 32,05
E4_Temperature 1566822883,47611 32,05
E4_Bvp 1566822883,49781 -22,48044
E4_Bvp 1566822883,51344 -25,26559
E4_Bvp 1566822883,52906 -27,50195
E4_Bvp 1566822883,54469 -29,16121
E4_Bvp 1566822883,56032 -30,40695
E4_Bvp 1566822883,57594 -31,62222
E4_Bvp 1566822883,59157 -33,26128
E4_Bvp 1566822883,60719 -35,6722
E4_Bvp 1566822883,62282 -38,92383
E4_Bvp 1566822883,63844 -42,62811
E4_Bvp 1566822883,65407 -46,03064
E4_Bvp 1566822883,6697 -48,15533
E4_Bvp 1566822883,68532 -48,10181
E4_Bvp 1566822883,70095 -45,34654
E4_Bvp 1566822883,71657 -39,8924
E4_Bvp 1566822883,7322 -32,23241
E4_Bvp 1566822883,74782 -23,16917
E4_Bvp 1566822883,76345 -13,5313
E4_Bvp 1566822883,77908 -4,001373
E4_Bvp 1566822883,7947 4,948807
E4_Bvp 1566822883,81033 13,02121
E4_Bvp 1566822883,82595 19,96597
E4_Bvp 1566822883,84158 25,54436
E4_Bvp 1566822883,8572 29,53731
E4_Bvp 1566822883,87283 31,77597
E4_Bvp 1566822883,88846 32,24052
E4_Bvp 1566822883,90408 31,15361
E4_Bvp 1566822883,91971 29,01576
E4_Bvp 1566822883,93533 26,4359
E4_Bvp 1566822883,95096 24,07788
E4_Bvp 1566822883,96658 22,47552
E4_Bvp 1566822883,98221 21,8302
E4_Bvp 1566822883,99784 22,05334
E4_Bvp 1566822884,01346 22,80493
E4_Bvp 1566822884,02909 23,66913
E4_Bvp 1566822884,04471 24,27103
E4_Bvp 1566822884,06034 24,4157
E4_Bvp 1566822884,07596 24,08789
E4_Bvp 1566822884,09159 23,37061
E4_Bvp 1566822884,10722 22,36433
E4_Bvp 1566822884,12284 21,06212
E4_Bvp 1566822884,13847 19,4389
E4_Bvp 1566822884,15409 17,4249
E4_Bvp 1566822884,16972 15,04794
E4_Bvp 1566822884,18534 12,4117
E4_Bvp 1566822884,20097 9,736694
E4_Bvp 1566822884,2166 7,260742
E4_Bvp 1566822884,23222 5,094864
E4_Bvp 1566822884,24785 3,230789
E4_Bvp 1566822884,26347 1,513031
E4_Bvp 1566822884,2791 -0,2536926
E4_Bvp 1566822884,29472 -2,194427
E4_Bvp 1566822884,31035 -4,356537
E4_Bvp 1566822884,32598 -6,683578
E4_Bvp 1566822884,3416 -9,102142
E4_Gsr 1566822883,095 0,1012069
E4_Gsr 1566822883,345 0,102488
E4_Gsr 1566822883,595 0,102488
E4_Gsr 1566822883,845 0,09992581
E4_Gsr 1566822884,095 0,102488
E4_Gsr 1566822884,345 0,1037691
E4_Bvp 1566822884,35723 -11,52753
E4_Bvp 1566822884,37285 -13,93965
E4_Bvp 1566822884,38848 -16,32146
E4_Bvp 1566822884,4041 -18,68535
E4_Bvp 1566822884,41973 -21,0743
E4_Bvp 1566822884,43536 -23,57014
E4_Bvp 1566822884,45098 -26,32591
E4_Bvp 1566822884,46661 -29,57027
E4_Bvp 1566822884,48223 -33,52451
E4_Bvp 1566822884,49786 -38,31949
E4_Bvp 1566822884,51348 -43,87192
E4_Bvp 1566822884,52911 -49,71657
E4_Bvp 1566822884,54474 -55,01455
E4_Bvp 1566822884,56036 -58,70418
E4_Bvp 1566822884,57599 -59,75553
E4_Bvp 1566822884,59161 -57,52388
E4_Bvp 1566822884,60724 -51,9798
E4_Bvp 1566822884,62286 -43,71457
E4_Bvp 1566822884,63849 -33,78529
E4_Bvp 1566822884,65412 -23,39106
E4_Bvp 1566822884,66974 -13,49636
E4_Bvp 1566822884,68537 -4,678284
E4_Bvp 1566822884,70099 2,851212
E4_Bvp 1566822884,71662 9,199883
E4_Bvp 1566822884,73224 14,55697
E4_Bvp 1566822884,74787 19,09337
E4_Bvp 1566822884,7635 22,82368
E4_Bvp 1566822884,77912 25,66692
E4_Bvp 1566822884,79475 27,5142
E4_Bvp 1566822884,81037 28,36638
E4_Bvp 1566822884,826 28,36974
E4_Bvp 1566822884,84162 27,88109
E4_Bvp 1566822884,85725 27,32256
E4_Bvp 1566822884,87288 27,05554
E4_Bvp 1566822884,8885 27,19918
E4_Bvp 1566822884,90413 27,72409
E4_Bvp 1566822884,91975 28,53328
E4_Bvp 1566822884,93538 29,55568
E4_Bvp 1566822884,951 30,77277
E4_Bvp 1566822884,96663 32,13915
E4_Bvp 1566822884,98226 33,46897
E4_Bvp 1566822884,99788 34,40451
E4_Bvp 1566822885,01351 34,51815
E4_Bvp 1566822885,02913 33,5093
E4_Bvp 1566822885,04476 31,38648
E4_Bvp 1566822885,06038 28,50743
E4_Bvp 1566822885,07601 25,39522
E4_Bvp 1566822885,09164 22,54403
E4_Bvp 1566822885,10726 20,17221
E4_Bvp 1566822885,12289 18,21159
E4_Bvp 1566822885,13851 16,39532
E4_Bvp 1566822885,15414 14,46901
E4_Bvp 1566822885,16977 12,30096
E4_Bvp 1566822885,18539 9,977795
E4_Bvp 1566822885,20102 7,634979
E4_Bvp 1566822885,21664 5,389416
E4_Bvp 1566822885,23227 3,185415
E4_Bvp 1566822885,24789 0,8749275
E4_Bvp 1566822885,26352 -1,75703
E4_Bvp 1566822885,27915 -4,804602
E4_Bvp 1566822885,29477 -8,174202
E4_Bvp 1566822885,3104 -11,6473
E4_Bvp 1566822885,32602 -14,98778
E4_Bvp 1566822885,34165 -18,07763
E4_Bvp 1566822885,35727 -20,95853
E4_Bvp 1566822885,3729 -23,76298
E4_Temperature 1566822883,72612 32,05
E4_Temperature 1566822883,97613 32,05
E4_Temperature 1566822884,22615 32,05
E4_Temperature 1566822884,47616 32,05
E4_Temperature 1566822884,72617 32,05
E4_Temperature 1566822884,97618 32,05
E4_Temperature 1566822885,22619 32,05
E4_Temperature 1566822885,4762 32,05
E4_Bvp 1566822885,38853 -26,67712
E4_Bvp 1566822885,40415 -29,85986
E4_Bvp 1566822885,41978 -33,50768
E4_Bvp 1566822885,4354 -37,80852
E4_Bvp 1566822885,45103 -42,86392
E4_Bvp 1566822885,46665 -48,48629
E4_Bvp 1566822885,48228 -54,02916
E4_Bvp 1566822885,49791 -58,38725
E4_Bvp 1566822885,51353 -60,30595
E4_Bvp 1566822885,52916 -58,81049
E4_Bvp 1566822885,54478 -53,66635
E4_Bvp 1566822885,56041 -45,4442
E4_Bvp 1566822885,57603 -35,3133
E4_Bvp 1566822885,59166 -24,55693
E4_Bvp 1566822885,60729 -14,14615
E4_Bvp 1566822885,62291 -4,601799
E4_Bvp 1566822885,63854 3,916492
E4_Bvp 1566822885,65416 11,37294
E4_Bvp 1566822885,66979 17,66361
E4_Bvp 1566822885,68541 22,65158
E4_Bvp 1566822885,70104 26,24979
E4_Bvp 1566822885,71667 28,50225
E4_Gsr 1566822884,595 0,1037691
E4_Gsr 1566822884,845 0,102488
E4_Gsr 1566822885,095 0,1037691
E4_Gsr 1566822885,345 0,1037691
E4_Gsr 1566822885,595 0,1012069
E4_Gsr 1566822885,845 0,1012069
E4_Bvp 1566822885,73229 29,65701
E4_Bvp 1566822885,74792 30,03285
E4_Bvp 1566822885,76354 29,94768
E4_Bvp 1566822885,77917 29,61536
E4_Bvp 1566822885,79479 29,20321
E4_Bvp 1566822885,81042 28,82822
E4_Bvp 1566822885,82605 28,59181
E4_Bvp 1566822885,84167 28,61824
E4_Bvp 1566822885,8573 28,95934
E4_Bvp 1566822885,87292 29,63078
E4_Bvp 1566822885,88855 30,56066
E4_Bvp 1566822885,90417 31,62346
E4_Bvp 1566822885,9198 32,65157
E4_Bvp 1566822885,93543 33,41103
E4_Bvp 1566822885,95105 33,64319
E4_Bvp 1566822885,96668 33,13386
E4_Bvp 1566822885,9823 31,78458
E4_Bvp 1566822885,99793 29,68233
E4_Bvp 1566822886,01355 27,12907
E4_Bvp 1566822886,02918 24,49331
E4_Bvp 1566822886,04481 22,13683
E4_Bvp 1566822886,06043 20,23127
E4_Bvp 1566822886,07606 18,70496
E4_Bvp 1566822886,09168 17,32548
E4_Bvp 1566822886,10731 15,82042
E4_Bvp 1566822886,12293 14,01051
E4_Bvp 1566822886,13856 11,92139
E4_Bvp 1566822886,15419 9,75322
E4_Bvp 1566822886,16981 7,787109
E4_Bvp 1566822886,18544 6,191269
E4_Bvp 1566822886,20106 4,959824
E4_Bvp 1566822886,21669 3,846062
E4_Bvp 1566822886,23231 2,444916
E4_Bvp 1566822886,24794 0,3633957
E4_Bvp 1566822886,26357 -2,564217
E4_Bvp 1566822886,27919 -6,235161
E4_Bvp 1566822886,29482 -10,31605
E4_Bvp 1566822886,31044 -14,35098
E4_Bvp 1566822886,32607 -17,98325
E4_Bvp 1566822886,34169 -21,07069
E4_Bvp 1566822886,35732 -23,72145
E4_Bvp 1566822886,37295 -26,24156
E4_Bvp 1566822886,38857 -29,02143
E4_Bvp 1566822886,4042 -32,41339
E4_Bvp 1566822886,41982 -36,63494
E4_Bvp 1566822886,43545 -41,5794
E4_Bvp 1566822886,45107 -46,754
E4_Bvp 1566822886,4667 -51,22883
E4_Bvp 1566822886,48233 -53,86177
E4_Bvp 1566822886,49795 -53,65345
E4_Bvp 1566822886,51358 -50,02264
E4_Bvp 1566822886,5292 -43,11723
E4_Bvp 1566822886,54483 -33,72375
E4_Bvp 1566822886,56045 -23,03985
E4_Bvp 1566822886,57608 -12,28694
E4_Bvp 1566822886,59171 -2,346741
E4_Bvp 1566822886,60733 6,312088
E4_Bvp 1566822886,62296 13,59277
E4_Bvp 1566822886,63858 19,56905
E4_Bvp 1566822886,65421 24,35254
E4_Bvp 1566822886,66983 27,96843
E4_Bvp 1566822886,68546 30,43169
E4_Bvp 1566822886,70109 31,79535
E4_Bvp 1566822886,71671 32,25444
E4_Bvp 1566822886,73234 32,13641
E4_Bvp 1566822886,74796 31,79073
E4_Bvp 1566822886,76359 31,50349
E4_Bvp 1566822886,77921 31,34991
E4_Bvp 1566822886,79484 31,2717
E4_Bvp 1566822886,81047 31,16853
E4_Bvp 1566822886,82609 31,03735
E4_Bvp 1566822886,84172 31,01855
E4_Bvp 1566822886,85734 31,3484
E4_Bvp 1566822886,87297 32,1646
E4_Bvp 1566822886,88859 33,37036
E4_Bvp 1566822886,90422 34,63789
E4_Bvp 1566822886,91985 35,51801
E4_Bvp 1566822886,93547 35,65021
E4_Bvp 1566822886,9511 34,89246
E4_Bvp 1566822886,96672 33,37241
E4_Bvp 1566822886,98235 31,3387
E4_Bvp 1566822886,99797 29,02766
E4_Bvp 1566822887,0136 26,58755
E4_Bvp 1566822887,02923 24,01501
E4_Bvp 1566822887,04485 21,33195
E4_Bvp 1566822887,06048 18,51649
E4_Bvp 1566822887,0761 15,54892
E4_Bvp 1566822887,09173 12,48088
E4_Bvp 1566822887,10735 9,416
E4_Bvp 1566822887,12298 6,515335
E4_Bvp 1566822887,13861 3,867218
E4_Bvp 1566822887,15423 1,475433
E4_Bvp 1566822887,16986 -0,8148041
E4_Bvp 1566822887,18548 -3,273865
