E4_Bvp 1566822887,24799 -17,1282
E4_Bvp 1566822887,26361 -20,72246
E4_Gsr 1566822886,095 0,102488
E4_Gsr 1566822886,345 0,1012069
E4_Gsr 1566822886,595 0,1012069
E4_Gsr 1566822886,845 0,1012069
E4_Gsr 1566822887,095 0,1037691
E4_Gsr 1566822887,345 0,1037691
E4_Bvp 1566822887,27924 -23,90456
E4_Bvp 1566822887,29486 -26,69768
E4_Bvp 1566822887,31049 -29,27921
E4_Bvp 1566822887,32611 -31,93903
E4_Bvp 1566822887,34174 -34,96246
E4_Bvp 1566822887,35737 -38,62791
E4_Bvp 1566822887,37299 -43,08463
E4_Bvp 1566822887,38862 -48,23639
E4_Bvp 1566822887,40424 -53,58809
E4_Bvp 1566822887,41987 -58,24734
E4_Bvp 1566822887,43549 -61,02737
E4_Temperature 1566822885,72622 32,03
E4_Temperature 1566822885,97623 32,03
E4_Temperature 1566822886,22624 32,03
E4_Temperature 1566822886,47625 32,03
E4_Temperature 1566822886,72626 32,03
E4_Temperature 1566822886,97627 32,03
E4_Temperature 1566822887,22628 32,03
E4_Temperature 1566822887,4763 32,03
E4_Bvp 1566822887,45112 -60,83488
E4_Bvp 1566822887,46675 -57,08505
E4_Bvp 1566822887,48237 -49,91434
E4_Bvp 1566822887,498 -40,17656
E4_Bvp 1566822887,51362 -29,06879
E4_Bvp 1566822887,52925 -17,84929
E4_Bvp 1566822887,54487 -7,382339
E4_Bvp 1566822887,5605 1,919907
E4_Bvp 1566822887,57613 9,99295
E4_Bvp 1566822887,59175 16,9752
E4_Bvp 1566822887,60738 22,95557
E4_Bvp 1566822887,623 27,88274
E4_Bvp 1566822887,63863 31,63991
E4_Bvp 1566822887,65426 34,09485
E4_Bvp 1566822887,66988 35,23024
E4_Bvp 1566822887,68551 35,17979
E4_Bvp 1566822887,70113 34,15921
E4_Bvp 1566822887,71676 32,46747
E4_Bvp 1566822887,73238 30,42387
E4_Bvp 1566822887,74801 28,36948
E4_Bvp 1566822887,76364 26,67387
E4_Bvp 1566822887,77926 25,6721
E4_Bvp 1566822887,79489 25,56834
E4_Bvp 1566822887,81051 26,30659
E4_Bvp 1566822887,82614 27,57407
E4_Bvp 1566822887,84176 28,8727
E4_Bvp 1566822887,85739 29,64848
E4_Bvp 1566822887,87302 29,57707
E4_Bvp 1566822887,88864 28,59166
E4_Bvp 1566822887,90427 26,90961
E4_Bvp 1566822887,91989 24,85515
E4_Bvp 1566822887,93552 22,73077
E4_Bvp 1566822887,95114 20,70506
E4_Bvp 1566822887,96677 18,8512
E4_Bvp 1566822887,9824 17,189
E4_Bvp 1566822887,99802 15,71709
E4_Bvp 1566822888,01365 14,3947
E4_Bvp 1566822888,02927 13,14359
E4_Bvp 1566822888,0449 11,84351
E4_Bvp 1566822888,06052 10,37244
E4_Bvp 1566822888,07615 8,664551
E4_Bvp 1566822888,09178 6,757797
E4_Bvp 1566822888,1074 4,829971
E4_Bvp 1566822888,12303 3,038986
E4_Bvp 1566822888,13865 1,472031
E4_Bvp 1566822888,15428 0,02163696
E4_Bvp 1566822888,1699 -1,553009
E4_Bvp 1566822888,18553 -3,576889
E4_Bvp 1566822888,20116 -6,24144
E4_Bvp 1566822888,21678 -9,54599
E4_Bvp 1566822888,23241 -13,23381
E4_Bvp 1566822888,24803 -16,90082
E4_Bvp 1566822888,26366 -20,16989
E4_Bvp 1566822888,27928 -22,92334
E4_Bvp 1566822888,29491 -25,31931
E4_Bvp 1566822888,31054 -27,74271
E4_Bvp 1566822888,32616 -30,68057
E4_Bvp 1566822888,34179 -34,51328
E4_Bvp 1566822888,35741 -39,45044
E4_Bvp 1566822888,37304 -45,4025
E4_Bvp 1566822888,38866 -51,9928
E4_Bvp 1566822888,40429 -58,45326
E4_Bvp 1566822888,41992 -63,72575
E4_Bvp 1566822888,43554 -66,66104
E4_Bvp 1566822888,45117 -66,30797
E4_Bvp 1566822888,46679 -62,27919
E4_Bvp 1566822888,48242 -54,93286
E4_Bvp 1566822888,49804 -45,23601
E4_Bvp 1566822888,51367 -34,46942
E4_Bvp 1566822888,5293 -23,731
E4_Bvp 1566822888,54492 -13,71283
E4_Bvp 1566822888,56055 -4,641968
E4_Bvp 1566822888,57617 3,470535
E4_Bvp 1566822888,5918 10,61049
E4_Bvp 1566822888,60742 16,69794
E4_Bvp 1566822888,62305 21,6001
E4_Bvp 1566822888,63868 25,32126
E4_Bvp 1566822888,6543 28,07404
E4_Bvp 1566822888,66993 30,18822
E4_Bvp 1566822888,68555 32,00641
E4_Bvp 1566822888,70118 33,67062
E4_Bvp 1566822888,7168 35,17189
E4_Bvp 1566822888,73243 36,31367
E4_Bvp 1566822888,74806 36,91949
E4_Bvp 1566822888,76368 36,97231
E4_Bvp 1566822888,77931 36,59558
E4_Bvp 1566822888,79493 36,0381
E4_Bvp 1566822888,81056 35,62967
E4_Gsr 1566822887,595 0,102488
E4_Gsr 1566822887,845 0,102488
E4_Gsr 1566822888,095 0,1037691
E4_Gsr 1566822888,345 0,1012069
E4_Gsr 1566822888,595 0,1012069
E4_Gsr 1566822888,845 0,1012069
E4_Bvp 1566822888,82618 35,59171
E4_Bvp 1566822888,84181 35,95438
E4_Bvp 1566822888,85744 36,58818
E4_Bvp 1566822888,87306 37,22348
E4_Bvp 1566822888,88869 37,57256
E4_Bvp 1566822888,90431 37,36368
E4_Bvp 1566822888,91994 36,46475
E4_Bvp 1566822888,93556 34,82138
E4_Bvp 1566822888,95119 32,51538
E4_Bvp 1566822888,96682 29,75282
E4_Bvp 1566822888,98244 26,83293
E4_Bvp 1566822888,99807 24,11537
E4_Bvp 1566822889,01369 21,84358
E4_Bvp 1566822889,02932 20,06975
E4_Bvp 1566822889,04494 18,56126
E4_Bvp 1566822889,06057 16,97499
E4_Bvp 1566822889,0762 14,99767
E4_Bvp 1566822889,09182 12,51735
E4_Bvp 1566822889,10745 9,715454
E4_Bvp 1566822889,12307 6,877914
E4_Bvp 1566822889,1387 4,201065
E4_Bvp 1566822889,15432 1,682678
E4_Bvp 1566822889,16995 -0,8673401
E4_Bvp 1566822889,18558 -3,756683
E4_Bvp 1566822889,2012 -7,201996
E4_Bvp 1566822889,21683 -11,26389
E4_Bvp 1566822889,23245 -15,90025
E4_Bvp 1566822889,24808 -20,99527
E4_Bvp 1566822889,2637 -26,37366
E4_Bvp 1566822889,27933 -31,83411
E4_Bvp 1566822889,29496 -37,06595
E4_Bvp 1566822889,31058 -41,76865
E4_Bvp 1566822889,32621 -45,66174
E4_Temperature 1566822887,72631 32,03
E4_Temperature 1566822887,97632 32,03
E4_Temperature 1566822888,22633 32,03
E4_Temperature 1566822888,47634 32,03
E4_Temperature 1566822888,72635 32,05
E4_Temperature 1566822888,97637 32,05
E4_Temperature 1566822889,22638 32,05
E4_Temperature 1566822889,47639 32,05
E4_Bvp 1566822889,34183 -48,696
E4_Bvp 1566822889,35746 -51,08575
E4_Bvp 1566822889,37308 -53,24226
E4_Bvp 1566822889,38871 -55,66528
E4_Bvp 1566822889,40434 -58,62961
E4_Bvp 1566822889,41996 -62,04153
E4_Bvp 1566822889,43559 -65,33479
E4_Bvp 1566822889,45121 -67,54202
E4_Bvp 1566822889,46684 -67,61688
E4_Bvp 1566822889,48246 -64,69583
E4_Bvp 1566822889,49809 -58,43663
E4_Bvp 1566822889,51372 -49,10715
E4_Bvp 1566822889,52934 -37,54214
E4_Bvp 1566822889,54497 -24,86548
E4_Bvp 1566822889,56059 -12,17896
E4_Bvp 1566822889,57622 -0,3401642
E4_Bvp 1566822889,59184 10,15581
E4_Bvp 1566822889,60747 19,10329
E4_Bvp 1566822889,6231 26,51799
E4_Bvp 1566822889,63872 32,47478
E4_Bvp 1566822889,65435 37,08003
E4_Bvp 1566822889,66997 40,43195
E4_Bvp 1566822889,6856 42,61148
E4_Bvp 1566822889,70122 43,76862
E4_Bvp 1566822889,71685 44,09503
E4_Bvp 1566822889,73248 43,88681
E4_Bvp 1566822889,7481 43,46187
E4_Bvp 1566822889,76373 43,09967
E4_Bvp 1566822889,77935 42,94519
E4_Bvp 1566822889,79498 42,98839
E4_Bvp 1566822889,81061 43,07516
E4_Bvp 1566822889,82623 43,09117
E4_Bvp 1566822889,84186 43,0213
E4_Bvp 1566822889,85748 42,9333
E4_Bvp 1566822889,87311 42,96579
E4_Bvp 1566822889,88873 43,08206
E4_Bvp 1566822889,90436 43,10118
E4_Bvp 1566822889,91999 42,64407
E4_Bvp 1566822889,93561 41,3782
E4_Bvp 1566822889,95124 39,17958
E4_Bvp 1566822889,96686 36,2012
E4_Bvp 1566822889,98249 32,93376
E4_Bvp 1566822889,99811 29,87164
E4_Bvp 1566822890,01374 27,35114
E4_Bvp 1566822890,02937 25,42319
E4_Bvp 1566822890,04499 23,88242
E4_Bvp 1566822890,06062 22,37065
E4_Bvp 1566822890,07624 20,60918
E4_Bvp 1566822890,09187 18,51317
E4_Bvp 1566822890,10749 16,20705
E4_Bvp 1566822890,12312 14,03693
E4_Bvp 1566822890,13875 12,27141
E4_Bvp 1566822890,15437 11,02972
E4_Bvp 1566822890,17 10,15477
E4_Bvp 1566822890,18562 9,207504
E4_Gsr 1566822889,095 0,1012069
E4_Gsr 1566822889,345 0,1012069
E4_Gsr 1566822889,595 0,102488
E4_Gsr 1566822889,845 0,1037691
E4_Gsr 1566822890,095 0,102488
E4_Gsr 1566822890,345 0,1037691
E4_Bvp 1566822890,20125 7,714371
E4_Bvp 1566822890,21687 5,319229
E4_Bvp 1566822890,2325 1,972137
E4_Bvp 1566822890,24813 -2,096939
E4_Bvp 1566822890,26375 -6,518784
E4_Bvp 1566822890,27938 -10,96007
E4_Bvp 1566822890,295 -15,23207
E4_Bvp 1566822890,31063 -19,30923
E4_Bvp 1566822890,32625 -23,20343
E4_Bvp 1566822890,34188 -26,98839
E4_Bvp 1566822890,35751 -30,77159
E4_Bvp 1566822890,37313 -34,70905
E4_Bvp 1566822890,38876 -39,04958
E4_Bvp 1566822890,40438 -43,91277
E4_Bvp 1566822890,42001 -49,10678
E4_Bvp 1566822890,43563 -53,94412
E4_Bvp 1566822890,45126 -57,37003
E4_Bvp 1566822890,46689 -58,24817
E4_Bvp 1566822890,48251 -55,90042
E4_Bvp 1566822890,49814 -50,3802
E4_Bvp 1566822890,51376 -42,4794
E4_Bvp 1566822890,52939 -33,51086
E4_Bvp 1566822890,54501 -24,69482
E4_Bvp 1566822890,56064 -16,86876
E4_Bvp 1566822890,57627 -10,28603
E4_Bvp 1566822890,59189 -4,82869
E4_Bvp 1566822890,60752 -0,2614136
E4_Bvp 1566822890,62314 3,537262
E4_Bvp 1566822890,63877 6,493088
E4_Bvp 1566822890,65439 8,541199
E4_Bvp 1566822890,67002 9,741989
E4_Bvp 1566822890,68565 10,45108
E4_Bvp 1566822890,70127 11,11566
E4_Bvp 1566822890,7169 12,16458
E4_Bvp 1566822890,73252 13,7735
E4_Bvp 1566822890,74815 15,86002
E4_Bvp 1566822890,76377 18,22624
E4_Bvp 1566822890,7794 20,70612
E4_Bvp 1566822890,79503 23,17795
E4_Bvp 1566822890,81065 25,52316
E4_Bvp 1566822890,82628 27,55791
E4_Bvp 1566822890,8419 28,98839
E4_Bvp 1566822890,85753 29,49825
E4_Bvp 1566822890,87315 28,9576
E4_Bvp 1566822890,88878 27,46194
E4_Bvp 1566822890,90441 25,38521
E4_Bvp 1566822890,92003 23,14761
E4_Bvp 1566822890,93566 21,04779
E4_Bvp 1566822890,95128 19,09958
E4_Bvp 1566822890,96691 17,16856
E4_Bvp 1566822890,98253 15,03284
E4_Bvp 1566822890,99816 12,57465
E4_Bvp 1566822891,01379 9,793808
E4_Bvp 1566822891,02941 6,751968
E4_Bvp 1566822891,04504 3,526657
E4_Bvp 1566822891,06066 0,2060242
E4_Bvp 1566822891,07629 -3,091011
E4_Bvp 1566822891,09191 -6,199089
E4_Bvp 1566822891,10754 -8,90284
E4_Bvp 1566822891,12317 -11,12175
E4_Bvp 1566822891,13879 -12,90598
E4_Bvp 1566822891,15442 -14,45465
E4_Bvp 1566822891,17004 -16,05798
E4_Bvp 1566822891,18567 -17,94303
E4_Bvp 1566822891,20129 -20,21323
E4_Bvp 1566822891,21692 -22,87579
E4_Bvp 1566822891,23255 -25,86639
E4_Bvp 1566822891,24817 -29,15365
E4_Bvp 1566822891,2638 -32,74902
E4_Bvp 1566822891,27942 -36,64238
E4_Bvp 1566822891,29505 -40,82494
E4_Bvp 1566822891,31067 -45,23546
E4_Bvp 1566822891,3263 -49,73483
E4_Bvp 1566822891,34193 -54,03837
E4_Bvp 1566822891,35755 -57,66201
E4_Bvp 1566822891,37318 -59,89206
E4_Bvp 1566822891,3888 -59,9367
E4_Temperature 1566822889,7264 32,01
E4_Temperature 1566822889,97641 32,01
E4_Temperature 1566822890,22642 32,01
E4_Temperature 1566822890,47644 32,01
E4_Temperature 1566822890,72645 32,03
E4_Temperature 1566822890,97646 32,03
E4_Temperature 1566822891,22647 32,03
E4_Temperature 1566822891,47648 32,03
E4_Bvp 1566822891,40443 -57,18681
E4_Bvp 1566822891,42005 -51,42404
E4_Bvp 1566822891,43568 -43,03909
E4_Bvp 1566822891,45131 -32,9289
E4_Bvp 1566822891,46693 -22,18636
E4_Bvp 1566822891,48256 -11,81133
E4_Bvp 1566822891,49818 -2,435402
E4_Bvp 1566822891,51381 5,73188
E4_Bvp 1566822891,52943 12,77473
E4_Bvp 1566822891,54506 18,82714
E4_Bvp 1566822891,56069 23,9523
E4_Bvp 1566822891,57631 28,07691
E4_Bvp 1566822891,59194 31,09224
E4_Bvp 1566822891,60756 33,01123
E4_Bvp 1566822891,62319 34,00912
E4_Bvp 1566822891,63881 34,42142
E4_Bvp 1566822891,65444 34,59414
E4_Bvp 1566822891,67007 34,79681
E4_Bvp 1566822891,68569 35,05083
E4_Bvp 1566822891,70132 35,28586
E4_Bvp 1566822891,71694 35,34226
E4_Bvp 1566822891,73257 35,15916
E4_Gsr 1566822890,595 0,1037691
E4_Gsr 1566822890,845 0,1012069
E4_Gsr 1566822891,095 0,1012069
E4_Gsr 1566822891,345 0,102488
E4_Gsr 1566822891,595 0,1012069
E4_Gsr 1566822891,845 0,102488
E4_Bvp 1566822891,74819 34,80122
E4_Bvp 1566822891,76382 34,3878
E4_Bvp 1566822891,77945 33,96922
E4_Bvp 1566822891,79507 33,46558
E4_Bvp 1566822891,8107 32,67418
E4_Bvp 1566822891,82632 31,38246
E4_Bvp 1566822891,84195 29,50689
E4_Bvp 1566822891,85757 27,14199
E4_Bvp 1566822891,8732 24,52811
E4_Bvp 1566822891,88883 21,94229
E4_Bvp 1566822891,90445 19,55965
E4_Bvp 1566822891,92008 17,41739
E4_Bvp 1566822891,9357 15,39801
E4_Bvp 1566822891,95133 13,33642
E4_Bvp 1566822891,96695 11,1094
E4_Bvp 1566822891,98258 8,734695
E4_Bvp 1566822891,99821 6,331474
E4_Bvp 1566822892,01383 4,084908
E4_Bvp 1566822892,02946 2,112358
E4_Bvp 1566822892,04508 0,4156265
E4_Bvp 1566822892,06071 -1,092453
E4_Bvp 1566822892,07633 -2,582245
E4_Bvp 1566822892,09196 -4,207039
E4_Bvp 1566822892,10759 -6,064224
E4_Bvp 1566822892,12321 -8,171349
E4_Bvp 1566822892,13884 -10,51663
E4_Bvp 1566822892,15446 -13,05193
E4_Bvp 1566822892,17009 -15,69623
E4_Bvp 1566822892,18571 -18,33257
E4_Bvp 1566822892,20134 -20,78439
E4_Bvp 1566822892,21697 -22,8877
E4_Bvp 1566822892,23259 -24,62794
E4_Bvp 1566822892,24822 -26,23116
E4_Bvp 1566822892,26384 -28,15928
E4_Bvp 1566822892,27947 -30,98531
E4_Bvp 1566822892,29509 -35,05021
E4_Bvp 1566822892,31072 -40,19645
E4_Bvp 1566822892,32635 -45,68813
E4_Bvp 1566822892,34197 -50,29962
E4_Bvp 1566822892,3576 -52,70874
E4_Bvp 1566822892,37322 -51,97001
E4_Bvp 1566822892,38885 -47,86871
E4_Bvp 1566822892,40447 -40,9476
E4_Bvp 1566822892,4201 -32,30276
E4_Bvp 1566822892,43573 -23,15348
E4_Bvp 1566822892,45135 -14,4497
E4_Bvp 1566822892,46698 -6,666176
E4_Bvp 1566822892,4826 0,1075134
E4_Bvp 1566822892,49823 5,980652
E4_Bvp 1566822892,51386 11,00951
E4_Bvp 1566822892,52948 15,16529
E4_Bvp 1566822892,54511 18,34206
E4_Bvp 1566822892,56073 20,5231
E4_Bvp 1566822892,57636 21,84023
E4_Bvp 1566822892,59198 22,55685
E4_Bvp 1566822892,60761 23,01049
E4_Bvp 1566822892,62324 23,4314
E4_Bvp 1566822892,63886 23,90988
E4_Bvp 1566822892,65449 24,37381
E4_Bvp 1566822892,67011 24,69379
E4_Bvp 1566822892,68574 24,77911
E4_Bvp 1566822892,70136 24,67506
E4_Bvp 1566822892,71699 24,59657
E4_Bvp 1566822892,73262 24,79014
E4_Bvp 1566822892,74824 25,45106
E4_Bvp 1566822892,76387 26,52981
E4_Bvp 1566822892,77949 27,7371
E4_Bvp 1566822892,79512 28,67344
E4_Bvp 1566822892,81074 28,93842
E4_Bvp 1566822892,82637 28,32734
E4_Bvp 1566822892,842 26,84656
E4_Bvp 1566822892,85762 24,75662
E4_Bvp 1566822892,87325 22,36439
E4_Bvp 1566822892,88887 19,95282
E4_Bvp 1566822892,9045 17,74118
E4_Bvp 1566822892,92012 15,87306
E4_Bvp 1566822892,93575 14,39416
E4_Bvp 1566822892,95138 13,26534
E4_Bvp 1566822892,967 12,30787
E4_Bvp 1566822892,98263 11,24521
E4_Bvp 1566822892,99825 9,842815
E4_Bvp 1566822893,01388 8,009151
E4_Bvp 1566822893,0295 5,871723
E4_Bvp 1566822893,04513 3,692223
E4_Bvp 1566822893,06076 1,682667
E4_Bvp 1566822893,07638 -0,1291695
E4_Bvp 1566822893,09201 -1,954121
E4_Bvp 1566822893,10763 -4,084087
E4_Bvp 1566822893,12326 -6,698139
E4_Bvp 1566822893,13888 -9,727947
E4_Bvp 1566822893,15451 -12,89022
E4_Bvp 1566822893,17014 -15,82084
E4_Bvp 1566822893,18576 -18,31404
E4_Bvp 1566822893,20139 -20,39987
E4_Bvp 1566822893,21701 -22,24743
E4_Bvp 1566822893,23264 -24,11001
E4_Bvp 1566822893,24826 -26,16669
E4_Bvp 1566822893,26389 -28,53569
E4_Bvp 1566822893,27952 -31,37909
E4_Gsr 1566822892,095 0,1012069
E4_Gsr 1566822892,345 0,102488
E4_Gsr 1566822892,595 0,1037691
E4_Gsr 1566822892,845 0,102488
E4_Gsr 1566822893,095 0,1037691
E4_Gsr 1566822893,345 0,1037691
E4_Bvp 1566822893,29514 -34,77892
E4_Bvp 1566822893,31077 -38,64429
E4_Bvp 1566822893,32639 -42,46964
E4_Bvp 1566822893,34202 -45,39992
E4_Bvp 1566822893,35764 -46,33685
E4_Bvp 1566822893,37327 -44,33843
E4_Bvp 1566822893,3889 -39,09035
E4_Bvp 1566822893,40452 -30,99872
E4_Bvp 1566822893,42015 -21,13283
E4_Bvp 1566822893,43577 -10,81559
E4_Bvp 1566822893,4514 -1,154692
E4_Temperature 1566822891,72649 32,03
E4_Temperature 1566822891,9765 32,03
E4_Temperature 1566822892,22652 32,03
E4_Temperature 1566822892,47653 32,03
E4_Temperature 1566822892,72654 32,03
E4_Temperature 1566822892,97655 32,03
E4_Temperature 1566822893,22656 32,03
E4_Temperature 1566822893,47657 32,03
E4_Bvp 1566822893,46702 7,237268
E4_Bvp 1566822893,48265 14,21151
E4_Bvp 1566822893,49828 19,85855
E4_Bvp 1566822893,5139 24,31339
E4_Bvp 1566822893,52953 27,51261
E4_Bvp 1566822893,54515 29,35943
E4_Bvp 1566822893,56078 29,80671
E4_Bvp 1566822893,5764 29,07519
E4_Bvp 1566822893,59203 27,60815
E4_Bvp 1566822893,60766 25,94997
E4_Bvp 1566822893,62328 24,52286
E4_Bvp 1566822893,63891 23,52735
E4_Bvp 1566822893,65453 22,8431
E4_Bvp 1566822893,67016 22,23408
E4_Bvp 1566822893,68578 21,50389
E4_Bvp 1566822893,70141 20,67766
E4_Bvp 1566822893,71704 19,9341
E4_Bvp 1566822893,73266 19,51521
E4_Bvp 1566822893,74829 19,51817
E4_Bvp 1566822893,76391 19,79698
E4_Bvp 1566822893,77954 20,01819
E4_Bvp 1566822893,79516 19,7364
E4_Bvp 1566822893,81079 18,62924
E4_Bvp 1566822893,82642 16,65798
E4_Bvp 1566822893,84204 14,05141
E4_Bvp 1566822893,85767 11,21509
E4_Bvp 1566822893,87329 8,567034
E4_Bvp 1566822893,88892 6,327765
E4_Bvp 1566822893,90454 4,46943
E4_Bvp 1566822893,92017 2,83735
E4_Bvp 1566822893,9358 1,22218
E4_Bvp 1566822893,95142 -0,5034437
E4_Bvp 1566822893,96705 -2,322448
E4_Bvp 1566822893,98267 -4,198196
E4_Bvp 1566822893,9983 -6,108124
E4_Bvp 1566822894,01392 -8,094469
E4_Bvp 1566822894,02955 -10,20207
E4_Bvp 1566822894,04518 -12,43872
E4_Bvp 1566822894,0608 -14,6943
E4_Bvp 1566822894,07643 -16,81415
E4_Bvp 1566822894,09205 -18,71195
E4_Bvp 1566822894,10768 -20,38815
E4_Bvp 1566822894,1233 -22,05147
E4_Bvp 1566822894,13893 -23,94379
E4_Bvp 1566822894,15456 -26,22441
E4_Bvp 1566822894,17018 -28,94168
E4_Bvp 1566822894,18581 -32,0588
E4_Bvp 1566822894,20143 -35,5635
E4_Bvp 1566822894,21706 -39,43813
E4_Bvp 1566822894,23268 -43,62456
E4_Bvp 1566822894,24831 -47,81108
E4_Bvp 1566822894,26394 -51,35726
E4_Bvp 1566822894,27956 -53,39433
E4_Bvp 1566822894,29519 -53,04082
E4_Bvp 1566822894,31081 -49,80334
E4_Bvp 1566822894,32644 -43,76136
E4_Bvp 1566822894,34206 -35,60111
E4_Bvp 1566822894,35769 -26,31134
E4_Bvp 1566822894,37332 -16,90138
E4_Bvp 1566822894,38894 -8,070274
E4_Bvp 1566822894,40457 -0,1920471
E4_Bvp 1566822894,42019 6,602962
E4_Bvp 1566822894,43582 12,29604
E4_Bvp 1566822894,45144 16,86935
E4_Bvp 1566822894,46707 20,2918
E4_Bvp 1566822894,4827 22,59993
E4_Bvp 1566822894,49832 23,93361
E4_Bvp 1566822894,51395 24,52288
E4_Bvp 1566822894,52957 24,63643
E4_Bvp 1566822894,5452 24,47582
E4_Bvp 1566822894,56082 24,17753
E4_Bvp 1566822894,57645 23,7868
E4_Bvp 1566822894,59208 23,30384
E4_Bvp 1566822894,6077 22,76694
E4_Bvp 1566822894,62333 22,24262
E4_Bvp 1566822894,63895 21,87828
E4_Bvp 1566822894,65458 21,79963
E4_Bvp 1566822894,67021 22,08966
E4_Bvp 1566822894,68583 22,69346
E4_Bvp 1566822894,70146 23,45338
E4_Bvp 1566822894,71708 24,14061
E4_Bvp 1566822894,73271 24,49586
E4_Bvp 1566822894,74833 24,33138
E4_Bvp 1566822894,76396 23,59916
E4_Bvp 1566822894,77959 22,35185
E4_Bvp 1566822894,79521 20,75021
E4_Bvp 1566822894,81084 18,98074
E4_Bvp 1566822894,82646 17,24823
E4_Gsr 1566822893,595 0,1012069
E4_Gsr 1566822893,845 0,1012069
E4_Gsr 1566822894,095 0,1012069
E4_Gsr 1566822894,345 0,102488
E4_Gsr 1566822894,595 0,102488
E4_Gsr 1566822894,845 0,09736361
E4_Bvp 1566822894,84209 15,68319
E4_Bvp 1566822894,85771 14,39231
E4_Bvp 1566822894,87334 13,36837
E4_Bvp 1566822894,88897 12,49974
E4_Bvp 1566822894,90459 11,61794
E4_Bvp 1566822894,92022 10,53449
E4_Bvp 1566822894,93584 9,120201
E4_Bvp 1566822894,95147 7,339394
E4_Bvp 1566822894,96709 5,166264
E4_Bvp 1566822894,98272 2,609695
E4_Bvp 1566822894,99835 -0,3669662
E4_Bvp 1566822895,01397 -3,775986
E4_Bvp 1566822895,0296 -7,574898
E4_Bvp 1566822895,04522 -11,619
E4_Bvp 1566822895,06085 -15,64046
E4_Bvp 1566822895,07647 -19,34637
E4_Bvp 1566822895,0921 -22,50935
E4_Bvp 1566822895,10773 -25,0731
E4_Bvp 1566822895,12335 -27,19576
E4_Bvp 1566822895,13898 -29,13189
E4_Bvp 1566822895,1546 -31,17987
E4_Bvp 1566822895,17023 -33,57587
E4_Bvp 1566822895,18585 -36,4664
E4_Bvp 1566822895,20148 -39,86284
E4_Bvp 1566822895,21711 -43,62045
E4_Bvp 1566822895,23273 -47,35513
E4_Bvp 1566822895,24836 -50,44871
E4_Bvp 1566822895,26398 -52,10238
E4_Bvp 1566822895,27961 -51,55387
E4_Bvp 1566822895,29523 -48,34913
E4_Bvp 1566822895,31086 -42,54836
E4_Bvp 1566822895,32649 -34,77132
E4_Bvp 1566822895,34211 -25,93243
E4_Temperature 1566822893,72659 32,03
E4_Temperature 1566822893,9766 32,03
E4_Temperature 1566822894,22661 32,03
E4_Temperature 1566822894,47662 32,03
E4_Temperature 1566822894,72663 32,01
E4_Temperature 1566822894,97664 32,01
E4_Temperature 1566822895,22666 32,01
E4_Temperature 1566822895,47667 32,01
E4_Bvp 1566822895,35774 -16,97657
E4_Bvp 1566822895,37336 -8,53965
E4_Bvp 1566822895,38899 -0,8745499
E4_Bvp 1566822895,40461 5,937355
E4_Bvp 1566822895,42024 11,86169
E4_Bvp 1566822895,43587 16,69862
E4_Bvp 1566822895,45149 20,19072
E4_Bvp 1566822895,46712 22,20157
E4_Bvp 1566822895,48274 22,88611
E4_Bvp 1566822895,49837 22,62724
E4_Bvp 1566822895,51399 21,92355
E4_Bvp 1566822895,52962 21,14335
E4_Bvp 1566822895,54525 20,3984
E4_Bvp 1566822895,56087 19,65519
E4_Bvp 1566822895,5765 18,86842
E4_Bvp 1566822895,59212 18,11102
E4_Bvp 1566822895,60775 17,60987
E4_Bvp 1566822895,62337 17,59649
E4_Bvp 1566822895,639 18,18343
E4_Bvp 1566822895,65463 19,24337
E4_Bvp 1566822895,67025 20,52155
E4_Bvp 1566822895,68588 21,68578
E4_Bvp 1566822895,7015 22,50798
E4_Bvp 1566822895,71713 22,83083
E4_Bvp 1566822895,73275 22,59776
E4_Bvp 1566822895,74838 21,77916
E4_Bvp 1566822895,76401 20,39966
E4_Bvp 1566822895,77963 18,51433
E4_Bvp 1566822895,79526 16,26554
E4_Bvp 1566822895,81088 13,93587
E4_Bvp 1566822895,82651 11,78607
E4_Bvp 1566822895,84213 10,03886
E4_Bvp 1566822895,85776 8,749901
E4_Bvp 1566822895,87339 7,83049
E4_Bvp 1566822895,88901 7,114838
E4_Bvp 1566822895,90464 6,425316
E4_Bvp 1566822895,92026 5,639526
E4_Bvp 1566822895,93589 4,713951
E4_Bvp 1566822895,95151 3,696915
E4_Bvp 1566822895,96714 2,603775
E4_Bvp 1566822895,98277 1,41993
E4_Bvp 1566822895,99839 -0,005569458
E4_Bvp 1566822896,01402 -1,888672
E4_Bvp 1566822896,02964 -4,433495
E4_Bvp 1566822896,04527 -7,67868
E4_Bvp 1566822896,06089 -11,41943
E4_Bvp 1566822896,07652 -15,28575
E4_Bvp 1566822896,09215 -18,88791
E4_Bvp 1566822896,10777 -22,01024
E4_Bvp 1566822896,1234 -24,68211
E4_Bvp 1566822896,13902 -27,13495
E4_Bvp 1566822896,15465 -29,62837
E4_Bvp 1566822896,17027 -32,38443
E4_Bvp 1566822896,1859 -35,4883
E4_Bvp 1566822896,20153 -38,97892
E4_Gsr 1566822895,095 0,1037691
E4_Gsr 1566822895,345 0,1012069
E4_Gsr 1566822895,595 0,102488
E4_Gsr 1566822895,845 0,09992581
E4_Gsr 1566822896,095 0,09992581
E4_Gsr 1566822896,345 0,09992581
E4_Bvp 1566822896,21715 -42,81399
E4_Bvp 1566822896,23278 -46,77857
E4_Bvp 1566822896,2484 -50,33673
E4_Bvp 1566822896,26403 -52,62752
E4_Bvp 1566822896,27965 -52,65421
E4_Bvp 1566822896,29528 -49,64706
E4_Bvp 1566822896,31091 -43,44131
E4_Bvp 1566822896,32653 -34,62288
E4_Bvp 1566822896,34216 -24,32502
E4_Bvp 1566822896,35778 -13,85632
E4_Bvp 1566822896,37341 -4,202538
E4_Bvp 1566822896,38903 4,14843
E4_Bvp 1566822896,40466 11,16846
E4_Bvp 1566822896,42029 17,06765
E4_Bvp 1566822896,43591 21,97928
E4_Bvp 1566822896,45154 25,86385
E4_Bvp 1566822896,46716 28,59361
E4_Bvp 1566822896,48279 30,05985
E4_Bvp 1566822896,49841 30,35899
E4_Bvp 1566822896,51404 29,81042
E4_Bvp 1566822896,52967 28,84707
E4_Bvp 1566822896,54529 27,83967
E4_Bvp 1566822896,56092 27,0179
E4_Bvp 1566822896,57654 26,40568
E4_Bvp 1566822896,59217 25,92032
E4_Bvp 1566822896,60779 25,49931
E4_Bvp 1566822896,62342 25,13846
E4_Bvp 1566822896,63905 24,86539
E4_Bvp 1566822896,65467 24,68318
E4_Bvp 1566822896,6703 24,51891
E4_Bvp 1566822896,68592 24,24702
E4_Bvp 1566822896,70155 23,79698
E4_Bvp 1566822896,71717 23,15714
E4_Bvp 1566822896,7328 22,38953
E4_Bvp 1566822896,74843 21,54437
E4_Bvp 1566822896,76405 20,59585
E4_Bvp 1566822896,77968 19,36294
E4_Bvp 1566822896,7953 17,62349
E4_Bvp 1566822896,81093 15,20934
E4_Bvp 1566822896,82655 12,10228
E4_Bvp 1566822896,84218 8,501373
E4_Bvp 1566822896,85781 4,72319
E4_Bvp 1566822896,87343 1,112152
E4_Bvp 1566822896,88906 -2,057449
E4_Bvp 1566822896,90468 -4,743408
E4_Bvp 1566822896,92031 -7,072441
E4_Bvp 1566822896,93594 -9,315582
E4_Bvp 1566822896,95156 -11,70612
E4_Bvp 1566822896,96719 -14,34028
E4_Bvp 1566822896,98281 -17,12021
E4_Bvp 1566822896,99844 -19,83615
E4_Bvp 1566822897,01406 -22,31152
E4_Bvp 1566822897,02969 -24,52406
E4_Bvp 1566822897,04532 -26,59996
E4_Bvp 1566822897,06094 -28,74197
E4_Bvp 1566822897,07657 -31,12336
E4_Bvp 1566822897,09219 -33,84813
E4_Bvp 1566822897,10782 -36,97759
E4_Bvp 1566822897,12344 -40,51254
E4_Bvp 1566822897,13907 -44,37468
E4_Bvp 1566822897,1547 -48,25204
E4_Bvp 1566822897,17032 -51,555
E4_Bvp 1566822897,18595 -53,3923
E4_Bvp 1566822897,20157 -52,89553
E4_Bvp 1566822897,2172 -49,49576
E4_Bvp 1566822897,23282 -43,24742
E4_Bvp 1566822897,24845 -34,76816
E4_Bvp 1566822897,26408 -25,07824
E4_Bvp 1566822897,2797 -15,24913
E4_Bvp 1566822897,29533 -6,086189
E4_Bvp 1566822897,31095 1,967224
E4_Bvp 1566822897,32658 8,800575
E4_Bvp 1566822897,3422 14,40547
E4_Bvp 1566822897,35783 18,77968
E4_Bvp 1566822897,37346 21,85133
E4_Bvp 1566822897,38908 23,56489
E4_Bvp 1566822897,40471 24,01141
E4_Temperature 1566822895,72668 32,01
E4_Temperature 1566822895,97669 32,01
E4_Temperature 1566822896,2267 32,01
E4_Temperature 1566822896,47671 32,01
E4_Temperature 1566822896,72672 32,03
E4_Temperature 1566822896,97674 32,03
E4_Temperature 1566822897,22675 32,03
E4_Temperature 1566822897,47676 32,03
E4_Bvp 1566822897,42033 23,46349
E4_Bvp 1566822897,43596 22,33013
E4_Bvp 1566822897,45158 21,05843
E4_Bvp 1566822897,46721 19,96631
E4_Bvp 1566822897,48284 19,23184
E4_Bvp 1566822897,49846 18,88184
E4_Bvp 1566822897,51409 18,95704
E4_Bvp 1566822897,52971 19,49801
E4_Bvp 1566822897,54534 20,58659
E4_Bvp 1566822897,56096 22,19237
E4_Bvp 1566822897,57659 24,09929
E4_Bvp 1566822897,59222 25,91926
E4_Bvp 1566822897,60784 27,19583
E4_Bvp 1566822897,62347 27,60978
E4_Bvp 1566822897,63909 27,10534
E4_Bvp 1566822897,65472 25,91754
E4_Bvp 1566822897,67034 24,38371
E4_Bvp 1566822897,68597 22,87204
E4_Bvp 1566822897,7016 21,54292
E4_Bvp 1566822897,71722 20,39357
E4_Bvp 1566822897,73285 19,29504
E4_Bvp 1566822897,74847 18,0888
E4_Gsr 1566822896,595 0,1012069
E4_Gsr 1566822896,845 0,115299
E4_Gsr 1566822897,095 0,1012069
E4_Gsr 1566822897,345 0,1037691
E4_Gsr 1566822897,595 0,1012069
E4_Gsr 1566822897,845 0,1037691
E4_Bvp 1566822897,7641 16,63934
E4_Bvp 1566822897,77972 14,85532
E4_Bvp 1566822897,79535 12,70066
E4_Bvp 1566822897,81098 10,18386
E4_Bvp 1566822897,8266 7,382477
E4_Bvp 1566822897,84223 4,402573
E4_Bvp 1566822897,85785 1,357826
E4_Bvp 1566822897,87348 -1,638611
E4_Bvp 1566822897,8891 -4,552246
E4_Bvp 1566822897,90473 -7,369881
E4_Bvp 1566822897,92036 -10,14275
E4_Bvp 1566822897,93598 -12,91245
E4_Bvp 1566822897,95161 -15,70638
E4_Bvp 1566822897,96723 -18,5333
E4_Bvp 1566822897,98286 -21,38495
E4_Bvp 1566822897,99848 -24,26651
E4_Bvp 1566822898,01411 -27,20382
E4_Bvp 1566822898,02974 -30,3576
E4_Bvp 1566822898,04536 -33,94511
E4_Bvp 1566822898,06099 -38,21867
E4_Bvp 1566822898,07661 -43,21815
E4_Bvp 1566822898,09224 -48,65594
E4_Bvp 1566822898,10786 -53,76775
E4_Bvp 1566822898,12349 -57,4658
E4_Bvp 1566822898,13912 -58,67072
E4_Bvp 1566822898,15474 -56,71391
E4_Bvp 1566822898,17037 -51,59531
E4_Bvp 1566822898,18599 -43,93404
E4_Bvp 1566822898,20162 -34,76186
E4_Bvp 1566822898,21724 -25,09422
E4_Bvp 1566822898,23287 -15,69177
E4_Bvp 1566822898,2485 -6,938126
E4_Bvp 1566822898,26412 1,00415
E4_Bvp 1566822898,27975 8,053024
E4_Bvp 1566822898,29537 14,05465
E4_Bvp 1566822898,311 18,80476
E4_Bvp 1566822898,32662 22,20958
E4_Bvp 1566822898,34225 24,35879
E4_Bvp 1566822898,35788 25,59633
E4_Bvp 1566822898,3735 26,33386
E4_Bvp 1566822898,38913 26,98087
E4_Bvp 1566822898,40475 27,77934
E4_Bvp 1566822898,42038 28,75246
E4_Bvp 1566822898,436 29,7796
E4_Bvp 1566822898,45163 30,68245
E4_Bvp 1566822898,46726 31,34869
E4_Bvp 1566822898,48288 31,75318
E4_Bvp 1566822898,49851 32,00614
E4_Bvp 1566822898,51413 32,27942
E4_Bvp 1566822898,52976 32,69704
E4_Bvp 1566822898,54538 33,28735
E4_Bvp 1566822898,56101 33,86864
E4_Bvp 1566822898,57664 34,09966
E4_Bvp 1566822898,59226 33,58809
E4_Bvp 1566822898,60789 32,03844
E4_Bvp 1566822898,62351 29,42864
E4_Bvp 1566822898,63914 26,03356
E4_Bvp 1566822898,65476 22,32757
E4_Bvp 1566822898,67039 18,74211
E4_Bvp 1566822898,68602 15,50758
E4_Bvp 1566822898,70164 12,57922
E4_Bvp 1566822898,71727 9,728977
E4_Bvp 1566822898,73289 6,72765
E4_Bvp 1566822898,74852 3,56292
E4_Bvp 1566822898,76414 0,4042397
E4_Bvp 1566822898,77977 -2,485394
E4_Bvp 1566822898,7954 -4,870434
E4_Bvp 1566822898,81102 -6,735157
E4_Bvp 1566822898,82665 -8,304016
E4_Bvp 1566822898,84227 -9,887207
E4_Bvp 1566822898,8579 -11,75956
E4_Bvp 1566822898,87352 -14,02531
E4_Bvp 1566822898,88915 -16,58934
E4_Bvp 1566822898,90478 -19,19102
E4_Bvp 1566822898,9204 -21,58645
E4_Bvp 1566822898,93603 -23,62796
E4_Bvp 1566822898,95165 -25,32635
E4_Bvp 1566822898,96728 -26,82311
E4_Bvp 1566822898,9829 -28,34517
E4_Bvp 1566822898,99853 -30,11301
E4_Bvp 1566822899,01416 -32,3387
E4_Bvp 1566822899,02978 -35,2224
E4_Bvp 1566822899,04541 -38,82643
E4_Bvp 1566822899,06103 -43,02904
E4_Bvp 1566822899,07666 -47,3454
E4_Bvp 1566822899,09228 -50,918
E4_Bvp 1566822899,10791 -52,74654
E4_Bvp 1566822899,12354 -51,92733
E4_Bvp 1566822899,13916 -48,05281
E4_Bvp 1566822899,15479 -41,36705
E4_Bvp 1566822899,17041 -32,70185
E4_Bvp 1566822899,18604 -23,14857
E4_Bvp 1566822899,20166 -13,68728
E4_Bvp 1566822899,21729 -4,934227
E4_Bvp 1566822899,23292 2,887634
E4_Bvp 1566822899,24854 9,718517
E4_Bvp 1566822899,26417 15,50808
E4_Bvp 1566822899,27979 20,08468
E4_Bvp 1566822899,29542 23,30003
E4_Gsr 1566822898,095 0,1037691
E4_Gsr 1566822898,345 0,1037691
E4_Gsr 1566822898,595 0,1037691
E4_Gsr 1566822898,845 0,09992581
E4_Gsr 1566822899,095 0,09992581
E4_Gsr 1566822899,345 0,1012069
E4_Bvp 1566822899,31104 25,16262
E4_Bvp 1566822899,32667 25,9525
E4_Bvp 1566822899,3423 26,16013
E4_Bvp 1566822899,35792 26,29851
E4_Bvp 1566822899,37355 26,70892
E4_Bvp 1566822899,38917 27,45179
E4_Bvp 1566822899,4048 28,37826
E4_Bvp 1566822899,42042 29,28804
E4_Bvp 1566822899,43605 30,10627
E4_Bvp 1566822899,45168 30,85926
E4_Bvp 1566822899,4673 31,66719
E4_Temperature 1566822897,72677 32,01
E4_Temperature 1566822897,97678 32,01
E4_Temperature 1566822898,22679 32,01
E4_Temperature 1566822898,47681 32,01
E4_Temperature 1566822898,72682 32,01
E4_Temperature 1566822898,97683 32,01
E4_Temperature 1566822899,22684 32,01
E4_Temperature 1566822899,47685 32,01
E4_Bvp 1566822899,48293 32,55931
E4_Bvp 1566822899,49855 33,46765
E4_Bvp 1566822899,51418 34,20454
E4_Bvp 1566822899,5298 34,53355
E4_Bvp 1566822899,54543 34,30059
E4_Bvp 1566822899,56106 33,46703
E4_Bvp 1566822899,57668 32,09765
E4_Bvp 1566822899,59231 30,32427
E4_Bvp 1566822899,60793 28,29616
E4_Bvp 1566822899,62356 26,13412
E4_Bvp 1566822899,63919 23,89246
E4_Bvp 1566822899,65481 21,58197
E4_Bvp 1566822899,67044 19,17064
E4_Bvp 1566822899,68606 16,62312
E4_Bvp 1566822899,70169 13,9341
E4_Bvp 1566822899,71731 11,19194
E4_Bvp 1566822899,73294 8,532628
E4_Bvp 1566822899,74857 6,0782
E4_Bvp 1566822899,76419 3,84954
E4_Bvp 1566822899,77982 1,693541
E4_Bvp 1566822899,79544 -0,6415806
E4_Bvp 1566822899,81107 -3,446356
E4_Bvp 1566822899,82669 -6,862427
E4_Bvp 1566822899,84232 -10,80518
E4_Bvp 1566822899,85795 -14,96145
E4_Bvp 1566822899,87357 -18,92725
E4_Bvp 1566822899,8892 -22,33026
E4_Bvp 1566822899,90482 -25,02549
E4_Bvp 1566822899,92045 -27,12758
E4_Bvp 1566822899,93607 -28,9453
E4_Bvp 1566822899,9517 -30,90693
E4_Bvp 1566822899,96733 -33,34703
E4_Bvp 1566822899,98295 -36,48072
E4_Bvp 1566822899,99858 -40,2714
E4_Bvp 1566822900,0142 -44,35447
E4_Bvp 1566822900,02983 -48,07952
E4_Bvp 1566822900,04545 -50,51107
E4_Bvp 1566822900,06108 -50,71996
E4_Bvp 1566822900,07671 -48,08028
E4_Bvp 1566822900,09233 -42,48441
E4_Bvp 1566822900,10796 -34,46587
E4_Bvp 1566822900,12358 -25,02477
E4_Bvp 1566822900,13921 -15,34473
E4_Bvp 1566822900,15483 -6,357991
E4_Bvp 1566822900,17046 1,388414
E4_Bvp 1566822900,18609 7,798695
E4_Bvp 1566822900,20171 12,94139
E4_Bvp 1566822900,21734 16,89753
E4_Bvp 1566822900,23296 19,61039
E4_Bvp 1566822900,24859 20,98241
E4_Bvp 1566822900,26421 21,0242
E4_Bvp 1566822900,27984 19,99903
E4_Bvp 1566822900,29547 18,44154
E4_Bvp 1566822900,31109 16,93598
E4_Bvp 1566822900,32672 15,94641
E4_Bvp 1566822900,34234 15,66735
E4_Bvp 1566822900,35797 16,03564
E4_Bvp 1566822900,37359 16,87329
E4_Bvp 1566822900,38922 18,01376
E4_Bvp 1566822900,40485 19,38557
E4_Bvp 1566822900,42047 20,96223
E4_Bvp 1566822900,4361 22,69854
E4_Bvp 1566822900,45172 24,42426
E4_Bvp 1566822900,46735 25,87841
E4_Bvp 1566822900,48297 26,75784
E4_Bvp 1566822900,4986 26,88369
E4_Bvp 1566822900,51423 26,22779
E4_Bvp 1566822900,52985 24,90797
E4_Bvp 1566822900,54548 23,14324
E4_Bvp 1566822900,5611 21,13508
E4_Bvp 1566822900,57673 18,98883
E4_Bvp 1566822900,59235 16,74817
E4_Bvp 1566822900,60798 14,41447
E4_Bvp 1566822900,62361 12,0462
E4_Bvp 1566822900,63923 9,693063
E4_Bvp 1566822900,65486 7,454022
E4_Bvp 1566822900,67048 5,399059
E4_Bvp 1566822900,68611 3,499913
E4_Bvp 1566822900,70173 1,670656
E4_Bvp 1566822900,71736 -0,2467191
E4_Bvp 1566822900,73299 -2,443599
E4_Bvp 1566822900,74861 -5,008506
E4_Bvp 1566822900,76424 -7,95786
E4_Bvp 1566822900,77986 -11,20974
E4_Bvp 1566822900,79549 -14,56083
E4_Bvp 1566822900,81111 -17,86678
E4_Bvp 1566822900,82674 -20,94157
E4_Bvp 1566822900,84237 -23,66724
E4_Gsr 1566822899,595 0,1012069
E4_Gsr 1566822899,845 0,1012069
E4_Gsr 1566822900,095 0,102488
E4_Gsr 1566822900,345 0,09992581
E4_Gsr 1566822900,595 0,1012069
E4_Gsr 1566822900,845 0,102488
E4_Bvp 1566822900,85799 -25,95739
E4_Bvp 1566822900,87362 -27,88409
E4_Bvp 1566822900,88924 -29,75857
E4_Bvp 1566822900,90487 -32,05924
E4_Bvp 1566822900,92049 -35,31999
E4_Bvp 1566822900,93612 -39,77994
E4_Bvp 1566822900,95175 -45,08731
E4_Bvp 1566822900,96737 -50,21493
E4_Bvp 1566822900,983 -53,72888
E4_Bvp 1566822900,99862 -54,27431
E4_Bvp 1566822901,01425 -51,15546
E4_Bvp 1566822901,02987 -44,57044
E4_Bvp 1566822901,0455 -35,51665
E4_Bvp 1566822901,06113 -25,37627
E4_Bvp 1566822901,07675 -15,32821
E4_Bvp 1566822901,09238 -6,141628
E4_Bvp 1566822901,108 1,926657
E4_Bvp 1566822901,12363 8,856335
E4_Bvp 1566822901,13925 14,65231
E4_Bvp 1566822901,15488 19,207
E4_Bvp 1566822901,17051 22,39108
E4_Bvp 1566822901,18613 24,18444
E4_Bvp 1566822901,20176 24,78092
E4_Bvp 1566822901,21738 24,6011
E4_Bvp 1566822901,23301 24,12134
E4_Bvp 1566822901,24863 23,77872
E4_Bvp 1566822901,26426 23,83091
E4_Bvp 1566822901,27989 24,30443
E4_Bvp 1566822901,29551 25,09385
E4_Bvp 1566822901,31114 26,07169
E4_Bvp 1566822901,32676 27,1715
E4_Bvp 1566822901,34239 28,34497
E4_Bvp 1566822901,35801 29,58318
E4_Temperature 1566822899,72686 32,01
E4_Temperature 1566822899,97688 32,01
E4_Temperature 1566822900,22689 32,01
E4_Temperature 1566822900,4769 32,01
E4_Temperature 1566822900,72691 32,01
E4_Temperature 1566822900,97692 32,01
E4_Temperature 1566822901,22693 32,01
E4_Temperature 1566822901,47694 32,01
E4_Bvp 1566822901,37364 30,81856
E4_Bvp 1566822901,38927 31,89316
E4_Bvp 1566822901,40489 32,61631
E4_Bvp 1566822901,42052 32,82272
E4_Bvp 1566822901,43614 32,40577
E4_Bvp 1566822901,45177 31,39228
E4_Bvp 1566822901,46739 29,85214
E4_Bvp 1566822901,48302 27,89743
E4_Bvp 1566822901,49865 25,62087
E4_Bvp 1566822901,51427 23,13877
E4_Bvp 1566822901,5299 20,56509
E4_Bvp 1566822901,54552 18,03266
E4_Bvp 1566822901,56115 15,6314
E4_Bvp 1566822901,57677 13,37394
E4_Bvp 1566822901,5924 11,25067
E4_Bvp 1566822901,60803 9,215567
E4_Bvp 1566822901,62365 7,264872
E4_Bvp 1566822901,63928 5,480581
E4_Bvp 1566822901,6549 3,909002
E4_Bvp 1566822901,67053 2,491953
E4_Bvp 1566822901,68615 1,010437
E4_Bvp 1566822901,70178 -0,8295326
E4_Bvp 1566822901,71741 -3,264721
E4_Bvp 1566822901,73303 -6,358088
E4_Bvp 1566822901,74866 -9,932217
E4_Bvp 1566822901,76428 -13,6935
E4_Bvp 1566822901,77991 -17,36472
E4_Bvp 1566822901,79554 -20,83991
E4_Bvp 1566822901,81116 -24,17181
E4_Bvp 1566822901,82679 -27,50373
E4_Bvp 1566822901,84241 -31,04684
E4_Bvp 1566822901,85804 -34,96954
E4_Bvp 1566822901,87366 -39,39677
E4_Bvp 1566822901,88929 -44,33521
E4_Bvp 1566822901,90492 -49,52838
E4_Bvp 1566822901,92054 -54,41953
E4_Bvp 1566822901,93617 -58,14085
E4_Bvp 1566822901,95179 -59,69226
E4_Bvp 1566822901,96742 -58,23182
E4_Bvp 1566822901,98304 -53,39633
E4_Bvp 1566822901,99867 -45,48582
E4_Bvp 1566822902,0143 -35,46255
E4_Bvp 1566822902,02992 -24,64577
E4_Bvp 1566822902,04555 -14,26704
E4_Bvp 1566822902,06117 -5,179432
E4_Bvp 1566822902,0768 2,311485
E4_Bvp 1566822902,09242 8,353317
E4_Bvp 1566822902,10805 13,29966
E4_Bvp 1566822902,12368 17,40922
E4_Bvp 1566822902,1393 20,81782
E4_Bvp 1566822902,15493 23,44016
E4_Bvp 1566822902,17055 25,23819
E4_Bvp 1566822902,18618 26,25183
E4_Bvp 1566822902,2018 26,70846
E4_Bvp 1566822902,21743 26,90562
E4_Gsr 1566822901,095 0,1012069
E4_Gsr 1566822901,345 0,1037691
E4_Gsr 1566822901,595 0,1037691
E4_Gsr 1566822901,845 0,09992581
E4_Gsr 1566822902,095 0,1012069
E4_Gsr 1566822902,345 0,1012069
E4_Bvp 1566822902,23306 27,10796
E4_Bvp 1566822902,24868 27,39907
E4_Bvp 1566822902,26431 27,7835
E4_Bvp 1566822902,27993 28,21482
E4_Bvp 1566822902,29556 28,67973
E4_Bvp 1566822902,31118 29,24606
E4_Bvp 1566822902,32681 29,95629
E4_Bvp 1566822902,34244 30,77171
E4_Bvp 1566822902,35806 31,50861
E4_Bvp 1566822902,37369 31,94343
E4_Bvp 1566822902,38931 31,87287
E4_Bvp 1566822902,40494 31,22593
E4_Bvp 1566822902,42056 30,08849
E4_Bvp 1566822902,43619 28,64782
E4_Bvp 1566822902,45182 27,08918
E4_Bvp 1566822902,46744 25,47171
E4_Bvp 1566822902,48307 23,79029
E4_Bvp 1566822902,49869 21,94453
E4_Bvp 1566822902,51432 19,87307
E4_Bvp 1566822902,52994 17,58471
E4_Bvp 1566822902,54557 15,19252
E4_Bvp 1566822902,5612 12,84598
E4_Bvp 1566822902,57682 10,69965
E4_Bvp 1566822902,59245 8,821148
E4_Bvp 1566822902,60807 7,228443
E4_Bvp 1566822902,6237 5,837559
E4_Bvp 1566822902,63932 4,522717
E4_Bvp 1566822902,65495 3,146622
E4_Bvp 1566822902,67058 1,545971
E4_Bvp 1566822902,6862 -0,3947411
E4_Bvp 1566822902,70183 -2,724907
E4_Bvp 1566822902,71745 -5,403637
E4_Bvp 1566822902,73308 -8,321823
E4_Bvp 1566822902,7487 -11,37608
E4_Bvp 1566822902,76433 -14,44256
E4_Bvp 1566822902,77996 -17,49557
E4_Bvp 1566822902,79558 -20,6005
E4_Bvp 1566822902,81121 -23,96196
E4_Bvp 1566822902,82683 -27,80237
E4_Bvp 1566822902,84246 -32,34604
E4_Bvp 1566822902,85808 -37,66019
E4_Bvp 1566822902,87371 -43,48562
E4_Bvp 1566822902,88934 -49,12231
E4_Bvp 1566822902,90496 -53,54788
E4_Bvp 1566822902,92059 -55,67879
E4_Bvp 1566822902,93621 -54,68603
E4_Bvp 1566822902,95184 -50,35907
E4_Bvp 1566822902,96746 -43,22877
E4_Bvp 1566822902,98309 -34,31799
E4_Bvp 1566822902,99872 -24,81994
E4_Bvp 1566822903,01434 -15,6747
E4_Bvp 1566822903,02997 -7,472208
E4_Bvp 1566822903,04559 -0,431181
E4_Bvp 1566822903,06122 5,409021
E4_Bvp 1566822903,07684 10,07355
E4_Bvp 1566822903,09247 13,56391
E4_Bvp 1566822903,1081 15,88776
E4_Bvp 1566822903,12372 17,1621
E4_Bvp 1566822903,13935 17,55783
E4_Bvp 1566822903,15497 17,31763
E4_Bvp 1566822903,1706 16,69784
E4_Bvp 1566822903,18622 15,94602
E4_Bvp 1566822903,20185 15,34261
E4_Bvp 1566822903,21748 15,17338
E4_Bvp 1566822903,2331 15,67476
E4_Bvp 1566822903,24873 16,86393
E4_Bvp 1566822903,26435 18,56961
E4_Bvp 1566822903,27998 20,4453
E4_Bvp 1566822903,2956 22,13206
E4_Bvp 1566822903,31123 23,32757
E4_Bvp 1566822903,32686 23,94531
E4_Bvp 1566822903,34248 23,97133
E4_Bvp 1566822903,35811 23,48156
E4_Bvp 1566822903,37373 22,41463
E4_Bvp 1566822903,38936 20,77613
E4_Bvp 1566822903,40498 18,62737
E4_Bvp 1566822903,42061 16,12527
E4_Temperature 1566822901,72696 32,01
E4_Temperature 1566822901,97697 32,01
E4_Temperature 1566822902,22698 32,01
E4_Temperature 1566822902,47699 32,01
E4_Temperature 1566822902,727 32,01
E4_Temperature 1566822902,97701 32,01
E4_Temperature 1566822903,22703 32,01
E4_Temperature 1566822903,47704 32,01
E4_Bvp 1566822903,43624 13,54869
E4_Bvp 1566822903,45186 11,17298
E4_Bvp 1566822903,46749 9,15666
E4_Bvp 1566822903,48311 7,494486
E4_Bvp 1566822903,49874 6,031107
E4_Bvp 1566822903,51436 4,580578
E4_Bvp 1566822903,52999 3,022186
E4_Bvp 1566822903,54562 1,351799
E4_Bvp 1566822903,56124 -0,4646835
E4_Bvp 1566822903,57687 -2,362167
E4_Bvp 1566822903,59249 -4,408421
E4_Bvp 1566822903,60812 -6,639418
E4_Bvp 1566822903,62374 -9,065491
E4_Bvp 1566822903,63937 -11,67201
E4_Bvp 1566822903,655 -14,41846
E4_Bvp 1566822903,67062 -17,2912
E4_Bvp 1566822903,68625 -20,24479
E4_Bvp 1566822903,70187 -23,25277
E4_Bvp 1566822903,7175 -26,27286
E4_Bvp 1566822903,73312 -29,34148
E4_Bvp 1566822903,74875 -32,6279
E4_Bvp 1566822903,76438 -36,38929
E4_Gsr 1566822902,595 0,1012069
E4_Gsr 1566822902,845 0,102488
E4_Gsr 1566822903,095 0,1012069
E4_Gsr 1566822903,345 0,102488
E4_Gsr 1566822903,595 0,102488
E4_Gsr 1566822903,845 0,1012069
E4_Bvp 1566822903,78 -40,81152
E4_Bvp 1566822903,79563 -45,77819
E4_Bvp 1566822903,81125 -50,6741
E4_Bvp 1566822903,82688 -54,39717
E4_Bvp 1566822903,8425 -55,72414
E4_Bvp 1566822903,85813 -53,67706
E4_Bvp 1566822903,87376 -48,02725
E4_Bvp 1566822903,88938 -39,37486
E4_Bvp 1566822903,90501 -28,9353
E4_Bvp 1566822903,92063 -18,06606
E4_Bvp 1566822903,93626 -7,843925
E4_Bvp 1566822903,95188 1,193863
E4_Bvp 1566822903,96751 8,973003
E4_Bvp 1566822903,98314 15,58673
E4_Bvp 1566822903,99876 21,13136
E4_Bvp 1566822904,01439 25,50459
E4_Bvp 1566822904,03001 28,54818
E4_Bvp 1566822904,04564 30,14625
E4_Bvp 1566822904,06126 30,36692
E4_Bvp 1566822904,07689 29,60213
E4_Bvp 1566822904,09252 28,32212
E4_Bvp 1566822904,10814 27,01131
E4_Bvp 1566822904,12377 26,00864
E4_Bvp 1566822904,13939 25,45232
E4_Bvp 1566822904,15502 25,30606
E4_Bvp 1566822904,17065 25,49665
E4_Bvp 1566822904,18627 25,941
E4_Bvp 1566822904,2019 26,60006
E4_Bvp 1566822904,21752 27,42326
E4_Bvp 1566822904,23315 28,35438
E4_Bvp 1566822904,24877 29,2239
E4_Bvp 1566822904,2644 29,82045
E4_Bvp 1566822904,28003 29,96257
E4_Bvp 1566822904,29565 29,53542
E4_Bvp 1566822904,31128 28,56756
E4_Bvp 1566822904,3269 27,16696
E4_Bvp 1566822904,34253 25,49201
E4_Bvp 1566822904,35815 23,69056
E4_Bvp 1566822904,37378 21,82295
E4_Bvp 1566822904,38941 19,91068
E4_Bvp 1566822904,40503 17,94533
E4_Bvp 1566822904,42066 15,87626
E4_Bvp 1566822904,43628 13,67537
E4_Bvp 1566822904,45191 11,37502
E4_Bvp 1566822904,46753 9,065525
E4_Bvp 1566822904,48316 6,886765
E4_Bvp 1566822904,49879 4,944252
E4_Bvp 1566822904,51441 3,259811
E4_Bvp 1566822904,53004 1,717789
E4_Bvp 1566822904,54566 0,06243134
E4_Bvp 1566822904,56129 -2,020145
E4_Bvp 1566822904,57691 -4,729805
E4_Bvp 1566822904,59254 -8,08865
E4_Bvp 1566822904,60817 -11,88556
E4_Bvp 1566822904,62379 -15,77945
E4_Bvp 1566822904,63942 -19,42819
E4_Bvp 1566822904,65504 -22,62121
E4_Bvp 1566822904,67067 -25,32462
E4_Bvp 1566822904,68629 -27,71104
E4_Bvp 1566822904,70192 -30,08163
E4_Bvp 1566822904,71755 -32,84241
E4_Bvp 1566822904,73317 -36,32135
E4_Bvp 1566822904,7488 -40,63244
E4_Bvp 1566822904,76442 -45,52869
E4_Bvp 1566822904,78005 -50,31349
E4_Bvp 1566822904,79567 -53,97696
E4_Bvp 1566822904,8113 -55,43831
E4_Bvp 1566822904,82693 -53,91827
E4_Bvp 1566822904,84255 -49,26889
E4_Bvp 1566822904,85818 -41,98442
E4_Bvp 1566822904,8738 -33,04525
E4_Bvp 1566822904,88943 -23,60384
E4_Bvp 1566822904,90505 -14,524
E4_Bvp 1566822904,92068 -6,315418
E4_Bvp 1566822904,93631 0,8805008
E4_Bvp 1566822904,95193 7,017632
E4_Bvp 1566822904,96756 12,05716
E4_Bvp 1566822904,98318 15,86777
E4_Bvp 1566822904,99881 18,3738
E4_Bvp 1566822905,01443 19,71606
E4_Bvp 1566822905,03006 20,25938
E4_Bvp 1566822905,04569 20,55242
E4_Bvp 1566822905,06131 21,07311
E4_Bvp 1566822905,07694 22,03975
E4_Bvp 1566822905,09256 23,34966
E4_Bvp 1566822905,10819 24,64457
E4_Bvp 1566822905,12381 25,61729
E4_Bvp 1566822905,13944 26,13522
E4_Bvp 1566822905,15507 26,37265
E4_Bvp 1566822905,17069 26,62875
E4_Bvp 1566822905,18632 27,11656
E4_Bvp 1566822905,20194 27,77037
E4_Bvp 1566822905,21757 28,3275
E4_Bvp 1566822905,23319 28,40982
E4_Bvp 1566822905,24882 27,80342
E4_Bvp 1566822905,26445 26,47941
E4_Bvp 1566822905,28007 24,65126
E4_Bvp 1566822905,2957 22,60031
E4_Bvp 1566822905,31132 20,50566
E4_Gsr 1566822904,095 0,1037691
E4_Gsr 1566822904,345 0,1037691
E4_Gsr 1566822904,595 0,1037691
E4_Gsr 1566822904,845 0,09992581
E4_Gsr 1566822905,095 0,1012069
E4_Gsr 1566822905,345 0,1012069
E4_Bvp 1566822905,32695 18,43636
E4_Bvp 1566822905,34257 16,37219
E4_Bvp 1566822905,3582 14,33268
E4_Bvp 1566822905,37383 12,41249
E4_Bvp 1566822905,38945 10,73375
E4_Bvp 1566822905,40508 9,348267
E4_Bvp 1566822905,4207 8,214439
E4_Bvp 1566822905,43633 7,19836
E4_Bvp 1566822905,45195 6,174019
E4_Bvp 1566822905,46758 5,170292
E4_Bvp 1566822905,48321 4,27203
E4_Temperature 1566822903,72705 31,99
E4_Temperature 1566822903,97706 31,99
E4_Temperature 1566822904,22707 31,99
E4_Temperature 1566822904,47708 31,99
E4_Temperature 1566822904,7271 31,99
E4_Temperature 1566822904,97711 31,99
E4_Temperature 1566822905,22712 31,99
E4_Temperature 1566822905,47713 31,99
E4_Bvp 1566822905,49883 3,594177
E4_Bvp 1566822905,51446 3,105457
E4_Bvp 1566822905,53008 2,586426
E4_Bvp 1566822905,54571 1,698097
E4_Bvp 1566822905,56133 0,1784706
E4_Bvp 1566822905,57696 -2,074509
E4_Bvp 1566822905,59259 -4,872307
E4_Bvp 1566822905,60821 -7,88467
E4_Bvp 1566822905,62384 -10,8204
E4_Bvp 1566822905,63946 -13,56807
E4_Bvp 1566822905,65509 -16,26408
E4_Bvp 1566822905,67071 -19,24154
E4_Bvp 1566822905,68634 -22,85794
E4_Bvp 1566822905,70197 -27,34421
E4_Bvp 1566822905,71759 -32,6488
E4_Bvp 1566822905,73322 -38,41935
E4_Bvp 1566822905,74884 -43,92544
E4_Bvp 1566822905,76447 -48,2481
E4_Bvp 1566822905,78009 -50,42931
E4_Bvp 1566822905,79572 -49,77673
E4_Bvp 1566822905,81135 -46,07967
E4_Bvp 1566822905,82697 -39,72894
E4_Bvp 1566822905,8426 -31,57578
E4_Bvp 1566822905,85822 -22,698
E4_Bvp 1566822905,87385 -14,07076
E4_Bvp 1566822905,88947 -6,267996
E4_Bvp 1566822905,9051 0,4745884
E4_Bvp 1566822905,92073 6,209991
E4_Bvp 1566822905,93635 10,99945
E4_Bvp 1566822905,95198 14,82496
E4_Bvp 1566822905,9676 17,5983
E4_Bvp 1566822905,98323 19,23488
E4_Bvp 1566822905,99885 19,83368
E4_Bvp 1566822906,01448 19,66734
E4_Bvp 1566822906,03011 19,18062
E4_Bvp 1566822906,04573 18,73548
E4_Bvp 1566822906,06136 18,54969
E4_Bvp 1566822906,07698 18,59887
E4_Bvp 1566822906,09261 18,72025
E4_Bvp 1566822906,10823 18,79463
E4_Bvp 1566822906,12386 18,81938
E4_Bvp 1566822906,13949 18,94674
E4_Bvp 1566822906,15511 19,36572
E4_Bvp 1566822906,17074 20,14772
E4_Bvp 1566822906,18636 21,13832
E4_Bvp 1566822906,20199 21,94686
E4_Bvp 1566822906,21761 22,17682
E4_Bvp 1566822906,23324 21,54249
E4_Bvp 1566822906,24887 20,04577
E4_Bvp 1566822906,26449 17,97071
E4_Bvp 1566822906,28012 15,73368
E4_Bvp 1566822906,29574 13,68816
E4_Bvp 1566822906,31137 12,01923
E4_Bvp 1566822906,32699 10,70715
E4_Bvp 1566822906,34262 9,603001
E4_Bvp 1566822906,35825 8,518932
E4_Bvp 1566822906,37387 7,313564
E4_Bvp 1566822906,3895 5,940416
E4_Bvp 1566822906,40512 4,365276
E4_Bvp 1566822906,42075 2,56802
E4_Bvp 1566822906,43637 0,4849453
E4_Bvp 1566822906,452 -1,942127
E4_Bvp 1566822906,46763 -4,733042
E4_Bvp 1566822906,48325 -7,83563
E4_Bvp 1566822906,49888 -11,09155
E4_Bvp 1566822906,5145 -14,33076
E4_Bvp 1566822906,53013 -17,41027
E4_Bvp 1566822906,54575 -20,30303
E4_Bvp 1566822906,56138 -23,09183
E4_Bvp 1566822906,57701 -25,99874
E4_Bvp 1566822906,59263 -29,29949
E4_Bvp 1566822906,60826 -33,28833
E4_Bvp 1566822906,62388 -38,1259
E4_Bvp 1566822906,63951 -43,72963
E4_Bvp 1566822906,65514 -49,65012
E4_Bvp 1566822906,67076 -55,04325
E4_Bvp 1566822906,68639 -58,79832
E4_Gsr 1566822905,595 0,1012069
E4_Gsr 1566822905,845 0,09992581
E4_Gsr 1566822906,095 0,102488
E4_Gsr 1566822906,345 0,102488
E4_Gsr 1566822906,595 0,102488
E4_Gsr 1566822906,845 0,1012069
E4_Bvp 1566822906,70201 -59,87687
E4_Bvp 1566822906,71764 -57,67623
E4_Bvp 1566822906,73326 -52,22556
E4_Bvp 1566822906,74889 -44,26478
E4_Bvp 1566822906,76452 -34,94622
E4_Bvp 1566822906,78014 -25,47144
E4_Bvp 1566822906,79577 -16,72528
E4_Bvp 1566822906,81139 -9,161877
E4_Bvp 1566822906,82702 -2,808197
E4_Bvp 1566822906,84264 2,510683
E4_Bvp 1566822906,85827 6,962614
E4_Bvp 1566822906,8739 10,64877
E4_Bvp 1566822906,88952 13,52988
E4_Bvp 1566822906,90515 15,55664
E4_Bvp 1566822906,92077 16,72372
E4_Bvp 1566822906,9364 17,14534
E4_Bvp 1566822906,95202 17,0582
E4_Bvp 1566822906,96765 16,79016
E4_Bvp 1566822906,98328 16,70799
E4_Bvp 1566822906,9989 17,08079
E4_Bvp 1566822907,01453 18,0429
E4_Bvp 1566822907,03015 19,5467
E4_Bvp 1566822907,04578 21,43032
E4_Bvp 1566822907,0614 23,42445
E4_Bvp 1566822907,07703 25,25278
E4_Bvp 1566822907,09266 26,70287
E4_Bvp 1566822907,10828 27,64127
E4_Bvp 1566822907,12391 28,07318
E4_Bvp 1566822907,13953 28,11269
E4_Bvp 1566822907,15516 27,92717
E4_Bvp 1566822907,17078 27,63462
E4_Bvp 1566822907,18641 27,27237
E4_Bvp 1566822907,20204 26,81406
E4_Bvp 1566822907,21766 26,20864
E4_Bvp 1566822907,23329 25,44889
E4_Bvp 1566822907,24891 24,55494
E4_Bvp 1566822907,26454 23,56099
E4_Bvp 1566822907,28016 22,38274
E4_Bvp 1566822907,29579 20,90625
E4_Bvp 1566822907,31142 19,01937
E4_Bvp 1566822907,32704 16,76764
E4_Bvp 1566822907,34267 14,40013
E4_Bvp 1566822907,35829 12,27557
E4_Bvp 1566822907,37392 10,72799
E4_Temperature 1566822905,72714 31,99
E4_Temperature 1566822905,97715 31,99
E4_Temperature 1566822906,22716 31,99
E4_Temperature 1566822906,47718 31,99
E4_Temperature 1566822906,72719 31,99
E4_Temperature 1566822906,9772 31,99
E4_Temperature 1566822907,22721 31,99
E4_Temperature 1566822907,47722 31,99
E4_Bvp 1566822907,38954 9,837547
E4_Bvp 1566822907,40517 9,379238
E4_Bvp 1566822907,4208 8,891659
E4_Bvp 1566822907,43642 7,842838
E4_Bvp 1566822907,45205 5,809772
E4_Bvp 1566822907,46767 2,649738
E4_Bvp 1566822907,4833 -1,469044
E4_Bvp 1566822907,49892 -6,089115
E4_Bvp 1566822907,51455 -10,65891
E4_Bvp 1566822907,53018 -14,70984
E4_Bvp 1566822907,5458 -17,96758
E4_Bvp 1566822907,56143 -20,57732
E4_Bvp 1566822907,57705 -22,9847
E4_Bvp 1566822907,59268 -25,87475
E4_Bvp 1566822907,6083 -29,81997
E4_Bvp 1566822907,62393 -35,08786
E4_Bvp 1566822907,63956 -41,43819
E4_Bvp 1566822907,65518 -48,09907
E4_Bvp 1566822907,67081 -53,92759
E4_Bvp 1566822907,68643 -57,67721
E4_Bvp 1566822907,70206 -58,36374
E4_Bvp 1566822907,71768 -55,56085
E4_Bvp 1566822907,73331 -49,54179
E4_Bvp 1566822907,74894 -41,20943
E4_Bvp 1566822907,76456 -31,76125
E4_Bvp 1566822907,78019 -22,33021
E4_Bvp 1566822907,79581 -13,73188
E4_Bvp 1566822907,81144 -6,277081
E4_Bvp 1566822907,82706 0,0610199
E4_Bvp 1566822907,84269 5,453304
E4_Bvp 1566822907,85832 10,04842
E4_Bvp 1566822907,87394 13,83435
E4_Bvp 1566822907,88957 16,76872
E4_Bvp 1566822907,90519 18,8085
E4_Bvp 1566822907,92082 20,04658
E4_Bvp 1566822907,93644 20,69796
E4_Bvp 1566822907,95207 21,02468
E4_Bvp 1566822907,9677 21,23874
E4_Bvp 1566822907,98332 21,49849
E4_Bvp 1566822907,99895 21,8698
E4_Bvp 1566822908,01457 22,39228
E4_Bvp 1566822908,0302 23,09961
E4_Bvp 1566822908,04582 24,05173
E4_Bvp 1566822908,06145 25,29607
E4_Bvp 1566822908,07708 26,78993
E4_Bvp 1566822908,0927 28,39425
E4_Bvp 1566822908,10833 29,8865
E4_Bvp 1566822908,12395 30,96555
E4_Bvp 1566822908,13958 31,3951
E4_Bvp 1566822908,1552 31,0119
E4_Bvp 1566822908,17083 29,87175
E4_Bvp 1566822908,18646 28,15116
E4_Bvp 1566822908,20208 26,15708
E4_Bvp 1566822908,21771 24,15903
E4_Bvp 1566822908,23333 22,36491
E4_Gsr 1566822907,095 0,1012069
E4_Gsr 1566822907,345 0,1037691
E4_Gsr 1566822907,595 0,102488
E4_Gsr 1566822907,845 0,09992581
E4_Gsr 1566822908,095 0,09992581
E4_Gsr 1566822908,345 0,09992581
E4_Bvp 1566822908,24896 20,8297
E4_Bvp 1566822908,26458 19,44604
E4_Bvp 1566822908,28021 18,05635
E4_Bvp 1566822908,29584 16,45038
E4_Bvp 1566822908,31146 14,46065
E4_Bvp 1566822908,32709 12,01025
E4_Bvp 1566822908,34271 9,130722
E4_Bvp 1566822908,35834 5,992653
E4_Bvp 1566822908,37396 2,82798
E4_Bvp 1566822908,38959 -0,1345062
E4_Bvp 1566822908,40522 -2,780937
E4_Bvp 1566822908,42084 -5,177284
E4_Bvp 1566822908,43647 -7,51236
E4_Bvp 1566822908,45209 -10,0064
E4_Bvp 1566822908,46772 -12,79339
E4_Bvp 1566822908,48334 -15,83347
E4_Bvp 1566822908,49897 -18,96237
E4_Bvp 1566822908,5146 -21,95159
E4_Bvp 1566822908,53022 -24,68487
E4_Bvp 1566822908,54585 -27,12294
E4_Bvp 1566822908,56147 -29,35342
E4_Bvp 1566822908,5771 -31,49352
E4_Bvp 1566822908,59272 -33,7027
E4_Bvp 1566822908,60835 -36,14414
E4_Bvp 1566822908,62398 -38,98119
E4_Bvp 1566822908,6396 -42,25859
E4_Bvp 1566822908,65523 -45,71971
E4_Bvp 1566822908,67085 -48,73465
E4_Bvp 1566822908,68648 -50,34669
E4_Bvp 1566822908,7021 -49,59291
E4_Bvp 1566822908,71773 -45,86398
E4_Bvp 1566822908,73336 -39,23339
E4_Bvp 1566822908,74898 -30,40675
E4_Bvp 1566822908,76461 -20,5176
E4_Bvp 1566822908,78023 -10,71471
E4_Bvp 1566822908,79586 -1,800964
E4_Bvp 1566822908,81148 5,818798
E4_Bvp 1566822908,82711 12,06371
E4_Bvp 1566822908,84274 16,95138
E4_Bvp 1566822908,85836 20,50874
E4_Bvp 1566822908,87399 22,7677
E4_Bvp 1566822908,88961 23,88338
E4_Bvp 1566822908,90524 24,18669
E4_Bvp 1566822908,92087 24,0927
E4_Bvp 1566822908,93649 24,01191
E4_Bvp 1566822908,95212 24,1566
E4_Bvp 1566822908,96774 24,51897
E4_Bvp 1566822908,98337 24,9437
E4_Bvp 1566822908,99899 25,23342
E4_Bvp 1566822909,01462 25,29461
E4_Bvp 1566822909,03025 25,16335
E4_Bvp 1566822909,04587 25,00018
E4_Bvp 1566822909,0615 24,9528
E4_Bvp 1566822909,07712 25,09644
E4_Bvp 1566822909,09275 25,32341
E4_Bvp 1566822909,10837 25,44067
E4_Bvp 1566822909,124 25,18507
E4_Bvp 1566822909,13963 24,38828
E4_Bvp 1566822909,15525 23,03474
E4_Bvp 1566822909,17088 21,23145
E4_Bvp 1566822909,1865 19,23323
E4_Bvp 1566822909,20213 17,24635
E4_Bvp 1566822909,21775 15,41789
E4_Bvp 1566822909,23338 13,71199
E4_Bvp 1566822909,24901 11,99355
E4_Bvp 1566822909,26463 10,0948
E4_Bvp 1566822909,28026 7,940376
E4_Bvp 1566822909,29588 5,554008
E4_Bvp 1566822909,31151 3,066635
E4_Bvp 1566822909,32713 0,7073212
E4_Bvp 1566822909,34276 -1,378479
E4_Bvp 1566822909,35839 -3,119171
E4_Bvp 1566822909,37401 -4,66114
E4_Bvp 1566822909,38964 -6,253262
E4_Bvp 1566822909,40526 -8,153931
E4_Bvp 1566822909,42089 -10,51724
E4_Bvp 1566822909,43651 -13,34395
E4_Temperature 1566822907,72723 31,95
E4_Temperature 1566822907,97725 31,95
E4_Temperature 1566822908,22726 31,95
E4_Temperature 1566822908,47727 31,95
E4_Temperature 1566822908,72728 31,99
E4_Temperature 1566822908,97729 31,99
E4_Temperature 1566822909,2273 31,99
E4_Temperature 1566822909,47731 31,99
E4_Bvp 1566822909,45214 -16,46609
E4_Bvp 1566822909,46777 -19,63143
E4_Bvp 1566822909,48339 -22,68862
E4_Bvp 1566822909,49902 -25,62128
E4_Bvp 1566822909,51464 -28,51048
E4_Bvp 1566822909,53027 -31,55838
E4_Bvp 1566822909,54589 -34,95658
E4_Bvp 1566822909,56152 -38,91313
E4_Bvp 1566822909,57715 -43,48923
E4_Bvp 1566822909,59277 -48,52531
E4_Bvp 1566822909,6084 -53,49172
E4_Bvp 1566822909,62402 -57,54933
E4_Bvp 1566822909,63965 -59,62313
E4_Bvp 1566822909,65527 -58,78271
E4_Bvp 1566822909,6709 -54,60303
E4_Bvp 1566822909,68653 -47,36779
E4_Bvp 1566822909,70215 -38,0282
E4_Bvp 1566822909,71778 -27,81188
E4_Bvp 1566822909,7334 -17,82759
E4_Bvp 1566822909,74903 -8,734459
E4_Bvp 1566822909,76465 -0,6876144
E4_Bvp 1566822909,78028 6,462326
E4_Gsr 1566822908,595 0,0986447
E4_Gsr 1566822908,845 0,1012069
E4_Gsr 1566822909,095 0,1037691
E4_Gsr 1566822909,345 0,102488
E4_Gsr 1566822909,595 0,1012069
E4_Gsr 1566822909,845 0,102488
E4_Bvp 1566822909,79591 12,87061
E4_Bvp 1566822909,81153 18,46818
E4_Bvp 1566822909,82716 23,06277
E4_Bvp 1566822909,84278 26,43435
E4_Bvp 1566822909,85841 28,57832
E4_Bvp 1566822909,87403 29,73502
E4_Bvp 1566822909,88966 30,33588
E4_Bvp 1566822909,90529 30,77959
E4_Bvp 1566822909,92091 31,30103
E4_Bvp 1566822909,93654 31,90706
E4_Bvp 1566822909,95216 32,45449
E4_Bvp 1566822909,96779 32,83617
E4_Bvp 1566822909,98341 33,05188
E4_Bvp 1566822909,99904 33,19668
E4_Bvp 1566822910,01467 33,47363
E4_Bvp 1566822910,03029 34,00188
E4_Bvp 1566822910,04592 34,77252
E4_Bvp 1566822910,06154 35,67191
E4_Bvp 1566822910,07717 36,42189
E4_Bvp 1566822910,09279 36,69218
E4_Bvp 1566822910,10842 36,19183
E4_Bvp 1566822910,12405 34,74953
R device_subscribe gsr OK
Wrong command format: device_subscribe <STREAM> ON/OFF E4_Bvp 1566822910,13967 32,40842
E4_Bvp 1566822910,1553 29,42327
E4_Bvp 1566822910,17092 26,18878
E4_Bvp 1566822910,18655 23,07269
E4_Bvp 1566822910,20217 20,25726
E4_Bvp 1566822910,2178 17,69985
E4_Bvp 1566822910,23343 15,17154
E4_Bvp 1566822910,24905 12,43462
E4_Bvp 1566822910,26468 9,369354
E4_Bvp 1566822910,2803 6,095703
E4_Bvp 1566822910,29593 2,912247
E4_Bvp 1566822910,31155 0,1545105
E4_Bvp 1566822910,32718 -1,979172
E4_Bvp 1566822910,34281 -3,515465
E4_Bvp 1566822910,35843 -4,697609
E4_Bvp 1566822910,37406 -5,920265
E4_Bvp 1566822910,38968 -7,566536
E4_Bvp 1566822910,40531 -9,852455
E4_Bvp 1566822910,42093 -12,78141
E4_Bvp 1566822910,43656 -16,11181
E4_Bvp 1566822910,45219 -19,47936
E4_Bvp 1566822910,46781 -22,5604
E4_Bvp 1566822910,48344 -25,17746
E4_Bvp 1566822910,49906 -27,4275
E4_Bvp 1566822910,51469 -29,65649
E4_Bvp 1566822910,53031 -32,32298
E4_Bvp 1566822910,54594 -35,83678
E4_Bvp 1566822910,56157 -40,36102
E4_Bvp 1566822910,57719 -45,65357
E4_Bvp 1566822910,59282 -51,03372
E4_Bvp 1566822910,60844 -55,51719
E4_Bvp 1566822910,62407 -58,00822
E4_Bvp 1566822910,63969 -57,64297
E4_Bvp 1566822910,65532 -54,0582
E4_Bvp 1566822910,67095 -47,50552
E4_Bvp 1566822910,68657 -38,75712
E4_Bvp 1566822910,7022 -28,88741
E4_Bvp 1566822910,71782 -18,97134
E4_Bvp 1566822910,73345 -9,794975
E4_Bvp 1566822910,74907 -1,838417
E4_Bvp 1566822910,7647 4,786591
E4_Bvp 1566822910,78033 10,09212
E4_Bvp 1566822910,79595 14,2029
E4_Bvp 1566822910,81158 17,23639
E4_Bvp 1566822910,8272 19,27675
E4_Bvp 1566822910,84283 20,50298
E4_Bvp 1566822910,85845 21,07485
E4_Bvp 1566822910,87408 21,21885
E4_Bvp 1566822910,88971 21,09251
E4_Bvp 1566822910,90533 20,85878
E4_Bvp 1566822910,92096 20,6115
E4_Bvp 1566822910,93658 20,39895
E4_Bvp 1566822910,95221 20,24673
E4_Bvp 1566822910,96783 20,18357
E4_Bvp 1566822910,98346 20,24277
E4_Bvp 1566822910,99909 20,52341
E4_Bvp 1566822911,01471 21,12218
E4_Bvp 1566822911,03034 22,10968
E4_Bvp 1566822911,04596 23,42319
E4_Bvp 1566822911,06159 24,89185
E4_Bvp 1566822911,07721 26,18967
E4_Bvp 1566822911,09284 26,97982
E4_Bvp 1566822911,10847 27,00647
E4_Bvp 1566822911,12409 26,22927
E4_Bvp 1566822911,13972 24,76416
E4_Bvp 1566822911,15534 22,92119
E4_Bvp 1566822911,17097 21,02013
E4_Bvp 1566822911,18659 19,32082
E4_Bvp 1566822911,20222 17,93475
E4_Bvp 1566822911,21785 16,80257
E4_Bvp 1566822911,23347 15,7342
E4_Bvp 1566822911,2491 14,4964
E4_Bvp 1566822911,26472 12,91904
E4_Bvp 1566822911,28035 10,97578
E4_Bvp 1566822911,29597 8,801414
E4_Bvp 1566822911,3116 6,619995
E4_Bvp 1566822911,32723 4,561386
E4_Gsr 1566822910,095 0,1012069
E4_Gsr 1566822910,345 0,102488
E4_Gsr 1566822910,595 0,1165801
E4_Gsr 1566822910,845 0,09992581
E4_Gsr 1566822911,095 0,09992581
E4_Gsr 1566822911,345 0,0986447
E4_Temperature 1566822909,72733 31,97
E4_Temperature 1566822909,97734 31,97
E4_Temperature 1566822910,22735 31,97
E4_Temperature 1566822910,47736 31,97
E4_Temperature 1566822910,72737 31,99
E4_Temperature 1566822910,97738 31,99
E4_Temperature 1566822911,2274 31,99
E4_Temperature 1566822911,47741 31,99
E4_Bvp 1566822911,34285 2,620644
E4_Bvp 1566822911,35848 0,5701675
E4_Bvp 1566822911,3741 -1,872833
E4_Bvp 1566822911,38973 -4,906548
E4_Bvp 1566822911,40535 -8,542747
E4_Bvp 1566822911,42098 -12,52183
E4_Bvp 1566822911,43661 -16,44283
E4_Bvp 1566822911,45223 -19,91745
E4_Bvp 1566822911,46786 -22,73169
E4_Bvp 1566822911,48348 -24,88577
E4_Bvp 1566822911,49911 -26,60028
E4_Bvp 1566822911,51474 -28,2168
E4_Bvp 1566822911,53036 -30,15624
E4_Bvp 1566822911,54599 -32,73958
E4_Bvp 1566822911,56161 -36,1359
E4_Bvp 1566822911,57724 -40,16172
E4_Bvp 1566822911,59286 -44,24777
E4_Bvp 1566822911,60849 -47,50861
E4_Bvp 1566822911,62412 -48,91821
E4_Bvp 1566822911,63974 -47,70412
E4_Bvp 1566822911,65537 -43,61733
E4_Bvp 1566822911,67099 -37,00598
E4_Bvp 1566822911,68662 -28,737
E4_Bvp 1566822911,70224 -19,84555
E4_Bvp 1566822911,71787 -11,21922
E4_Bvp 1566822911,7335 -3,398178
E4_Bvp 1566822911,74912 3,410423
E4_Bvp 1566822911,76475 9,216591
E4_Bvp 1566822911,78037 14,02422
E4_Bvp 1566822911,796 17,79998
E4_Bvp 1566822911,81162 20,4854
E4_Bvp 1566822911,82725 22,09525
E4_Bvp 1566822911,84288 22,8009
E4_Bvp 1566822911,8585 22,89368
E4_Bvp 1566822911,87413 22,6617
E4_Bvp 1566822911,88975 22,24229
E4_Bvp 1566822911,90538 21,66578
E4_Bvp 1566822911,921 20,8909
E4_Bvp 1566822911,93663 19,99571
E4_Bvp 1566822911,95226 19,20737
E4_Bvp 1566822911,96788 18,84686
E4_Bvp 1566822911,98351 19,13223
E4_Bvp 1566822911,99913 20,01904
E4_Bvp 1566822912,01476 21,1782
E4_Bvp 1566822912,03038 22,07537
E4_Bvp 1566822912,04601 22,28763
E4_Bvp 1566822912,06164 21,67085
E4_Bvp 1566822912,07726 20,41415
E4_Bvp 1566822912,09289 18,92261
E4_Bvp 1566822912,10851 17,59293
E4_Bvp 1566822912,12414 16,60397
E4_Bvp 1566822912,13976 15,88012
E4_Bvp 1566822912,15539 15,16041
E4_Bvp 1566822912,17102 14,16198
E4_Bvp 1566822912,18664 12,72591
E4_Bvp 1566822912,20227 10,8218
E4_Bvp 1566822912,21789 8,564888
E4_Bvp 1566822912,23352 6,137444
E4_Bvp 1566822912,24914 3,788971
E4_Bvp 1566822912,26477 1,72834
E4_Bvp 1566822912,2804 0,0692215
E4_Bvp 1566822912,29602 -1,163521
E4_Bvp 1566822912,31165 -2,125084
E4_Bvp 1566822912,32727 -3,053627
E4_Bvp 1566822912,3429 -4,284691
E4_Bvp 1566822912,35852 -6,034416
E4_Bvp 1566822912,37415 -8,404922
E4_Bvp 1566822912,38978 -11,34447
E4_Bvp 1566822912,4054 -14,68164
E4_Bvp 1566822912,42103 -18,16373
E4_Bvp 1566822912,43665 -21,6326
E4_Bvp 1566822912,45228 -25,06605
E4_Bvp 1566822912,4679 -28,57085
E4_Bvp 1566822912,48353 -32,35075
E4_Bvp 1566822912,49916 -36,61122
E4_Bvp 1566822912,51478 -41,42831
E4_Bvp 1566822912,53041 -46,63271
E4_Bvp 1566822912,54603 -51,7753
E4_Bvp 1566822912,56166 -56,03053
E4_Bvp 1566822912,57728 -58,47388
E4_Bvp 1566822912,59291 -58,28109
E4_Bvp 1566822912,60854 -54,9823
E4_Bvp 1566822912,62416 -48,7127
E4_Bvp 1566822912,63979 -40,12865
E4_Bvp 1566822912,65541 -30,24626
E4_Bvp 1566822912,67104 -20,16421
E4_Bvp 1566822912,68666 -10,7368
E4_Bvp 1566822912,70229 -2,40831
E4_Gsr 1566822911,595 0,1012069
E4_Gsr 1566822911,845 0,1012069
E4_Gsr 1566822912,095 0,102488
E4_Gsr 1566822912,345 0,102488
E4_Gsr 1566822912,595 0,102488
E4_Gsr 1566822912,845 0,1037691
E4_Bvp 1566822912,71792 4,717674
E4_Bvp 1566822912,73354 10,71606
E4_Bvp 1566822912,74917 15,72479
E4_Bvp 1566822912,76479 19,74645
E4_Bvp 1566822912,78042 22,76443
E4_Bvp 1566822912,79604 24,7837
E4_Bvp 1566822912,81167 25,94863
E4_Bvp 1566822912,8273 26,55925
E4_Bvp 1566822912,84292 26,98219
E4_Bvp 1566822912,85855 27,56715
E4_Bvp 1566822912,87417 28,48866
E4_Bvp 1566822912,8898 29,7726
E4_Bvp 1566822912,90542 31,29811
E4_Bvp 1566822912,92105 32,89844
E4_Bvp 1566822912,93668 34,42577
E4_Bvp 1566822912,9523 35,74367
E4_Bvp 1566822912,96793 36,72331
E4_Bvp 1566822912,98355 37,2601
E4_Bvp 1566822912,99918 37,23473
E4_Bvp 1566822913,0148 36,52937
E4_Bvp 1566822913,03043 35,13002
E4_Bvp 1566822913,04606 33,097
E4_Bvp 1566822913,06168 30,60429
E4_Bvp 1566822913,07731 27,94299
E4_Bvp 1566822913,09293 25,38643
E4_Bvp 1566822913,10856 23,14886
E4_Bvp 1566822913,12418 21,25685
E4_Bvp 1566822913,13981 19,56676
E4_Bvp 1566822913,15544 17,80331
E4_Bvp 1566822913,17106 15,73691
E4_Bvp 1566822913,18669 13,22487
E4_Bvp 1566822913,20231 10,33824
E4_Bvp 1566822913,21794 7,276474
E4_Bvp 1566822913,23356 4,263138
E4_Bvp 1566822913,24919 1,46492
E4_Bvp 1566822913,26482 -1,131302
E4_Bvp 1566822913,28044 -3,64949
E4_Bvp 1566822913,29607 -6,295731
E4_Bvp 1566822913,31169 -9,194855
E4_Bvp 1566822913,32732 -12,35175
E4_Bvp 1566822913,34294 -15,59302
E4_Bvp 1566822913,35857 -18,65843
E4_Bvp 1566822913,3742 -21,31073
E4_Bvp 1566822913,38982 -23,46768
E4_Temperature 1566822911,72742 31,97
E4_Temperature 1566822911,97743 31,97
E4_Temperature 1566822912,22744 31,97
E4_Temperature 1566822912,47745 31,97
E4_Temperature 1566822912,72747 31,95
E4_Temperature 1566822912,97748 31,95
E4_Temperature 1566822913,22749 31,95
E4_Temperature 1566822913,4775 31,95
E4_Bvp 1566822913,40545 -25,20224
E4_Bvp 1566822913,42107 -26,75993
E4_Bvp 1566822913,4367 -28,50064
E4_Bvp 1566822913,45232 -30,78929
E4_Bvp 1566822913,46795 -33,95628
E4_Bvp 1566822913,48358 -38,17136
E4_Bvp 1566822913,4992 -43,4086
E4_Bvp 1566822913,51483 -49,28461
E4_Bvp 1566822913,53045 -55,0381
E4_Bvp 1566822913,54608 -59,62166
E4_Bvp 1566822913,5617 -61,89729
E4_Bvp 1566822913,57733 -61,02606
E4_Bvp 1566822913,59296 -56,77788
E4_Bvp 1566822913,60858 -49,6033
E4_Bvp 1566822913,62421 -40,47987
E4_Bvp 1566822913,63983 -30,49767
E4_Bvp 1566822913,65546 -20,59778
E4_Bvp 1566822913,67108 -11,34694
E4_Bvp 1566822913,68671 -3,040649
E4_Bvp 1566822913,70234 4,189545
E4_Bvp 1566822913,71796 10,22922
E4_Bvp 1566822913,73359 14,9998
E4_Bvp 1566822913,74921 18,4697
E4_Bvp 1566822913,76484 20,78633
E4_Bvp 1566822913,78047 22,18358
E4_Bvp 1566822913,79609 22,95959
E4_Bvp 1566822913,81172 23,40205
E4_Bvp 1566822913,82734 23,72322
E4_Bvp 1566822913,84297 24,09531
E4_Bvp 1566822913,85859 24,59953
E4_Bvp 1566822913,87422 25,26344
E4_Bvp 1566822913,88985 26,03561
E4_Bvp 1566822913,90547 26,87263
E4_Bvp 1566822913,9211 27,73956
E4_Bvp 1566822913,93672 28,70128
E4_Bvp 1566822913,95235 29,81952
E4_Bvp 1566822913,96797 31,05002
E4_Bvp 1566822913,9836 32,21822
E4_Bvp 1566822913,99923 33,01437
E4_Bvp 1566822914,01485 33,16847
E4_Bvp 1566822914,03048 32,59061
E4_Bvp 1566822914,0461 31,38429
E4_Bvp 1566822914,06173 29,77168
E4_Bvp 1566822914,07735 28,01346
E4_Bvp 1566822914,09298 26,23645
E4_Bvp 1566822914,10861 24,50728
E4_Bvp 1566822914,12423 22,83496
E4_Bvp 1566822914,13986 21,26338
E4_Bvp 1566822914,15548 19,82037
E4_Bvp 1566822914,17111 18,49908
E4_Bvp 1566822914,18673 17,19391
E4_Bvp 1566822914,20236 15,69852
E4_Bvp 1566822914,21799 13,89204
E4_Bvp 1566822914,23361 11,78278
E4_Bvp 1566822914,24924 9,504807
E4_Gsr 1566822913,095 0,1012069
E4_Gsr 1566822913,345 0,1037691
E4_Gsr 1566822913,595 0,1037691
E4_Gsr 1566822913,845 0,09992581
E4_Gsr 1566822914,095 0,0986447
E4_Gsr 1566822914,345 0,1012069
E4_Bvp 1566822914,26486 7,227661
E4_Bvp 1566822914,28049 4,978317
E4_Bvp 1566822914,29611 2,64151
E4_Bvp 1566822914,31174 -0,05654907
E4_Bvp 1566822914,32737 -3,322128
E4_Bvp 1566822914,34299 -7,223312
E4_Bvp 1566822914,35862 -11,56516
E4_Bvp 1566822914,37424 -15,97314
E4_Bvp 1566822914,38987 -20,07072
E4_Bvp 1566822914,40549 -23,54779
E4_Bvp 1566822914,42112 -26,3101
E4_Bvp 1566822914,43675 -28,50726
E4_Bvp 1566822914,45237 -30,42717
E4_Bvp 1566822914,468 -32,48711
E4_Bvp 1566822914,48362 -35,11871
E4_Bvp 1566822914,49925 -38,64297
E4_Bvp 1566822914,51487 -43,07742
E4_Bvp 1566822914,5305 -48,04608
E4_Bvp 1566822914,54613 -52,66759
E4_Bvp 1566822914,56175 -55,77831
E4_Bvp 1566822914,57738 -56,24203
E4_Bvp 1566822914,593 -53,31598
E4_Bvp 1566822914,60863 -46,95726
E4_Bvp 1566822914,62425 -37,83678
E4_Bvp 1566822914,63988 -27,09106
E4_Bvp 1566822914,65551 -15,96552
E4_Bvp 1566822914,67113 -5,485672
E4_Bvp 1566822914,68676 3,715408
E4_Bvp 1566822914,70238 11,341
E4_Bvp 1566822914,71801 17,32114
E4_Bvp 1566822914,73363 21,68872
E4_Bvp 1566822914,74926 24,5563
E4_Bvp 1566822914,76489 26,10216
E4_Bvp 1566822914,78051 26,61276
E4_Bvp 1566822914,79614 26,46103
E4_Bvp 1566822914,81176 26,02139
E4_Bvp 1566822914,82739 25,67618
E4_Bvp 1566822914,84301 25,7173
E4_Bvp 1566822914,85864 26,33824
E4_Bvp 1566822914,87427 27,55788
E4_Bvp 1566822914,88989 29,24203
E4_Bvp 1566822914,90552 31,09601
E4_Bvp 1566822914,92114 32,76233
E4_Bvp 1566822914,93677 33,89706
E4_Bvp 1566822914,95239 34,28693
E4_Bvp 1566822914,96802 33,92067
E4_Bvp 1566822914,98365 32,95581
E4_Bvp 1566822914,99927 31,58711
E4_Bvp 1566822915,0149 29,95085
E4_Bvp 1566822915,03052 28,04022
E4_Bvp 1566822915,04615 25,76707
E4_Bvp 1566822915,06177 23,03693
E4_Bvp 1566822915,0774 19,92789
E4_Bvp 1566822915,09303 16,67343
E4_Bvp 1566822915,10865 13,60985
E4_Bvp 1566822915,12428 10,9709
E4_Bvp 1566822915,1399 8,780487
E4_Bvp 1566822915,15553 6,803055
E4_Bvp 1566822915,17115 4,778809
E4_Bvp 1566822915,18678 2,54715
E4_Bvp 1566822915,20241 0,2168274
E4_Bvp 1566822915,21803 -1,951401
E4_Bvp 1566822915,23366 -3,717712
E4_Bvp 1566822915,24928 -5,067154
E4_Bvp 1566822915,26491 -6,299957
E4_Bvp 1566822915,28053 -7,813065
E4_Bvp 1566822915,29616 -9,919632
E4_Bvp 1566822915,31179 -12,66469
E4_Bvp 1566822915,32741 -15,81404
E4_Bvp 1566822915,34304 -19,04657
E4_Bvp 1566822915,35866 -22,11261
E4_Bvp 1566822915,37429 -24,93463
E4_Bvp 1566822915,38991 -27,5871
E4_Bvp 1566822915,40554 -30,23285
E4_Bvp 1566822915,42117 -33,02986
E4_Bvp 1566822915,43679 -36,1891
E4_Bvp 1566822915,45242 -39,92249
E4_Temperature 1566822913,72751 31,97
E4_Temperature 1566822913,97752 31,97
E4_Temperature 1566822914,22753 31,97
E4_Temperature 1566822914,47755 31,97
E4_Temperature 1566822914,72756 31,97
E4_Temperature 1566822914,97757 31,97
E4_Temperature 1566822915,22758 31,97
E4_Temperature 1566822915,47759 31,97
E4_Bvp 1566822915,46804 -44,36517
E4_Bvp 1566822915,48367 -49,33769
E4_Bvp 1566822915,49929 -54,18704
E4_Bvp 1566822915,51492 -57,82401
E4_Bvp 1566822915,53055 -59,02026
E4_Bvp 1566822915,54617 -56,84064
E4_Bvp 1566822915,5618 -51,02008
E4_Bvp 1566822915,57742 -42,13434
E4_Bvp 1566822915,59305 -31,37526
E4_Bvp 1566822915,60867 -20,13066
E4_Bvp 1566822915,6243 -9,558945
E4_Bvp 1566822915,63993 -0,3393555
E4_Bvp 1566822915,65555 7,323059
E4_Bvp 1566822915,67118 13,50641
E4_Bvp 1566822915,6868 18,37502
E4_Bvp 1566822915,70243 22,07962
E4_Bvp 1566822915,71805 24,70105
E4_Bvp 1566822915,73368 26,35187
E4_Bvp 1566822915,74931 27,20747
E4_Bvp 1566822915,76493 27,49876
E4_Bvp 1566822915,78056 27,46376
E4_Bvp 1566822915,79618 27,32472
E4_Gsr 1566822914,595 0,1012069
E4_Gsr 1566822914,845 0,1012069
E4_Gsr 1566822915,095 0,1012069
E4_Gsr 1566822915,345 0,1012069
E4_Gsr 1566822915,595 0,102488
E4_Gsr 1566822915,845 0,102488
E4_Bvp 1566822915,81181 27,22141
E4_Bvp 1566822915,82743 27,27505
E4_Bvp 1566822915,84306 27,565
E4_Bvp 1566822915,85869 28,17635
E4_Bvp 1566822915,87431 29,15839
E4_Bvp 1566822915,88994 30,50044
E4_Bvp 1566822915,90556 32,08777
E4_Bvp 1566822915,92119 33,74165
E4_Bvp 1566822915,93682 35,13373
E4_Bvp 1566822915,95244 35,92921
E4_Bvp 1566822915,96807 35,83934
E4_Bvp 1566822915,98369 34,7196
E4_Bvp 1566822915,99932 32,61336
E4_Bvp 1566822916,01494 29,74355
E4_Bvp 1566822916,03057 26,45598
E4_Bvp 1566822916,0462 23,09485
E4_Bvp 1566822916,06182 19,90735
E4_Bvp 1566822916,07745 17,00311
E4_Bvp 1566822916,09307 14,30765
E4_Bvp 1566822916,1087 11,69461
E4_Bvp 1566822916,12432 9,007248
E4_Bvp 1566822916,13995 6,190674
E4_Bvp 1566822916,15558 3,348755
E4_Bvp 1566822916,1712 0,741806
E4_Bvp 1566822916,18683 -1,345535
E4_Bvp 1566822916,20245 -2,730087
E4_Bvp 1566822916,21808 -3,477188
E4_Bvp 1566822916,2337 -3,925522
E4_Bvp 1566822916,24933 -4,589783
E4_Bvp 1566822916,26496 -5,87677
E4_Bvp 1566822916,28058 -7,966721
E4_Bvp 1566822916,29621 -10,69737
E4_Bvp 1566822916,31183 -13,70296
E4_Bvp 1566822916,32746 -16,58768
E4_Bvp 1566822916,34308 -19,17131
E4_Bvp 1566822916,35871 -21,55751
E4_Bvp 1566822916,37434 -24,04649
E4_Bvp 1566822916,38996 -27,08374
E4_Bvp 1566822916,40559 -31,05003
E4_Bvp 1566822916,42121 -36,12663
E4_Bvp 1566822916,43684 -42,19127
E4_Bvp 1566822916,45246 -48,77168
E4_Bvp 1566822916,46809 -55,0056
E4_Bvp 1566822916,48372 -59,75153
E4_Bvp 1566822916,49934 -61,86795
E4_Bvp 1566822916,51497 -60,53253
E4_Bvp 1566822916,53059 -55,50945
E4_Bvp 1566822916,54622 -47,32764
E4_Bvp 1566822916,56184 -37,08527
E4_Bvp 1566822916,57747 -26,14423
E4_Bvp 1566822916,5931 -15,69435
E4_Bvp 1566822916,60872 -6,415039
E4_Bvp 1566822916,62435 1,520554
E4_Bvp 1566822916,63997 8,339722
E4_Bvp 1566822916,6556 14,3531
E4_Bvp 1566822916,67122 19,71527
E4_Bvp 1566822916,68685 24,33157
E4_Bvp 1566822916,70248 27,9897
E4_Bvp 1566822916,7181 30,4922
E4_Bvp 1566822916,73373 31,86905
E4_Bvp 1566822916,74935 32,3269
E4_Bvp 1566822916,76498 32,18317
E4_Bvp 1566822916,7806 31,70204
E4_Bvp 1566822916,79623 31,01091
E4_Bvp 1566822916,81186 30,17558
E4_Bvp 1566822916,82748 29,24193
E4_Bvp 1566822916,84311 28,39322
E4_Bvp 1566822916,85873 27,83109
E4_Bvp 1566822916,87436 27,76306
E4_Bvp 1566822916,88998 28,22136
E4_Bvp 1566822916,90561 29,0143
E4_Bvp 1566822916,92124 29,77803
E4_Bvp 1566822916,93686 30,10551
E4_Bvp 1566822916,95249 29,69476
E4_Bvp 1566822916,96811 28,4243
E4_Bvp 1566822916,98374 26,4368
E4_Bvp 1566822916,99936 23,98975
E4_Bvp 1566822917,01499 21,42677
E4_Bvp 1566822917,03062 19,07538
E4_Bvp 1566822917,04624 17,12358
E4_Bvp 1566822917,06187 15,64987
E4_Bvp 1566822917,07749 14,53484
E4_Bvp 1566822917,09312 13,5668
E4_Bvp 1566822917,10874 12,48123
E4_Bvp 1566822917,12437 11,14001
E4_Bvp 1566822917,14 9,489639
E4_Bvp 1566822917,15562 7,694626
E4_Bvp 1566822917,17125 5,951355
E4_Bvp 1566822917,18687 4,441269
E4_Bvp 1566822917,2025 3,197693
E4_Bvp 1566822917,21812 2,039993
E4_Bvp 1566822917,23375 0,6704407
E4_Bvp 1566822917,24938 -1,279144
E4_Bvp 1566822917,265 -4,017899
E4_Bvp 1566822917,28063 -7,556656
E4_Bvp 1566822917,29625 -11,62935
E4_Bvp 1566822917,31188 -15,8197
E4_Bvp 1566822917,3275 -19,73007
E4_Bvp 1566822917,34313 -23,10953
E4_Gsr 1566822916,095 0,102488
E4_Gsr 1566822916,345 0,102488
E4_Gsr 1566822916,595 0,1037691
E4_Gsr 1566822916,845 0,0986447
E4_Gsr 1566822917,095 0,1012069
E4_Gsr 1566822917,345 0,1012069
E4_Temperature 1566822915,7276 31,97
E4_Temperature 1566822915,97762 31,97
E4_Temperature 1566822916,22763 31,97
E4_Temperature 1566822916,47764 31,97
E4_Temperature 1566822916,72765 31,95
E4_Temperature 1566822916,97766 31,95
E4_Temperature 1566822917,22767 31,95
E4_Temperature 1566822917,47769 31,95
E4_Bvp 1566822917,35876 -25,95239
E4_Bvp 1566822917,37438 -28,48718
E4_Bvp 1566822917,39001 -31,1315
E4_Bvp 1566822917,40563 -34,28789
E4_Bvp 1566822917,42126 -38,26752
E4_Bvp 1566822917,43688 -43,10567
E4_Bvp 1566822917,45251 -48,52051
E4_Bvp 1566822917,46814 -53,85931
E4_Bvp 1566822917,48376 -58,16699
E4_Bvp 1566822917,49939 -60,42198
E4_Bvp 1566822917,51501 -59,82013
E4_Bvp 1566822917,53064 -56,02654
E4_Bvp 1566822917,54626 -49,33005
