1568797138.019
1568797138.269
1568797138.519
1568797138.769
1568797139.019
1568797139.269
1568797139.519
1568797139.769
1568797140.019
1568797140.269
1568797140.519
1568797140.769
1568797141.019
1568797141.269
1568797141.519
1568797141.769
1568797142.019
1568797142.269
1568797142.519
1568797142.769
1568797143.019
1568797143.269
1568797143.519
1568797143.769
1568797144.019
1568797144.269
1568797144.519
1568797144.769
1568797145.019
1568797145.269
1568797145.519
1568797145.769
1568797146.019
1568797146.269
1568797146.519
1568797146.769
1568797147.019
1568797147.269
1568797147.519
1568797147.769
1568797148.019
1568797148.269
1568797148.519
1568797148.769
1568797149.019
1568797149.269
1568797149.519
1568797149.769
1568797150.019
1568797150.269
1568797150.519
1568797150.769
1568797151.019
1568797151.269
1568797151.519
1568797151.769
1568797152.019
1568797152.269
1568797152.519
1568797152.769
1568797153.019
1568797153.269
1568797153.519
1568797153.769
1568797154.019
1568797154.269
1568797154.519
1568797154.769
1568797155.019
1568797155.269
1568797155.519
1568797155.769
1568797156.019
1568797156.269
1568797156.519
1568797156.769
1568797157.019
1568797157.269
1568797157.519
1568797157.769
1568797158.019
1568797158.269
1568797158.519
1568797158.769
1568797159.019
1568797159.269
1568797159.519
1568797159.769
1568797160.019
1568797160.269
1568797160.519
1568797160.769
1568797161.019
1568797161.269
1568797161.519
1568797161.769
1568797162.019
1568797162.269
1568797162.519
1568797162.769
1568797163.019
1568797163.269
1568797163.519
1568797163.769
1568797164.019
1568797164.269
1568797164.519
1568797164.769
1568797165.019
1568797165.269
1568797165.519
1568797165.769
1568797166.019
1568797166.269
1568797166.519
1568797166.769
1568797167.019
1568797167.269
1568797167.519
1568797167.769
1568797168.019
1568797168.269
1568797168.519
1568797168.769
1568797169.019
1568797169.269
1568797169.519
1568797169.769
1568797170.019
1568797170.269
1568797170.519
1568797170.769
1568797171.019
1568797171.269
1568797171.519
1568797171.769
1568797172.019
1568797172.269
1568797172.519
1568797172.769
1568797173.019
1568797173.269
1568797173.519
1568797173.769
1568797174.019
1568797174.269
1568797174.519
1568797174.769
1568797175.019
1568797175.269
1568797175.519
1568797175.769
1568797176.019
1568797176.269
1568797176.519
1568797176.769
1568797177.019
1568797177.269
1568797177.519
1568797177.769
1568797178.019
1568797178.269
1568797178.519
1568797178.769
1568797179.019
1568797179.269
1568797179.519
1568797179.769
1568797180.019
1568797180.269
1568797180.519
1568797180.769
1568797181.019
1568797181.269
1568797181.519
1568797181.769
1568797182.019
1568797182.269
1568797182.519
1568797182.769
1568797183.019
1568797183.269
1568797183.519
1568797183.769
1568797184.019
1568797184.269
1568797184.519
1568797184.769
1568797185.019
1568797185.269
1568797185.519
1568797185.769
1568797186.019
1568797186.269
1568797186.519
1568797186.769
1568797187.019
1568797187.269
1568797187.519
1568797187.769
1568797188.019
1568797188.269
1568797188.519
1568797188.769
1568797189.019
1568797189.269
1568797189.519
1568797189.769
1568797190.019
1568797190.269
1568797190.519
1568797190.769
1568797191.019
1568797191.269
1568797191.519
1568797191.769
1568797192.019
1568797192.269
1568797192.519
1568797192.769
1568797193.019
1568797193.269
1568797193.519
1568797193.769
1568797194.019
1568797194.269
1568797194.519
1568797194.769
1568797195.019
1568797195.269
1568797195.519
1568797195.769
1568797196.019
1568797196.269
1568797196.519
1568797196.769
1568797197.019
1568797197.269
1568797197.519
1568797197.769
1568797198.019
1568797198.269
1568797198.519
1568797198.769
1568797199.019
1568797199.269
1568797199.519
1568797199.769
1568797200.019
1568797200.269
1568797200.519
1568797200.769
1568797201.019
1568797201.269
1568797201.519
1568797201.769
1568797202.019
1568797202.269
1568797202.519
1568797202.769
1568797203.019
1568797203.269
1568797203.519
1568797203.769
1568797204.019
1568797204.269
1568797204.519
1568797204.769
1568797205.019
1568797205.269
1568797205.519
1568797205.769
1568797206.019
1568797206.269
1568797206.519
1568797206.769
1568797207.019
1568797207.269
1568797207.519
1568797207.769
1568797208.019
1568797208.269
1568797208.519
1568797208.769
1568797209.019
1568797209.269
1568797209.519
1568797209.769
1568797210.019
1568797210.269
1568797210.519
1568797210.769
1568797211.019
1568797211.269
1568797211.519
1568797211.769
1568797212.019
1568797212.269
1568797212.519
1568797212.769
1568797213.019
1568797213.269
1568797213.519
1568797213.769
1568797214.019
1568797214.269
1568797214.519
1568797214.769
1568797215.019
1568797215.269
1568797215.519
1568797215.769
1568797216.019
1568797216.269
1568797216.519
1568797216.769
1568797217.019
1568797217.269
1568797217.519
1568797217.769
1568797218.019
1568797218.269
1568797218.519
1568797218.769
1568797219.019
1568797219.269
1568797219.519
1568797219.769
1568797220.019
1568797220.269
1568797220.519
1568797220.769
1568797221.019
1568797221.269
1568797221.519
1568797221.769
1568797222.019
1568797222.269
1568797222.519
1568797222.769
1568797223.019
1568797223.269
1568797223.519
1568797223.769
1568797224.019
1568797224.269
1568797224.519
1568797224.769
1568797225.019
1568797225.269
1568797225.519
1568797225.769
1568797226.019
1568797226.269
1568797226.519
1568797226.769
1568797227.019
1568797227.269
1568797227.519
1568797227.769
1568797228.019
1568797228.269
1568797228.519
1568797228.769
1568797229.019
1568797229.269
1568797229.519
1568797229.769
1568797230.019
1568797230.269
1568797230.519
1568797230.769
1568797231.019
1568797231.269
1568797231.519
1568797231.769
1568797232.019
1568797232.269
1568797232.519
1568797232.769
1568797233.019
1568797233.269
1568797233.519
1568797233.769
1568797234.019
1568797234.269
1568797234.519
1568797234.769
1568797235.019
1568797235.269
1568797235.519
1568797235.769
1568797236.019
1568797236.269
1568797236.519
1568797236.769
1568797237.019
1568797237.269
1568797237.519
1568797237.769
1568797238.019
1568797238.269
1568797238.519
1568797238.769
1568797239.019
1568797239.269
1568797239.519
1568797239.769
1568797240.019
1568797240.269
1568797240.519
1568797240.769
1568797241.019
1568797241.269
1568797241.519
1568797241.769
1568797242.019
1568797242.269
1568797242.519
1568797242.769
1568797243.019
1568797243.269
1568797243.519
1568797243.769
1568797244.019
1568797244.269
1568797244.519
1568797244.769
1568797245.019
1568797245.269
1568797245.519
1568797245.769
1568797246.019
1568797246.269
1568797246.519
1568797246.769
1568797247.019
1568797247.269
1568797247.519
1568797247.769
1568797248.019
1568797248.269
1568797248.519
1568797248.769
1568797249.019
1568797249.269
1568797249.519
1568797249.769
1568797250.019
1568797250.269
1568797250.519
1568797250.769
1568797251.019
1568797251.269
1568797251.519
1568797251.769
1568797252.019
1568797252.269
1568797252.519
1568797252.769
1568797253.019
1568797253.269
1568797253.519
1568797253.769
1568797254.019
1568797254.269
1568797254.519
1568797254.769
1568797255.019
1568797255.269
1568797255.519
1568797255.769
1568797256.019
1568797256.269
1568797256.519
1568797256.769
1568797257.019
1568797257.269
1568797257.519
1568797257.769
1568797258.019
1568797258.269
1568797258.519
1568797258.769
1568797259.019
1568797259.269
1568797259.519
1568797259.769
1568797260.019
1568797260.269
1568797260.519
1568797260.769
1568797261.019
1568797261.269
1568797261.519
1568797261.769
1568797262.019
1568797262.269
1568797262.519
1568797262.769
1568797263.019
1568797263.269
1568797263.519
1568797263.769
1568797264.019
1568797264.269
1568797264.519
1568797264.769
1568797265.019
1568797265.269
1568797265.519
1568797265.769
1568797266.019
1568797266.269
1568797266.519
1568797266.769
1568797267.019
1568797267.269
1568797267.519
1568797267.769
1568797268.019
1568797268.269
1568797268.519
1568797268.769
1568797269.019
1568797269.269
1568797269.519
1568797269.769
1568797270.019
1568797270.269
1568797270.519
1568797270.769
1568797271.019
1568797271.269
1568797271.519
1568797271.769
1568797272.019
1568797272.269
1568797272.519
1568797272.769
1568797273.019
1568797273.269
1568797273.519
1568797273.769
1568797274.019
1568797274.269
1568797274.519
1568797274.769
1568797275.019
1568797275.269
1568797275.519
1568797275.769
1568797276.019
1568797276.269
1568797276.519
1568797276.769
1568797277.019
1568797277.269
1568797277.519
1568797277.769
1568797278.019
1568797278.269
1568797278.519
1568797278.769
1568797279.019
1568797279.269
1568797279.519
1568797279.769
1568797280.019
1568797280.269
1568797280.519
1568797280.769
1568797281.019
1568797281.269
1568797281.519
1568797281.769
1568797282.019
1568797282.269
1568797282.519
1568797282.769
1568797283.019
1568797283.269
1568797283.519
1568797283.769
1568797284.019
1568797284.269
1568797284.519
1568797284.769
1568797285.019
1568797285.269
1568797285.519
1568797285.769
1568797286.019
1568797286.269
1568797286.519
1568797286.769
1568797287.019
1568797287.269
1568797287.519
1568797287.769
1568797288.019
1568797288.269
1568797288.519
1568797288.769
1568797289.019
1568797289.269
1568797289.519
1568797289.769
1568797290.019
1568797290.269
1568797290.519
1568797290.769
1568797291.019
1568797291.269
1568797291.519
1568797291.769
1568797292.019
1568797292.269
1568797292.519
1568797292.769
1568797293.019
1568797293.269
1568797293.519
1568797293.769
1568797294.019
1568797294.269
1568797294.519
1568797294.769
1568797295.019
1568797295.269
1568797295.519
1568797295.769
1568797296.019
1568797296.269
1568797296.519
1568797296.769
1568797297.019
1568797297.269
1568797297.519
1568797297.769
1568797298.019
1568797298.269
1568797298.519
1568797298.769
1568797299.019
1568797299.269
1568797299.519
1568797299.769
1568797300.019
1568797300.269
1568797300.519
1568797300.769
1568797301.019
1568797301.269
1568797301.519
1568797301.769
1568797302.019
1568797302.269
1568797302.519
1568797302.769
1568797303.019
1568797303.269
1568797303.519
1568797303.769
1568797304.019
1568797304.269
1568797304.519
1568797304.769
1568797305.019
1568797305.269
1568797305.519
1568797305.769
1568797306.019
1568797306.269
1568797306.519
1568797306.769
1568797307.019
1568797307.269
1568797307.519
1568797307.769
1568797308.019
1568797308.269
1568797308.519
1568797308.769
1568797309.019
1568797309.269
1568797309.519
1568797309.769
1568797310.019
1568797310.269
1568797310.519
1568797310.769
1568797311.019
1568797311.269
1568797311.519
1568797311.769
1568797312.019
1568797312.269
1568797312.519
1568797312.769
1568797313.019
1568797313.269
1568797313.519
1568797313.769
1568797314.019
1568797314.269
1568797314.519
1568797314.769
1568797315.019
1568797315.269
1568797315.519
1568797315.769
1568797316.019
1568797316.269
1568797316.519
1568797316.769
1568797317.019
1568797317.269
1568797317.519
1568797317.769
1568797318.019
1568797318.269
1568797318.519
1568797318.769
1568797319.019
1568797319.269
1568797319.519
1568797319.769
1568797320.019
1568797320.269
1568797320.519
1568797320.769
1568797321.019
1568797321.269
1568797321.519
1568797321.769
1568797322.019
1568797322.269
1568797322.519
1568797322.769
1568797323.019
1568797323.269
1568797323.519
1568797323.769
1568797324.019
1568797324.269
1568797324.519
1568797324.769
1568797325.019
1568797325.269
1568797325.519
1568797325.769
1568797326.019
1568797326.269
1568797326.519
1568797326.769
1568797327.019
1568797327.269
1568797327.519
1568797327.769
1568797328.019
1568797328.269
1568797328.519
1568797328.769
1568797329.019
1568797329.269
1568797329.519
1568797329.769
1568797330.019
1568797330.269
1568797330.519
1568797330.769
1568797331.019
1568797331.269
1568797331.519
1568797331.769
1568797332.019
1568797332.269
1568797332.519
1568797332.769
1568797333.019
1568797333.269
1568797333.519
1568797333.769
1568797334.019
1568797334.269
1568797334.519
1568797334.769
1568797335.019
1568797335.269
1568797335.519
1568797335.769
1568797336.019
1568797336.269
1568797336.519
1568797336.769
1568797337.019
1568797337.269
1568797337.519
1568797337.769
1568797338.019
1568797338.269
1568797338.519
1568797338.769
1568797339.019
1568797339.269
1568797339.519
1568797339.769
1568797340.019
1568797340.269
1568797340.519
1568797340.769
1568797341.019
1568797341.269
1568797341.519
1568797341.769
1568797342.019
1568797342.269
1568797342.519
1568797342.769
1568797343.019
1568797343.269
1568797343.519
1568797343.769
1568797344.019
1568797344.269
1568797344.519
1568797344.769
1568797345.019
1568797345.269
1568797345.519
1568797345.769
1568797346.019
1568797346.269
1568797346.519
1568797346.769
1568797347.019
1568797347.269
1568797347.519
1568797347.769
1568797348.019
1568797348.269
1568797348.519
1568797348.769
1568797349.019
1568797349.269
1568797349.519
1568797349.769
1568797350.019
1568797350.269
1568797350.519
1568797350.769
1568797351.019
1568797351.269
1568797351.519
1568797351.769
1568797352.019
1568797352.269
1568797352.519
1568797352.769
1568797353.019
1568797353.269
1568797353.519
1568797353.769
1568797354.019
1568797354.269
1568797354.519
1568797354.769
1568797355.019
1568797355.269
1568797355.519
1568797355.769
1568797356.019
1568797356.269
1568797356.519
1568797356.769
1568797357.019
1568797357.269
1568797357.519
1568797357.769
1568797358.019
1568797358.269
1568797358.519
1568797358.769
1568797359.019
1568797359.269
1568797359.519
1568797359.769
1568797360.019
1568797360.269
1568797360.519
1568797360.769
1568797361.019
1568797361.269
1568797361.519
1568797361.769
1568797362.019
1568797362.269
1568797362.519
1568797362.769
1568797363.019
1568797363.269
1568797363.519
1568797363.769
1568797364.019
1568797364.269
1568797364.519
1568797364.769
1568797365.019
1568797365.269
1568797365.519
1568797365.769
1568797366.019
1568797366.269
1568797366.519
1568797366.769
1568797367.019
1568797367.269
1568797367.519
1568797367.769
1568797368.019
1568797368.269
1568797368.519
1568797368.769
1568797369.019
1568797369.269
1568797369.519
1568797369.769
1568797370.019
1568797370.269
1568797370.519
1568797370.769
1568797371.019
1568797371.269
1568797371.519
1568797371.769
1568797372.019
1568797372.269
1568797372.519
1568797372.769
1568797373.019
1568797373.269
1568797373.519
1568797373.769
1568797374.019
1568797374.269
1568797374.519
1568797374.769
1568797375.019
1568797375.269
1568797375.519
1568797375.769
1568797376.019
1568797376.269
1568797376.519
1568797376.769
1568797377.019
1568797377.269
1568797377.519
1568797377.769
1568797378.019
1568797378.269
1568797378.519
1568797378.769
1568797379.019
1568797379.269
1568797379.519
1568797379.769
1568797380.019
1568797380.269
1568797380.519
1568797380.769
1568797381.019
1568797381.269
1568797381.519
1568797381.769
1568797382.019
1568797382.269
1568797382.519
1568797382.769
1568797383.019
1568797383.269
1568797383.519
1568797383.769
1568797384.019
1568797384.269
1568797384.519
1568797384.769
1568797385.019
1568797385.269
1568797385.519
1568797385.769
1568797386.019
1568797386.269
1568797386.519
1568797386.769
1568797387.019
1568797387.269
1568797387.519
1568797387.769
1568797388.019
1568797388.269
1568797388.519
1568797388.769
1568797389.019
1568797389.269
1568797389.519
1568797389.769
1568797390.019
1568797390.269
1568797390.519
1568797390.769
1568797391.019
1568797391.269
1568797391.519
1568797391.769
1568797392.019
1568797392.269
1568797392.519
1568797392.769
1568797393.019
1568797393.269
1568797393.519
1568797393.769
1568797394.019
1568797394.269
1568797394.519
1568797394.769
1568797395.019
1568797395.269
1568797395.519
1568797395.769
1568797396.019
1568797396.269
1568797396.519
1568797396.769
1568797397.019
1568797397.269
1568797397.519
1568797397.769
1568797398.019
1568797398.269
1568797398.519
1568797398.769
1568797399.019
1568797399.269
1568797399.519
1568797399.769
1568797400.019
1568797400.269
1568797400.519
1568797400.769
1568797401.019
1568797401.269
1568797401.519
1568797401.769
1568797402.019
1568797402.269
1568797402.519
1568797402.769
1568797403.019
1568797403.269
1568797403.519
1568797403.769
1568797404.019
1568797404.269
1568797404.519
1568797404.769
1568797405.019
1568797405.269
1568797405.519
1568797405.769
1568797406.019
1568797406.269
1568797406.519
1568797406.769
1568797407.019
1568797407.269
1568797407.519
1568797407.769
1568797408.019
1568797408.269
1568797408.519
1568797408.769
1568797409.019
1568797409.269
1568797409.519
1568797409.769
1568797410.019
1568797410.269
1568797410.519
1568797410.769
1568797411.019
1568797411.269
1568797411.519
1568797411.769
1568797412.019
1568797412.269
1568797412.519
1568797412.769
1568797413.019
1568797413.269
1568797413.519
1568797413.769
1568797414.019
1568797414.269
1568797414.519
1568797414.769
1568797415.019
1568797415.269
1568797415.519
1568797415.769
1568797416.019
1568797416.269
1568797416.519
1568797416.769
1568797417.019
1568797417.269
1568797417.519
1568797417.769
1568797418.019
1568797418.269
1568797418.519
1568797418.769
1568797419.019
1568797419.269
1568797419.519
1568797419.769
1568797420.019
1568797420.269
1568797420.519
1568797420.769
1568797421.019
1568797421.269
1568797421.519
1568797421.769
1568797422.019
1568797422.269
1568797422.519
1568797422.769
1568797423.019
1568797423.269
1568797423.519
1568797423.769
1568797424.019
1568797424.269
1568797424.519
1568797424.769
1568797425.019
1568797425.269
1568797425.519
1568797425.769
1568797426.019
1568797426.269
1568797426.519
1568797426.769
1568797427.019
1568797427.269
1568797427.519
1568797427.769
1568797428.019
1568797428.269
1568797428.519
1568797428.769
1568797429.019
1568797429.269
1568797429.519
1568797429.769
1568797430.019
1568797430.269
1568797430.519
1568797430.769
1568797431.019
1568797431.269
1568797431.519
1568797431.769
1568797432.019
1568797432.269
1568797432.519
1568797432.769
1568797433.019
1568797433.269
1568797433.519
1568797433.769
1568797434.019
1568797434.269
1568797434.519
1568797434.769
1568797435.019
1568797435.269
1568797435.519
1568797435.769
1568797436.019
1568797436.269
1568797436.519
1568797436.769
1568797437.019
1568797437.269
1568797437.519
1568797437.769
