1568796351.019
1568796351.269
1568796351.519
1568796351.769
1568796352.019
1568796352.269
1568796352.519
1568796352.769
1568796353.019
1568796353.269
1568796353.519
1568796353.769
1568796354.019
1568796354.269
1568796354.519
1568796354.769
1568796355.019
1568796355.269
1568796355.519
1568796355.769
1568796356.019
1568796356.269
1568796356.519
1568796356.769
1568796357.019
1568796357.269
1568796357.519
1568796357.769
1568796358.019
1568796358.269
1568796358.519
1568796358.769
1568796359.019
1568796359.269
1568796359.519
1568796359.769
1568796360.019
1568796360.269
1568796360.519
1568796360.769
1568796361.019
1568796361.269
1568796361.519
1568796361.769
1568796362.019
1568796362.269
1568796362.519
1568796362.769
1568796363.019
1568796363.269
1568796363.519
1568796363.769
1568796364.019
1568796364.269
1568796364.519
1568796364.769
1568796365.019
1568796365.269
1568796365.519
1568796365.769
1568796366.019
1568796366.269
1568796366.519
1568796366.769
1568796367.019
1568796367.269
1568796367.519
1568796367.769
1568796368.019
1568796368.269
1568796368.519
1568796368.769
1568796369.019
1568796369.269
1568796369.519
1568796369.769
1568796370.019
1568796370.269
1568796370.519
1568796370.769
1568796371.019
1568796371.269
1568796371.519
1568796371.769
1568796372.019
1568796372.269
1568796372.519
1568796372.769
1568796373.019
1568796373.269
1568796373.519
1568796373.769
1568796374.019
1568796374.269
1568796374.519
1568796374.769
1568796375.019
1568796375.269
1568796375.519
1568796375.769
1568796376.019
1568796376.269
1568796376.519
1568796376.769
1568796377.019
1568796377.269
1568796377.519
1568796377.769
1568796378.019
1568796378.269
1568796378.519
1568796378.769
1568796379.019
1568796379.269
1568796379.519
1568796379.769
1568796380.019
1568796380.269
1568796380.519
1568796380.769
1568796381.019
1568796381.269
1568796381.519
1568796381.769
1568796382.019
1568796382.269
1568796382.519
1568796382.769
1568796383.019
1568796383.269
1568796383.519
1568796383.769
1568796384.019
1568796384.269
1568796384.519
1568796384.769
1568796385.019
1568796385.269
1568796385.519
1568796385.769
1568796386.019
1568796386.269
1568796386.519
1568796386.769
1568796387.019
1568796387.269
1568796387.519
1568796387.769
1568796388.019
1568796388.269
1568796388.519
1568796388.769
1568796389.019
1568796389.269
1568796389.519
1568796389.769
1568796390.019
1568796390.269
1568796390.519
1568796390.769
1568796391.019
1568796391.269
1568796391.519
1568796391.769
1568796392.019
1568796392.269
1568796392.519
1568796392.769
1568796393.019
1568796393.269
1568796393.519
1568796393.769
1568796394.019
1568796394.269
1568796394.519
1568796394.769
1568796395.019
1568796395.269
1568796395.519
1568796395.769
1568796396.019
1568796396.269
1568796396.519
1568796396.769
1568796397.019
1568796397.269
1568796397.519
1568796397.769
1568796398.019
1568796398.269
1568796398.519
1568796398.769
1568796399.019
1568796399.269
1568796399.519
1568796399.769
1568796400.019
1568796400.269
1568796400.519
1568796400.769
1568796401.019
1568796401.269
1568796401.519
1568796401.769
1568796402.019
1568796402.269
1568796402.519
1568796402.769
1568796403.019
1568796403.269
1568796403.519
1568796403.769
1568796404.019
1568796404.269
1568796404.519
1568796404.769
1568796405.019
1568796405.269
1568796405.519
1568796405.769
1568796406.019
1568796406.269
1568796406.519
1568796406.769
1568796407.019
1568796407.269
1568796407.519
1568796407.769
1568796408.019
1568796408.269
1568796408.519
1568796408.769
1568796409.019
1568796409.269
1568796409.519
1568796409.769
1568796410.019
1568796410.269
1568796410.519
1568796410.769
1568796411.019
1568796411.269
1568796411.519
1568796411.769
1568796412.019
1568796412.269
1568796412.519
1568796412.769
1568796413.019
1568796413.269
1568796413.519
1568796413.769
1568796414.019
1568796414.269
1568796414.519
1568796414.769
1568796415.019
1568796415.269
1568796415.519
1568796415.769
1568796416.019
1568796416.269
1568796416.519
1568796416.769
1568796417.019
1568796417.269
1568796417.519
1568796417.769
1568796418.019
1568796418.269
1568796418.519
1568796418.769
1568796419.019
1568796419.269
1568796419.519
1568796419.769
1568796420.019
1568796420.269
1568796420.519
1568796420.769
1568796421.019
1568796421.269
1568796421.519
1568796421.769
1568796422.019
1568796422.269
1568796422.519
1568796422.769
1568796423.019
1568796423.269
1568796423.519
1568796423.769
1568796424.019
1568796424.269
1568796424.519
1568796424.769
1568796425.019
1568796425.269
1568796425.519
1568796425.769
1568796426.019
1568796426.269
1568796426.519
1568796426.769
1568796427.019
1568796427.269
1568796427.519
1568796427.769
1568796428.019
1568796428.269
1568796428.519
1568796428.769
1568796429.019
1568796429.269
1568796429.519
1568796429.769
1568796430.019
1568796430.269
1568796430.519
1568796430.769
1568796431.019
1568796431.269
1568796431.519
1568796431.769
1568796432.019
1568796432.269
1568796432.519
1568796432.769
1568796433.019
1568796433.269
1568796433.519
1568796433.769
1568796434.019
1568796434.269
1568796434.519
1568796434.769
1568796435.019
1568796435.269
1568796435.519
1568796435.769
1568796436.019
1568796436.269
1568796436.519
1568796436.769
1568796437.019
1568796437.269
1568796437.519
1568796437.769
1568796438.019
1568796438.269
1568796438.519
1568796438.769
1568796439.019
1568796439.269
1568796439.519
1568796439.769
1568796440.019
1568796440.269
1568796440.519
1568796440.769
1568796441.019
1568796441.269
1568796441.519
1568796441.769
1568796442.019
1568796442.269
1568796442.519
1568796442.769
1568796443.019
1568796443.269
1568796443.519
1568796443.769
1568796444.019
1568796444.269
1568796444.519
1568796444.769
1568796445.019
1568796445.269
1568796445.519
1568796445.769
1568796446.019
1568796446.269
1568796446.519
1568796446.769
1568796447.019
1568796447.269
1568796447.519
1568796447.769
1568796448.019
1568796448.269
1568796448.519
1568796448.769
1568796449.019
1568796449.269
1568796449.519
1568796449.769
1568796450.019
1568796450.269
1568796450.519
1568796450.769
1568796451.019
1568796451.269
1568796451.519
1568796451.769
1568796452.019
1568796452.269
1568796452.519
1568796452.769
1568796453.019
1568796453.269
1568796453.519
1568796453.769
1568796454.019
1568796454.269
1568796454.519
1568796454.769
1568796455.019
1568796455.269
1568796455.519
1568796455.769
1568796456.019
1568796456.269
1568796456.519
1568796456.769
1568796457.019
1568796457.269
1568796457.519
1568796457.769
1568796458.019
1568796458.269
1568796458.519
1568796458.769
1568796459.019
1568796459.269
1568796459.519
1568796459.769
1568796460.019
1568796460.269
1568796460.519
1568796460.769
1568796461.019
1568796461.269
1568796461.519
1568796461.769
1568796462.019
1568796462.269
1568796462.519
1568796462.769
1568796463.019
1568796463.269
1568796463.519
1568796463.769
1568796464.019
1568796464.269
1568796464.519
1568796464.769
1568796465.019
1568796465.269
1568796465.519
1568796465.769
1568796466.019
1568796466.269
1568796466.519
1568796466.769
1568796467.019
1568796467.269
1568796467.519
1568796467.769
1568796468.019
1568796468.269
1568796468.519
1568796468.769
1568796469.019
1568796469.269
1568796469.519
1568796469.769
1568796470.019
1568796470.269
1568796470.519
1568796470.769
1568796471.019
1568796471.269
1568796471.519
1568796471.769
1568796472.019
1568796472.269
1568796472.519
1568796472.769
1568796473.019
1568796473.269
1568796473.519
1568796473.769
1568796474.019
1568796474.269
1568796474.519
1568796474.769
1568796475.019
1568796475.269
1568796475.519
1568796475.769
1568796476.019
1568796476.269
1568796476.519
1568796476.769
1568796477.019
1568796477.269
1568796477.519
1568796477.769
1568796478.019
1568796478.269
1568796478.519
1568796478.769
1568796479.019
1568796479.269
1568796479.519
1568796479.769
1568796480.019
1568796480.269
1568796480.519
1568796480.769
1568796481.019
1568796481.269
1568796481.519
1568796481.769
1568796482.019
1568796482.269
1568796482.519
1568796482.769
1568796483.019
1568796483.269
1568796483.519
1568796483.769
1568796484.019
1568796484.269
1568796484.519
1568796484.769
1568796485.019
1568796485.269
1568796485.519
1568796485.769
1568796486.019
1568796486.269
1568796486.519
1568796486.769
1568796487.019
1568796487.269
1568796487.519
1568796487.769
1568796488.019
1568796488.269
1568796488.519
1568796488.769
1568796489.019
1568796489.269
1568796489.519
1568796489.769
1568796490.019
1568796490.269
1568796490.519
1568796490.769
1568796491.019
1568796491.269
1568796491.519
1568796491.769
1568796492.019
1568796492.269
1568796492.519
1568796492.769
1568796493.019
1568796493.269
1568796493.519
1568796493.769
1568796494.019
1568796494.269
1568796494.519
1568796494.769
1568796495.019
1568796495.269
1568796495.519
1568796495.769
1568796496.019
1568796496.269
1568796496.519
1568796496.769
1568796497.019
1568796497.269
1568796497.519
1568796497.769
1568796498.019
1568796498.269
1568796498.519
1568796498.769
1568796499.019
1568796499.269
1568796499.519
1568796499.769
1568796500.019
1568796500.269
1568796500.519
1568796500.769
1568796501.019
1568796501.269
1568796501.519
1568796501.769
1568796502.019
1568796502.269
1568796502.519
1568796502.769
1568796503.019
1568796503.269
1568796503.519
1568796503.769
1568796504.019
1568796504.269
1568796504.519
1568796504.769
1568796505.019
1568796505.269
1568796505.519
1568796505.769
1568796506.019
1568796506.269
1568796506.519
1568796506.769
1568796507.019
1568796507.269
1568796507.519
1568796507.769
1568796508.019
1568796508.269
1568796508.519
1568796508.769
1568796509.019
1568796509.269
1568796509.519
1568796509.769
1568796510.019
1568796510.269
1568796510.519
1568796510.769
1568796511.019
1568796511.269
1568796511.519
1568796511.769
1568796512.019
1568796512.269
1568796512.519
1568796512.769
1568796513.019
1568796513.269
1568796513.519
1568796513.769
1568796514.019
1568796514.269
1568796514.519
1568796514.769
1568796515.019
1568796515.269
1568796515.519
1568796515.769
1568796516.019
1568796516.269
1568796516.519
1568796516.769
1568796517.019
1568796517.269
1568796517.519
1568796517.769
1568796518.019
1568796518.269
1568796518.519
1568796518.769
1568796519.019
1568796519.269
1568796519.519
1568796519.769
1568796520.019
1568796520.269
1568796520.519
1568796520.769
1568796521.019
1568796521.269
1568796521.519
1568796521.769
1568796522.019
1568796522.269
1568796522.519
1568796522.769
1568796523.019
1568796523.269
1568796523.519
1568796523.769
1568796524.019
1568796524.269
1568796524.519
1568796524.769
1568796525.019
1568796525.269
1568796525.519
1568796525.769
1568796526.019
1568796526.269
1568796526.519
1568796526.769
1568796527.019
1568796527.269
1568796527.519
1568796527.769
1568796528.019
1568796528.269
1568796528.519
1568796528.769
1568796529.019
1568796529.269
1568796529.519
1568796529.769
1568796530.019
1568796530.269
1568796530.519
1568796530.769
1568796531.019
1568796531.269
1568796531.519
1568796531.769
1568796532.019
1568796532.269
1568796532.519
1568796532.769
1568796533.019
1568796533.269
1568796533.519
1568796533.769
1568796534.019
1568796534.269
1568796534.519
1568796534.769
1568796535.019
1568796535.269
1568796535.519
1568796535.769
1568796536.019
1568796536.269
1568796536.519
1568796536.769
1568796537.019
1568796537.269
1568796537.519
1568796537.769
1568796538.019
1568796538.269
1568796538.519
1568796538.769
1568796539.019
1568796539.269
1568796539.519
1568796539.769
1568796540.019
1568796540.269
1568796540.519
1568796540.769
1568796541.019
1568796541.269
1568796541.519
1568796541.769
1568796542.019
1568796542.269
1568796542.519
1568796542.769
1568796543.019
1568796543.269
1568796543.519
1568796543.769
1568796544.019
1568796544.269
1568796544.519
1568796544.769
1568796545.019
1568796545.269
1568796545.519
1568796545.769
1568796546.019
1568796546.269
1568796546.519
1568796546.769
1568796547.019
1568796547.269
1568796547.519
1568796547.769
1568796548.019
1568796548.269
1568796548.519
1568796548.769
1568796549.019
1568796549.269
1568796549.519
1568796549.769
1568796550.019
1568796550.269
1568796550.519
1568796550.769
1568796551.019
1568796551.269
1568796551.519
1568796551.769
1568796552.019
1568796552.269
1568796552.519
1568796552.769
1568796553.019
1568796553.269
1568796553.519
1568796553.769
1568796554.019
1568796554.269
1568796554.519
1568796554.769
1568796555.019
1568796555.269
1568796555.519
1568796555.769
1568796556.019
1568796556.269
1568796556.519
1568796556.769
1568796557.019
1568796557.269
1568796557.519
1568796557.769
1568796558.019
1568796558.269
1568796558.519
1568796558.769
1568796559.019
1568796559.269
1568796559.519
1568796559.769
1568796560.019
1568796560.269
1568796560.519
1568796560.769
1568796561.019
1568796561.269
1568796561.519
1568796561.769
1568796562.019
1568796562.269
1568796562.519
1568796562.769
1568796563.019
1568796563.269
1568796563.519
1568796563.769
1568796564.019
1568796564.269
1568796564.519
1568796564.769
1568796565.019
1568796565.269
1568796565.519
1568796565.769
1568796566.019
1568796566.269
1568796566.519
1568796566.769
1568796567.019
1568796567.269
1568796567.519
1568796567.769
1568796568.019
1568796568.269
1568796568.519
1568796568.769
1568796569.019
1568796569.269
1568796569.519
1568796569.769
1568796570.019
1568796570.269
1568796570.519
1568796570.769
1568796571.019
1568796571.269
1568796571.519
1568796571.769
1568796572.019
1568796572.269
1568796572.519
1568796572.769
1568796573.019
1568796573.269
1568796573.519
1568796573.769
1568796574.019
1568796574.269
1568796574.519
1568796574.769
1568796575.019
1568796575.269
1568796575.519
1568796575.769
1568796576.019
1568796576.269
1568796576.519
1568796576.769
1568796577.019
1568796577.269
1568796577.519
1568796577.769
1568796578.019
1568796578.269
1568796578.519
1568796578.769
1568796579.019
1568796579.269
1568796579.519
1568796579.769
1568796580.019
1568796580.269
1568796580.519
1568796580.769
1568796581.019
1568796581.269
1568796581.519
1568796581.769
1568796582.019
1568796582.269
1568796582.519
1568796582.769
1568796583.019
1568796583.269
1568796583.519
1568796583.769
1568796584.019
1568796584.269
1568796584.519
1568796584.769
1568796585.019
1568796585.269
1568796585.519
1568796585.769
1568796586.019
1568796586.269
1568796586.519
1568796586.769
1568796587.019
1568796587.269
1568796587.519
1568796587.769
1568796588.019
1568796588.269
1568796588.519
1568796588.769
1568796589.019
1568796589.269
1568796589.519
1568796589.769
1568796590.019
1568796590.269
1568796590.519
1568796590.769
1568796591.019
1568796591.269
1568796591.519
1568796591.769
1568796592.019
1568796592.269
1568796592.519
1568796592.769
1568796593.019
1568796593.269
1568796593.519
1568796593.769
1568796594.019
1568796594.269
1568796594.519
1568796594.769
1568796595.019
1568796595.269
1568796595.519
1568796595.769
1568796596.019
1568796596.269
1568796596.519
1568796596.769
1568796597.019
1568796597.269
1568796597.519
1568796597.769
1568796598.019
1568796598.269
1568796598.519
1568796598.769
1568796599.019
1568796599.269
1568796599.519
1568796599.769
1568796600.019
1568796600.269
1568796600.519
1568796600.769
1568796601.019
1568796601.269
1568796601.519
1568796601.769
1568796602.019
1568796602.269
1568796602.519
1568796602.769
1568796603.019
1568796603.269
1568796603.519
1568796603.769
1568796604.019
1568796604.269
1568796604.519
1568796604.769
1568796605.019
1568796605.269
1568796605.519
1568796605.769
1568796606.019
1568796606.269
1568796606.519
1568796606.769
1568796607.019
1568796607.269
1568796607.519
1568796607.769
1568796608.019
1568796608.269
1568796608.519
1568796608.769
1568796609.019
1568796609.269
1568796609.519
1568796609.769
1568796610.019
1568796610.269
1568796610.519
1568796610.769
1568796611.019
1568796611.269
1568796611.519
1568796611.769
1568796612.019
1568796612.269
1568796612.519
1568796612.769
1568796613.019
1568796613.269
1568796613.519
1568796613.769
1568796614.019
1568796614.269
1568796614.519
1568796614.769
1568796615.019
1568796615.269
1568796615.519
1568796615.769
1568796616.019
1568796616.269
1568796616.519
1568796616.769
1568796617.019
1568796617.269
1568796617.519
1568796617.769
1568796618.019
1568796618.269
1568796618.519
1568796618.769
1568796619.019
1568796619.269
1568796619.519
1568796619.769
1568796620.019
1568796620.269
1568796620.519
1568796620.769
1568796621.019
1568796621.269
1568796621.519
1568796621.769
1568796622.019
1568796622.269
1568796622.519
1568796622.769
1568796623.019
1568796623.269
1568796623.519
1568796623.769
1568796624.019
1568796624.269
1568796624.519
1568796624.769
1568796625.019
1568796625.269
1568796625.519
1568796625.769
1568796626.019
1568796626.269
1568796626.519
1568796626.769
1568796627.019
1568796627.269
1568796627.519
1568796627.769
1568796628.019
1568796628.269
1568796628.519
1568796628.769
1568796629.019
1568796629.269
1568796629.519
1568796629.769
1568796630.019
1568796630.269
1568796630.519
1568796630.769
1568796631.019
1568796631.269
1568796631.519
1568796631.769
1568796632.019
1568796632.269
1568796632.519
1568796632.769
1568796633.019
1568796633.269
1568796633.519
1568796633.769
1568796634.019
1568796634.269
1568796634.519
1568796634.769
1568796635.019
1568796635.269
1568796635.519
1568796635.769
1568796636.019
1568796636.269
1568796636.519
1568796636.769
1568796637.019
1568796637.269
1568796637.519
1568796637.769
1568796638.019
1568796638.269
1568796638.519
1568796638.769
1568796639.019
1568796639.269
1568796639.519
1568796639.769
1568796640.019
1568796640.269
1568796640.519
1568796640.769
1568796641.019
1568796641.269
1568796641.519
1568796641.769
1568796642.019
1568796642.269
1568796642.519
1568796642.769
1568796643.019
1568796643.269
1568796643.519
1568796643.769
1568796644.019
1568796644.269
1568796644.519
1568796644.769
1568796645.019
1568796645.269
1568796645.519
1568796645.769
1568796646.019
1568796646.269
1568796646.519
1568796646.769
1568796647.019
1568796647.269
1568796647.519
1568796647.769
1568796648.019
1568796648.269
1568796648.519
1568796648.769
1568796649.019
1568796649.269
1568796649.519
1568796649.769
1568796650.019
1568796650.269
1568796650.519
1568796650.769
