0.1501826
0.1450573
0.1450573
0.1463386
0.1463386
0.1424946
0.1476199
0.1476199
0.1476199
0.1450573
0.1476199
0.1489013
0.1476199
0.1476199
0.1463386
0.1489013
0.1463386
0.1476199
0.1501826
0.1463386
0.1476199
0.1489013
0.1476199
0.1489013
0.1476199
0.1489013
0.1501826
0.1489013
0.1489013
0.1476199
0.1463386
0.1424946
0.1450573
0.1450573
0.1463386
0.1450573
0.1450573
0.1450573
0.1412133
0.1476199
0.1476199
0.1489013
0.1476199
0.1476199
0.1501826
0.1489013
0.1489013
0.1476199
0.1476199
0.143776
0.1501826
0.1501826
0.1501826
0.1476199
0.1489013
0.1450573
0.1450573
0.1463386
0.1463386
0.1450573
0.143776
0.1463386
0.1424946
0.1450573
0.1476199
0.1463386
0.1450573
0.1463386
0.1463386
0.1476199
0.1514639
0.1476199
0.1463386
0.1501826
0.1514639
0.1489013
0.1489013
0.1501826
0.1501826
0.1501826
0.1527453
0.1476199
0.143776
0.1476199
0.1476199
0.1501826
0.1514639
0.1476199
0.1501826
0.1501826
0.1501826
0.1527453
0.1540266
0.1450573
0.1463386
0.1463386
0.1463386
0.1476199
0.1476199
0.1476199
0.1450573
0.1463386
0.1450573
0.1450573
0.1450573
0.1463386
0.1463386
0.1450573
0.1476199
0.1476199
0.1463386
0.1489013
0.1489013
0.1463386
0.1489013
0.1450573
0.1463386
0.1489013
0.1501826
0.1476199
0.1463386
0.1489013
0.1450573
0.1476199
0.1476199
0.1476199
0.1450573
0.1463386
0.1424946
0.1463386
0.143776
0.143776
0.1450573
0.1450573
0.1450573
0.1424946
0.1450573
0.139932
0.1450573
0.1450573
0.1450573
0.1450573
0.143776
0.1476199
0.1489013
0.1463386
0.1450573
0.1476199
0.143776
0.1463386
0.1463386
0.1463386
0.1476199
0.1476199
0.1463386
0.1476199
0.1463386
0.1463386
0.1412133
0.1476199
0.1476199
0.1489013
0.1476199
0.1450573
0.1424946
0.1424946
0.1424946
0.143776
0.1450573
0.1450573
0.1412133
0.143776
0.1424946
0.143776
0.143776
0.1463386
0.1463386
0.1450573
0.1489013
0.1489013
0.1476199
0.143776
0.1489013
0.1450573
0.1463386
0.1463386
0.1450573
0.1501826
0.143776
0.1489013
0.1463386
0.1450573
0.1424946
0.1463386
0.139932
0.1386506
0.1412133
0.1373693
0.139932
0.139932
0.1412133
0.1424946
0.143776
0.1386506
0.1476199
0.1476199
0.1476199
0.1476199
0.1463386
0.1476199
0.1476199
0.1463386
0.1514639
0.1476199
0.1463386
0.1424946
0.1476199
0.1450573
0.1463386
0.1489013
0.1463386
0.1424946
0.1412133
0.143776
0.143776
0.1386506
0.1424946
0.1450573
0.1450573
0.1424946
0.143776
0.1450573
0.1463386
0.1450573
0.143776
0.1450573
0.139932
0.1424946
0.1463386
0.1450573
0.143776
0.1450573
0.1450573
0.1424946
0.1463386
0.1463386
0.1424946
0.1373693
0.1412133
0.1412133
0.1412133
0.1412133
0.1412133
0.1424946
0.1412133
0.1412133
0.1424946
0.1450573
0.139932
0.1450573
0.143776
0.1424946
0.1424946
0.1463386
0.1463386
0.143776
0.143776
0.1424946
0.1450573
0.1450573
0.1450573
0.1463386
0.139932
0.1412133
0.139932
0.1412133
0.139932
0.139932
0.139932
0.1450573
0.1412133
0.143776
0.1424946
0.1424946
0.1424946
0.1450573
0.1412133
0.143776
0.1412133
0.143776
0.1476199
0.143776
0.1424946
0.1463386
0.1450573
0.143776
0.1476199
0.1450573
0.1450573
0.139932
0.1424946
0.1412133
0.1348066
0.1412133
0.1412133
0.1412133
0.1412133
0.143776
0.1412133
0.1412133
0.1424946
0.1450573
0.143776
0.139932
0.1412133
0.143776
0.1463386
0.1424946
0.143776
0.1450573
0.1450573
0.1424946
0.143776
0.1424946
0.1386506
0.1424946
0.1450573
0.1450573
0.143776
0.1424946
0.1424946
0.1463386
0.1476199
0.143776
0.143776
0.1424946
0.1450573
0.1412133
0.1412133
0.1386506
0.139932
0.1386506
0.139932
0.1386506
0.139932
0.1412133
0.136088
0.1412133
0.1412133
0.139932
0.1386506
0.139932
0.139932
0.1424946
0.139932
0.139932
0.1412133
0.1373693
0.139932
0.1424946
0.143776
0.1424946
0.1424946
0.1412133
0.1412133
0.1412133
0.143776
0.1412133
0.1373693
0.143776
0.1476199
0.1412133
0.1424946
0.143776
0.143776
0.143776
0.1424946
0.143776
0.143776
0.139932
0.1450573
0.1424946
0.143776
0.1450573
0.1424946
0.1412133
0.1373693
0.1386506
0.1386506
0.1386506
0.139932
0.139932
0.139932
0.1386506
0.1412133
0.139932
0.139932
0.1386506
0.139932
0.1412133
0.139932
0.1373693
0.143776
0.1424946
0.139932
0.139932
0.1412133
0.1412133
0.1424946
0.1424946
0.1424946
0.1412133
0.136088
0.1412133
0.1450573
0.1450573
0.1386506
0.1424946
0.143776
0.143776
0.1424946
0.1424946
0.1386506
0.1373693
0.1386506
0.136088
0.1386506
0.139932
0.1386506
0.1386506
0.1424946
0.1373693
0.139932
0.1412133
0.1424946
0.1450573
0.1463386
0.1450573
0.143776
0.1412133
0.143776
0.1424946
0.1412133
0.1424946
0.1424946
0.136088
0.1424946
0.1412133
0.1412133
0.113024
0.1117427
0.1117427
0.113024
0.1219933
0.1143053
0.116868
0.116868
0.120712
0.1284
0.1335253
0.1335253
0.1373693
0.139932
0.1424946
0.143776
0.1450573
0.1424946
0.1412133
0.1412133
0.1386506
0.139932
0.1335253
0.1373693
0.1373693
0.1373693
0.1489013
0.1335253
0.1335253
0.1271186
0.1309626
0.1271186
0.1309626
0.1309626
0.1309626
0.1284
0.1296813
0.1296813
0.1296813
0.1296813
0.1309626
0.1309626
0.132244
0.1348066
0.1309626
0.1335253
0.136088
0.136088
0.1348066
0.1386506
0.1373693
0.1309626
0.136088
0.1386506
0.1386506
0.1373693
0.136088
0.1373693
0.1335253
0.132244
0.1309626
0.1335253
0.1284
0.1296813
0.1335253
0.132244
0.1309626
0.132244
0.132244
0.1348066
0.132244
0.136088
0.1348066
0.1309626
0.1335253
0.1373693
0.132244
0.136088
0.1348066
0.1335253
0.136088
0.1335253
0.1309626
0.1309626
0.1271186
0.1296813
0.1309626
0.1296813
0.1296813
0.1296813
0.1296813
0.1296813
0.1296813
0.132244
0.1309626
0.1296813
0.1309626
0.1335253
0.132244
0.132244
0.1348066
0.1335253
0.1309626
0.1335253
0.1309626
0.1309626
0.1296813
0.132244
0.1309626
0.1271186
0.1271186
0.1258373
0.1271186
0.1284
0.1296813
0.1271186
0.1284
0.124556
0.1309626
0.1309626
0.1271186
0.1284
0.1284
0.1309626
0.1258373
0.1296813
0.1258373
0.1296813
0.1271186
0.1271186
0.1284
0.1271186
0.124556
0.1284
0.1232747
0.124556
0.124556
0.1232747
0.1232747
0.1181493
0.1219933
0.1258373
0.124556
0.1219933
0.1219933
0.1271186
0.124556
0.1232747
0.124556
0.1258373
0.124556
0.124556
0.1258373
0.1219933
0.1232747
0.124556
0.124556
0.1258373
0.1258373
0.1258373
0.124556
0.120712
0.1232747
0.124556
0.124556
0.1258373
0.1232747
0.1232747
0.1194307
0.1194307
0.1194307
0.1194307
0.116868
0.120712
0.120712
0.1194307
0.1181493
0.120712
0.1194307
0.1194307
0.120712
0.1194307
0.116868
0.113024
0.1194307
0.1181493
0.1194307
0.1194307
0.124556
0.120712
0.1232747
0.120712
0.120712
0.1194307
0.1143053
0.1194307
0.1219933
0.1194307
0.1219933
0.1219933
0.120712
0.1194307
0.1194307
0.120712
0.120712
0.1143053
0.1194307
0.116868
0.1232747
0.1232747
0.1219933
0.1219933
0.1219933
0.1232747
0.1232747
0.1181493
0.1143053
0.1155867
0.1181493
0.116868
0.1155867
0.116868
0.1194307
0.1155867
0.1181493
0.1194307
0.116868
0.1155867
0.120712
0.1232747
0.1219933
0.1194307
0.116868
0.116868
0.1194307
0.120712
0.1194307
0.1194307
0.1181493
0.120712
0.120712
0.1232747
0.1181493
0.1194307
0.1219933
0.124556
0.1219933
0.1232747
0.1143053
0.1155867
0.1143053
0.1181493
0.1155867
0.1181493
0.1181493
0.1181493
0.1143053
0.116868
0.1155867
0.1194307
0.1155867
0.1194307
0.1219933
0.120712
0.1194307
0.120712
0.1181493
0.1194307
0.1194307
0.1181493
0.116868
0.116868
0.1143053
0.1219933
0.120712
0.120712
0.1181493
0.120712
0.116868
0.1155867
0.116868
0.1194307
0.113024
0.1194307
0.116868
0.116868
0.1143053
0.116868
0.1155867
0.1181493
0.1194307
0.1194307
0.1181493
0.113024
0.120712
0.1219933
0.1155867
0.1155867
0.1181493
0.120712
0.116868
0.1181493
0.120712
0.1219933
0.116868
0.1194307
0.1181493
0.1194307
0.1155867
0.1155867
0.1155867
0.1143053
0.1155867
0.1155867
0.1143053
0.1117427
0.1181493
0.1155867
0.1155867
0.1143053
0.1194307
0.1181493
0.1194307
0.116868
0.116868
0.1143053
0.113024
0.120712
0.1219933
0.120712
0.1181493
0.1181493
0.1181493
0.1194307
0.113024
0.1181493
0.1181493
0.1117427
0.1181493
0.1143053
0.1143053
0.1143053
0.1143053
0.1155867
0.1143053
0.1143053
0.1143053
0.113024
0.1104613
0.1143053
0.1143053
0.1155867
0.1155867
0.1181493
0.116868
0.1194307
0.116868
0.1155867
0.116868
0.1155867
0.1143053
0.1181493
0.1155867
0.1194307
0.1181493
0.1194307
0.1194307
0.1194307
0.1194307
0.1155867
0.113024
0.113024
0.1143053
0.113024
0.1143053
0.1143053
0.1143053
0.113024
0.1143053
0.1155867
0.1143053
0.1078987
0.116868
0.1181493
0.1155867
0.113024
0.1155867
0.1155867
0.1194307
0.1155867
0.1155867
0.1181493
0.1143053
0.1181493
0.1219933
0.1155867
0.1155867
0.1155867
0.1143053
0.113024
0.1117427
0.1143053
0.113024
0.1104613
0.1117427
0.1143053
0.1155867
0.113024
0.113024
0.1155867
0.1143053
0.1155867
0.1143053
0.1143053
0.1155867
0.1194307
0.116868
0.1181493
0.113024
0.1155867
0.1181493
0.1181493
0.1155867
0.1181493
0.1143053
0.1078987
0.113024
0.1117427
0.1117427
0.1155867
0.1143053
0.113024
0.113024
0.1117427
0.1117427
0.1155867
0.1117427
0.113024
0.1155867
0.116868
0.1143053
0.1155867
0.1155867
0.116868
0.116868
0.1155867
0.1155867
0.105336
0.1181493
0.1181493
0.1155867
0.116868
0.1155867
0.1117427
0.113024
0.113024
0.1117427
0.1117427
0.10918
0.1117427
0.1078987
0.113024
0.116868
0.1155867
0.1143053
0.113024
0.116868
0.1143053
0.1155867
0.113024
0.113024
0.113024
0.1143053
0.1155867
0.1181493
0.1194307
0.1181493
0.1155867
0.1104613
0.1104613
0.10918
0.1117427
0.1117427
0.1117427
0.113024
0.1117427
0.1117427
0.1143053
0.113024
0.1143053
0.1155867
0.1143053
0.1143053
0.113024
0.116868
0.113024
0.1155867
0.1155867
0.1143053
0.1143053
0.1155867
0.1155867
0.1117427
0.1155867
0.116868
0.113024
0.1117427
0.1104613
0.1117427
0.1155867
0.1104613
0.1143053
0.1143053
0.1143053
0.1155867
0.1143053
0.113024
0.1143053
0.1181493
0.113024
0.113024
0.1143053
0.113024
0.1143053
0.1117427
0.116868
0.1181493
0.1155867
0.1155867
0.1143053
0.113024
0.1117427
0.1117427
0.113024
0.1117427
0.1117427
0.1143053
0.1155867
0.113024
0.1155867
0.1143053
0.1155867
0.1143053
0.1155867
0.1143053
0.1155867
0.113024
0.113024
0.1155867
0.116868
0.116868
0.113024
0.113024
0.1155867
0.1155867
0.113024
0.1143053
0.1104613
0.113024
0.10918
0.113024
0.113024
0.1143053
0.1155867
0.1143053
0.1143053
0.1143053
0.1143053
0.1104613
0.116868
0.1194307
0.116868
0.1181493
0.1181493
0.1143053
0.1155867
0.1143053
0.116868
0.116868
0.1078987
0.1143053
0.1143053
0.116868
0.116868
0.1155867
0.1143053
0.1155867
0.113024
0.1143053
0.116868
0.1066173
0.1104613
0.1117427
0.1104613
0.1104613
0.113024
0.1117427
0.1117427
0.10918
0.1117427
0.1155867
0.1117427
0.1143053
0.116868
0.1143053
0.1155867
0.1143053
0.113024
0.1143053
0.10918
0.1143053
0.1155867
0.113024
0.113024
0.1155867
0.1143053
0.1181493
0.116868
0.1143053
0.1117427
0.113024
0.1104613
0.1104613
0.1078987
0.113024
0.1143053
0.1143053
0.1117427
0.1117427
0.1117427
0.1117427
0.1117427
0.1143053
0.1143053
0.1066173
0.1155867
0.113024
0.1143053
0.1143053
0.1117427
0.1117427
0.1155867
0.1143053
0.113024
0.1143053
0.1104613
0.1155867
0.116868
0.113024
0.10918
0.1143053
0.1143053
0.1143053
0.1143053
0.116868
0.1117427
0.1066173
0.1117427
0.1078987
0.1143053
0.1104613
0.1117427
0.1104613
0.1117427
0.1104613
0.1117427
0.1117427
0.10918
0.113024
0.1117427
0.113024
0.1104613
0.1117427
0.1117427
0.1117427
0.1143053
0.1155867
0.1143053
0.1117427
0.1117427
0.10918
0.116868
0.113024
0.113024
0.1117427
0.1117427
0.1143053
0.1104613
0.1117427
0.1078987
0.1104613
0.1117427
0.10918
0.1104613
0.1104613
0.1104613
0.1104613
0.1104613
0.1104613
0.1104613
0.10918
0.1117427
0.10918
0.113024
0.1104613
0.1117427
0.1117427
0.113024
0.1143053
0.113024
0.1104613
0.1117427
0.113024
0.1143053
0.1155867
0.1117427
0.113024
0.113024
0.1155867
0.1104613
0.10918
0.1104613
0.1040547
0.113024
0.1143053
0.1117427
0.113024
0.1078987
0.1078987
0.113024
0.1232747
0.113024
0.113024
0.1066173
0.1117427
0.1143053
0.113024
0.113024
0.1143053
0.1155867
0.113024
0.113024
0.1143053
0.1143053
0.10918
0.1143053
0.10918
0.1104613
0.10918
0.1117427
0.10918
