1568794533.019
1568794533.269
1568794533.519
1568794533.769
1568794534.019
1568794534.269
1568794534.519
1568794534.769
1568794535.019
1568794535.269
1568794535.519
1568794535.769
1568794536.019
1568794536.269
1568794536.519
1568794536.769
1568794537.019
1568794537.269
1568794537.519
1568794537.769
1568794538.019
1568794538.269
1568794538.519
1568794538.769
1568794539.019
1568794539.269
1568794539.519
1568794539.769
1568794540.019
1568794540.269
1568794540.519
1568794540.769
1568794541.019
1568794541.269
1568794541.519
1568794541.769
1568794542.019
1568794542.269
1568794542.519
1568794542.769
1568794543.019
1568794543.269
1568794543.519
1568794543.769
1568794544.019
1568794544.269
1568794544.519
1568794544.769
1568794545.019
1568794545.269
1568794545.519
1568794545.769
1568794546.019
1568794546.269
1568794546.519
1568794546.769
1568794547.019
1568794547.269
1568794547.519
1568794547.769
1568794548.019
1568794548.269
1568794548.519
1568794548.769
1568794549.019
1568794549.269
1568794549.519
1568794549.769
1568794550.019
1568794550.269
1568794550.519
1568794550.769
1568794551.019
1568794551.269
1568794551.519
1568794551.769
1568794552.019
1568794552.269
1568794552.519
1568794552.769
1568794553.019
1568794553.269
1568794553.519
1568794553.769
1568794554.019
1568794554.269
1568794554.519
1568794554.769
1568794555.019
1568794555.269
1568794555.519
1568794555.769
1568794556.019
1568794556.269
1568794556.519
1568794556.769
1568794557.019
1568794557.269
1568794557.519
1568794557.769
1568794558.019
1568794558.269
1568794558.519
1568794558.769
1568794559.019
1568794559.269
1568794559.519
1568794559.769
1568794560.019
1568794560.269
1568794560.519
1568794560.769
1568794561.019
1568794561.269
1568794561.519
1568794561.769
1568794562.019
1568794562.269
1568794562.519
1568794562.769
1568794563.019
1568794563.269
1568794563.519
1568794563.769
1568794564.019
1568794564.269
1568794564.519
1568794564.769
1568794565.019
1568794565.269
1568794565.519
1568794565.769
1568794566.019
1568794566.269
1568794566.519
1568794566.769
1568794567.019
1568794567.269
1568794567.519
1568794567.769
1568794568.019
1568794568.269
1568794568.519
1568794568.769
1568794569.019
1568794569.269
1568794569.519
1568794569.769
1568794570.019
1568794570.269
1568794570.519
1568794570.769
1568794571.019
1568794571.269
1568794571.519
1568794571.769
1568794572.019
1568794572.269
1568794572.519
1568794572.769
1568794573.019
1568794573.269
1568794573.519
1568794573.769
1568794574.019
1568794574.269
1568794574.519
1568794574.769
1568794575.019
1568794575.269
1568794575.519
1568794575.769
1568794576.019
1568794576.269
1568794576.519
1568794576.769
1568794577.019
1568794577.269
1568794577.519
1568794577.769
1568794578.019
1568794578.269
1568794578.519
1568794578.769
1568794579.019
1568794579.269
1568794579.519
1568794579.769
1568794580.019
1568794580.269
1568794580.519
1568794580.769
1568794581.019
1568794581.269
1568794581.519
1568794581.769
1568794582.019
1568794582.269
1568794582.519
1568794582.769
1568794583.019
1568794583.269
1568794583.519
1568794583.769
1568794584.019
1568794584.269
1568794584.519
1568794584.769
1568794585.019
1568794585.269
1568794585.519
1568794585.769
1568794586.019
1568794586.269
1568794586.519
1568794586.769
1568794587.019
1568794587.269
1568794587.519
1568794587.769
1568794588.019
1568794588.269
1568794588.519
1568794588.769
1568794589.019
1568794589.269
1568794589.519
1568794589.769
1568794590.019
1568794590.269
1568794590.519
1568794590.769
1568794591.019
1568794591.269
1568794591.519
1568794591.769
1568794592.019
1568794592.269
1568794592.519
1568794592.769
1568794593.019
1568794593.269
1568794593.519
1568794593.769
1568794594.019
1568794594.269
1568794594.519
1568794594.769
1568794595.019
1568794595.269
1568794595.519
1568794595.769
1568794596.019
1568794596.269
1568794596.519
1568794596.769
1568794597.019
1568794597.269
1568794597.519
1568794597.769
1568794598.019
1568794598.269
1568794598.519
1568794598.769
1568794599.019
1568794599.269
1568794599.519
1568794599.769
1568794600.019
1568794600.269
1568794600.519
1568794600.769
1568794601.019
1568794601.269
1568794601.519
1568794601.769
1568794602.019
1568794602.269
1568794602.519
1568794602.769
1568794603.019
1568794603.269
1568794603.519
1568794603.769
1568794604.019
1568794604.269
1568794604.519
1568794604.769
1568794605.019
1568794605.269
1568794605.519
1568794605.769
1568794606.019
1568794606.269
1568794606.519
1568794606.769
1568794607.019
1568794607.269
1568794607.519
1568794607.769
1568794608.019
1568794608.269
1568794608.519
1568794608.769
1568794609.019
1568794609.269
1568794609.519
1568794609.769
1568794610.019
1568794610.269
1568794610.519
1568794610.769
1568794611.019
1568794611.269
1568794611.519
1568794611.769
1568794612.019
1568794612.269
1568794612.519
1568794612.769
1568794613.019
1568794613.269
1568794613.519
1568794613.769
1568794614.019
1568794614.269
1568794614.519
1568794614.769
1568794615.019
1568794615.269
1568794615.519
1568794615.769
1568794616.019
1568794616.269
1568794616.519
1568794616.769
1568794617.019
1568794617.269
1568794617.519
1568794617.769
1568794618.019
1568794618.269
1568794618.519
1568794618.769
1568794619.019
1568794619.269
1568794619.519
1568794619.769
1568794620.019
1568794620.269
1568794620.519
1568794620.769
1568794621.019
1568794621.269
1568794621.519
1568794621.769
1568794622.019
1568794622.269
1568794622.519
1568794622.769
1568794623.019
1568794623.269
1568794623.519
1568794623.769
1568794624.019
1568794624.269
1568794624.519
1568794624.769
1568794625.019
1568794625.269
1568794625.519
1568794625.769
1568794626.019
1568794626.269
1568794626.519
1568794626.769
1568794627.019
1568794627.269
1568794627.519
1568794627.769
1568794628.019
1568794628.269
1568794628.519
1568794628.769
1568794629.019
1568794629.269
1568794629.519
1568794629.769
1568794630.019
1568794630.269
1568794630.519
1568794630.769
1568794631.019
1568794631.269
1568794631.519
1568794631.769
1568794632.019
1568794632.269
1568794632.519
1568794632.769
1568794633.019
1568794633.269
1568794633.519
1568794633.769
1568794634.019
1568794634.269
1568794634.519
1568794634.769
1568794635.019
1568794635.269
1568794635.519
1568794635.769
1568794636.019
1568794636.269
1568794636.519
1568794636.769
1568794637.019
1568794637.269
1568794637.519
1568794637.769
1568794638.019
1568794638.269
1568794638.519
1568794638.769
1568794639.019
1568794639.269
1568794639.519
1568794639.769
1568794640.019
1568794640.269
1568794640.519
1568794640.769
1568794641.019
1568794641.269
1568794641.519
1568794641.769
1568794642.019
1568794642.269
1568794642.519
1568794642.769
1568794643.019
1568794643.269
1568794643.519
1568794643.769
1568794644.019
1568794644.269
1568794644.519
1568794644.769
1568794645.019
1568794645.269
1568794645.519
1568794645.769
1568794646.019
1568794646.269
1568794646.519
1568794646.769
1568794647.019
1568794647.269
1568794647.519
1568794647.769
1568794648.019
1568794648.269
1568794648.519
1568794648.769
1568794649.019
1568794649.269
1568794649.519
1568794649.769
1568794650.019
1568794650.269
1568794650.519
1568794650.769
1568794651.019
1568794651.269
1568794651.519
1568794651.769
1568794652.019
1568794652.269
1568794652.519
1568794652.769
1568794653.019
1568794653.269
1568794653.519
1568794653.769
1568794654.019
1568794654.269
1568794654.519
1568794654.769
1568794655.019
1568794655.269
1568794655.519
1568794655.769
1568794656.019
1568794656.269
1568794656.519
1568794656.769
1568794657.019
1568794657.269
1568794657.519
1568794657.769
1568794658.019
1568794658.269
1568794658.519
1568794658.769
1568794659.019
1568794659.269
1568794659.519
1568794659.769
1568794660.019
1568794660.269
1568794660.519
1568794660.769
1568794661.019
1568794661.269
1568794661.519
1568794661.769
1568794662.019
1568794662.269
1568794662.519
1568794662.769
1568794663.019
1568794663.269
1568794663.519
1568794663.769
1568794664.019
1568794664.269
1568794664.519
1568794664.769
1568794665.019
1568794665.269
1568794665.519
1568794665.769
1568794666.019
1568794666.269
1568794666.519
1568794666.769
1568794667.019
1568794667.269
1568794667.519
1568794667.769
1568794668.019
1568794668.269
1568794668.519
1568794668.769
1568794669.019
1568794669.269
1568794669.519
1568794669.769
1568794670.019
1568794670.269
1568794670.519
1568794670.769
1568794671.019
1568794671.269
1568794671.519
1568794671.769
1568794672.019
1568794672.269
1568794672.519
1568794672.769
1568794673.019
1568794673.269
1568794673.519
1568794673.769
1568794674.019
1568794674.269
1568794674.519
1568794674.769
1568794675.019
1568794675.269
1568794675.519
1568794675.769
1568794676.019
1568794676.269
1568794676.519
1568794676.769
1568794677.019
1568794677.269
1568794677.519
1568794677.769
1568794678.019
1568794678.269
1568794678.519
1568794678.769
1568794679.019
1568794679.269
1568794679.519
1568794679.769
1568794680.019
1568794680.269
1568794680.519
1568794680.769
1568794681.019
1568794681.269
1568794681.519
1568794681.769
1568794682.019
1568794682.269
1568794682.519
1568794682.769
1568794683.019
1568794683.269
1568794683.519
1568794683.769
1568794684.019
1568794684.269
1568794684.519
1568794684.769
1568794685.019
1568794685.269
1568794685.519
1568794685.769
1568794686.019
1568794686.269
1568794686.519
1568794686.769
1568794687.019
1568794687.269
1568794687.519
1568794687.769
1568794688.019
1568794688.269
1568794688.519
1568794688.769
1568794689.019
1568794689.269
1568794689.519
1568794689.769
1568794690.019
1568794690.269
1568794690.519
1568794690.769
1568794691.019
1568794691.269
1568794691.519
1568794691.769
1568794692.019
1568794692.269
1568794692.519
1568794692.769
1568794693.019
1568794693.269
1568794693.519
1568794693.769
1568794694.019
1568794694.269
1568794694.519
1568794694.769
1568794695.019
1568794695.269
1568794695.519
1568794695.769
1568794696.019
1568794696.269
1568794696.519
1568794696.769
1568794697.019
1568794697.269
1568794697.519
1568794697.769
1568794698.019
1568794698.269
1568794698.519
1568794698.769
1568794699.019
1568794699.269
1568794699.519
1568794699.769
1568794700.019
1568794700.269
1568794700.519
1568794700.769
1568794701.019
1568794701.269
1568794701.519
1568794701.769
1568794702.019
1568794702.269
1568794702.519
1568794702.769
1568794703.019
1568794703.269
1568794703.519
1568794703.769
1568794704.019
1568794704.269
1568794704.519
1568794704.769
1568794705.019
1568794705.269
1568794705.519
1568794705.769
1568794706.019
1568794706.269
1568794706.519
1568794706.769
1568794707.019
1568794707.269
1568794707.519
1568794707.769
1568794708.019
1568794708.269
1568794708.519
1568794708.769
1568794709.019
1568794709.269
1568794709.519
1568794709.769
1568794710.019
1568794710.269
1568794710.519
1568794710.769
1568794711.019
1568794711.269
1568794711.519
1568794711.769
1568794712.019
1568794712.269
1568794712.519
1568794712.769
1568794713.019
1568794713.269
1568794713.519
1568794713.769
1568794714.019
1568794714.269
1568794714.519
1568794714.769
1568794715.019
1568794715.269
1568794715.519
1568794715.769
1568794716.019
1568794716.269
1568794716.519
1568794716.769
1568794717.019
1568794717.269
1568794717.519
1568794717.769
1568794718.019
1568794718.269
1568794718.519
1568794718.769
1568794719.019
1568794719.269
1568794719.519
1568794719.769
1568794720.019
1568794720.269
1568794720.519
1568794720.769
1568794721.019
1568794721.269
1568794721.519
1568794721.769
1568794722.019
1568794722.269
1568794722.519
1568794722.769
1568794723.019
1568794723.269
1568794723.519
1568794723.769
1568794724.019
1568794724.269
1568794724.519
1568794724.769
1568794725.019
1568794725.269
1568794725.519
1568794725.769
1568794726.019
1568794726.269
1568794726.519
1568794726.769
1568794727.019
1568794727.269
1568794727.519
1568794727.769
1568794728.019
1568794728.269
1568794728.519
1568794728.769
1568794729.019
1568794729.269
1568794729.519
1568794729.769
1568794730.019
1568794730.269
1568794730.519
1568794730.769
1568794731.019
1568794731.269
1568794731.519
1568794731.769
1568794732.019
1568794732.269
1568794732.519
1568794732.769
1568794733.019
1568794733.269
1568794733.519
1568794733.769
1568794734.019
1568794734.269
1568794734.519
1568794734.769
1568794735.019
1568794735.269
1568794735.519
1568794735.769
1568794736.019
1568794736.269
1568794736.519
1568794736.769
1568794737.019
1568794737.269
1568794737.519
1568794737.769
1568794738.019
1568794738.269
1568794738.519
1568794738.769
1568794739.019
1568794739.269
1568794739.519
1568794739.769
1568794740.019
1568794740.269
1568794740.519
1568794740.769
1568794741.019
1568794741.269
1568794741.519
1568794741.769
1568794742.019
1568794742.269
1568794742.519
1568794742.769
1568794743.019
1568794743.269
1568794743.519
1568794743.769
1568794744.019
1568794744.269
1568794744.519
1568794744.769
1568794745.019
1568794745.269
1568794745.519
1568794745.769
1568794746.019
1568794746.269
1568794746.519
1568794746.769
1568794747.019
1568794747.269
1568794747.519
1568794747.769
1568794748.019
1568794748.269
1568794748.519
1568794748.769
1568794749.019
1568794749.269
1568794749.519
1568794749.769
1568794750.019
1568794750.269
1568794750.519
1568794750.769
1568794751.019
1568794751.269
1568794751.519
1568794751.769
1568794752.019
1568794752.269
1568794752.519
1568794752.769
1568794753.019
1568794753.269
1568794753.519
1568794753.769
1568794754.019
1568794754.269
1568794754.519
1568794754.769
1568794755.019
1568794755.269
1568794755.519
1568794755.769
1568794756.019
1568794756.269
1568794756.519
1568794756.769
1568794757.019
1568794757.269
1568794757.519
1568794757.769
1568794758.019
1568794758.269
1568794758.519
1568794758.769
1568794759.019
1568794759.269
1568794759.519
1568794759.769
1568794760.019
1568794760.269
1568794760.519
1568794760.769
1568794761.019
1568794761.269
1568794761.519
1568794761.769
1568794762.019
1568794762.269
1568794762.519
1568794762.769
1568794763.019
1568794763.269
1568794763.519
1568794763.769
1568794764.019
1568794764.269
1568794764.519
1568794764.769
1568794765.019
1568794765.269
1568794765.519
1568794765.769
1568794766.019
1568794766.269
1568794766.519
1568794766.769
1568794767.019
1568794767.269
1568794767.519
1568794767.769
1568794768.019
1568794768.269
1568794768.519
1568794768.769
1568794769.019
1568794769.269
1568794769.519
1568794769.769
1568794770.019
1568794770.269
1568794770.519
1568794770.769
1568794771.019
1568794771.269
1568794771.519
1568794771.769
1568794772.019
1568794772.269
1568794772.519
1568794772.769
1568794773.019
1568794773.269
1568794773.519
1568794773.769
1568794774.019
1568794774.269
1568794774.519
1568794774.769
1568794775.019
1568794775.269
1568794775.519
1568794775.769
1568794776.019
1568794776.269
1568794776.519
1568794776.769
1568794777.019
1568794777.269
1568794777.519
1568794777.769
1568794778.019
1568794778.269
1568794778.519
1568794778.769
1568794779.019
1568794779.269
1568794779.519
1568794779.769
1568794780.019
1568794780.269
1568794780.519
1568794780.769
1568794781.019
1568794781.269
1568794781.519
1568794781.769
1568794782.019
1568794782.269
1568794782.519
1568794782.769
1568794783.019
1568794783.269
1568794783.519
1568794783.769
1568794784.019
1568794784.269
1568794784.519
1568794784.769
1568794785.019
1568794785.269
1568794785.519
1568794785.769
1568794786.019
1568794786.269
1568794786.519
1568794786.769
1568794787.019
1568794787.269
1568794787.519
1568794787.769
1568794788.019
1568794788.269
1568794788.519
1568794788.769
1568794789.019
1568794789.269
1568794789.519
1568794789.769
1568794790.019
1568794790.269
1568794790.519
1568794790.769
1568794791.019
1568794791.269
1568794791.519
1568794791.769
1568794792.019
1568794792.269
1568794792.519
1568794792.769
1568794793.019
1568794793.269
1568794793.519
1568794793.769
1568794794.019
1568794794.269
1568794794.519
1568794794.769
1568794795.019
1568794795.269
1568794795.519
1568794795.769
1568794796.019
1568794796.269
1568794796.519
1568794796.769
1568794797.019
1568794797.269
1568794797.519
1568794797.769
1568794798.019
1568794798.269
1568794798.519
1568794798.769
1568794799.019
1568794799.269
1568794799.519
1568794799.769
1568794800.019
1568794800.269
1568794800.519
1568794800.769
1568794801.019
1568794801.269
1568794801.519
1568794801.769
1568794802.019
1568794802.269
1568794802.519
1568794802.769
1568794803.019
1568794803.269
1568794803.519
1568794803.769
1568794804.019
1568794804.269
1568794804.519
1568794804.769
1568794805.019
1568794805.269
1568794805.519
1568794805.769
1568794806.019
1568794806.269
1568794806.519
1568794806.769
1568794807.019
1568794807.269
1568794807.519
1568794807.769
1568794808.019
1568794808.269
1568794808.519
1568794808.769
1568794809.019
1568794809.269
1568794809.519
1568794809.769
1568794810.019
1568794810.269
1568794810.519
1568794810.769
1568794811.019
1568794811.269
1568794811.519
1568794811.769
1568794812.019
1568794812.269
1568794812.519
1568794812.769
1568794813.019
1568794813.269
1568794813.519
1568794813.769
1568794814.019
1568794814.269
1568794814.519
1568794814.769
1568794815.019
1568794815.269
1568794815.519
1568794815.769
1568794816.019
1568794816.269
1568794816.519
1568794816.769
1568794817.019
1568794817.269
1568794817.519
1568794817.769
1568794818.019
1568794818.269
1568794818.519
1568794818.769
1568794819.019
1568794819.269
1568794819.519
1568794819.769
1568794820.019
1568794820.269
1568794820.519
1568794820.769
1568794821.019
1568794821.269
1568794821.519
1568794821.769
1568794822.019
1568794822.269
1568794822.519
1568794822.769
1568794823.019
1568794823.269
1568794823.519
1568794823.769
1568794824.019
1568794824.269
1568794824.519
1568794824.769
1568794825.019
1568794825.269
1568794825.519
1568794825.769
1568794826.019
1568794826.269
1568794826.519
1568794826.769
1568794827.019
1568794827.269
1568794827.519
1568794827.769
1568794828.019
1568794828.269
1568794828.519
1568794828.769
1568794829.019
1568794829.269
1568794829.519
1568794829.769
1568794830.019
1568794830.269
1568794830.519
1568794830.769
1568794831.019
1568794831.269
1568794831.519
1568794831.769
1568794832.019
1568794832.269
1568794832.519
1568794832.769
