1568793503.019
1568793503.269
1568793503.519
1568793503.769
1568793504.019
1568793504.269
1568793504.519
1568793504.769
1568793505.019
1568793505.269
1568793505.519
1568793505.769
1568793506.019
1568793506.269
1568793506.519
1568793506.769
1568793507.019
1568793507.269
1568793507.519
1568793507.769
1568793508.019
1568793508.269
1568793508.519
1568793508.769
1568793509.019
1568793509.269
1568793509.519
1568793509.769
1568793510.019
1568793510.269
1568793510.519
1568793510.769
1568793511.019
1568793511.269
1568793511.519
1568793511.769
1568793512.019
1568793512.269
1568793512.519
1568793512.769
1568793513.019
1568793513.269
1568793513.519
1568793513.769
1568793514.019
1568793514.269
1568793514.519
1568793514.769
1568793515.019
1568793515.269
1568793515.519
1568793515.769
1568793516.019
1568793516.269
1568793516.519
1568793516.769
1568793517.019
1568793517.269
1568793517.519
1568793517.769
1568793518.019
1568793518.269
1568793518.519
1568793518.769
1568793519.019
1568793519.269
1568793519.519
1568793519.769
1568793520.019
1568793520.269
1568793520.519
1568793520.769
1568793521.019
1568793521.269
1568793521.519
1568793521.769
1568793522.019
1568793522.269
1568793522.519
1568793522.769
1568793523.019
1568793523.269
1568793523.519
1568793523.769
1568793524.019
1568793524.269
1568793524.519
1568793524.769
1568793525.019
1568793525.269
1568793525.519
1568793525.769
1568793526.019
1568793526.269
1568793526.519
1568793526.769
1568793527.019
1568793527.269
1568793527.519
1568793527.769
1568793528.019
1568793528.269
1568793528.519
1568793528.769
1568793529.019
1568793529.269
1568793529.519
1568793529.769
1568793530.019
1568793530.269
1568793530.519
1568793530.769
1568793531.019
1568793531.269
1568793531.519
1568793531.769
1568793532.019
1568793532.269
1568793532.519
1568793532.769
1568793533.019
1568793533.269
1568793533.519
1568793533.769
1568793534.019
1568793534.269
1568793534.519
1568793534.769
1568793535.019
1568793535.269
1568793535.519
1568793535.769
1568793536.019
1568793536.269
1568793536.519
1568793536.769
1568793537.019
1568793537.269
1568793537.519
1568793537.769
1568793538.019
1568793538.269
1568793538.519
1568793538.769
1568793539.019
1568793539.269
1568793539.519
1568793539.769
1568793540.019
1568793540.269
1568793540.519
1568793540.769
1568793541.019
1568793541.269
1568793541.519
1568793541.769
1568793542.019
1568793542.269
1568793542.519
1568793542.769
1568793543.019
1568793543.269
1568793543.519
1568793543.769
1568793544.019
1568793544.269
1568793544.519
1568793544.769
1568793545.019
1568793545.269
1568793545.519
1568793545.769
1568793546.019
1568793546.269
1568793546.519
1568793546.769
1568793547.019
1568793547.269
1568793547.519
1568793547.769
1568793548.019
1568793548.269
1568793548.519
1568793548.769
1568793549.019
1568793549.269
1568793549.519
1568793549.769
1568793550.019
1568793550.269
1568793550.519
1568793550.769
1568793551.019
1568793551.269
1568793551.519
1568793551.769
1568793552.019
1568793552.269
1568793552.519
1568793552.769
1568793553.019
1568793553.269
1568793553.519
1568793553.769
1568793554.019
1568793554.269
1568793554.519
1568793554.769
1568793555.019
1568793555.269
1568793555.519
1568793555.769
1568793556.019
1568793556.269
1568793556.519
1568793556.769
1568793557.019
1568793557.269
1568793557.519
1568793557.769
1568793558.019
1568793558.269
1568793558.519
1568793558.769
1568793559.019
1568793559.269
1568793559.519
1568793559.769
1568793560.019
1568793560.269
1568793560.519
1568793560.769
1568793561.019
1568793561.269
1568793561.519
1568793561.769
1568793562.019
1568793562.269
1568793562.519
1568793562.769
1568793563.019
1568793563.269
1568793563.519
1568793563.769
1568793564.019
1568793564.269
1568793564.519
1568793564.769
1568793565.019
1568793565.269
1568793565.519
1568793565.769
1568793566.019
1568793566.269
1568793566.519
1568793566.769
1568793567.019
1568793567.269
1568793567.519
1568793567.769
1568793568.019
1568793568.269
1568793568.519
1568793568.769
1568793569.019
1568793569.269
1568793569.519
1568793569.769
1568793570.019
1568793570.269
1568793570.519
1568793570.769
1568793571.019
1568793571.269
1568793571.519
1568793571.769
1568793572.019
1568793572.269
1568793572.519
1568793572.769
1568793573.019
1568793573.269
1568793573.519
1568793573.769
1568793574.019
1568793574.269
1568793574.519
1568793574.769
1568793575.019
1568793575.269
1568793575.519
1568793575.769
1568793576.019
1568793576.269
1568793576.519
1568793576.769
1568793577.019
1568793577.269
1568793577.519
1568793577.769
1568793578.019
1568793578.269
1568793578.519
1568793578.769
1568793579.019
1568793579.269
1568793579.519
1568793579.769
1568793580.019
1568793580.269
1568793580.519
1568793580.769
1568793581.019
1568793581.269
1568793581.519
1568793581.769
1568793582.019
1568793582.269
1568793582.519
1568793582.769
1568793583.019
1568793583.269
1568793583.519
1568793583.769
1568793584.019
1568793584.269
1568793584.519
1568793584.769
1568793585.019
1568793585.269
1568793585.519
1568793585.769
1568793586.019
1568793586.269
1568793586.519
1568793586.769
1568793587.019
1568793587.269
1568793587.519
1568793587.769
1568793588.019
1568793588.269
1568793588.519
1568793588.769
1568793589.019
1568793589.269
1568793589.519
1568793589.769
1568793590.019
1568793590.269
1568793590.519
1568793590.769
1568793591.019
1568793591.269
1568793591.519
1568793591.769
1568793592.019
1568793592.269
1568793592.519
1568793592.769
1568793593.019
1568793593.269
1568793593.519
1568793593.769
1568793594.019
1568793594.269
1568793594.519
1568793594.769
1568793595.019
1568793595.269
1568793595.519
1568793595.769
1568793596.019
1568793596.269
1568793596.519
1568793596.769
1568793597.019
1568793597.269
1568793597.519
1568793597.769
1568793598.019
1568793598.269
1568793598.519
1568793598.769
1568793599.019
1568793599.269
1568793599.519
1568793599.769
1568793600.019
1568793600.269
1568793600.519
1568793600.769
1568793601.019
1568793601.269
1568793601.519
1568793601.769
1568793602.019
1568793602.269
1568793602.519
1568793602.769
1568793603.019
1568793603.269
1568793603.519
1568793603.769
1568793604.019
1568793604.269
1568793604.519
1568793604.769
1568793605.019
1568793605.269
1568793605.519
1568793605.769
1568793606.019
1568793606.269
1568793606.519
1568793606.769
1568793607.019
1568793607.269
1568793607.519
1568793607.769
1568793608.019
1568793608.269
1568793608.519
1568793608.769
1568793609.019
1568793609.269
1568793609.519
1568793609.769
1568793610.019
1568793610.269
1568793610.519
1568793610.769
1568793611.019
1568793611.269
1568793611.519
1568793611.769
1568793612.019
1568793612.269
1568793612.519
1568793612.769
1568793613.019
1568793613.269
1568793613.519
1568793613.769
1568793614.019
1568793614.269
1568793614.519
1568793614.769
1568793615.019
1568793615.269
1568793615.519
1568793615.769
1568793616.019
1568793616.269
1568793616.519
1568793616.769
1568793617.019
1568793617.269
1568793617.519
1568793617.769
1568793618.019
1568793618.269
1568793618.519
1568793618.769
1568793619.019
1568793619.269
1568793619.519
1568793619.769
1568793620.019
1568793620.269
1568793620.519
1568793620.769
1568793621.019
1568793621.269
1568793621.519
1568793621.769
1568793622.019
1568793622.269
1568793622.519
1568793622.769
1568793623.019
1568793623.269
1568793623.519
1568793623.769
1568793624.019
1568793624.269
1568793624.519
1568793624.769
1568793625.019
1568793625.269
1568793625.519
1568793625.769
1568793626.019
1568793626.269
1568793626.519
1568793626.769
1568793627.019
1568793627.269
1568793627.519
1568793627.769
1568793628.019
1568793628.269
1568793628.519
1568793628.769
1568793629.019
1568793629.269
1568793629.519
1568793629.769
1568793630.019
1568793630.269
1568793630.519
1568793630.769
1568793631.019
1568793631.269
1568793631.519
1568793631.769
1568793632.019
1568793632.269
1568793632.519
1568793632.769
1568793633.019
1568793633.269
1568793633.519
1568793633.769
1568793634.019
1568793634.269
1568793634.519
1568793634.769
1568793635.019
1568793635.269
1568793635.519
1568793635.769
1568793636.019
1568793636.269
1568793636.519
1568793636.769
1568793637.019
1568793637.269
1568793637.519
1568793637.769
1568793638.019
1568793638.269
1568793638.519
1568793638.769
1568793639.019
1568793639.269
1568793639.519
1568793639.769
1568793640.019
1568793640.269
1568793640.519
1568793640.769
1568793641.019
1568793641.269
1568793641.519
1568793641.769
1568793642.019
1568793642.269
1568793642.519
1568793642.769
1568793643.019
1568793643.269
1568793643.519
1568793643.769
1568793644.019
1568793644.269
1568793644.519
1568793644.769
1568793645.019
1568793645.269
1568793645.519
1568793645.769
1568793646.019
1568793646.269
1568793646.519
1568793646.769
1568793647.019
1568793647.269
1568793647.519
1568793647.769
1568793648.019
1568793648.269
1568793648.519
1568793648.769
1568793649.019
1568793649.269
1568793649.519
1568793649.769
1568793650.019
1568793650.269
1568793650.519
1568793650.769
1568793651.019
1568793651.269
1568793651.519
1568793651.769
1568793652.019
1568793652.269
1568793652.519
1568793652.769
1568793653.019
1568793653.269
1568793653.519
1568793653.769
1568793654.019
1568793654.269
1568793654.519
1568793654.769
1568793655.019
1568793655.269
1568793655.519
1568793655.769
1568793656.019
1568793656.269
1568793656.519
1568793656.769
1568793657.019
1568793657.269
1568793657.519
1568793657.769
1568793658.019
1568793658.269
1568793658.519
1568793658.769
1568793659.019
1568793659.269
1568793659.519
1568793659.769
1568793660.019
1568793660.269
1568793660.519
1568793660.769
1568793661.019
1568793661.269
1568793661.519
1568793661.769
1568793662.019
1568793662.269
1568793662.519
1568793662.769
1568793663.019
1568793663.269
1568793663.519
1568793663.769
1568793664.019
1568793664.269
1568793664.519
1568793664.769
1568793665.019
1568793665.269
1568793665.519
1568793665.769
1568793666.019
1568793666.269
1568793666.519
1568793666.769
1568793667.019
1568793667.269
1568793667.519
1568793667.769
1568793668.019
1568793668.269
1568793668.519
1568793668.769
1568793669.019
1568793669.269
1568793669.519
1568793669.769
1568793670.019
1568793670.269
1568793670.519
1568793670.769
1568793671.019
1568793671.269
1568793671.519
1568793671.769
1568793672.019
1568793672.269
1568793672.519
1568793672.769
1568793673.019
1568793673.269
1568793673.519
1568793673.769
1568793674.019
1568793674.269
1568793674.519
1568793674.769
1568793675.019
1568793675.269
1568793675.519
1568793675.769
1568793676.019
1568793676.269
1568793676.519
1568793676.769
1568793677.019
1568793677.269
1568793677.519
1568793677.769
1568793678.019
1568793678.269
1568793678.519
1568793678.769
1568793679.019
1568793679.269
1568793679.519
1568793679.769
1568793680.019
1568793680.269
1568793680.519
1568793680.769
1568793681.019
1568793681.269
1568793681.519
1568793681.769
1568793682.019
1568793682.269
1568793682.519
1568793682.769
1568793683.019
1568793683.269
1568793683.519
1568793683.769
1568793684.019
1568793684.269
1568793684.519
1568793684.769
1568793685.019
1568793685.269
1568793685.519
1568793685.769
1568793686.019
1568793686.269
1568793686.519
1568793686.769
1568793687.019
1568793687.269
1568793687.519
1568793687.769
1568793688.019
1568793688.269
1568793688.519
1568793688.769
1568793689.019
1568793689.269
1568793689.519
1568793689.769
1568793690.019
1568793690.269
1568793690.519
1568793690.769
1568793691.019
1568793691.269
1568793691.519
1568793691.769
1568793692.019
1568793692.269
1568793692.519
1568793692.769
1568793693.019
1568793693.269
1568793693.519
1568793693.769
1568793694.019
1568793694.269
1568793694.519
1568793694.769
1568793695.019
1568793695.269
1568793695.519
1568793695.769
1568793696.019
1568793696.269
1568793696.519
1568793696.769
1568793697.019
1568793697.269
1568793697.519
1568793697.769
1568793698.019
1568793698.269
1568793698.519
1568793698.769
1568793699.019
1568793699.269
1568793699.519
1568793699.769
1568793700.019
1568793700.269
1568793700.519
1568793700.769
1568793701.019
1568793701.269
1568793701.519
1568793701.769
1568793702.019
1568793702.269
1568793702.519
1568793702.769
1568793703.019
1568793703.269
1568793703.519
1568793703.769
1568793704.019
1568793704.269
1568793704.519
1568793704.769
1568793705.019
1568793705.269
1568793705.519
1568793705.769
1568793706.019
1568793706.269
1568793706.519
1568793706.769
1568793707.019
1568793707.269
1568793707.519
1568793707.769
1568793708.019
1568793708.269
1568793708.519
1568793708.769
1568793709.019
1568793709.269
1568793709.519
1568793709.769
1568793710.019
1568793710.269
1568793710.519
1568793710.769
1568793711.019
1568793711.269
1568793711.519
1568793711.769
1568793712.019
1568793712.269
1568793712.519
1568793712.769
1568793713.019
1568793713.269
1568793713.519
1568793713.769
1568793714.019
1568793714.269
1568793714.519
1568793714.769
1568793715.019
1568793715.269
1568793715.519
1568793715.769
1568793716.019
1568793716.269
1568793716.519
1568793716.769
1568793717.019
1568793717.269
1568793717.519
1568793717.769
1568793718.019
1568793718.269
1568793718.519
1568793718.769
1568793719.019
1568793719.269
1568793719.519
1568793719.769
1568793720.019
1568793720.269
1568793720.519
1568793720.769
1568793721.019
1568793721.269
1568793721.519
1568793721.769
1568793722.019
1568793722.269
1568793722.519
1568793722.769
1568793723.019
1568793723.269
1568793723.519
1568793723.769
1568793724.019
1568793724.269
1568793724.519
1568793724.769
1568793725.019
1568793725.269
1568793725.519
1568793725.769
1568793726.019
1568793726.269
1568793726.519
1568793726.769
1568793727.019
1568793727.269
1568793727.519
1568793727.769
1568793728.019
1568793728.269
1568793728.519
1568793728.769
1568793729.019
1568793729.269
1568793729.519
1568793729.769
1568793730.019
1568793730.269
1568793730.519
1568793730.769
1568793731.019
1568793731.269
1568793731.519
1568793731.769
1568793732.019
1568793732.269
1568793732.519
1568793732.769
1568793733.019
1568793733.269
1568793733.519
1568793733.769
1568793734.019
1568793734.269
1568793734.519
1568793734.769
1568793735.019
1568793735.269
1568793735.519
1568793735.769
1568793736.019
1568793736.269
1568793736.519
1568793736.769
1568793737.019
1568793737.269
1568793737.519
1568793737.769
1568793738.019
1568793738.269
1568793738.519
1568793738.769
1568793739.019
1568793739.269
1568793739.519
1568793739.769
1568793740.019
1568793740.269
1568793740.519
1568793740.769
1568793741.019
1568793741.269
1568793741.519
1568793741.769
1568793742.019
1568793742.269
1568793742.519
1568793742.769
1568793743.019
1568793743.269
1568793743.519
1568793743.769
1568793744.019
1568793744.269
1568793744.519
1568793744.769
1568793745.019
1568793745.269
1568793745.519
1568793745.769
1568793746.019
1568793746.269
1568793746.519
1568793746.769
1568793747.019
1568793747.269
1568793747.519
1568793747.769
1568793748.019
1568793748.269
1568793748.519
1568793748.769
1568793749.019
1568793749.269
1568793749.519
1568793749.769
1568793750.019
1568793750.269
1568793750.519
1568793750.769
1568793751.019
1568793751.269
1568793751.519
1568793751.769
1568793752.019
1568793752.269
1568793752.519
1568793752.769
1568793753.019
1568793753.269
1568793753.519
1568793753.769
1568793754.019
1568793754.269
1568793754.519
1568793754.769
1568793755.019
1568793755.269
1568793755.519
1568793755.769
1568793756.019
1568793756.269
1568793756.519
1568793756.769
1568793757.019
1568793757.269
1568793757.519
1568793757.769
1568793758.019
1568793758.269
1568793758.519
1568793758.769
1568793759.019
1568793759.269
1568793759.519
1568793759.769
1568793760.019
1568793760.269
1568793760.519
1568793760.769
1568793761.019
1568793761.269
1568793761.519
1568793761.769
1568793762.019
1568793762.269
1568793762.519
1568793762.769
1568793763.019
1568793763.269
1568793763.519
1568793763.769
1568793764.019
1568793764.269
1568793764.519
1568793764.769
1568793765.019
1568793765.269
1568793765.519
1568793765.769
1568793766.019
1568793766.269
1568793766.519
1568793766.769
1568793767.019
1568793767.269
1568793767.519
1568793767.769
1568793768.019
1568793768.269
1568793768.519
1568793768.769
1568793769.019
1568793769.269
1568793769.519
1568793769.769
1568793770.019
1568793770.269
1568793770.519
1568793770.769
1568793771.019
1568793771.269
1568793771.519
1568793771.769
1568793772.019
1568793772.269
1568793772.519
1568793772.769
1568793773.019
1568793773.269
1568793773.519
1568793773.769
1568793774.019
1568793774.269
1568793774.519
1568793774.769
1568793775.019
1568793775.269
1568793775.519
1568793775.769
1568793776.019
1568793776.269
1568793776.519
1568793776.769
1568793777.019
1568793777.269
1568793777.519
1568793777.769
1568793778.019
1568793778.269
1568793778.519
1568793778.769
1568793779.019
1568793779.269
1568793779.519
1568793779.769
1568793780.019
1568793780.269
1568793780.519
1568793780.769
1568793781.019
1568793781.269
1568793781.519
1568793781.769
1568793782.019
1568793782.269
1568793782.519
1568793782.769
1568793783.019
1568793783.269
1568793783.519
1568793783.769
1568793784.019
1568793784.269
1568793784.519
1568793784.769
1568793785.019
1568793785.269
1568793785.519
1568793785.769
1568793786.019
1568793786.269
1568793786.519
1568793786.769
1568793787.019
1568793787.269
1568793787.519
1568793787.769
1568793788.019
1568793788.269
1568793788.519
1568793788.769
1568793789.019
1568793789.269
1568793789.519
1568793789.769
1568793790.019
1568793790.269
1568793790.519
1568793790.769
1568793791.019
1568793791.269
1568793791.519
1568793791.769
1568793792.019
1568793792.269
1568793792.519
1568793792.769
1568793793.019
1568793793.269
1568793793.519
1568793793.769
1568793794.019
1568793794.269
1568793794.519
1568793794.769
1568793795.019
1568793795.269
1568793795.519
1568793795.769
1568793796.019
1568793796.269
1568793796.519
1568793796.769
1568793797.019
1568793797.269
1568793797.519
1568793797.769
1568793798.019
1568793798.269
1568793798.519
1568793798.769
1568793799.019
1568793799.269
1568793799.519
1568793799.769
1568793800.019
1568793800.269
1568793800.519
1568793800.769
1568793801.019
1568793801.269
1568793801.519
1568793801.769
1568793802.019
1568793802.269
1568793802.519
1568793802.769
1568793803.019
1568793803.269
1568793803.519
1568793803.769
1568793804.019
1568793804.269
1568793804.519
1568793804.769
1568793805.019
1568793805.269
1568793805.519
1568793805.769
1568793806.019
1568793806.269
1568793806.519
1568793806.769
1568793807.019
1568793807.269
1568793807.519
1568793807.769
1568793808.019
1568793808.269
1568793808.519
1568793808.769
1568793809.019
1568793809.269
1568793809.519
1568793809.769
1568793810.019
1568793810.269
1568793810.519
1568793810.769
1568793811.019
1568793811.269
1568793811.519
1568793811.769
1568793812.019
1568793812.269
1568793812.519
1568793812.769
1568793813.019
1568793813.269
1568793813.519
1568793813.769
1568793814.019
1568793814.269
1568793814.519
1568793814.769
1568793815.019
1568793815.269
1568793815.519
1568793815.769
1568793816.019
1568793816.269
1568793816.519
1568793816.769
1568793817.019
1568793817.269
1568793817.519
1568793817.769
1568793818.019
1568793818.269
1568793818.519
1568793818.769
1568793819.019
1568793819.269
1568793819.519
1568793819.769
1568793820.019
1568793820.269
1568793820.519
1568793820.769
1568793821.019
1568793821.269
1568793821.519
1568793821.769
1568793822.019
1568793822.269
1568793822.519
1568793822.769
1568793823.019
1568793823.269
1568793823.519
1568793823.769
1568793824.019
1568793824.269
1568793824.519
1568793824.769
1568793825.019
1568793825.269
1568793825.519
1568793825.769
1568793826.019
1568793826.269
1568793826.519
1568793826.769
1568793827.019
1568793827.269
1568793827.519
1568793827.769
1568793828.019
1568793828.269
1568793828.519
1568793828.769
1568793829.019
1568793829.269
1568793829.519
1568793829.769
1568793830.019
1568793830.269
1568793830.519
1568793830.769
1568793831.019
1568793831.269
1568793831.519
1568793831.769
1568793832.019
1568793832.269
1568793832.519
1568793832.769
1568793833.019
1568793833.269
1568793833.519
1568793833.769
1568793834.019
1568793834.269
1568793834.519
1568793834.769
1568793835.019
1568793835.269
1568793835.519
1568793835.769
1568793836.019
1568793836.269
1568793836.519
1568793836.769
1568793837.019
1568793837.269
1568793837.519
1568793837.769
1568793838.019
1568793838.269
1568793838.519
1568793838.769
1568793839.019
1568793839.269
1568793839.519
1568793839.769
1568793840.019
1568793840.269
1568793840.519
1568793840.769
1568793841.019
1568793841.269
1568793841.519
1568793841.769
1568793842.019
1568793842.269
1568793842.519
1568793842.769
1568793843.019
1568793843.269
1568793843.519
1568793843.769
1568793844.019
1568793844.269
1568793844.519
1568793844.769
1568793845.019
1568793845.269
1568793845.519
1568793845.769
1568793846.019
1568793846.269
1568793846.519
1568793846.769
1568793847.019
1568793847.269
1568793847.519
1568793847.769
1568793848.019
1568793848.269
1568793848.519
1568793848.769
1568793849.019
1568793849.269
1568793849.519
1568793849.769
1568793850.019
1568793850.269
1568793850.519
1568793850.769
1568793851.019
1568793851.269
1568793851.519
1568793851.769
1568793852.019
1568793852.269
1568793852.519
1568793852.769
1568793853.019
1568793853.269
1568793853.519
1568793853.769
1568793854.019
1568793854.269
1568793854.519
1568793854.769
1568793855.019
1568793855.269
1568793855.519
1568793855.769
1568793856.019
1568793856.269
1568793856.519
1568793856.769
1568793857.019
1568793857.269
1568793857.519
1568793857.769
1568793858.019
1568793858.269
1568793858.519
1568793858.769
1568793859.019
1568793859.269
1568793859.519
1568793859.769
1568793860.019
1568793860.269
1568793860.519
1568793860.769
1568793861.019
1568793861.269
1568793861.519
1568793861.769
1568793862.019
1568793862.269
1568793862.519
1568793862.769
1568793863.019
1568793863.269
1568793863.519
1568793863.769
1568793864.019
1568793864.269
1568793864.519
1568793864.769
1568793865.019
1568793865.269
1568793865.519
1568793865.769
1568793866.019
1568793866.269
1568793866.519
1568793866.769
1568793867.019
1568793867.269
1568793867.519
1568793867.769
1568793868.019
1568793868.269
1568793868.519
1568793868.769
1568793869.019
1568793869.269
1568793869.519
1568793869.769
1568793870.019
1568793870.269
1568793870.519
1568793870.769
1568793871.019
1568793871.269
1568793871.519
1568793871.769
1568793872.019
1568793872.269
1568793872.519
1568793872.769
1568793873.019
1568793873.269
1568793873.519
1568793873.769
1568793874.019
1568793874.269
1568793874.519
1568793874.769
1568793875.019
1568793875.269
1568793875.519
1568793875.769
1568793876.019
1568793876.269
1568793876.519
1568793876.769
1568793877.019
1568793877.269
1568793877.519
1568793877.769
1568793878.019
1568793878.269
1568793878.519
1568793878.769
1568793879.019
1568793879.269
1568793879.519
1568793879.769
1568793880.019
1568793880.269
1568793880.519
1568793880.769
1568793881.019
1568793881.269
1568793881.519
1568793881.769
1568793882.019
1568793882.269
1568793882.519
1568793882.769
1568793883.019
1568793883.269
1568793883.519
1568793883.769
1568793884.019
1568793884.269
1568793884.519
1568793884.769
1568793885.019
1568793885.269
1568793885.519
1568793885.769
1568793886.019
1568793886.269
1568793886.519
1568793886.769
1568793887.019
1568793887.269
1568793887.519
1568793887.769
1568793888.019
1568793888.269
1568793888.519
1568793888.769
1568793889.019
1568793889.269
1568793889.519
1568793889.769
1568793890.019
1568793890.269
1568793890.519
1568793890.769
1568793891.019
1568793891.269
1568793891.519
1568793891.769
1568793892.019
1568793892.269
1568793892.519
1568793892.769
1568793893.019
1568793893.269
1568793893.519
1568793893.769
1568793894.019
1568793894.269
1568793894.519
1568793894.769
1568793895.019
1568793895.269
1568793895.519
1568793895.769
1568793896.019
1568793896.269
1568793896.519
1568793896.769
1568793897.019
1568793897.269
1568793897.519
1568793897.769
