1568794955.019
1568794955.269
1568794955.519
1568794955.769
1568794956.019
1568794956.269
1568794956.519
1568794956.769
1568794957.019
1568794957.269
1568794957.519
1568794957.769
1568794958.019
1568794958.269
1568794958.519
1568794958.769
1568794959.019
1568794959.269
1568794959.519
1568794959.769
1568794960.019
1568794960.269
1568794960.519
1568794960.769
1568794961.019
1568794961.269
1568794961.519
1568794961.769
1568794962.019
1568794962.269
1568794962.519
1568794962.769
1568794963.019
1568794963.269
1568794963.519
1568794963.769
1568794964.019
1568794964.269
1568794964.519
1568794964.769
1568794965.019
1568794965.269
1568794965.519
1568794965.769
1568794966.019
1568794966.269
1568794966.519
1568794966.769
1568794967.019
1568794967.269
1568794967.519
1568794967.769
1568794968.019
1568794968.269
1568794968.519
1568794968.769
1568794969.019
1568794969.269
1568794969.519
1568794969.769
1568794970.019
1568794970.269
1568794970.519
1568794970.769
1568794971.019
1568794971.269
1568794971.519
1568794971.769
1568794972.019
1568794972.269
1568794972.519
1568794972.769
1568794973.019
1568794973.269
1568794973.519
1568794973.769
1568794974.019
1568794974.269
1568794974.519
1568794974.769
1568794975.019
1568794975.269
1568794975.519
1568794975.769
1568794976.019
1568794976.269
1568794976.519
1568794976.769
1568794977.019
1568794977.269
1568794977.519
1568794977.769
1568794978.019
1568794978.269
1568794978.519
1568794978.769
1568794979.019
1568794979.269
1568794979.519
1568794979.769
1568794980.019
1568794980.269
1568794980.519
1568794980.769
1568794981.019
1568794981.269
1568794981.519
1568794981.769
1568794982.019
1568794982.269
1568794982.519
1568794982.769
1568794983.019
1568794983.269
1568794983.519
1568794983.769
1568794984.019
1568794984.269
1568794984.519
1568794984.769
1568794985.019
1568794985.269
1568794985.519
1568794985.769
1568794986.019
1568794986.269
1568794986.519
1568794986.769
1568794987.019
1568794987.269
1568794987.519
1568794987.769
1568794988.019
1568794988.269
1568794988.519
1568794988.769
1568794989.019
1568794989.269
1568794989.519
1568794989.769
1568794990.019
1568794990.269
1568794990.519
1568794990.769
1568794991.019
1568794991.269
1568794991.519
1568794991.769
1568794992.019
1568794992.269
1568794992.519
1568794992.769
1568794993.019
1568794993.269
1568794993.519
1568794993.769
1568794994.019
1568794994.269
1568794994.519
1568794994.769
1568794995.019
1568794995.269
1568794995.519
1568794995.769
1568794996.019
1568794996.269
1568794996.519
1568794996.769
1568794997.019
1568794997.269
1568794997.519
1568794997.769
1568794998.019
1568794998.269
1568794998.519
1568794998.769
1568794999.019
1568794999.269
1568794999.519
1568794999.769
1568795000.019
1568795000.269
1568795000.519
1568795000.769
1568795001.019
1568795001.269
1568795001.519
1568795001.769
1568795002.019
1568795002.269
1568795002.519
1568795002.769
1568795003.019
1568795003.269
1568795003.519
1568795003.769
1568795004.019
1568795004.269
1568795004.519
1568795004.769
1568795005.019
1568795005.269
1568795005.519
1568795005.769
1568795006.019
1568795006.269
1568795006.519
1568795006.769
1568795007.019
1568795007.269
1568795007.519
1568795007.769
1568795008.019
1568795008.269
1568795008.519
1568795008.769
1568795009.019
1568795009.269
1568795009.519
1568795009.769
1568795010.019
1568795010.269
1568795010.519
1568795010.769
1568795011.019
1568795011.269
1568795011.519
1568795011.769
1568795012.019
1568795012.269
1568795012.519
1568795012.769
1568795013.019
1568795013.269
1568795013.519
1568795013.769
1568795014.019
1568795014.269
1568795014.519
1568795014.769
1568795015.019
1568795015.269
1568795015.519
1568795015.769
1568795016.019
1568795016.269
1568795016.519
1568795016.769
1568795017.019
1568795017.269
1568795017.519
1568795017.769
1568795018.019
1568795018.269
1568795018.519
1568795018.769
1568795019.019
1568795019.269
1568795019.519
1568795019.769
1568795020.019
1568795020.269
1568795020.519
1568795020.769
1568795021.019
1568795021.269
1568795021.519
1568795021.769
1568795022.019
1568795022.269
1568795022.519
1568795022.769
1568795023.019
1568795023.269
1568795023.519
1568795023.769
1568795024.019
1568795024.269
1568795024.519
1568795024.769
1568795025.019
1568795025.269
1568795025.519
1568795025.769
1568795026.019
1568795026.269
1568795026.519
1568795026.769
1568795027.019
1568795027.269
1568795027.519
1568795027.769
1568795028.019
1568795028.269
1568795028.519
1568795028.769
1568795029.019
1568795029.269
1568795029.519
1568795029.769
1568795030.019
1568795030.269
1568795030.519
1568795030.769
1568795031.019
1568795031.269
1568795031.519
1568795031.769
1568795032.019
1568795032.269
1568795032.519
1568795032.769
1568795033.019
1568795033.269
1568795033.519
1568795033.769
1568795034.019
1568795034.269
1568795034.519
1568795034.769
1568795035.019
1568795035.269
1568795035.519
1568795035.769
1568795036.019
1568795036.269
1568795036.519
1568795036.769
1568795037.019
1568795037.269
1568795037.519
1568795037.769
1568795038.019
1568795038.269
1568795038.519
1568795038.769
1568795039.019
1568795039.269
1568795039.519
1568795039.769
1568795040.019
1568795040.269
1568795040.519
1568795040.769
1568795041.019
1568795041.269
1568795041.519
1568795041.769
1568795042.019
1568795042.269
1568795042.519
1568795042.769
1568795043.019
1568795043.269
1568795043.519
1568795043.769
1568795044.019
1568795044.269
1568795044.519
1568795044.769
1568795045.019
1568795045.269
1568795045.519
1568795045.769
1568795046.019
1568795046.269
1568795046.519
1568795046.769
1568795047.019
1568795047.269
1568795047.519
1568795047.769
1568795048.019
1568795048.269
1568795048.519
1568795048.769
1568795049.019
1568795049.269
1568795049.519
1568795049.769
1568795050.019
1568795050.269
1568795050.519
1568795050.769
1568795051.019
1568795051.269
1568795051.519
1568795051.769
1568795052.019
1568795052.269
1568795052.519
1568795052.769
1568795053.019
1568795053.269
1568795053.519
1568795053.769
1568795054.019
1568795054.269
1568795054.519
1568795054.769
1568795055.019
1568795055.269
1568795055.519
1568795055.769
1568795056.019
1568795056.269
1568795056.519
1568795056.769
1568795057.019
1568795057.269
1568795057.519
1568795057.769
1568795058.019
1568795058.269
1568795058.519
1568795058.769
1568795059.019
1568795059.269
1568795059.519
1568795059.769
1568795060.019
1568795060.269
1568795060.519
1568795060.769
1568795061.019
1568795061.269
1568795061.519
1568795061.769
1568795062.019
1568795062.269
1568795062.519
1568795062.769
1568795063.019
1568795063.269
1568795063.519
1568795063.769
1568795064.019
1568795064.269
1568795064.519
1568795064.769
1568795065.019
1568795065.269
1568795065.519
1568795065.769
1568795066.019
1568795066.269
1568795066.519
1568795066.769
1568795067.019
1568795067.269
1568795067.519
1568795067.769
1568795068.019
1568795068.269
1568795068.519
1568795068.769
1568795069.019
1568795069.269
1568795069.519
1568795069.769
1568795070.019
1568795070.269
1568795070.519
1568795070.769
1568795071.019
1568795071.269
1568795071.519
1568795071.769
1568795072.019
1568795072.269
1568795072.519
1568795072.769
1568795073.019
1568795073.269
1568795073.519
1568795073.769
1568795074.019
1568795074.269
1568795074.519
1568795074.769
1568795075.019
1568795075.269
1568795075.519
1568795075.769
1568795076.019
1568795076.269
1568795076.519
1568795076.769
1568795077.019
1568795077.269
1568795077.519
1568795077.769
1568795078.019
1568795078.269
1568795078.519
1568795078.769
1568795079.019
1568795079.269
1568795079.519
1568795079.769
1568795080.019
1568795080.269
1568795080.519
1568795080.769
1568795081.019
1568795081.269
1568795081.519
1568795081.769
1568795082.019
1568795082.269
1568795082.519
1568795082.769
1568795083.019
1568795083.269
1568795083.519
1568795083.769
1568795084.019
1568795084.269
1568795084.519
1568795084.769
1568795085.019
1568795085.269
1568795085.519
1568795085.769
1568795086.019
1568795086.269
1568795086.519
1568795086.769
1568795087.019
1568795087.269
1568795087.519
1568795087.769
1568795088.019
1568795088.269
1568795088.519
1568795088.769
1568795089.019
1568795089.269
1568795089.519
1568795089.769
1568795090.019
1568795090.269
1568795090.519
1568795090.769
1568795091.019
1568795091.269
1568795091.519
1568795091.769
1568795092.019
1568795092.269
1568795092.519
1568795092.769
1568795093.019
1568795093.269
1568795093.519
1568795093.769
1568795094.019
1568795094.269
1568795094.519
1568795094.769
1568795095.019
1568795095.269
1568795095.519
1568795095.769
1568795096.019
1568795096.269
1568795096.519
1568795096.769
1568795097.019
1568795097.269
1568795097.519
1568795097.769
1568795098.019
1568795098.269
1568795098.519
1568795098.769
1568795099.019
1568795099.269
1568795099.519
1568795099.769
1568795100.019
1568795100.269
1568795100.519
1568795100.769
1568795101.019
1568795101.269
1568795101.519
1568795101.769
1568795102.019
1568795102.269
1568795102.519
1568795102.769
1568795103.019
1568795103.269
1568795103.519
1568795103.769
1568795104.019
1568795104.269
1568795104.519
1568795104.769
1568795105.019
1568795105.269
1568795105.519
1568795105.769
1568795106.019
1568795106.269
1568795106.519
1568795106.769
1568795107.019
1568795107.269
1568795107.519
1568795107.769
1568795108.019
1568795108.269
1568795108.519
1568795108.769
1568795109.019
1568795109.269
1568795109.519
1568795109.769
1568795110.019
1568795110.269
1568795110.519
1568795110.769
1568795111.019
1568795111.269
1568795111.519
1568795111.769
1568795112.019
1568795112.269
1568795112.519
1568795112.769
1568795113.019
1568795113.269
1568795113.519
1568795113.769
1568795114.019
1568795114.269
1568795114.519
1568795114.769
1568795115.019
1568795115.269
1568795115.519
1568795115.769
1568795116.019
1568795116.269
1568795116.519
1568795116.769
1568795117.019
1568795117.269
1568795117.519
1568795117.769
1568795118.019
1568795118.269
1568795118.519
1568795118.769
1568795119.019
1568795119.269
1568795119.519
1568795119.769
1568795120.019
1568795120.269
1568795120.519
1568795120.769
1568795121.019
1568795121.269
1568795121.519
1568795121.769
1568795122.019
1568795122.269
1568795122.519
1568795122.769
1568795123.019
1568795123.269
1568795123.519
1568795123.769
1568795124.019
1568795124.269
1568795124.519
1568795124.769
1568795125.019
1568795125.269
1568795125.519
1568795125.769
1568795126.019
1568795126.269
1568795126.519
1568795126.769
1568795127.019
1568795127.269
1568795127.519
1568795127.769
1568795128.019
1568795128.269
1568795128.519
1568795128.769
1568795129.019
1568795129.269
1568795129.519
1568795129.769
1568795130.019
1568795130.269
1568795130.519
1568795130.769
1568795131.019
1568795131.269
1568795131.519
1568795131.769
1568795132.019
1568795132.269
1568795132.519
1568795132.769
1568795133.019
1568795133.269
1568795133.519
1568795133.769
1568795134.019
1568795134.269
1568795134.519
1568795134.769
1568795135.019
1568795135.269
1568795135.519
1568795135.769
1568795136.019
1568795136.269
1568795136.519
1568795136.769
1568795137.019
1568795137.269
1568795137.519
1568795137.769
1568795138.019
1568795138.269
1568795138.519
1568795138.769
1568795139.019
1568795139.269
1568795139.519
1568795139.769
1568795140.019
1568795140.269
1568795140.519
1568795140.769
1568795141.019
1568795141.269
1568795141.519
1568795141.769
1568795142.019
1568795142.269
1568795142.519
1568795142.769
1568795143.019
1568795143.269
1568795143.519
1568795143.769
1568795144.019
1568795144.269
1568795144.519
1568795144.769
1568795145.019
1568795145.269
1568795145.519
1568795145.769
1568795146.019
1568795146.269
1568795146.519
1568795146.769
1568795147.019
1568795147.269
1568795147.519
1568795147.769
1568795148.019
1568795148.269
1568795148.519
1568795148.769
1568795149.019
1568795149.269
1568795149.519
1568795149.769
1568795150.019
1568795150.269
1568795150.519
1568795150.769
1568795151.019
1568795151.269
1568795151.519
1568795151.769
1568795152.019
1568795152.269
1568795152.519
1568795152.769
1568795153.019
1568795153.269
1568795153.519
1568795153.769
1568795154.019
1568795154.269
1568795154.519
1568795154.769
1568795155.019
1568795155.269
1568795155.519
1568795155.769
1568795156.019
1568795156.269
1568795156.519
1568795156.769
1568795157.019
1568795157.269
1568795157.519
1568795157.769
1568795158.019
1568795158.269
1568795158.519
1568795158.769
1568795159.019
1568795159.269
1568795159.519
1568795159.769
1568795160.019
1568795160.269
1568795160.519
1568795160.769
1568795161.019
1568795161.269
1568795161.519
1568795161.769
1568795162.019
1568795162.269
1568795162.519
1568795162.769
1568795163.019
1568795163.269
1568795163.519
1568795163.769
1568795164.019
1568795164.269
1568795164.519
1568795164.769
1568795165.019
1568795165.269
1568795165.519
1568795165.769
1568795166.019
1568795166.269
1568795166.519
1568795166.769
1568795167.019
1568795167.269
1568795167.519
1568795167.769
1568795168.019
1568795168.269
1568795168.519
1568795168.769
1568795169.019
1568795169.269
1568795169.519
1568795169.769
1568795170.019
1568795170.269
1568795170.519
1568795170.769
1568795171.019
1568795171.269
1568795171.519
1568795171.769
1568795172.019
1568795172.269
1568795172.519
1568795172.769
1568795173.019
1568795173.269
1568795173.519
1568795173.769
1568795174.019
1568795174.269
1568795174.519
1568795174.769
1568795175.019
1568795175.269
1568795175.519
1568795175.769
1568795176.019
1568795176.269
1568795176.519
1568795176.769
1568795177.019
1568795177.269
1568795177.519
1568795177.769
1568795178.019
1568795178.269
1568795178.519
1568795178.769
1568795179.019
1568795179.269
1568795179.519
1568795179.769
1568795180.019
1568795180.269
1568795180.519
1568795180.769
1568795181.019
1568795181.269
1568795181.519
1568795181.769
1568795182.019
1568795182.269
1568795182.519
1568795182.769
1568795183.019
1568795183.269
1568795183.519
1568795183.769
1568795184.019
1568795184.269
1568795184.519
1568795184.769
1568795185.019
1568795185.269
1568795185.519
1568795185.769
1568795186.019
1568795186.269
1568795186.519
1568795186.769
1568795187.019
1568795187.269
1568795187.519
1568795187.769
1568795188.019
1568795188.269
1568795188.519
1568795188.769
1568795189.019
1568795189.269
1568795189.519
1568795189.769
1568795190.019
1568795190.269
1568795190.519
1568795190.769
1568795191.019
1568795191.269
1568795191.519
1568795191.769
1568795192.019
1568795192.269
1568795192.519
1568795192.769
1568795193.019
1568795193.269
1568795193.519
1568795193.769
1568795194.019
1568795194.269
1568795194.519
1568795194.769
1568795195.019
1568795195.269
1568795195.519
1568795195.769
1568795196.019
1568795196.269
1568795196.519
1568795196.769
1568795197.019
1568795197.269
1568795197.519
1568795197.769
1568795198.019
1568795198.269
1568795198.519
1568795198.769
1568795199.019
1568795199.269
1568795199.519
1568795199.769
1568795200.019
1568795200.269
1568795200.519
1568795200.769
1568795201.019
1568795201.269
1568795201.519
1568795201.769
1568795202.019
1568795202.269
1568795202.519
1568795202.769
1568795203.019
1568795203.269
1568795203.519
1568795203.769
1568795204.019
1568795204.269
1568795204.519
1568795204.769
1568795205.019
1568795205.269
1568795205.519
1568795205.769
1568795206.019
1568795206.269
1568795206.519
1568795206.769
1568795207.019
1568795207.269
1568795207.519
1568795207.769
1568795208.019
1568795208.269
1568795208.519
1568795208.769
1568795209.019
1568795209.269
1568795209.519
1568795209.769
1568795210.019
1568795210.269
1568795210.519
1568795210.769
1568795211.019
1568795211.269
1568795211.519
1568795211.769
1568795212.019
1568795212.269
1568795212.519
1568795212.769
1568795213.019
1568795213.269
1568795213.519
1568795213.769
1568795214.019
1568795214.269
1568795214.519
1568795214.769
1568795215.019
1568795215.269
1568795215.519
1568795215.769
1568795216.019
1568795216.269
1568795216.519
1568795216.769
1568795217.019
1568795217.269
1568795217.519
1568795217.769
1568795218.019
1568795218.269
1568795218.519
1568795218.769
1568795219.019
1568795219.269
1568795219.519
1568795219.769
1568795220.019
1568795220.269
1568795220.519
1568795220.769
1568795221.019
1568795221.269
1568795221.519
1568795221.769
1568795222.019
1568795222.269
1568795222.519
1568795222.769
1568795223.019
1568795223.269
1568795223.519
1568795223.769
1568795224.019
1568795224.269
1568795224.519
1568795224.769
1568795225.019
1568795225.269
1568795225.519
1568795225.769
1568795226.019
1568795226.269
1568795226.519
1568795226.769
1568795227.019
1568795227.269
1568795227.519
1568795227.769
1568795228.019
1568795228.269
1568795228.519
1568795228.769
1568795229.019
1568795229.269
1568795229.519
1568795229.769
1568795230.019
1568795230.269
1568795230.519
1568795230.769
1568795231.019
1568795231.269
1568795231.519
1568795231.769
1568795232.019
1568795232.269
1568795232.519
1568795232.769
1568795233.019
1568795233.269
1568795233.519
1568795233.769
1568795234.019
1568795234.269
1568795234.519
1568795234.769
1568795235.019
1568795235.269
1568795235.519
1568795235.769
1568795236.019
1568795236.269
1568795236.519
1568795236.769
1568795237.019
1568795237.269
1568795237.519
1568795237.769
1568795238.019
1568795238.269
1568795238.519
1568795238.769
1568795239.019
1568795239.269
1568795239.519
1568795239.769
1568795240.019
1568795240.269
1568795240.519
1568795240.769
1568795241.019
1568795241.269
1568795241.519
1568795241.769
1568795242.019
1568795242.269
1568795242.519
1568795242.769
1568795243.019
1568795243.269
1568795243.519
1568795243.769
1568795244.019
1568795244.269
1568795244.519
1568795244.769
1568795245.019
1568795245.269
1568795245.519
1568795245.769
1568795246.019
1568795246.269
1568795246.519
1568795246.769
1568795247.019
1568795247.269
1568795247.519
1568795247.769
1568795248.019
1568795248.269
1568795248.519
1568795248.769
1568795249.019
1568795249.269
1568795249.519
1568795249.769
1568795250.019
1568795250.269
1568795250.519
1568795250.769
1568795251.019
1568795251.269
1568795251.519
1568795251.769
1568795252.019
1568795252.269
1568795252.519
1568795252.769
1568795253.019
1568795253.269
1568795253.519
1568795253.769
1568795254.019
1568795254.269
1568795254.519
1568795254.769
1568795255.019
1568795255.269
1568795255.519
1568795255.769
1568795256.019
1568795256.269
1568795256.519
1568795256.769
1568795257.019
1568795257.269
1568795257.519
1568795257.769
1568795258.019
1568795258.269
1568795258.519
1568795258.769
1568795259.019
1568795259.269
1568795259.519
1568795259.769
1568795260.019
1568795260.269
1568795260.519
1568795260.769
1568795261.019
1568795261.269
1568795261.519
1568795261.769
1568795262.019
1568795262.269
1568795262.519
1568795262.769
1568795263.019
1568795263.269
1568795263.519
1568795263.769
1568795264.019
1568795264.269
1568795264.519
1568795264.769
1568795265.019
1568795265.269
1568795265.519
1568795265.769
1568795266.019
1568795266.269
1568795266.519
1568795266.769
1568795267.019
1568795267.269
1568795267.519
1568795267.769
1568795268.019
1568795268.269
1568795268.519
1568795268.769
1568795269.019
1568795269.269
1568795269.519
1568795269.769
1568795270.019
1568795270.269
1568795270.519
1568795270.769
1568795271.019
1568795271.269
1568795271.519
1568795271.769
1568795272.019
1568795272.269
1568795272.519
1568795272.769
1568795273.019
1568795273.269
1568795273.519
1568795273.769
1568795274.019
1568795274.269
1568795274.519
1568795274.769
