0.693536
0.7025054
0.693536
0.693536
0.6909734
0.6986614
0.6960987
0.6948174
0.6922547
0.6922547
0.693536
0.6922547
0.6960987
0.6948174
0.6884108
0.6858481
0.6896921
0.6871294
0.6884108
0.6845667
0.6858481
0.6845667
0.6807228
0.6794415
0.6820041
0.6820041
0.6807228
0.6794415
0.6794415
0.6794415
0.6794415
0.6794415
0.6807228
0.6794415
0.6768788
0.6781601
0.6768788
0.6730348
0.6768788
0.6768788
0.6781601
0.6755974
0.6755974
0.6755974
0.6730348
0.6820041
0.6755974
0.6730348
0.6717535
0.6679094
0.6691908
0.6679094
0.6679094
0.6640655
0.6653468
0.6653468
0.6653468
0.6640655
0.6691908
0.6653468
0.6640655
0.6640655
0.6679094
0.6640655
0.6679094
0.6666281
0.6666281
0.6589401
0.6640655
0.6615028
0.6640655
0.6666281
0.6666281
0.6640655
0.6666281
0.6627841
0.6589401
0.6602215
0.6615028
0.6615028
0.6602215
0.6563775
0.6576588
0.6525335
0.6589401
0.6589401
0.6576588
0.6576588
0.6563775
0.6589401
0.6576588
0.6576588
0.6525335
0.6550961
0.6602215
0.6589401
0.6576588
0.6576588
0.6550961
0.6563775
0.6538148
0.6576588
0.6563775
0.6538148
0.6512522
0.6525335
0.6474081
0.6486895
0.6474081
0.6474081
0.6461268
0.6499708
0.6448455
0.6448455
0.6384388
0.6448455
0.6422828
0.6461268
0.6448455
0.6435642
0.6461268
0.6448455
0.6435642
0.6448455
0.6448455
0.6397201
0.6448455
0.6422828
0.6410015
0.6410015
0.6410015
0.6422828
0.6410015
0.6397201
0.6397201
0.6358762
0.6333135
0.6358762
0.6333135
0.6333135
0.6333135
0.6320322
0.6320322
0.6307508
0.6333135
0.6320322
0.6320322
0.6307508
0.6307508
0.6333135
0.6307508
0.6320322
0.6307508
0.6281882
0.6307508
0.6281882
0.6281882
0.6269069
0.6192189
0.6217815
0.6217815
0.6230628
0.6230628
0.6217815
0.6230628
0.6205002
0.6269069
0.6243442
0.6230628
0.6192189
0.6230628
0.6256256
0.6230628
0.6217815
0.6230628
0.6217815
0.6205002
0.6243442
0.6217815
0.6192189
0.6166562
0.6179376
0.6166562
0.6179376
0.6179376
0.6153749
0.6128122
0.6166562
0.6153749
0.6128122
0.6153749
0.6115309
0.6115309
0.6140935
0.6179376
0.6140935
0.6140935
0.6115309
0.6102496
0.6128122
0.6102496
0.6115309
0.6089682
0.6064056
0.6102496
0.6089682
0.6089682
0.6089682
0.6128122
0.6051242
0.6025616
0.6025616
0.6012802
0.5987176
0.6038429
0.5999989
0.6025616
0.6012802
0.6025616
0.6012802
0.6038429
0.5987176
0.5987176
0.6012802
0.5935922
0.5974362
0.5999989
0.5999989
0.5987176
0.5948736
0.5987176
0.5987176
0.5948736
0.5948736
0.5923109
0.5871856
0.5910296
0.5923109
0.5923109
0.5910296
0.5884669
0.5897483
0.5910296
0.5897483
0.5910296
0.5871856
0.5846229
0.5897483
0.5897483
0.5923109
0.5923109
0.5897483
0.5871856
0.5871856
0.5859042
0.5884669
0.5859042
0.5846229
0.5859042
0.5859042
0.5846229
0.5846229
0.5884669
0.5846229
0.5846229
0.5820603
0.5782163
0.580779
0.5769349
0.5782163
0.580779
0.5769349
0.5756536
0.5769349
0.5782163
0.5769349
0.5756536
0.580779
0.580779
0.573091
0.5794976
0.5782163
0.5794976
0.5794976
0.5769349
0.5782163
0.5743723
0.5782163
0.5769349
0.5782163
0.5718096
0.5782163
0.573091
0.5718096
0.5743723
0.5718096
0.5756536
0.5718096
0.5743723
0.5705283
0.5718096
0.5692469
0.573091
0.5705283
0.5705283
0.5705283
0.5718096
0.5679656
0.5718096
0.5692469
0.5666843
0.5679656
0.5641217
0.5666843
0.5679656
0.5666843
0.5666843
0.561559
0.5602776
0.5602776
0.5589963
0.5589963
0.561559
0.5564337
0.561559
0.5589963
0.5602776
0.561559
0.561559
0.5589963
0.5589963
0.5589963
0.561559
0.561559
0.5564337
0.5602776
0.5602776
0.5564337
0.557715
0.557715
0.5551523
0.5525897
0.5525897
0.5513083
0.5525897
0.5474643
0.5513083
0.5513083
0.553871
0.5513083
0.553871
0.5513083
0.5525897
0.550027
0.5525897
0.5525897
0.550027
0.550027
0.5513083
0.5487456
0.5487456
0.5449017
0.546183
0.5449017
0.542339
0.546183
0.5449017
0.542339
0.5449017
0.5449017
0.546183
0.5449017
0.5449017
0.546183
0.5474643
0.5449017
0.5449017
0.5449017
0.5397763
0.542339
0.5436203
0.542339
0.5436203
0.542339
0.5397763
0.542339
0.5359324
0.5359324
0.5359324
0.5333697
0.5372137
0.5397763
0.5359324
0.5359324
0.534651
0.534651
0.534651
0.5359324
0.5372137
0.534651
0.534651
0.5333697
0.534651
0.5333697
0.5320883
0.530807
0.534651
0.534651
0.5333697
0.534651
0.5333697
0.5320883
0.5269631
0.5269631
0.5269631
0.5269631
0.5269631
0.5295257
0.5282444
0.5269631
0.5256817
0.5295257
0.5269631
0.5256817
0.5282444
0.5244004
0.5269631
0.5256817
0.5256817
0.5269631
0.5244004
0.5256817
0.5244004
0.523119
0.5244004
0.523119
0.523119
0.5218377
0.5205564
0.5179937
0.5179937
0.5167124
0.5179937
0.5141497
0.5115871
0.5141497
0.515431
0.5141497
0.5179937
0.515431
0.5141497
0.5141497
0.5167124
0.515431
0.515431
0.5128684
0.5128684
0.5141497
0.5115871
0.5128684
0.5141497
0.5128684
0.5103057
0.5077431
0.5051804
0.5064617
0.5051804
0.5051804
0.5051804
0.5103057
0.5077431
0.5038991
0.5077431
0.5051804
0.5051804
0.5077431
0.5077431
0.5013364
0.5051804
0.5064617
0.5026177
0.5051804
0.5026177
0.5026177
0.5026177
0.5038991
0.5051804
0.5026177
0.4987738
0.4962111
0.4949298
0.4974924
0.4974924
0.4987738
0.4987738
0.4987738
0.4974924
0.4974924
0.4974924
0.4936484
0.4936484
0.4936484
0.5000551
0.4910858
0.4962111
0.4949298
0.4962111
0.4936484
0.4974924
0.4949298
0.4872418
0.4936484
0.4923671
0.4936484
0.4910858
0.4910858
0.4910858
0.4910858
0.4923671
0.4898044
0.4923671
0.4859605
0.4923671
0.4859605
0.4846791
0.4833978
0.4846791
0.4846791
0.4821165
0.4846791
0.4808351
0.4859605
0.4782725
0.4833978
0.4872418
0.4872418
0.4833978
0.4821165
0.4833978
0.4821165
0.4821165
0.4808351
0.4821165
0.4769911
0.4833978
0.4808351
0.4808351
0.4795538
0.4821165
0.4821165
0.4769911
0.4782725
0.4769911
0.4757098
0.4757098
0.4744285
0.4769911
0.4731471
0.4731471
0.4757098
0.4744285
0.4744285
0.4769911
0.4744285
0.4769911
0.4744285
0.4718658
0.4757098
0.4718658
0.4744285
0.4731471
0.4731471
0.4705845
0.4718658
0.4757098
0.4731471
0.4693031
0.4667405
0.5409886
0.5422699
0.5409886
0.5384259
0.5384259
0.5384259
0.5358633
0.5345819
0.5358633
0.5345819
0.5371446
0.5358633
0.5384259
0.5384259
0.5371446
0.5345819
0.5371446
0.5371446
0.5345819
0.5345819
0.5320193
0.5371446
0.5345819
0.5333006
0.5358633
0.5307379
0.5320193
0.5307379
0.5294566
0.5294566
0.5294566
0.5268939
0.5307379
0.5268939
0.5281753
0.5281753
0.5281753
0.5281753
0.5281753
0.5294566
0.5281753
0.5256126
0.5256126
0.5256126
0.5268939
0.5256126
0.5256126
0.5281753
0.5243313
0.5268939
0.52305
0.5217686
0.52305
0.5204873
0.5217686
0.5243313
0.5217686
0.5192059
0.5192059
0.5192059
0.5179246
0.5192059
0.5204873
0.5179246
0.515362
0.5204873
0.5192059
0.5192059
0.5217686
0.5192059
0.5192059
0.5179246
0.5166433
0.5179246
0.5166433
0.5140806
0.5166433
0.5127993
0.5127993
0.5127993
0.5140806
0.5115179
0.5127993
0.5217686
0.5102366
0.5127993
0.507674
0.5102366
0.5115179
0.5115179
0.5102366
0.5102366
0.5089553
0.5115179
0.5115179
0.5115179
0.507674
0.5089553
0.5102366
0.5102366
0.5089553
0.5089553
0.507674
0.5063927
0.50383
0.50383
0.50383
0.507674
0.50383
0.50383
0.5012673
0.5025486
0.50383
0.5025486
0.5025486
0.50383
0.50383
0.5025486
0.50383
0.499986
0.5025486
0.5025486
0.50383
0.5012673
0.5025486
0.5025486
0.499986
0.5012673
0.5012673
0.5012673
0.496142
0.5012673
0.496142
0.4948606
0.4974233
0.4948606
0.4948606
0.4948606
0.4948606
0.4948606
0.4974233
0.4935793
0.4948606
0.4948606
0.4948606
0.496142
0.4935793
0.4935793
0.4948606
0.4948606
0.496142
0.496142
0.492298
0.4935793
0.4910167
0.4910167
0.492298
0.492298
0.4910167
0.492298
0.4897353
0.4910167
0.4910167
0.4897353
0.4935793
0.4910167
0.488454
0.4871727
0.488454
0.48461
0.4871727
0.4858913
0.4871727
0.488454
0.4858913
0.4858913
0.4833287
0.4858913
0.4871727
0.4833287
0.4820473
0.48461
0.48461
0.48461
0.48461
0.4820473
0.4858913
0.48461
0.4833287
0.480766
0.4858913
0.4820473
0.480766
0.4820473
0.480766
0.480766
0.476922
0.48461
0.4794847
0.4794847
0.480766
0.4794847
0.4782034
0.4782034
0.4782034
0.4782034
0.4782034
0.4756407
0.476922
0.476922
0.4782034
0.476922
0.4756407
0.476922
0.4756407
0.4782034
0.4794847
0.4782034
0.473078
0.473078
0.4717967
0.4743594
0.4743594
0.473078
0.473078
0.4743594
0.4743594
0.473078
0.473078
0.469234
0.4717967
0.4705154
0.4705154
0.4705154
0.469234
0.4679527
0.4717967
0.4666714
0.4666714
0.4679527
0.4641087
0.4666714
0.4717967
0.4679527
0.4666714
0.4666714
0.4679527
0.4653901
0.4653901
0.469234
0.4641087
0.4641087
0.4679527
0.4679527
0.4679527
0.4653901
0.4641087
0.4641087
0.4641087
0.4641087
0.4666714
0.4641087
0.4615461
0.4641087
0.4602647
0.4602647
0.4615461
0.4615461
0.4602647
0.4615461
0.4615461
0.4602647
0.4602647
0.4615461
0.4589834
0.4589834
0.4589834
0.4602647
0.4602647
0.4589834
0.4589834
0.4615461
0.4577021
0.4589834
0.4602647
0.4589834
0.4577021
0.4602647
0.4589834
0.4589834
0.4615461
0.4589834
0.4564207
0.4602647
0.4602647
0.4589834
0.4602647
0.4628274
0.4589834
0.4564207
0.4538581
0.4525767
0.4538581
0.4525767
0.4512954
0.4500141
0.4525767
0.4512954
0.4512954
0.4500141
0.4512954
0.4500141
0.4512954
0.4512954
0.4500141
0.4500141
0.4500141
0.4487327
0.4487327
0.4525767
0.4538581
0.4551394
0.4551394
0.4500141
0.4487327
0.4487327
0.4461701
0.4474514
0.4461701
0.4474514
0.4474514
0.4500141
0.4461701
0.4448887
0.4448887
0.4461701
0.4461701
0.4474514
0.4474514
0.4448887
0.4487327
0.4474514
0.4487327
0.4448887
0.4448887
0.4423261
0.4423261
0.4423261
0.4423261
0.4423261
0.4397634
0.4410447
0.4410447
0.4410447
0.4397634
0.4397634
0.4397634
0.4384821
0.4397634
0.4397634
0.4397634
0.4410447
0.4397634
0.4397634
0.4384821
0.4372008
0.4372008
0.4372008
0.4372008
0.4397634
0.4372008
0.4372008
0.4384821
0.4397634
0.4346381
0.4333568
0.4372008
0.4359194
0.4384821
0.4384821
0.4346381
0.4384821
0.4359194
0.4320754
0.4359194
0.4359194
0.4359194
0.4346381
0.4372008
0.4359194
0.4307941
0.4307941
0.4346381
0.4333568
0.4269501
0.4320754
0.4333568
0.4359194
0.4307941
0.4307941
0.4307941
0.4320754
0.4320754
0.4307941
0.4295128
0.4269501
0.4307941
0.4307941
0.4295128
0.4295128
0.4320754
0.4320754
0.4295128
0.4295128
0.4295128
0.4295128
0.4256688
0.4295128
0.4269501
0.4282314
0.4282314
0.4307941
0.4282314
0.4282314
0.4269501
0.4269501
0.4269501
0.4231061
0.4282314
0.4295128
0.4295128
0.4295128
0.4295128
0.4295128
0.4282314
0.4295128
0.4269501
0.4295128
0.4256688
0.4231061
0.4218248
0.4231061
0.4256688
0.4231061
0.4205435
0.4205435
0.4205435
0.4192621
0.4218248
0.4192621
0.4205435
0.4192621
0.4205435
0.4205435
0.4192621
0.4218248
0.4192621
0.4179808
0.4218248
0.4205435
0.4192621
0.4205435
0.4192621
0.4179808
0.4179808
0.4205435
0.4192621
0.4205435
0.4218248
0.4179808
0.4205435
0.4166995
0.4179808
0.4154181
0.4179808
0.4179808
0.4192621
0.4192621
0.4166995
0.4179808
0.4218248
0.4231061
0.4141368
0.4154181
0.4179808
0.4205435
0.4218248
0.4154181
0.4166995
0.4166995
0.4154181
0.4154181
0.4166995
0.4166995
0.4128555
0.4128555
0.4154181
0.4102928
0.4128555
0.4128555
0.4128555
0.4115742
0.4128555
0.4115742
0.4064488
0.4102928
0.4128555
0.4115742
0.4115742
0.4115742
0.4115742
0.4128555
0.4102928
0.4128555
0.4102928
0.4090115
0.4115742
0.4115742
0.4090115
0.4102928
0.4115742
0.4128555
0.4102928
0.4102928
0.4115742
0.4115742
0.4064488
0.4090115
0.4090115
0.4064488
0.4064488
0.4051675
0.4051675
0.4064488
0.4051675
0.4064488
0.4064488
0.4000422
0.4026048
0.4064488
0.4051675
0.4077302
0.4051675
0.4038862
0.4038862
0.4051675
0.4064488
0.4038862
0.4013235
0.4013235
0.4038862
0.4077302
0.4064488
0.4038862
0.4013235
0.4051675
0.4051675
0.4013235
0.4026048
0.4000422
0.4038862
0.4051675
0.4038862
0.4038862
0.4038862
0.4038862
0.4038862
0.3987608
0.4000422
0.3987608
0.3949168
0.3974795
0.3987608
0.3961982
0.3987608
0.3987608
0.3961982
0.3974795
0.3974795
0.4000422
0.3987608
0.3974795
0.4000422
0.3974795
0.3974795
0.4000422
0.4000422
0.3987608
0.3974795
0.3949168
0.3961982
0.3961982
0.3974795
0.3987608
0.3974795
0.4000422
0.3987608
0.3949168
0.3949168
0.3949168
0.3949168
0.3936355
0.3949168
0.3872288
0.3910728
0.3897915
0.3923542
0.3910728
0.3923542
0.3910728
0.3910728
0.3923542
0.3923542
0.3910728
0.3872288
0.3897915
0.3885102
0.3897915
0.3936355
0.3910728
0.3936355
0.3923542
