2.52939
2.524265
2.520421
2.520421
2.508889
2.508889
2.501201
2.49992
2.49992
2.497357
2.494794
2.498638
2.515296
2.517858
2.522984
2.534516
2.543485
2.544766
2.551173
2.561424
2.5768
2.59602
2.621646
2.643429
2.662649
2.66393
2.670337
2.665211
2.649835
2.649835
2.631897
2.620365
2.60627
2.592175
2.585769
2.574237
2.563986
2.562705
2.560142
2.558861
2.566549
2.56783
2.565268
2.562705
2.569112
2.583206
2.592175
2.603708
2.622927
2.660086
2.695963
2.735685
2.770281
2.781812
2.794626
2.788219
2.777969
2.763874
2.75106
2.730559
2.716465
2.697245
2.688275
2.669055
2.658805
2.639585
2.624209
2.617802
2.60627
2.594738
2.581925
2.5768
2.562705
2.558861
2.555017
2.549892
2.544766
2.537078
2.537078
2.528109
2.520421
2.515296
2.51017
2.507608
2.505045
2.498638
2.494794
2.488388
2.484544
2.4807
2.476856
2.47173
2.467886
2.458917
2.456354
2.453792
2.448667
2.465264
2.458857
2.458857
2.449888
2.447325
2.4422
2.437074
2.435793
2.429387
2.429387
2.421699
2.415292
2.407604
2.407604
2.40376
2.401197
2.394791
2.393509
2.393509
2.383259
2.387103
2.381977
2.380696
2.379415
2.374289
2.371727
2.370445
2.369164
2.370445
2.366601
2.362757
2.362757
2.356351
2.357632
2.355069
2.353788
2.349944
2.348663
2.351225
2.360195
2.374289
2.390947
2.40376
2.405041
2.417855
2.424261
2.434512
2.431949
2.430668
2.424261
2.430668
2.443481
2.469108
2.49986
2.535737
2.565208
2.592116
2.61518
2.638243
2.647213
2.652338
2.649776
2.638243
2.634399
2.635681
2.639525
2.636962
2.627993
2.612617
2.601085
2.585709
2.566489
2.552394
2.535737
2.51011
2.502422
2.493453
2.481921
2.472952
2.467826
2.466545
2.462701
2.466545
2.472952
2.484484
2.497297
2.508829
2.516517
2.51908
2.508829
2.504985
2.496016
2.484484
2.470389
2.462701
2.449888
2.439637
2.437074
2.424261
2.417855
2.410167
2.401197
2.401197
2.394791
2.389665
2.389665
2.38454
2.378133
2.371727
2.370445
2.367883
2.362757
2.358913
2.358913
2.353788
2.352507
2.343537
2.337131
2.328161
2.332005
2.32688
2.325599
2.321755
2.316629
2.315348
2.311504
2.306379
2.305097
2.299972
2.29741
2.294847
2.293566
2.294847
2.292284
2.285877
2.284596
2.282033
2.282033
2.282033
2.280752
2.266658
2.26922
2.265376
2.266658
2.264095
2.255126
2.251281
2.247437
2.246156
2.247437
2.246156
2.237187
2.242312
2.238468
2.241031
2.238468
2.239749
2.244875
2.242312
2.248719
2.243593
2.247437
2.242312
2.239749
2.239749
2.233343
2.234624
2.233343
2.228218
2.224374
2.22053
2.215404
2.212842
2.205154
2.205154
2.206435
2.20131
2.202591
2.206435
2.212842
2.217967
2.22053
2.214123
2.217967
2.214123
2.208997
2.21156
2.203872
2.198747
2.194903
2.194903
2.187215
2.18209
2.18209
2.174402
2.166714
2.170558
2.169276
2.161588
2.16287
2.161588
2.156463
2.1539
2.151338
2.150056
2.152619
2.14365
2.151338
2.144931
2.141087
2.144931
2.14365
2.142368
2.141087
2.142368
2.144931
2.141087
2.13468
2.137243
2.13468
2.132118
2.128274
2.130836
2.120586
2.119304
2.118023
2.11546
2.111616
2.107772
2.107772
2.102647
2.098803
2.094959
2.097522
2.094959
2.091115
2.089834
2.094959
2.093678
2.089834
2.089834
2.089834
2.087271
2.083427
2.079583
2.073176
2.074458
2.071895
2.070614
2.064207
2.060363
2.064207
2.062926
2.060363
2.059082
2.059082
2.055238
2.055238
2.051394
2.051394
2.048831
2.050112
2.039862
2.044987
2.038581
2.037299
2.037299
2.033455
2.030893
2.032174
2.02833
2.025767
2.024486
2.023205
2.021923
2.019361
2.012954
2.016798
2.016798
2.010391
2.006547
2.010391
2.011672
2.010391
2.016798
2.023205
2.02833
2.030893
2.025767
2.032174
2.033455
2.036018
2.048831
2.046268
2.042424
2.046268
2.042424
2.041143
2.039862
2.034737
2.025767
2.024486
2.018079
2.016798
2.011672
2.002703
2.001422
1.997578
1.988609
1.988609
1.980921
1.983483
1.980921
1.982202
1.979639
1.978358
1.978358
1.992453
1.986046
1.991171
1.988609
1.988609
1.991171
1.988609
1.987327
1.984765
1.984765
1.980921
1.980921
1.974514
1.975795
1.977077
1.971951
1.988609
2.003985
2.027049
2.04755
2.061645
2.06677
2.078302
2.07702
2.068051
2.061645
2.056519
2.043706
2.032174
2.021923
2.007829
2.000141
1.996297
1.991171
1.988609
1.983483
1.978358
1.971951
1.969389
1.966826
1.961701
1.961701
1.957857
1.942481
1.971322
1.966196
1.964915
1.961071
1.95979
1.961071
1.952102
1.945695
1.943132
1.944414
1.935444
1.932882
1.9316
1.932882
1.934163
1.934163
1.939288
1.939288
1.939288
1.935444
1.936726
1.930319
1.926475
1.92135
1.920068
1.916224
1.913662
1.907255
1.908536
1.900848
1.897004
1.894442
1.886754
1.886754
1.886754
1.884191
1.88291
1.879066
1.871378
1.875222
1.87394
1.872659
1.871378
1.866252
1.868815
1.866252
1.858564
1.852158
1.85472
1.852158
1.84447
1.84447
1.840626
1.836782
1.834219
1.836782
1.834219
1.830375
1.830375
1.823969
1.823969
1.823969
1.820125
1.820125
1.821406
1.814999
1.814999
1.813718
1.809874
1.811155
1.80603
1.803467
1.80603
1.804749
1.800905
1.79706
1.794498
1.794498
1.78681
1.789373
1.78681
1.784247
1.784247
1.782966
1.781685
1.779122
1.779122
1.773997
1.773997
1.772715
1.772715
1.770153
1.76759
1.762465
1.761183
1.759902
1.753495
1.747089
1.732994
1.735557
1.738119
1.743245
1.743245
1.743245
1.740682
1.743245
1.739401
1.739401
1.738119
1.732994
1.739401
1.736838
1.734275
1.735557
1.735557
1.735557
1.72915
1.730431
1.727869
1.722743
1.722743
1.718899
1.725306
1.722743
1.720181
1.724025
1.718899
1.715055
1.713774
1.712493
1.713774
1.703523
1.708649
1.706086
1.700961
1.699679
1.697117
1.693273
1.691991
1.689429
1.685585
1.686866
1.681741
1.683022
1.683022
1.676615
1.679178
1.677897
1.675334
1.676615
1.674053
1.672771
1.674053
1.670209
1.681741
1.679178
1.674053
1.672771
1.666365
1.667646
1.670209
1.667646
1.662521
1.661239
1.659958
1.654833
1.649707
1.650989
1.648426
1.649707
1.644582
1.643301
1.643301
1.64202
1.64202
1.639457
1.63305
1.63305
1.63305
1.634331
1.629206
1.629206
1.627925
1.624081
1.625362
1.620237
1.620237
1.617674
1.616393
1.61383
1.609986
1.609986
1.607424
1.606142
1.599735
1.598454
1.597173
1.592048
1.593329
1.593329
1.586922
1.585641
1.585641
1.583078
1.581797
1.576672
1.576672
1.572828
1.570265
1.57539
1.571546
1.567702
1.566421
1.561296
1.562577
1.561296
1.557452
1.560014
1.553608
1.551045
1.552326
1.553608
1.549764
1.542076
1.542076
1.544638
1.53695
1.540794
1.540794
1.53695
1.531825
1.531825
1.530544
1.531825
1.533106
1.530544
1.531825
1.529262
1.5267
1.524137
1.524137
1.521574
1.520293
1.519012
1.515168
1.51773
1.513886
1.511324
1.508761
1.508761
1.506198
1.502354
1.49851
1.499792
1.494666
1.497229
1.499792
1.490822
1.493385
1.489541
1.485697
1.486978
1.484416
1.478009
1.47929
1.480572
1.483134
1.474165
1.474165
1.474165
1.471602
1.471602
1.466477
1.462633
1.456226
1.461352
1.461352
1.461352
1.463914
1.470321
1.474165
1.475446
1.47929
1.478009
1.478009
1.475446
1.472884
1.471602
1.46904
1.463914
1.466477
1.46007
1.458789
1.454945
1.447257
1.447257
1.438288
1.439569
1.437006
1.435725
1.434444
1.429319
1.447058
1.444495
1.447058
1.444495
1.444495
1.43937
1.43937
1.43937
1.435526
1.431682
1.429119
1.426557
1.426557
1.429119
1.426557
1.423994
1.421431
1.416306
1.417587
1.413743
1.417587
1.415025
1.413743
1.41118
1.406055
1.404774
1.404774
1.406055
1.407337
1.407337
1.418869
1.431682
1.456027
1.486779
1.513687
1.536751
1.555971
1.567503
1.576472
1.580316
1.577754
1.572628
1.558534
1.548283
1.539314
1.527782
1.514968
1.504718
1.49703
1.48806
1.481654
1.47781
1.471403
1.467559
1.461152
1.457309
1.454746
1.448339
1.445776
1.441933
1.440651
1.435526
1.431682
1.431682
1.4304
1.426557
1.425275
1.42015
1.415025
1.412462
1.409899
1.406055
1.407337
1.404774
1.402211
1.399649
1.399649
1.395805
1.395805
1.394523
1.394523
1.391961
1.390679
1.390679
1.390679
1.390679
1.384273
1.384273
1.38171
1.379147
1.384273
1.377866
1.377866
1.371459
1.372741
1.371459
1.367615
1.365053
1.366334
1.36249
1.358646
1.361209
1.359927
1.359927
1.356083
1.361209
1.356083
1.353521
1.350958
1.349677
1.348395
1.345833
1.345833
1.34327
1.344551
1.339426
1.341989
1.34327
1.340707
1.339426
1.336863
1.334301
1.334301
1.331738
1.330457
1.326613
1.322769
1.32405
1.321487
1.320206
1.318925
1.316362
1.316362
1.312518
1.311237
1.308674
1.308674
1.306111
1.30483
1.30483
1.300986
1.300986
1.303549
1.299705
1.294579
1.294579
1.295861
1.294579
1.284329
1.28561
1.281766
1.283047
1.281766
1.279203
1.281766
1.279203
1.277922
1.277922
1.277922
1.270234
1.277922
1.274078
1.271515
1.270234
1.270234
1.270234
1.268953
1.267671
1.271515
1.261265
1.259984
1.259984
1.262546
1.259984
1.25614
1.253577
1.254858
1.251014
1.248451
1.252295
1.24717
1.245889
1.243326
1.243326
1.244608
1.243326
1.240764
1.240764
1.239482
1.240764
1.240764
1.240764
1.238201
1.238201
1.239482
1.238201
1.23692
1.23692
1.231794
1.229232
1.22795
1.222825
1.221544
1.220262
1.220262
1.218981
1.216418
1.216418
1.215137
1.216418
1.213856
1.212574
1.212574
1.210012
1.210012
1.210012
1.20873
1.206168
1.204886
1.204886
1.204886
1.207449
1.199761
1.199761
1.195917
1.193354
1.194636
1.192073
1.193354
1.18951
1.190792
1.18951
1.184385
1.186948
1.184385
1.185666
1.180541
1.181822
1.184385
1.183104
1.184385
1.180541
1.180541
1.183104
1.177978
1.177978
1.177978
1.172853
1.176697
1.171572
1.169009
1.166446
1.165165
1.167728
1.162602
1.161321
1.161321
1.158758
1.153633
1.157477
1.154914
1.153633
1.153633
1.153633
1.153633
1.152352
1.148508
1.152352
1.149789
1.144664
1.147226
1.148508
1.145945
1.145945
1.143382
1.143382
1.138257
1.145945
1.139538
1.133132
1.129288
1.134413
1.129288
1.134413
1.128006
1.128006
1.129288
1.129288
1.130569
1.129288
1.126725
1.124162
1.125444
1.126725
1.126725
1.126725
1.125444
1.122881
1.120318
1.119037
1.126725
1.1216
1.119037
1.13185
1.138257
1.144664
1.143382
1.145945
1.147226
1.145945
1.142101
1.143382
1.14082
1.134413
1.134413
1.133132
1.128006
1.125444
1.122881
1.122881
1.119037
1.1216
1.117756
1.11263
1.107505
1.11263
1.104942
1.104942
1.103661
1.101098
1.098536
1.101098
1.095973
1.098536
1.097254
1.09341
1.092129
1.094692
1.09341
1.090848
1.088285
1.089566
1.089566
1.087004
1.089566
1.087004
1.08316
1.081878
1.080597
1.080597
1.078035
1.079316
1.075472
1.070346
1.070346
1.071628
1.070346
1.065221
1.069065
1.067784
1.069065
1.066502
1.065221
1.066502
1.066502
1.06394
1.06394
1.06394
1.057533
1.062659
1.061377
1.060096
1.061377
1.058815
1.056252
1.052408
1.052408
1.049845
1.047283
1.047283
1.049845
1.047283
1.046001
1.043439
1.04472
1.042157
1.04472
1.042157
1.042157
1.040876
1.040876
1.042157
1.043439
1.038313
1.040876
1.035751
1.038313
1.037032
1.038313
1.037032
1.035751
1.029344
1.029344
1.029344
1.029344
1.029344
1.030625
1.030625
1.028063
1.024219
1.022937
1.021656
1.021656
1.017812
1.019093
1.022937
1.010124
1.010124
1.010124
1.010124
1.010124
1.010124
1.010124
1.010124
1.010124
1.010124
1.010124
1.010124
1.010124
1.007561
1.011405
1.001155
0.9998733
1.002436
0.9998733
0.9998733
0.9998733
1.001155
0.998592
0.998592
0.9973106
0.9973106
0.9973106
1.001155
0.9960293
0.9896227
0.998592
1.002436
0.9960293
0.9947479
0.9947479
0.9934666
0.9960293
0.990904
0.990904
0.990904
0.9844973
0.9819347
0.9883413
0.9883413
0.983216
0.9844973
0.983216
0.979372
0.9806533
0.9806533
0.9806533
0.9704027
0.9742467
0.9742467
0.9729654
0.9729654
0.975528
0.9742467
0.9704027
0.9729654
0.971684
0.9704027
0.9652774
0.9691213
0.9691213
0.9665587
0.9627147
0.963996
0.9652774
0.960152
0.9588707
0.9588707
0.9614334
0.956308
0.956308
0.9575894
0.9537454
0.956308
0.9588707
0.9537454
0.9537454
0.9550267
0.9550267
0.9511827
0.9511827
0.9499014
0.9511827
0.94862
0.94862
0.9473387
0.9460574
0.9460574
0.9447761
0.9741476
0.9728662
0.9677409
0.9715849
0.9703036
0.9703036
0.9690223
0.9677409
0.9677409
0.9677409
0.9664596
0.9677409
0.9651783
0.9600529
0.9626156
0.9638969
0.9626156
0.9626156
0.9613343
0.9600529
0.9574903
0.9587716
0.9536463
0.9536463
0.9536463
0.9536463
0.9523649
0.9510836
0.948521
0.948521
0.9498023
0.9498023
0.9472396
0.9472396
0.9459583
0.9433956
0.9459583
0.9446769
0.940833
0.9433956
0.9433956
0.940833
0.940833
0.940833
0.9369889
0.9357076
0.9357076
0.933145
0.9344263
0.9318637
0.933145
0.9357076
0.9318637
0.9305823
0.9280196
0.933145
0.9305823
0.9267383
0.9305823
0.9267383
0.9280196
0.9228944
0.9280196
0.9228944
0.9228944
0.921613
0.9203317
0.921613
0.9190503
0.9241757
0.921613
0.9228944
0.9203317
0.9190503
0.9228944
0.921613
0.9203317
0.9203317
0.9203317
0.9164877
0.9126437
0.9126437
0.9126437
0.9113623
0.910081
0.9087997
0.9113623
0.9113623
0.9087997
0.910081
0.9049557
0.9087997
0.9087997
0.910081
0.9075184
0.910081
0.9036744
0.9087997
0.910081
0.9049557
0.8998304
0.898549
0.8972677
0.8972677
0.8998304
0.8947051
0.898549
0.8959864
0.8947051
0.8959864
0.8934237
0.8934237
0.890861
0.8934237
0.8947051
0.8895797
0.8895797
0.890861
0.8882984
0.8870171
0.883173
0.8844544
0.8844544
0.8806104
0.883173
0.8806104
0.883173
0.8806104
0.883173
0.8806104
0.8844544
0.8793291
0.8818917
0.8793291
0.8754851
0.8806104
0.8793291
0.8780478
0.8742037
0.8742037
0.8742037
0.8703598
0.8716411
0.8703598
0.8690784
0.8677971
0.8703598
0.8703598
0.8716411
0.8703598
0.8703598
0.8665158
0.8690784
0.8652344
0.8677971
0.8665158
0.8652344
0.8665158
0.8652344
0.8665158
0.8639531
0.8601091
0.8613904
0.8601091
0.8601091
0.8601091
0.8601091
0.8511398
0.8588278
0.8549838
0.8575464
0.8537024
0.8511398
0.8524211
0.8537024
0.8524211
0.8524211
0.8524211
0.8472958
0.8498585
0.8498585
0.8447331
0.8472958
0.8460144
0.8447331
0.8434518
0.8434518
0.8421705
0.8421705
0.8396078
0.8396078
0.8383265
0.8396078
0.8408892
0.8434518
0.8408892
0.8396078
0.8383265
0.8383265
0.8396078
0.8332012
0.8396078
0.8357638
0.8344825
0.8332012
0.8293571
0.8344825
0.8332012
0.8319198
0.8319198
0.8280758
0.8267945
0.8280758
0.8229505
0.8267945
0.8267945
0.8255132
0.8242319
0.8242319
0.8242319
0.8255132
0.8242319
0.8229505
0.8267945
0.8216692
0.8216692
0.8216692
0.8242319
0.8191065
0.8203878
0.8203878
0.8178252
0.8191065
0.8152625
0.8165439
0.8165439
0.8126999
0.8165439
0.8126999
0.8139812
0.8088559
0.8114185
0.8075745
0.8075745
0.8037305
0.8088559
0.8075745
0.8101372
0.8088559
0.8075745
0.8062932
0.8075745
0.8062932
0.8075745
0.8088559
0.8024492
0.8050119
0.8037305
0.8037305
0.8037305
0.8024492
0.8037305
0.8037305
0.8011679
0.7973239
0.7973239
0.7909172
0.7947612
0.7947612
0.7960426
0.7934799
0.7947612
0.7921985
0.7921985
0.7934799
0.7934799
0.7921985
0.7909172
0.7934799
0.7921985
0.7909172
0.7934799
0.7896359
0.7909172
0.7870733
0.7909172
0.7883546
0.7896359
0.7857919
0.7896359
0.7806666
