1568797138.35586
1568797138.60587
1568797138.85588
1568797139.10589
1568797139.3559
1568797139.60592
1568797139.85593
1568797140.10594
1568797140.35595
1568797140.60596
1568797140.85597
1568797141.10598
1568797141.356
1568797141.60601
1568797141.85602
1568797142.10603
1568797142.35604
1568797142.60605
1568797142.85607
1568797143.10608
1568797143.35609
1568797143.6061
1568797143.85611
1568797144.10612
1568797144.35613
1568797144.60615
1568797144.85616
1568797145.10617
1568797145.35618
1568797145.60619
1568797145.8562
1568797146.10622
1568797146.35623
1568797146.60624
1568797146.85625
1568797147.10626
1568797147.35627
1568797147.60629
1568797147.8563
1568797148.10631
1568797148.35632
1568797148.60633
1568797148.85634
1568797149.10635
1568797149.35637
1568797149.60638
1568797149.85639
1568797150.1064
1568797150.35641
1568797150.60642
1568797150.85644
1568797151.10645
1568797151.35646
1568797151.60647
1568797151.85648
1568797152.10649
1568797152.35651
1568797152.60652
1568797152.85653
1568797153.10654
1568797153.35655
1568797153.60656
1568797153.85657
1568797154.10659
1568797154.3566
1568797154.60661
1568797154.85662
1568797155.10663
1568797155.35664
1568797155.60666
1568797155.85667
1568797156.10668
1568797156.35669
1568797156.6067
1568797156.85671
1568797157.10673
1568797157.35674
1568797157.60675
1568797157.85676
1568797158.10677
1568797158.35678
1568797158.60679
1568797158.85681
1568797159.10682
1568797159.35683
1568797159.60684
1568797159.85685
1568797160.10686
1568797160.35688
1568797160.60689
1568797160.8569
1568797161.10691
1568797161.35692
1568797161.60693
1568797161.85695
1568797162.10696
1568797162.35697
1568797162.60698
1568797162.85699
1568797163.107
1568797163.35701
1568797163.60703
1568797163.85704
1568797164.10705
1568797164.35706
1568797164.60707
1568797164.85708
1568797165.1071
1568797165.35711
1568797165.60712
1568797165.85713
1568797166.10714
1568797166.35715
1568797166.60717
1568797166.85718
1568797167.10719
1568797167.3572
1568797167.60721
1568797167.85722
1568797168.10723
1568797168.35725
1568797168.60726
1568797168.85727
1568797169.10728
1568797169.35729
1568797169.6073
1568797169.85732
1568797170.10733
1568797170.35734
1568797170.60735
1568797170.85736
1568797171.10737
1568797171.35739
1568797171.6074
1568797171.85741
1568797172.10742
1568797172.35743
1568797172.60744
1568797172.85745
1568797173.10747
1568797173.35748
1568797173.60749
1568797173.8575
1568797174.10751
1568797174.35752
1568797174.60754
1568797174.85755
1568797175.10756
1568797175.35757
1568797175.60758
1568797175.85759
1568797176.1076
1568797176.35762
1568797176.60763
1568797176.85764
1568797177.10765
1568797177.35766
1568797177.60767
1568797177.85769
1568797178.1077
1568797178.35771
1568797178.60772
1568797178.85773
1568797179.10774
1568797179.35776
1568797179.60777
1568797179.85778
1568797180.10779
1568797180.3578
1568797180.60781
1568797180.85782
1568797181.10784
1568797181.35785
1568797181.60786
1568797181.85787
1568797182.10788
1568797182.35789
1568797182.60791
1568797182.85792
1568797183.10793
1568797183.35794
1568797183.60795
1568797183.85796
1568797184.10798
1568797184.35799
1568797184.608
1568797184.85801
1568797185.10802
1568797185.35803
1568797185.60804
1568797185.85806
1568797186.10807
1568797186.35808
1568797186.60809
1568797186.8581
1568797187.10811
1568797187.35813
1568797187.60814
1568797187.85815
1568797188.10816
1568797188.35817
1568797188.60818
1568797188.8582
1568797189.10821
1568797189.35822
1568797189.60823
1568797189.85824
1568797190.10825
1568797190.35826
1568797190.60828
1568797190.85829
1568797191.1083
1568797191.35831
1568797191.60832
1568797191.85833
1568797192.10835
1568797192.35836
1568797192.60837
1568797192.85838
1568797193.10839
1568797193.3584
1568797193.60842
1568797193.85843
1568797194.10844
1568797194.35845
1568797194.60846
1568797194.85847
1568797195.10848
1568797195.3585
1568797195.60851
1568797195.85852
1568797196.10853
1568797196.35854
1568797196.60855
1568797196.85857
1568797197.10858
1568797197.35859
1568797197.6086
1568797197.85861
1568797198.10862
1568797198.35864
1568797198.60865
1568797198.85866
1568797199.10867
1568797199.35868
1568797199.60869
1568797199.8587
1568797200.10872
1568797200.35873
1568797200.60874
1568797200.85875
1568797201.10876
1568797201.35877
1568797201.60879
1568797201.8588
1568797202.10881
1568797202.35882
1568797202.60883
1568797202.85884
1568797203.10886
1568797203.35887
1568797203.60888
1568797203.85889
1568797204.1089
1568797204.35891
1568797204.60892
1568797204.85894
1568797205.10895
1568797205.35896
1568797205.60897
1568797205.85898
1568797206.10899
1568797206.35901
1568797206.60902
1568797206.85903
1568797207.10904
1568797207.35905
1568797207.60906
1568797207.85908
1568797208.10909
1568797208.3591
1568797208.60911
1568797208.85912
1568797209.10913
1568797209.35914
1568797209.60916
1568797209.85917
1568797210.10918
1568797210.35919
1568797210.6092
1568797210.85921
1568797211.10923
1568797211.35924
1568797211.60925
1568797211.85926
1568797212.10927
1568797212.35928
1568797212.60929
1568797212.85931
1568797213.10932
1568797213.35933
1568797213.60934
1568797213.85935
1568797214.10936
1568797214.35938
1568797214.60939
1568797214.8594
1568797215.10941
1568797215.35942
1568797215.60943
1568797215.85945
1568797216.10946
1568797216.35947
1568797216.60948
1568797216.85949
1568797217.1095
1568797217.35951
1568797217.60953
1568797217.85954
1568797218.10955
1568797218.35956
1568797218.60957
1568797218.85958
1568797219.1096
1568797219.35961
1568797219.60962
1568797219.85963
1568797220.10964
1568797220.35965
1568797220.60967
1568797220.85968
1568797221.10969
1568797221.3597
1568797221.60971
1568797221.85972
1568797222.10973
1568797222.35975
1568797222.60976
1568797222.85977
1568797223.10978
1568797223.35979
1568797223.6098
1568797223.85982
1568797224.10983
1568797224.35984
1568797224.60985
1568797224.85986
1568797225.10987
1568797225.35989
1568797225.6099
1568797225.85991
1568797226.10992
1568797226.35993
1568797226.60994
1568797226.85995
1568797227.10997
1568797227.35998
1568797227.60999
1568797227.86
1568797228.11001
1568797228.36002
1568797228.61004
1568797228.86005
1568797229.11006
1568797229.36007
1568797229.61008
1568797229.86009
1568797230.11011
1568797230.36012
1568797230.61013
1568797230.86014
1568797231.11015
1568797231.36016
1568797231.61017
1568797231.86019
1568797232.1102
1568797232.36021
1568797232.61022
1568797232.86023
1568797233.11024
1568797233.36026
1568797233.61027
1568797233.86028
1568797234.11029
1568797234.3603
1568797234.61031
1568797234.86033
1568797235.11034
1568797235.36035
1568797235.61036
1568797235.86037
1568797236.11038
1568797236.36039
1568797236.61041
1568797236.86042
1568797237.11043
1568797237.36044
1568797237.61045
1568797237.86046
1568797238.11048
1568797238.36049
1568797238.6105
1568797238.86051
1568797239.11052
1568797239.36053
1568797239.61054
1568797239.86056
1568797240.11057
1568797240.36058
1568797240.61059
1568797240.8606
1568797241.11061
1568797241.36063
1568797241.61064
1568797241.86065
1568797242.11066
1568797242.36067
1568797242.61068
1568797242.8607
1568797243.11071
1568797243.36072
1568797243.61073
1568797243.86074
1568797244.11075
1568797244.36076
1568797244.61078
1568797244.86079
1568797245.1108
1568797245.36081
1568797245.61082
1568797245.86083
1568797246.11085
1568797246.36086
1568797246.61087
1568797246.86088
1568797247.11089
1568797247.3609
1568797247.61092
1568797247.86093
1568797248.11094
1568797248.36095
1568797248.61096
1568797248.86097
1568797249.11098
1568797249.361
1568797249.61101
1568797249.86102
1568797250.11103
1568797250.36104
1568797250.61105
1568797250.86107
1568797251.11108
1568797251.36109
1568797251.6111
1568797251.86111
1568797252.11112
1568797252.36114
1568797252.61115
1568797252.86116
1568797253.11117
1568797253.36118
1568797253.61119
1568797253.8612
1568797254.11122
1568797254.36123
1568797254.61124
1568797254.86125
1568797255.11126
1568797255.36127
1568797255.61129
1568797255.8613
1568797256.11131
1568797256.36132
1568797256.61133
1568797256.86134
1568797257.11136
1568797257.36137
1568797257.61138
1568797257.86139
1568797258.1114
1568797258.36141
1568797258.61142
1568797258.86144
1568797259.11145
1568797259.36146
1568797259.61147
1568797259.86148
1568797260.11149
1568797260.36151
1568797260.61152
1568797260.86153
1568797261.11154
1568797261.36155
1568797261.61156
1568797261.86158
1568797262.11159
1568797262.3616
1568797262.61161
1568797262.86162
1568797263.11163
1568797263.36164
1568797263.61166
1568797263.86167
1568797264.11168
1568797264.36169
1568797264.6117
1568797264.86171
1568797265.11173
1568797265.36174
1568797265.61175
1568797265.86176
1568797266.11177
1568797266.36178
1568797266.61179
1568797266.86181
1568797267.11182
1568797267.36183
1568797267.61184
1568797267.86185
1568797268.11186
1568797268.36188
1568797268.61189
1568797268.8619
1568797269.11191
1568797269.36192
1568797269.61193
1568797269.86195
1568797270.11196
1568797270.36197
1568797270.61198
1568797270.86199
1568797271.112
1568797271.36202
1568797271.61203
1568797271.86204
1568797272.11205
1568797272.36206
1568797272.61207
1568797272.86208
1568797273.1121
1568797273.36211
1568797273.61212
1568797273.86213
1568797274.11214
1568797274.36215
1568797274.61217
1568797274.86218
1568797275.11219
1568797275.3622
1568797275.61221
1568797275.86222
1568797276.11223
1568797276.36225
1568797276.61226
1568797276.86227
1568797277.11228
1568797277.36229
1568797277.6123
1568797277.86232
1568797278.11233
1568797278.36234
1568797278.61235
1568797278.86236
1568797279.11237
1568797279.36239
1568797279.6124
1568797279.86241
1568797280.11242
1568797280.36243
1568797280.61244
1568797280.86245
1568797281.11247
1568797281.36248
1568797281.61249
1568797281.8625
1568797282.11251
1568797282.36252
1568797282.61254
1568797282.86255
1568797283.11256
1568797283.36257
1568797283.61258
1568797283.86259
1568797284.11261
1568797284.36262
1568797284.61263
1568797284.86264
1568797285.11265
1568797285.36266
1568797285.61267
1568797285.86269
1568797286.1127
1568797286.36271
1568797286.61272
1568797286.86273
1568797287.11274
1568797287.36276
1568797287.61277
1568797287.86278
1568797288.11279
1568797288.3628
1568797288.61281
1568797288.86283
1568797289.11284
1568797289.36285
1568797289.61286
1568797289.86287
1568797290.11288
1568797290.36289
1568797290.61291
1568797290.86292
1568797291.11293
1568797291.36294
1568797291.61295
1568797291.86296
1568797292.11298
1568797292.36299
1568797292.613
1568797292.86301
1568797293.11302
1568797293.36303
1568797293.61305
1568797293.86306
1568797294.11307
1568797294.36308
1568797294.61309
1568797294.8631
1568797295.11311
1568797295.36313
1568797295.61314
1568797295.86315
1568797296.11316
1568797296.36317
1568797296.61318
1568797296.8632
1568797297.11321
1568797297.36322
1568797297.61323
1568797297.86324
1568797298.11325
1568797298.36327
1568797298.61328
1568797298.86329
1568797299.1133
1568797299.36331
1568797299.61332
1568797299.86333
1568797300.11335
1568797300.36336
1568797300.61337
1568797300.86338
1568797301.11339
1568797301.3634
1568797301.61342
1568797301.86343
1568797302.11344
1568797302.36345
1568797302.61346
1568797302.86347
1568797303.11348
1568797303.3635
1568797303.61351
1568797303.86352
1568797304.11353
1568797304.36354
1568797304.61355
1568797304.86357
1568797305.11358
1568797305.36359
1568797305.6136
1568797305.86361
1568797306.11362
1568797306.36364
1568797306.61365
1568797306.86366
1568797307.11367
1568797307.36368
1568797307.61369
1568797307.8637
1568797308.11372
1568797308.36373
1568797308.61374
1568797308.86375
1568797309.11376
1568797309.36377
1568797309.61379
1568797309.8638
1568797310.11381
1568797310.36382
1568797310.61383
1568797310.86384
1568797311.11386
1568797311.36387
1568797311.61388
1568797311.86389
1568797312.1139
1568797312.36391
1568797312.61392
1568797312.86394
1568797313.11395
1568797313.36396
1568797313.61397
1568797313.86398
1568797314.11399
1568797314.36401
1568797314.61402
1568797314.86403
1568797315.11404
1568797315.36405
1568797315.61406
1568797315.86408
1568797316.11409
1568797316.3641
1568797316.61411
1568797316.86412
1568797317.11413
1568797317.36414
1568797317.61416
1568797317.86417
1568797318.11418
1568797318.36419
1568797318.6142
1568797318.86421
1568797319.11423
1568797319.36424
1568797319.61425
1568797319.86426
1568797320.11427
1568797320.36428
1568797320.6143
1568797320.86431
1568797321.11432
1568797321.36433
1568797321.61434
1568797321.86435
1568797322.11436
1568797322.36438
1568797322.61439
1568797322.8644
1568797323.11441
1568797323.36442
1568797323.61443
1568797323.86445
1568797324.11446
1568797324.36447
1568797324.61448
1568797324.86449
1568797325.1145
1568797325.36452
1568797325.61453
1568797325.86454
1568797326.11455
1568797326.36456
1568797326.61457
1568797326.86458
1568797327.1146
1568797327.36461
1568797327.61462
1568797327.86463
1568797328.11464
1568797328.36465
1568797328.61467
1568797328.86468
1568797329.11469
1568797329.3647
1568797329.61471
1568797329.86472
1568797330.11474
1568797330.36475
1568797330.61476
1568797330.86477
1568797331.11478
1568797331.36479
1568797331.6148
1568797331.86482
1568797332.11483
1568797332.36484
1568797332.61485
1568797332.86486
1568797333.11487
1568797333.36489
1568797333.6149
1568797333.86491
1568797334.11492
1568797334.36493
1568797334.61494
1568797334.86495
1568797335.11497
1568797335.36498
1568797335.61499
1568797335.865
1568797336.11501
1568797336.36502
1568797336.61504
1568797336.86505
1568797337.11506
1568797337.36507
1568797337.61508
1568797337.86509
1568797338.11511
1568797338.36512
1568797338.61513
1568797338.86514
1568797339.11515
1568797339.36516
1568797339.61517
1568797339.86519
1568797340.1152
1568797340.36521
1568797340.61522
1568797340.86523
1568797341.11524
1568797341.36526
1568797341.61527
1568797341.86528
1568797342.11529
1568797342.3653
1568797342.61531
1568797342.86533
1568797343.11534
1568797343.36535
1568797343.61536
1568797343.86537
1568797344.11538
1568797344.36539
1568797344.61541
1568797344.86542
1568797345.11543
1568797345.36544
1568797345.61545
1568797345.86546
1568797346.11548
1568797346.36549
1568797346.6155
1568797346.86551
1568797347.11552
1568797347.36553
1568797347.61555
1568797347.86556
1568797348.11557
1568797348.36558
1568797348.61559
1568797348.8656
1568797349.11561
1568797349.36563
1568797349.61564
1568797349.86565
1568797350.11566
1568797350.36567
1568797350.61568
1568797350.8657
1568797351.11571
1568797351.36572
1568797351.61573
1568797351.86574
1568797352.11575
1568797352.36577
1568797352.61578
1568797352.86579
1568797353.1158
1568797353.36581
1568797353.61582
1568797353.86583
1568797354.11585
1568797354.36586
1568797354.61587
1568797354.86588
1568797355.11589
1568797355.3659
1568797355.61592
1568797355.86593
1568797356.11594
1568797356.36595
1568797356.61596
1568797356.86597
1568797357.11599
1568797357.366
1568797357.61601
1568797357.86602
1568797358.11603
1568797358.36604
1568797358.61605
1568797358.86607
1568797359.11608
1568797359.36609
1568797359.6161
1568797359.86611
1568797360.11612
1568797360.36614
1568797360.61615
1568797360.86616
1568797361.11617
1568797361.36618
1568797361.61619
1568797361.8662
1568797362.11622
1568797362.36623
1568797362.61624
1568797362.86625
1568797363.11626
1568797363.36627
1568797363.61629
1568797363.8663
1568797364.11631
1568797364.36632
1568797364.61633
1568797364.86634
1568797365.11636
1568797365.36637
1568797365.61638
1568797365.86639
1568797366.1164
1568797366.36641
1568797366.61643
1568797366.86644
1568797367.11645
1568797367.36646
1568797367.61647
1568797367.86648
1568797368.11649
1568797368.36651
1568797368.61652
1568797368.86653
1568797369.11654
1568797369.36655
1568797369.61656
1568797369.86658
1568797370.11659
1568797370.3666
1568797370.61661
1568797370.86662
1568797371.11663
1568797371.36664
1568797371.61666
1568797371.86667
1568797372.11668
1568797372.36669
1568797372.6167
1568797372.86671
1568797373.11673
1568797373.36674
1568797373.61675
1568797373.86676
1568797374.11677
1568797374.36678
1568797374.6168
1568797374.86681
1568797375.11682
1568797375.36683
1568797375.61684
1568797375.86685
1568797376.11686
1568797376.36688
1568797376.61689
1568797376.8669
1568797377.11691
1568797377.36692
1568797377.61693
1568797377.86695
1568797378.11696
1568797378.36697
1568797378.61698
1568797378.86699
1568797379.117
1568797379.36702
1568797379.61703
1568797379.86704
1568797380.11705
1568797380.36706
1568797380.61707
1568797380.86708
1568797381.1171
1568797381.36711
1568797381.61712
1568797381.86713
1568797382.11714
1568797382.36715
1568797382.61717
1568797382.86718
1568797383.11719
1568797383.3672
1568797383.61721
1568797383.86722
1568797384.11724
1568797384.36725
1568797384.61726
1568797384.86727
1568797385.11728
1568797385.36729
1568797385.6173
1568797385.86732
1568797386.11733
1568797386.36734
1568797386.61735
1568797386.86736
1568797387.11737
1568797387.36739
1568797387.6174
1568797387.86741
1568797388.11742
1568797388.36743
1568797388.61744
1568797388.86746
1568797389.11747
1568797389.36748
1568797389.61749
1568797389.8675
1568797390.11751
1568797390.36752
1568797390.61754
1568797390.86755
1568797391.11756
1568797391.36757
1568797391.61758
1568797391.86759
1568797392.11761
1568797392.36762
1568797392.61763
1568797392.86764
1568797393.11765
1568797393.36766
1568797393.61768
1568797393.86769
1568797394.1177
1568797394.36771
1568797394.61772
1568797394.86773
1568797395.11774
1568797395.36776
1568797395.61777
1568797395.86778
1568797396.11779
1568797396.3678
1568797396.61781
1568797396.86783
1568797397.11784
1568797397.36785
1568797397.61786
1568797397.86787
1568797398.11788
1568797398.36789
1568797398.61791
1568797398.86792
1568797399.11793
1568797399.36794
1568797399.61795
1568797399.86796
1568797400.11798
1568797400.36799
1568797400.618
1568797400.86801
1568797401.11802
1568797401.36803
1568797401.61805
1568797401.86806
1568797402.11807
1568797402.36808
1568797402.61809
1568797402.8681
1568797403.11811
1568797403.36813
1568797403.61814
1568797403.86815
1568797404.11816
1568797404.36817
1568797404.61818
1568797404.8682
1568797405.11821
1568797405.36822
1568797405.61823
1568797405.86824
1568797406.11825
1568797406.36827
1568797406.61828
1568797406.86829
1568797407.1183
1568797407.36831
1568797407.61832
1568797407.86833
1568797408.11835
1568797408.36836
1568797408.61837
1568797408.86838
1568797409.11839
1568797409.3684
1568797409.61842
1568797409.86843
1568797410.11844
1568797410.36845
1568797410.61846
1568797410.86847
1568797411.11849
1568797411.3685
1568797411.61851
1568797411.86852
1568797412.11853
1568797412.36854
1568797412.61855
1568797412.86857
1568797413.11858
1568797413.36859
1568797413.6186
1568797413.86861
1568797414.11862
1568797414.36864
1568797414.61865
1568797414.86866
1568797415.11867
1568797415.36868
1568797415.61869
1568797415.86871
1568797416.11872
1568797416.36873
1568797416.61874
1568797416.86875
1568797417.11876
1568797417.36877
1568797417.61879
1568797417.8688
1568797418.11881
1568797418.36882
1568797418.61883
1568797418.86884
1568797419.11886
1568797419.36887
1568797419.61888
1568797419.86889
1568797420.1189
1568797420.36891
1568797420.61893
1568797420.86894
1568797421.11895
1568797421.36896
1568797421.61897
1568797421.86898
1568797422.11899
1568797422.36901
1568797422.61902
1568797422.86903
1568797423.11904
1568797423.36905
1568797423.61906
1568797423.86908
1568797424.11909
1568797424.3691
1568797424.61911
1568797424.86912
1568797425.11913
1568797425.36914
1568797425.61916
1568797425.86917
1568797426.11918
1568797426.36919
1568797426.6192
1568797426.86921
1568797427.11923
1568797427.36924
1568797427.61925
1568797427.86926
1568797428.11927
1568797428.36928
1568797428.6193
1568797428.86931
1568797429.11932
1568797429.36933
1568797429.61934
1568797429.86935
1568797430.11936
1568797430.36938
1568797430.61939
1568797430.8694
1568797431.11941
1568797431.36942
1568797431.61943
1568797431.86945
1568797432.11946
1568797432.36947
1568797432.61948
1568797432.86949
1568797433.1195
1568797433.36952
1568797433.61953
1568797433.86954
1568797434.11955
1568797434.36956
1568797434.61957
1568797434.86958
1568797435.1196
1568797435.36961
1568797435.61962
1568797435.86963
1568797436.11964
1568797436.36965
1568797436.61967
1568797436.86968
1568797437.11969
1568797437.3697
1568797437.61971
1568797437.86972
1568797438.11974
