1568793075.16774
1568793075.41776
1568793075.66777
1568793075.91778
1568793076.16779
1568793076.4178
1568793076.66781
1568793076.91783
1568793077.16784
1568793077.41785
1568793077.66786
1568793077.91787
1568793078.16788
1568793078.41789
1568793078.66791
1568793078.91792
1568793079.16793
1568793079.41794
1568793079.66795
1568793079.91796
1568793080.16798
1568793080.41799
1568793080.668
1568793080.91801
1568793081.16802
1568793081.41803
1568793081.66805
1568793081.91806
1568793082.16807
1568793082.41808
1568793082.66809
1568793082.9181
1568793083.16811
1568793083.41813
1568793083.66814
1568793083.91815
1568793084.16816
1568793084.41817
1568793084.66818
1568793084.9182
1568793085.16821
1568793085.41822
1568793085.66823
1568793085.91824
1568793086.16825
1568793086.41827
1568793086.66828
1568793086.91829
1568793087.1683
1568793087.41831
1568793087.66832
1568793087.91833
1568793088.16835
1568793088.41836
1568793088.66837
1568793088.91838
1568793089.16839
1568793089.4184
1568793089.66842
1568793089.91843
1568793090.16844
1568793090.41845
1568793090.66846
1568793090.91847
1568793091.16849
1568793091.4185
1568793091.66851
1568793091.91852
1568793092.16853
1568793092.41854
1568793092.66855
1568793092.91857
1568793093.16858
1568793093.41859
1568793093.6686
1568793093.91861
1568793094.16862
1568793094.41864
1568793094.66865
1568793094.91866
1568793095.16867
1568793095.41868
1568793095.66869
1568793095.9187
1568793096.16872
1568793096.41873
1568793096.66874
1568793096.91875
1568793097.16876
1568793097.41877
1568793097.66879
1568793097.9188
1568793098.16881
1568793098.41882
1568793098.66883
1568793098.91884
1568793099.16886
1568793099.41887
1568793099.66888
1568793099.91889
1568793100.1689
1568793100.41891
1568793100.66892
1568793100.91894
1568793101.16895
1568793101.41896
1568793101.66897
1568793101.91898
1568793102.16899
1568793102.41901
1568793102.66902
1568793102.91903
1568793103.16904
1568793103.41905
1568793103.66906
1568793103.91908
1568793104.16909
1568793104.4191
1568793104.66911
1568793104.91912
1568793105.16913
1568793105.41914
1568793105.66916
1568793105.91917
1568793106.16918
1568793106.41919
1568793106.6692
1568793106.91921
1568793107.16923
1568793107.41924
1568793107.66925
1568793107.91926
1568793108.16927
1568793108.41928
1568793108.6693
1568793108.91931
1568793109.16932
1568793109.41933
1568793109.66934
1568793109.91935
1568793110.16936
1568793110.41938
1568793110.66939
1568793110.9194
1568793111.16941
1568793111.41942
1568793111.66943
1568793111.91945
1568793112.16946
1568793112.41947
1568793112.66948
1568793112.91949
1568793113.1695
1568793113.41952
1568793113.66953
1568793113.91954
1568793114.16955
1568793114.41956
1568793114.66957
1568793114.91958
1568793115.1696
1568793115.41961
1568793115.66962
1568793115.91963
1568793116.16964
1568793116.41965
1568793116.66967
1568793116.91968
1568793117.16969
1568793117.4197
1568793117.66971
1568793117.91972
1568793118.16974
1568793118.41975
1568793118.66976
1568793118.91977
1568793119.16978
1568793119.41979
1568793119.6698
1568793119.91982
1568793120.16983
1568793120.41984
1568793120.66985
1568793120.91986
1568793121.16987
1568793121.41989
1568793121.6699
1568793121.91991
1568793122.16992
1568793122.41993
1568793122.66994
1568793122.91996
1568793123.16997
1568793123.41998
1568793123.66999
1568793123.92
1568793124.17001
1568793124.42002
1568793124.67004
1568793124.92005
1568793125.17006
1568793125.42007
1568793125.67008
1568793125.92009
1568793126.17011
1568793126.42012
1568793126.67013
1568793126.92014
1568793127.17015
1568793127.42016
1568793127.67018
1568793127.92019
1568793128.1702
1568793128.42021
1568793128.67022
1568793128.92023
1568793129.17024
1568793129.42026
1568793129.67027
1568793129.92028
1568793130.17029
1568793130.4203
1568793130.67031
1568793130.92033
1568793131.17034
1568793131.42035
1568793131.67036
1568793131.92037
1568793132.17038
1568793132.42039
1568793132.67041
1568793132.92042
1568793133.17043
1568793133.42044
1568793133.67045
1568793133.92046
1568793134.17048
1568793134.42049
1568793134.6705
1568793134.92051
1568793135.17052
1568793135.42053
1568793135.67055
1568793135.92056
1568793136.17057
1568793136.42058
1568793136.67059
1568793136.9206
1568793137.17061
1568793137.42063
1568793137.67064
1568793137.92065
1568793138.17066
1568793138.42067
1568793138.67068
1568793138.9207
1568793139.17071
1568793139.42072
1568793139.67073
1568793139.92074
1568793140.17075
1568793140.42077
1568793140.67078
1568793140.92079
1568793141.1708
1568793141.42081
1568793141.67082
1568793141.92083
1568793142.17085
1568793142.42086
1568793142.67087
1568793142.92088
1568793143.17089
1568793143.4209
1568793143.67092
1568793143.92093
1568793144.17094
1568793144.42095
1568793144.67096
1568793144.92097
1568793145.17099
1568793145.421
1568793145.67101
1568793145.92102
1568793146.17103
1568793146.42104
1568793146.67105
1568793146.92107
1568793147.17108
1568793147.42109
1568793147.6711
1568793147.92111
1568793148.17112
1568793148.42114
1568793148.67115
1568793148.92116
1568793149.17117
1568793149.42118
1568793149.67119
1568793149.92121
1568793150.17122
1568793150.42123
1568793150.67124
1568793150.92125
1568793151.17126
1568793151.42127
1568793151.67129
1568793151.9213
1568793152.17131
1568793152.42132
1568793152.67133
1568793152.92134
1568793153.17136
1568793153.42137
1568793153.67138
1568793153.92139
1568793154.1714
1568793154.42141
1568793154.67143
1568793154.92144
1568793155.17145
1568793155.42146
1568793155.67147
1568793155.92148
1568793156.17149
1568793156.42151
1568793156.67152
1568793156.92153
1568793157.17154
1568793157.42155
1568793157.67156
1568793157.92158
1568793158.17159
1568793158.4216
1568793158.67161
1568793158.92162
1568793159.17163
1568793159.42164
1568793159.67166
1568793159.92167
1568793160.17168
1568793160.42169
1568793160.6717
1568793160.92171
1568793161.17173
1568793161.42174
1568793161.67175
1568793161.92176
1568793162.17177
1568793162.42178
1568793162.6718
1568793162.92181
1568793163.17182
1568793163.42183
1568793163.67184
1568793163.92185
1568793164.17186
1568793164.42188
1568793164.67189
1568793164.9219
1568793165.17191
1568793165.42192
1568793165.67193
1568793165.92195
1568793166.17196
1568793166.42197
1568793166.67198
1568793166.92199
1568793167.172
1568793167.42202
1568793167.67203
1568793167.92204
1568793168.17205
1568793168.42206
1568793168.67207
1568793168.92208
1568793169.1721
1568793169.42211
1568793169.67212
1568793169.92213
1568793170.17214
1568793170.42215
1568793170.67217
1568793170.92218
1568793171.17219
1568793171.4222
1568793171.67221
1568793171.92222
1568793172.17224
1568793172.42225
1568793172.67226
1568793172.92227
1568793173.17228
1568793173.42229
1568793173.6723
1568793173.92232
1568793174.17233
1568793174.42234
1568793174.67235
1568793174.92236
1568793175.17237
1568793175.42239
1568793175.6724
1568793175.92241
1568793176.17242
1568793176.42243
1568793176.67244
1568793176.92246
1568793177.17247
1568793177.42248
1568793177.67249
1568793177.9225
1568793178.17251
1568793178.42252
1568793178.67254
1568793178.92255
1568793179.17256
1568793179.42257
1568793179.67258
1568793179.92259
1568793180.17261
1568793180.42262
1568793180.67263
1568793180.92264
1568793181.17265
1568793181.42266
1568793181.67268
1568793181.92269
1568793182.1727
1568793182.42271
1568793182.67272
1568793182.92273
1568793183.17274
1568793183.42276
1568793183.67277
1568793183.92278
1568793184.17279
1568793184.4228
1568793184.67281
1568793184.92283
1568793185.17284
1568793185.42285
1568793185.67286
1568793185.92287
1568793186.17288
1568793186.42289
1568793186.67291
1568793186.92292
1568793187.17293
1568793187.42294
1568793187.67295
1568793187.92296
1568793188.17298
1568793188.42299
1568793188.673
1568793188.92301
1568793189.17302
1568793189.42303
1568793189.67305
1568793189.92306
1568793190.17307
1568793190.42308
1568793190.67309
1568793190.9231
1568793191.17312
1568793191.42313
1568793191.67314
1568793191.92315
1568793192.17316
1568793192.42317
1568793192.67318
1568793192.9232
1568793193.17321
1568793193.42322
1568793193.67323
1568793193.92324
1568793194.17325
1568793194.42327
1568793194.67328
1568793194.92329
1568793195.1733
1568793195.42331
1568793195.67332
1568793195.92333
1568793196.17335
1568793196.42336
1568793196.67337
1568793196.92338
1568793197.17339
1568793197.4234
1568793197.67342
1568793197.92343
1568793198.17344
1568793198.42345
1568793198.67346
1568793198.92347
1568793199.17349
1568793199.4235
1568793199.67351
1568793199.92352
1568793200.17353
1568793200.42354
1568793200.67355
1568793200.92357
1568793201.17358
1568793201.42359
1568793201.6736
1568793201.92361
1568793202.17362
1568793202.42364
1568793202.67365
1568793202.92366
1568793203.17367
1568793203.42368
1568793203.67369
1568793203.92371
1568793204.17372
1568793204.42373
1568793204.67374
1568793204.92375
1568793205.17376
1568793205.42377
1568793205.67379
1568793205.9238
1568793206.17381
1568793206.42382
1568793206.67383
1568793206.92384
1568793207.17386
1568793207.42387
1568793207.67388
1568793207.92389
1568793208.1739
1568793208.42391
1568793208.67393
1568793208.92394
1568793209.17395
1568793209.42396
1568793209.67397
1568793209.92398
1568793210.17399
1568793210.42401
1568793210.67402
1568793210.92403
1568793211.17404
1568793211.42405
1568793211.67406
1568793211.92408
1568793212.17409
1568793212.4241
1568793212.67411
1568793212.92412
1568793213.17413
1568793213.42415
1568793213.67416
1568793213.92417
1568793214.17418
1568793214.42419
1568793214.6742
1568793214.92421
1568793215.17423
1568793215.42424
1568793215.67425
1568793215.92426
1568793216.17427
1568793216.42428
1568793216.6743
1568793216.92431
1568793217.17432
1568793217.42433
1568793217.67434
1568793217.92435
1568793218.17437
1568793218.42438
1568793218.67439
1568793218.9244
1568793219.17441
1568793219.42442
1568793219.67443
1568793219.92445
1568793220.17446
1568793220.42447
1568793220.67448
1568793220.92449
1568793221.1745
1568793221.42452
1568793221.67453
1568793221.92454
1568793222.17455
1568793222.42456
1568793222.67457
1568793222.92458
1568793223.1746
1568793223.42461
1568793223.67462
1568793223.92463
1568793224.17464
1568793224.42465
1568793224.67467
1568793224.92468
1568793225.17469
1568793225.4247
1568793225.67471
1568793225.92472
1568793226.17474
1568793226.42475
1568793226.67476
1568793226.92477
1568793227.17478
1568793227.42479
1568793227.6748
1568793227.92482
1568793228.17483
1568793228.42484
1568793228.67485
1568793228.92486
1568793229.17487
1568793229.42489
1568793229.6749
1568793229.92491
1568793230.17492
1568793230.42493
1568793230.67494
1568793230.92496
1568793231.17497
1568793231.42498
1568793231.67499
1568793231.925
1568793232.17501
1568793232.42502
1568793232.67504
1568793232.92505
1568793233.17506
1568793233.42507
1568793233.67508
1568793233.92509
1568793234.17511
1568793234.42512
1568793234.67513
1568793234.92514
1568793235.17515
1568793235.42516
1568793235.67518
1568793235.92519
1568793236.1752
1568793236.42521
1568793236.67522
1568793236.92523
1568793237.17524
1568793237.42526
1568793237.67527
1568793237.92528
1568793238.17529
1568793238.4253
1568793238.67531
1568793238.92533
1568793239.17534
1568793239.42535
1568793239.67536
1568793239.92537
1568793240.17538
1568793240.4254
1568793240.67541
1568793240.92542
1568793241.17543
1568793241.42544
1568793241.67545
1568793241.92546
1568793242.17548
1568793242.42549
1568793242.6755
1568793242.92551
1568793243.17552
1568793243.42553
1568793243.67555
1568793243.92556
1568793244.17557
1568793244.42558
1568793244.67559
1568793244.9256
1568793245.17562
1568793245.42563
1568793245.67564
1568793245.92565
1568793246.17566
1568793246.42567
1568793246.67568
1568793246.9257
1568793247.17571
1568793247.42572
1568793247.67573
1568793247.92574
1568793248.17575
1568793248.42577
1568793248.67578
1568793248.92579
1568793249.1758
1568793249.42581
1568793249.67582
1568793249.92584
1568793250.17585
1568793250.42586
1568793250.67587
1568793250.92588
1568793251.17589
1568793251.4259
1568793251.67592
1568793251.92593
1568793252.17594
1568793252.42595
1568793252.67596
1568793252.92597
1568793253.17599
1568793253.426
1568793253.67601
1568793253.92602
1568793254.17603
1568793254.42604
1568793254.67605
1568793254.92607
1568793255.17608
1568793255.42609
1568793255.6761
1568793255.92611
1568793256.17612
1568793256.42614
1568793256.67615
1568793256.92616
1568793257.17617
1568793257.42618
1568793257.67619
1568793257.92621
1568793258.17622
1568793258.42623
1568793258.67624
1568793258.92625
1568793259.17626
1568793259.42627
1568793259.67629
1568793259.9263
1568793260.17631
1568793260.42632
1568793260.67633
1568793260.92634
1568793261.17636
1568793261.42637
1568793261.67638
1568793261.92639
1568793262.1764
1568793262.42641
1568793262.67643
1568793262.92644
1568793263.17645
1568793263.42646
1568793263.67647
1568793263.92648
1568793264.17649
1568793264.42651
1568793264.67652
1568793264.92653
1568793265.17654
1568793265.42655
1568793265.67656
1568793265.92658
1568793266.17659
1568793266.4266
1568793266.67661
1568793266.92662
1568793267.17663
1568793267.42665
1568793267.67666
1568793267.92667
1568793268.17668
1568793268.42669
1568793268.6767
1568793268.92671
1568793269.17673
1568793269.42674
1568793269.67675
1568793269.92676
1568793270.17677
1568793270.42678
1568793270.6768
1568793270.92681
1568793271.17682
1568793271.42683
1568793271.67684
1568793271.92685
1568793272.17687
1568793272.42688
1568793272.67689
1568793272.9269
1568793273.17691
1568793273.42692
1568793273.67693
1568793273.92695
1568793274.17696
1568793274.42697
1568793274.67698
1568793274.92699
1568793275.177
1568793275.42702
1568793275.67703
1568793275.92704
1568793276.17705
1568793276.42706
1568793276.67707
1568793276.92709
1568793277.1771
1568793277.42711
1568793277.67712
1568793277.92713
1568793278.17714
1568793278.42715
1568793278.67717
1568793278.92718
1568793279.17719
1568793279.4272
1568793279.67721
1568793279.92722
1568793280.17724
1568793280.42725
1568793280.67726
1568793280.92727
1568793281.17728
1568793281.42729
1568793281.6773
1568793281.92732
1568793282.17733
1568793282.42734
1568793282.67735
1568793282.92736
1568793283.17737
1568793283.42739
1568793283.6774
1568793283.92741
1568793284.17742
1568793284.42743
1568793284.67744
1568793284.92746
1568793285.17747
1568793285.42748
1568793285.67749
1568793285.9275
1568793286.17751
1568793286.42753
1568793286.67754
1568793286.92755
1568793287.17756
1568793287.42757
1568793287.67758
1568793287.92759
1568793288.17761
1568793288.42762
1568793288.67763
1568793288.92764
1568793289.17765
1568793289.42766
1568793289.67768
1568793289.92769
1568793290.1777
1568793290.42771
1568793290.67772
1568793290.92773
1568793291.17774
1568793291.42776
1568793291.67777
1568793291.92778
1568793292.17779
1568793292.4278
1568793292.67781
1568793292.92783
1568793293.17784
1568793293.42785
1568793293.67786
1568793293.92787
1568793294.17788
1568793294.4279
1568793294.67791
1568793294.92792
1568793295.17793
1568793295.42794
1568793295.67795
1568793295.92796
1568793296.17798
1568793296.42799
1568793296.678
1568793296.92801
1568793297.17802
1568793297.42803
1568793297.67805
1568793297.92806
1568793298.17807
1568793298.42808
1568793298.67809
1568793298.9281
1568793299.17812
1568793299.42813
1568793299.67814
1568793299.92815
1568793300.17816
1568793300.42817
1568793300.67818
1568793300.9282
1568793301.17821
1568793301.42822
1568793301.67823
1568793301.92824
1568793302.17825
1568793302.42827
1568793302.67828
1568793302.92829
1568793303.1783
1568793303.42831
1568793303.67832
1568793303.92834
1568793304.17835
1568793304.42836
1568793304.67837
1568793304.92838
1568793305.17839
1568793305.4284
1568793305.67842
1568793305.92843
1568793306.17844
1568793306.42845
1568793306.67846
1568793306.92847
1568793307.17849
1568793307.4285
1568793307.67851
1568793307.92852
1568793308.17853
1568793308.42854
1568793308.67856
1568793308.92857
1568793309.17858
1568793309.42859
1568793309.6786
1568793309.92861
1568793310.17862
1568793310.42864
1568793310.67865
1568793310.92866
1568793311.17867
1568793311.42868
1568793311.67869
1568793311.92871
1568793312.17872
1568793312.42873
1568793312.67874
1568793312.92875
1568793313.17876
1568793313.42878
1568793313.67879
1568793313.9288
1568793314.17881
1568793314.42882
1568793314.67883
1568793314.92884
1568793315.17886
1568793315.42887
1568793315.67888
1568793315.92889
1568793316.1789
1568793316.42891
1568793316.67893
1568793316.92894
1568793317.17895
1568793317.42896
1568793317.67897
1568793317.92898
1568793318.17899
1568793318.42901
1568793318.67902
1568793318.92903
1568793319.17904
1568793319.42905
1568793319.67906
1568793319.92908
1568793320.17909
1568793320.4291
1568793320.67911
1568793320.92912
1568793321.17913
1568793321.42915
1568793321.67916
1568793321.92917
1568793322.17918
1568793322.42919
1568793322.6792
1568793322.92921
1568793323.17923
1568793323.42924
1568793323.67925
1568793323.92926
1568793324.17927
1568793324.42928
1568793324.6793
1568793324.92931
1568793325.17932
1568793325.42933
1568793325.67934
1568793325.92935
1568793326.17937
1568793326.42938
1568793326.67939
1568793326.9294
1568793327.17941
1568793327.42942
1568793327.67943
1568793327.92945
1568793328.17946
1568793328.42947
1568793328.67948
1568793328.92949
1568793329.1795
1568793329.42952
1568793329.67953
1568793329.92954
1568793330.17955
1568793330.42956
1568793330.67957
1568793330.92959
1568793331.1796
1568793331.42961
1568793331.67962
1568793331.92963
1568793332.17964
1568793332.42965
1568793332.67967
1568793332.92968
1568793333.17969
1568793333.4297
1568793333.67971
1568793333.92972
1568793334.17974
1568793334.42975
1568793334.67976
1568793334.92977
1568793335.17978
1568793335.42979
1568793335.67981
1568793335.92982
1568793336.17983
1568793336.42984
1568793336.67985
1568793336.92986
1568793337.17987
1568793337.42989
1568793337.6799
1568793337.92991
1568793338.17992
1568793338.42993
1568793338.67994
1568793338.92996
1568793339.17997
1568793339.42998
1568793339.67999
1568793339.93
1568793340.18001
1568793340.43003
1568793340.68004
1568793340.93005
1568793341.18006
1568793341.43007
1568793341.68008
1568793341.93009
1568793342.18011
1568793342.43012
1568793342.68013
1568793342.93014
1568793343.18015
1568793343.43016
1568793343.68018
1568793343.93019
1568793344.1802
1568793344.43021
1568793344.68022
1568793344.93023
1568793345.18024
1568793345.43026
1568793345.68027
1568793345.93028
1568793346.18029
1568793346.4303
1568793346.68031
1568793346.93033
1568793347.18034
1568793347.43035
1568793347.68036
1568793347.93037
1568793348.18038
1568793348.4304
1568793348.68041
1568793348.93042
1568793349.18043
1568793349.43044
1568793349.68045
1568793349.93046
1568793350.18048
1568793350.43049
1568793350.6805
1568793350.93051
1568793351.18052
1568793351.43053
1568793351.68055
1568793351.93056
1568793352.18057
1568793352.43058
1568793352.68059
1568793352.9306
1568793353.18062
1568793353.43063
1568793353.68064
1568793353.93065
1568793354.18066
1568793354.43067
1568793354.68068
1568793354.9307
1568793355.18071
1568793355.43072
1568793355.68073
1568793355.93074
1568793356.18075
1568793356.43077
1568793356.68078
1568793356.93079
1568793357.1808
1568793357.43081
1568793357.68082
1568793357.93084
1568793358.18085
1568793358.43086
1568793358.68087
1568793358.93088
1568793359.18089
1568793359.4309
1568793359.68092
1568793359.93093
1568793360.18094
1568793360.43095
1568793360.68096
1568793360.93097
1568793361.18099
1568793361.431
1568793361.68101
1568793361.93102
1568793362.18103
1568793362.43104
1568793362.68106
1568793362.93107
1568793363.18108
1568793363.43109
1568793363.6811
1568793363.93111
1568793364.18112
1568793364.43114
1568793364.68115
1568793364.93116
1568793365.18117
1568793365.43118
1568793365.68119
1568793365.93121
1568793366.18122
1568793366.43123
1568793366.68124
1568793366.93125
1568793367.18126
1568793367.43128
1568793367.68129
1568793367.9313
1568793368.18131
1568793368.43132
1568793368.68133
1568793368.93134
1568793369.18136
1568793369.43137
1568793369.68138
1568793369.93139
1568793370.1814
1568793370.43141
1568793370.68143
1568793370.93144
1568793371.18145
1568793371.43146
1568793371.68147
1568793371.93148
1568793372.1815
1568793372.43151
1568793372.68152
1568793372.93153
1568793373.18154
1568793373.43155
1568793373.68156
1568793373.93158
1568793374.18159
1568793374.4316
1568793374.68161
1568793374.93162
