E4_Bvp 1569598241,77876 -21,18799
E4_Bvp 1569598241,79439 -24,20792
E4_Bvp 1569598241,81001 -27,3391
E4_Bvp 1569598241,82564 -30,71565
E4_Bvp 1569598241,84126 -34,47292
E4_Bvp 1569598241,85689 -38,58437
E4_Bvp 1569598241,87251 -42,72038
E4_Bvp 1569598241,88814 -46,28786
E4_Bvp 1569598241,90377 -48,54585
E4_Temperature 1569598239,96627 31,33
E4_Temperature 1569598240,21628 31,33
E4_Temperature 1569598240,46629 31,33
E4_Temperature 1569598240,7163 31,33
E4_Temperature 1569598240,96631 31,29
E4_Temperature 1569598241,21632 31,29
E4_Temperature 1569598241,46634 31,29
E4_Temperature 1569598241,71635 31,29
E4_Bvp 1569598241,91939 -48,90207
E4_Bvp 1569598241,93502 -47,10746
E4_Bvp 1569598241,95064 -43,32053
E4_Bvp 1569598241,96627 -38,04785
E4_Bvp 1569598241,98189 -31,89676
E4_Bvp 1569598241,99752 -25,36097
E4_Bvp 1569598242,01315 -18,72984
E4_Bvp 1569598242,02877 -12,11345
E4_Bvp 1569598242,0444 -5,582335
E4_Bvp 1569598242,06002 0,7136078
E4_Bvp 1569598242,07565 6,551567
E4_Bvp 1569598242,09127 11,6789
E4_Bvp 1569598242,1069 15,94315
E4_Bvp 1569598242,12253 19,33517
E4_Bvp 1569598242,13815 21,96042
E4_Bvp 1569598242,15378 23,97692
E4_Bvp 1569598242,1694 25,49876
E4_Bvp 1569598242,18503 26,5731
E4_Bvp 1569598242,20065 27,22292
E4_Bvp 1569598242,21628 27,50973
E4_Bvp 1569598242,23191 27,53305
E4_Bvp 1569598242,24753 27,42531
E4_Bvp 1569598242,26316 27,29269
E4_Bvp 1569598242,27878 27,14138
E4_Bvp 1569598242,29441 26,90951
E4_Bvp 1569598242,31003 26,52227
E4_Bvp 1569598242,32566 25,94074
E4_Bvp 1569598242,34129 25,20456
E4_Bvp 1569598242,35691 24,41867
E4_Bvp 1569598242,37254 23,67405
E4_Bvp 1569598242,38816 22,98591
E4_Bvp 1569598242,40379 22,29823
E4_Bvp 1569598242,41942 21,50056
E4_Bvp 1569598242,43504 20,47908
E4_Bvp 1569598242,45067 19,14214
E4_Bvp 1569598242,46629 17,47515
E4_Bvp 1569598242,48192 15,52361
E4_Bvp 1569598242,49754 13,37702
E4_Bvp 1569598242,51317 11,1483
E4_Bvp 1569598242,5288 8,951561
E4_Bvp 1569598242,54442 6,876966
E4_Bvp 1569598242,56005 4,934263
E4_Bvp 1569598242,57567 3,075119
E4_Bvp 1569598242,5913 1,179134
E4_Bvp 1569598242,60692 -0,8643131
E4_Bvp 1569598242,62255 -3,095196
E4_Bvp 1569598242,63818 -5,47286
E4_Bvp 1569598242,6538 -7,920273
E4_Bvp 1569598242,66943 -10,35745
E4_Bvp 1569598242,68505 -12,76942
E4_Bvp 1569598242,70068 -15,21137
E4_Bvp 1569598242,7163 -17,74538
E4_Bvp 1569598242,73193 -20,44126
E4_Bvp 1569598242,74756 -23,34706
E4_Bvp 1569598242,76318 -26,50071
E4_Gsr 1569598241,088 0,2975357
E4_Gsr 1569598241,338 0,298817
E4_Gsr 1569598241,588 0,2975357
E4_Gsr 1569598241,838 0,2962543
E4_Gsr 1569598242,088 0,3000983
E4_Gsr 1569598242,338 0,2975357
E4_Bvp 1569598242,77881 -29,91545
E4_Bvp 1569598242,79443 -33,56971
E4_Bvp 1569598242,81006 -37,29233
E4_Bvp 1569598242,82568 -40,70647
E4_Bvp 1569598242,84131 -43,29736
E4_Bvp 1569598242,85694 -44,46249
E4_Bvp 1569598242,87256 -43,74555
E4_Bvp 1569598242,88819 -40,99253
E4_Bvp 1569598242,90381 -36,42316
E4_Bvp 1569598242,91944 -30,52423
E4_Bvp 1569598242,93506 -23,94244
E4_Bvp 1569598242,95069 -17,30638
E4_Bvp 1569598242,96632 -11,07262
E4_Bvp 1569598242,98194 -5,461721
E4_Bvp 1569598242,99757 -0,4836273
E4_Bvp 1569598243,01319 3,985779
E4_Bvp 1569598243,02882 8,078304
E4_Bvp 1569598243,04444 11,8043
E4_Bvp 1569598243,06007 15,04475
E4_Bvp 1569598243,0757 17,62593
E4_Bvp 1569598243,09132 19,41235
E4_Bvp 1569598243,10695 20,45648
E4_Bvp 1569598243,12257 20,99464
E4_Bvp 1569598243,1382 21,34605
E4_Bvp 1569598243,15382 21,74941
E4_Bvp 1569598243,16945 22,25816
E4_Bvp 1569598243,18508 22,76055
E4_Bvp 1569598243,2007 23,08247
E4_Bvp 1569598243,21633 23,17065
E4_Bvp 1569598243,23195 23,11954
E4_Bvp 1569598243,24758 23,08911
E4_Bvp 1569598243,2632 23,18338
E4_Bvp 1569598243,27883 23,32945
E4_Bvp 1569598243,29446 23,28888
E4_Bvp 1569598243,31008 22,81091
E4_Bvp 1569598243,32571 21,77774
E4_Bvp 1569598243,34133 20,25723
E4_Bvp 1569598243,35696 18,48678
E4_Bvp 1569598243,37258 16,73042
E4_Bvp 1569598243,38821 15,15305
E4_Bvp 1569598243,40384 13,77375
E4_Bvp 1569598243,41946 12,48829
E4_Bvp 1569598243,43509 11,19552
E4_Bvp 1569598243,45071 9,816988
E4_Bvp 1569598243,46634 8,358099
E4_Bvp 1569598243,48196 6,829866
E4_Bvp 1569598243,49759 5,207376
E4_Bvp 1569598243,51322 3,452681
E4_Bvp 1569598243,52884 1,491072
E4_Bvp 1569598243,54447 -0,7272377
E4_Bvp 1569598243,56009 -3,193718
E4_Bvp 1569598243,57572 -5,839256
E4_Bvp 1569598243,59134 -8,583836
E4_Bvp 1569598243,60697 -11,36629
E4_Bvp 1569598243,6226 -14,17574
E4_Bvp 1569598243,63822 -17,054
E4_Bvp 1569598243,65385 -20,08029
E4_Bvp 1569598243,66947 -23,36507
E4_Bvp 1569598243,6851 -26,94547
E4_Bvp 1569598243,70072 -30,76046
E4_Bvp 1569598243,71635 -34,5982
E4_Bvp 1569598243,73198 -38,08009
E4_Bvp 1569598243,7476 -40,72017
E4_Bvp 1569598243,76323 -42,01405
E4_Bvp 1569598243,77885 -41,55482
E4_Bvp 1569598243,79448 -39,15688
E4_Temperature 1569598241,96636 31,31
E4_Temperature 1569598242,21637 31,31
E4_Temperature 1569598242,46638 31,31
E4_Temperature 1569598242,71639 31,31
E4_Temperature 1569598242,96641 31,31
E4_Temperature 1569598243,21642 31,31
E4_Temperature 1569598243,46643 31,31
E4_Temperature 1569598243,71644 31,31
E4_Bvp 1569598243,8101 -34,91821
E4_Bvp 1569598243,82573 -29,24673
E4_Bvp 1569598243,84136 -22,71524
E4_Bvp 1569598243,85698 -15,95121
E4_Bvp 1569598243,87261 -9,446893
E4_Bvp 1569598243,88823 -3,467921
E4_Bvp 1569598243,90386 1,928271
E4_Bvp 1569598243,91948 6,808378
E4_Bvp 1569598243,93511 11,22637
E4_Bvp 1569598243,95074 15,12159
E4_Bvp 1569598243,96636 18,36573
E4_Bvp 1569598243,98199 20,80362
E4_Bvp 1569598243,99761 22,41
E4_Bvp 1569598244,01324 23,31098
E4_Bvp 1569598244,02886 23,77284
E4_Bvp 1569598244,04449 24,07718
E4_Bvp 1569598244,06012 24,40588
E4_Bvp 1569598244,07574 24,80009
E4_Bvp 1569598244,09137 25,17499
E4_Bvp 1569598244,10699 25,44592
E4_Bvp 1569598244,12262 25,55292
E4_Bvp 1569598244,13824 25,54139
E4_Gsr 1569598242,588 0,3000983
E4_Gsr 1569598242,838 0,3000983
E4_Gsr 1569598243,088 0,298817
E4_Gsr 1569598243,338 0,3013797
E4_Gsr 1569598243,588 0,3039423
E4_Gsr 1569598243,838 0,302661
E4_Bvp 1569598244,15387 25,46587
E4_Bvp 1569598244,1695 25,36223
E4_Bvp 1569598244,18512 25,17774
E4_Bvp 1569598244,20075 24,78913
E4_Bvp 1569598244,21637 24,04122
E4_Bvp 1569598244,232 22,8436
E4_Bvp 1569598244,24762 21,18141
E4_Bvp 1569598244,26325 19,13956
E4_Bvp 1569598244,27888 16,8609
E4_Bvp 1569598244,2945 14,52386
E4_Bvp 1569598244,31013 12,29522
E4_Bvp 1569598244,32575 10,27471
E4_Bvp 1569598244,34138 8,536046
E4_Bvp 1569598244,357 7,074537
E4_Bvp 1569598244,37263 5,820243
E4_Bvp 1569598244,38826 4,640458
E4_Bvp 1569598244,40388 3,321309
E4_Bvp 1569598244,41951 1,660498
E4_Bvp 1569598244,43513 -0,4849739
E4_Bvp 1569598244,45076 -3,116045
E4_Bvp 1569598244,46638 -6,087893
E4_Bvp 1569598244,48201 -9,162161
E4_Bvp 1569598244,49764 -12,09217
E4_Bvp 1569598244,51326 -14,75864
E4_Bvp 1569598244,52889 -17,19168
E4_Bvp 1569598244,54451 -19,52213
E4_Bvp 1569598244,56014 -21,95931
E4_Bvp 1569598244,57576 -24,67776
E4_Bvp 1569598244,59139 -27,78964
E4_Bvp 1569598244,60702 -31,33493
E4_Bvp 1569598244,62264 -35,27943
E4_Bvp 1569598244,63827 -39,43608
E4_Bvp 1569598244,65389 -43,44891
E4_Bvp 1569598244,66952 -46,75973
E4_Bvp 1569598244,68514 -48,69674
E4_Bvp 1569598244,70077 -48,69065
E4_Bvp 1569598244,7164 -46,48861
E4_Bvp 1569598244,73202 -42,28237
E4_Bvp 1569598244,74765 -36,6265
E4_Bvp 1569598244,76327 -30,25638
E4_Bvp 1569598244,7789 -23,81414
E4_Bvp 1569598244,79452 -17,66636
E4_Bvp 1569598244,81015 -11,86089
E4_Bvp 1569598244,82578 -6,24628
E4_Bvp 1569598244,8414 -0,6361828
E4_Bvp 1569598244,85703 4,999868
E4_Bvp 1569598244,87265 10,51958
E4_Bvp 1569598244,88828 15,63929
E4_Bvp 1569598244,9039 20,0074
E4_Bvp 1569598244,91953 23,35431
E4_Bvp 1569598244,93516 25,56405
E4_Bvp 1569598244,95078 26,70345
E4_Bvp 1569598244,96641 27,03419
E4_Bvp 1569598244,98203 26,88003
E4_Bvp 1569598244,99766 26,58586
E4_Bvp 1569598245,01329 26,37041
E4_Bvp 1569598245,02891 26,31665
E4_Bvp 1569598245,04454 26,38809
E4_Bvp 1569598245,06016 26,48266
E4_Bvp 1569598245,07579 26,5075
E4_Bvp 1569598245,09141 26,39909
E4_Bvp 1569598245,10704 26,12613
E4_Bvp 1569598245,12267 25,66733
E4_Bvp 1569598245,13829 25,00667
E4_Bvp 1569598245,15392 24,13003
E4_Bvp 1569598245,16954 23,03857
E4_Bvp 1569598245,18517 21,73451
E4_Bvp 1569598245,20079 20,24457
E4_Bvp 1569598245,21642 18,59034
E4_Bvp 1569598245,23205 16,78844
E4_Bvp 1569598245,24767 14,87416
E4_Bvp 1569598245,2633 12,87328
E4_Bvp 1569598245,27892 10,83519
E4_Bvp 1569598245,29455 8,786249
E4_Bvp 1569598245,31017 6,754829
E4_Bvp 1569598245,3258 4,750267
E4_Bvp 1569598245,34143 2,773453
E4_Bvp 1569598245,35705 0,7989426
E4_Bvp 1569598245,37268 -1,230587
E4_Bvp 1569598245,3883 -3,370083
E4_Bvp 1569598245,40393 -5,694197
E4_Bvp 1569598245,41955 -8,239176
E4_Bvp 1569598245,43518 -10,99451
E4_Bvp 1569598245,45081 -13,86072
E4_Bvp 1569598245,46643 -16,71169
E4_Bvp 1569598245,48206 -19,41803
E4_Bvp 1569598245,49768 -21,93054
E4_Bvp 1569598245,51331 -24,34332
E4_Bvp 1569598245,52893 -26,85512
E4_Bvp 1569598245,54456 -29,72218
E4_Bvp 1569598245,56019 -33,1284
E4_Bvp 1569598245,57581 -37,0333
E4_Bvp 1569598245,59144 -41,12366
E4_Bvp 1569598245,60706 -44,81717
E4_Bvp 1569598245,62269 -47,39265
E4_Bvp 1569598245,63831 -48,23488
E4_Bvp 1569598245,65394 -47,01314
E4_Bvp 1569598245,66957 -43,79503
E4_Bvp 1569598245,68519 -38,9949
E4_Gsr 1569598244,088 0,3013797
E4_Gsr 1569598244,338 0,2975357
E4_Gsr 1569598244,588 0,298817
E4_Gsr 1569598244,838 0,3000983
E4_Gsr 1569598245,088 0,294973
E4_Gsr 1569598245,338 0,2975357
E4_Bvp 1569598245,70082 -33,20372
E4_Bvp 1569598245,71644 -27,00339
E4_Bvp 1569598245,73207 -20,80006
E4_Bvp 1569598245,74769 -14,80065
E4_Bvp 1569598245,76332 -9,086805
E4_Bvp 1569598245,77895 -3,687777
E4_Bvp 1569598245,79457 1,347757
E4_Bvp 1569598245,8102 5,926733
E4_Bvp 1569598245,82582 9,984919
E4_Bvp 1569598245,84145 13,49856
E4_Bvp 1569598245,85707 16,51774
E4_Temperature 1569598243,96645 31,31
E4_Temperature 1569598244,21646 31,31
E4_Temperature 1569598244,46648 31,31
E4_Temperature 1569598244,71649 31,31
E4_Temperature 1569598244,9665 31,31
E4_Temperature 1569598245,21651 31,31
E4_Temperature 1569598245,46652 31,31
E4_Temperature 1569598245,71653 31,31
E4_Bvp 1569598245,8727 19,09707
E4_Bvp 1569598245,88833 21,25032
E4_Bvp 1569598245,90395 22,92545
E4_Bvp 1569598245,91958 24,04799
E4_Bvp 1569598245,9352 24,58938
E4_Bvp 1569598245,95083 24,62349
E4_Bvp 1569598245,96645 24,33431
E4_Bvp 1569598245,98208 23,95301
E4_Bvp 1569598245,99771 23,66866
E4_Bvp 1569598246,01333 23,55763
E4_Bvp 1569598246,02896 23,55621
E4_Bvp 1569598246,04458 23,5503
E4_Bvp 1569598246,06021 23,44346
E4_Bvp 1569598246,07583 23,20141
E4_Bvp 1569598246,09146 22,83647
E4_Bvp 1569598246,10709 22,36321
E4_Bvp 1569598246,12271 21,74967
E4_Bvp 1569598246,13834 20,88868
E4_Bvp 1569598246,15396 19,69599
E4_Bvp 1569598246,16959 18,13196
E4_Bvp 1569598246,18521 16,28854
E4_Bvp 1569598246,20084 14,36048
E4_Bvp 1569598246,21647 12,53332
E4_Bvp 1569598246,23209 10,90294
E4_Bvp 1569598246,24772 9,456108
E4_Bvp 1569598246,26334 8,046368
E4_Bvp 1569598246,27897 6,51865
E4_Bvp 1569598246,29459 4,729668
E4_Bvp 1569598246,31022 2,622953
E4_Bvp 1569598246,32585 0,2185783
E4_Bvp 1569598246,34147 -2,429979
E4_Bvp 1569598246,3571 -5,216986
E4_Bvp 1569598246,37272 -8,019344
E4_Bvp 1569598246,38835 -10,69374
E4_Bvp 1569598246,40397 -13,15101
E4_Bvp 1569598246,4196 -15,39694
E4_Bvp 1569598246,43523 -17,57334
E4_Bvp 1569598246,45085 -19,91446
E4_Bvp 1569598246,46648 -22,6369
E4_Bvp 1569598246,4821 -25,86377
E4_Bvp 1569598246,49773 -29,55325
E4_Bvp 1569598246,51335 -33,50835
E4_Bvp 1569598246,52898 -37,44627
E4_Bvp 1569598246,54461 -41,01187
E4_Bvp 1569598246,56023 -43,79279
E4_Bvp 1569598246,57586 -45,33511
E4_Bvp 1569598246,59148 -45,18697
E4_Bvp 1569598246,60711 -43,02004
E4_Bvp 1569598246,62273 -38,82716
E4_Bvp 1569598246,63836 -32,97669
E4_Bvp 1569598246,65399 -26,13306
E4_Bvp 1569598246,66961 -19,10126
E4_Bvp 1569598246,68524 -12,51994
E4_Bvp 1569598246,70086 -6,715904
E4_Bvp 1569598246,71649 -1,662548
E4_Bvp 1569598246,73211 2,868343
E4_Bvp 1569598246,74774 7,127142
E4_Bvp 1569598246,76337 11,19544
E4_Bvp 1569598246,77899 14,94403
E4_Bvp 1569598246,79462 18,10926
E4_Bvp 1569598246,81024 20,47134
E4_Bvp 1569598246,82587 21,96821
E4_Bvp 1569598246,84149 22,74434
E4_Bvp 1569598246,85712 23,11616
E4_Bvp 1569598246,87275 23,37618
E4_Bvp 1569598246,88837 23,70172
E4_Bvp 1569598246,904 24,10208
E4_Bvp 1569598246,91962 24,44779
E4_Bvp 1569598246,93525 24,62164
E4_Bvp 1569598246,95087 24,58327
E4_Bvp 1569598246,9665 24,41658
E4_Bvp 1569598246,98213 24,22477
E4_Bvp 1569598246,99775 24,06599
E4_Bvp 1569598247,01338 23,85885
E4_Bvp 1569598247,029 23,47229
E4_Bvp 1569598247,04463 22,79044
E4_Bvp 1569598247,06025 21,80962
E4_Bvp 1569598247,07588 20,60598
E4_Bvp 1569598247,09151 19,26862
E4_Bvp 1569598247,10713 17,84776
E4_Bvp 1569598247,12276 16,29539
E4_Bvp 1569598247,13838 14,5694
E4_Bvp 1569598247,15401 12,65706
E4_Bvp 1569598247,16964 10,6367
E4_Bvp 1569598247,18526 8,645483
E4_Bvp 1569598247,20089 6,799305
E4_Bvp 1569598247,21651 5,126217
E4_Bvp 1569598247,23214 3,556063
E4_Gsr 1569598245,588 0,3000983
E4_Gsr 1569598245,838 0,298817
E4_Gsr 1569598246,088 0,3000983
E4_Gsr 1569598246,338 0,3000983
E4_Gsr 1569598246,588 0,3013797
E4_Gsr 1569598246,838 0,298817
E4_Bvp 1569598247,24776 1,949299
E4_Bvp 1569598247,26339 0,1780224
E4_Bvp 1569598247,27902 -1,816072
E4_Bvp 1569598247,29464 -4,031441
E4_Bvp 1569598247,31027 -6,390678
E4_Bvp 1569598247,32589 -8,791611
E4_Bvp 1569598247,34152 -11,12962
E4_Bvp 1569598247,35714 -13,34107
E4_Bvp 1569598247,37277 -15,48341
E4_Bvp 1569598247,3884 -17,70387
E4_Bvp 1569598247,40402 -20,27666
E4_Bvp 1569598247,41965 -23,45961
E4_Bvp 1569598247,43527 -27,34744
E4_Bvp 1569598247,4509 -31,75001
E4_Bvp 1569598247,46652 -36,12819
E4_Bvp 1569598247,48215 -39,71374
E4_Bvp 1569598247,49778 -41,711
E4_Bvp 1569598247,5134 -41,56467
E4_Bvp 1569598247,52903 -39,15232
E4_Bvp 1569598247,54465 -34,80161
E4_Bvp 1569598247,56028 -29,1533
E4_Bvp 1569598247,5759 -22,91163
E4_Bvp 1569598247,59153 -16,61086
E4_Bvp 1569598247,60716 -10,50349
E4_Bvp 1569598247,62278 -4,663921
E4_Bvp 1569598247,63841 0,8983402
E4_Bvp 1569598247,65403 6,063749
E4_Bvp 1569598247,66966 10,60341
E4_Bvp 1569598247,68528 14,28012
E4_Bvp 1569598247,70091 16,97391
E4_Bvp 1569598247,71654 18,79351
E4_Bvp 1569598247,73216 20,03488
E4_Bvp 1569598247,74779 21,05031
E4_Bvp 1569598247,76341 22,07084
E4_Bvp 1569598247,77904 23,15217
E4_Bvp 1569598247,79466 24,20282
E4_Bvp 1569598247,81029 25,07561
E4_Bvp 1569598247,82592 25,67373
E4_Bvp 1569598247,84154 25,9913
E4_Bvp 1569598247,85717 26,07124
E4_Bvp 1569598247,87279 25,93917
E4_Bvp 1569598247,88842 25,61923
E4_Bvp 1569598247,90404 25,11409
E4_Bvp 1569598247,91967 24,45599
E4_Temperature 1569598245,96654 31,31
E4_Temperature 1569598246,21656 31,31
E4_Temperature 1569598246,46657 31,31
E4_Temperature 1569598246,71658 31,31
E4_Temperature 1569598246,96659 31,31
E4_Temperature 1569598247,2166 31,31
E4_Temperature 1569598247,46661 31,31
E4_Temperature 1569598247,71663 31,31
E4_Bvp 1569598247,9353 23,73105
E4_Bvp 1569598247,95092 23,00777
E4_Bvp 1569598247,96655 22,3084
E4_Bvp 1569598247,98217 21,57427
E4_Bvp 1569598247,9978 20,6965
E4_Bvp 1569598248,01342 19,53849
E4_Bvp 1569598248,02905 18,05974
E4_Bvp 1569598248,04468 16,29131
E4_Bvp 1569598248,0603 14,35666
E4_Bvp 1569598248,07593 12,41698
E4_Bvp 1569598248,09155 10,58987
E4_Bvp 1569598248,10718 8,919758
E4_Bvp 1569598248,1228 7,364819
E4_Bvp 1569598248,13843 5,801968
E4_Bvp 1569598248,15406 4,046906
E4_Bvp 1569598248,16968 1,9552
E4_Bvp 1569598248,18531 -0,5564117
E4_Bvp 1569598248,20093 -3,482918
E4_Bvp 1569598248,21656 -6,683212
E4_Bvp 1569598248,23218 -9,982182
E4_Bvp 1569598248,24781 -13,17192
E4_Bvp 1569598248,26344 -16,14148
E4_Bvp 1569598248,27906 -18,87068
E4_Bvp 1569598248,29469 -21,4411
E4_Bvp 1569598248,31031 -24,01363
E4_Bvp 1569598248,32594 -26,76007
E4_Bvp 1569598248,34156 -29,84756
E4_Bvp 1569598248,35719 -33,35052
E4_Bvp 1569598248,37282 -37,22107
E4_Bvp 1569598248,38844 -41,20705
E4_Bvp 1569598248,40407 -44,83944
E4_Bvp 1569598248,41969 -47,4889
E4_Bvp 1569598248,43532 -48,53722
E4_Bvp 1569598248,45094 -47,49991
E4_Bvp 1569598248,46657 -44,25865
E4_Bvp 1569598248,4822 -39,10783
E4_Bvp 1569598248,49782 -32,66777
E4_Bvp 1569598248,51345 -25,75238
E4_Bvp 1569598248,52907 -19,0659
E4_Bvp 1569598248,5447 -13,02004
E4_Bvp 1569598248,56032 -7,685543
E4_Bvp 1569598248,57595 -2,848705
E4_Bvp 1569598248,59158 1,802353
E4_Bvp 1569598248,6072 6,45359
E4_Bvp 1569598248,62283 11,08265
E4_Bvp 1569598248,63845 15,45314
E4_Bvp 1569598248,65408 19,22943
E4_Bvp 1569598248,6697 22,161
E4_Bvp 1569598248,68533 24,1438
E4_Bvp 1569598248,70096 25,27595
E4_Bvp 1569598248,71658 25,77576
E4_Bvp 1569598248,73221 25,88987
E4_Bvp 1569598248,74783 25,82375
E4_Bvp 1569598248,76346 25,68023
E4_Bvp 1569598248,77908 25,47489
E4_Gsr 1569598247,088 0,3000983
E4_Gsr 1569598247,338 0,2975357
E4_Gsr 1569598247,588 0,298817
E4_Gsr 1569598247,838 0,2962543
E4_Gsr 1569598248,088 0,298817
E4_Gsr 1569598248,338 0,298817
E4_Bvp 1569598248,79471 25,21257
E4_Bvp 1569598248,81034 24,87753
E4_Bvp 1569598248,82596 24,4838
E4_Bvp 1569598248,84159 24,05642
E4_Bvp 1569598248,85721 23,58581
E4_Bvp 1569598248,87284 23,04119
E4_Bvp 1569598248,88846 22,35855
E4_Bvp 1569598248,90409 21,47559
E4_Bvp 1569598248,91972 20,31462
E4_Bvp 1569598248,93534 18,81279
E4_Bvp 1569598248,95097 16,95005
E4_Bvp 1569598248,96659 14,73694
E4_Bvp 1569598248,98222 12,24653
E4_Bvp 1569598248,99784 9,658871
E4_Bvp 1569598249,01347 7,172626
E4_Bvp 1569598249,0291 4,989265
E4_Bvp 1569598249,04472 3,203094
E4_Bvp 1569598249,06035 1,713505
E4_Bvp 1569598249,07597 0,2788315
E4_Bvp 1569598249,0916 -1,403416
E4_Bvp 1569598249,10722 -3,529724
E4_Bvp 1569598249,12285 -6,130024
E4_Bvp 1569598249,13848 -9,058121
E4_Bvp 1569598249,1541 -12,1271
E4_Bvp 1569598249,16973 -15,17868
E4_Bvp 1569598249,18535 -18,15073
E4_Bvp 1569598249,20098 -21,01672
E4_Bvp 1569598249,2166 -23,74746
E4_Bvp 1569598249,23223 -26,2961
E4_Bvp 1569598249,24786 -28,67048
E4_Bvp 1569598249,26348 -31,02781
E4_Bvp 1569598249,27911 -33,63836
E4_Bvp 1569598249,29473 -36,77388
E4_Bvp 1569598249,31036 -40,48942
E4_Bvp 1569598249,32598 -44,40391
E4_Bvp 1569598249,34161 -47,78514
E4_Bvp 1569598249,35724 -49,74416
E4_Bvp 1569598249,37286 -49,62394
E4_Bvp 1569598249,38849 -47,22601
E4_Bvp 1569598249,40411 -42,85702
E4_Bvp 1569598249,41974 -37,10993
E4_Bvp 1569598249,43536 -30,5829
E4_Bvp 1569598249,45099 -23,7294
E4_Bvp 1569598249,46662 -16,81135
E4_Bvp 1569598249,48224 -10,01788
E4_Bvp 1569598249,49787 -3,545845
E4_Bvp 1569598249,51349 2,359283
E4_Bvp 1569598249,52912 7,509937
E4_Bvp 1569598249,54474 11,85033
E4_Bvp 1569598249,56037 15,49221
E4_Bvp 1569598249,576 18,64271
E4_Bvp 1569598249,59162 21,48852
E4_Bvp 1569598249,60725 24,09649
E4_Bvp 1569598249,62287 26,41125
E4_Bvp 1569598249,6385 28,30502
E4_Bvp 1569598249,65412 29,64336
E4_Bvp 1569598249,66975 30,3344
E4_Bvp 1569598249,68538 30,36009
E4_Bvp 1569598249,701 29,79823
E4_Bvp 1569598249,71663 28,83359
E4_Bvp 1569598249,73225 27,75067
E4_Bvp 1569598249,74788 26,84979
E4_Bvp 1569598249,7635 26,34086
E4_Bvp 1569598249,77913 26,24151
E4_Bvp 1569598249,79476 26,36302
E4_Bvp 1569598249,81038 26,36348
E4_Temperature 1569598247,96664 31,29
E4_Temperature 1569598248,21665 31,29
E4_Temperature 1569598248,46666 31,29
E4_Temperature 1569598248,71667 31,29
E4_Temperature 1569598248,96668 31,31
E4_Temperature 1569598249,2167 31,31
E4_Temperature 1569598249,46671 31,31
E4_Temperature 1569598249,71672 31,31
E4_Bvp 1569598249,82601 25,92407
E4_Bvp 1569598249,84163 24,8906
E4_Bvp 1569598249,85726 23,31565
E4_Bvp 1569598249,87289 21,42543
E4_Bvp 1569598249,88851 19,4575
E4_Bvp 1569598249,90414 17,53491
E4_Bvp 1569598249,91976 15,60473
E4_Bvp 1569598249,93539 13,56018
E4_Bvp 1569598249,95101 11,31593
E4_Bvp 1569598249,96664 8,938372
E4_Bvp 1569598249,98227 6,627892
E4_Bvp 1569598249,99789 4,577114
E4_Bvp 1569598250,01352 2,822956
E4_Bvp 1569598250,02914 1,206379
E4_Bvp 1569598250,04477 -0,5569744
E4_Bvp 1569598250,06039 -2,679377
E4_Bvp 1569598250,07602 -5,215687
E4_Bvp 1569598250,09165 -7,985565
E4_Bvp 1569598250,10727 -10,74988
E4_Bvp 1569598250,1229 -13,31387
E4_Bvp 1569598250,13852 -15,65135
E4_Bvp 1569598250,15415 -17,89305
E4_Gsr 1569598248,588 0,3013797
E4_Gsr 1569598248,838 0,3000983
E4_Gsr 1569598249,088 0,298817
E4_Gsr 1569598249,338 0,3013797
E4_Gsr 1569598249,588 0,3013797
E4_Gsr 1569598249,838 0,3000983
E4_Bvp 1569598250,16977 -20,2683
E4_Bvp 1569598250,1854 -22,95336
E4_Bvp 1569598250,20103 -26,06319
E4_Bvp 1569598250,21665 -29,6507
E4_Bvp 1569598250,23228 -33,67006
E4_Bvp 1569598250,2479 -37,96581
E4_Bvp 1569598250,26353 -42,17876
E4_Bvp 1569598250,27915 -45,72655
E4_Bvp 1569598250,29478 -47,89461
E4_Bvp 1569598250,31041 -48,04716
E4_Bvp 1569598250,32603 -45,85741
E4_Bvp 1569598250,34166 -41,45923
E4_Bvp 1569598250,35728 -35,41441
E4_Bvp 1569598250,37291 -28,51662
E4_Bvp 1569598250,38853 -21,54175
E4_Bvp 1569598250,40416 -15,02571
E4_Bvp 1569598250,41979 -9,1471
E4_Bvp 1569598250,43541 -3,818207
E4_Bvp 1569598250,45104 1,140774
E4_Bvp 1569598250,46666 5,841789
E4_Bvp 1569598250,48229 10,24479
E4_Bvp 1569598250,49791 14,18613
E4_Bvp 1569598250,51354 17,49923
E4_Bvp 1569598250,52917 20,07068
E4_Bvp 1569598250,54479 21,91523
E4_Bvp 1569598250,56042 23,14326
E4_Bvp 1569598250,57604 23,87967
E4_Bvp 1569598250,59167 24,24859
E4_Bvp 1569598250,60729 24,35953
E4_Bvp 1569598250,62292 24,32597
E4_Bvp 1569598250,63855 24,29323
E4_Bvp 1569598250,65417 24,39038
E4_Bvp 1569598250,6698 24,684
E4_Bvp 1569598250,68542 25,13869
E4_Bvp 1569598250,70105 25,60709
E4_Bvp 1569598250,71667 25,87852
E4_Bvp 1569598250,7323 25,79286
E4_Bvp 1569598250,74793 25,30031
E4_Bvp 1569598250,76355 24,45426
E4_Bvp 1569598250,77918 23,36194
E4_Bvp 1569598250,7948 22,09605
E4_Bvp 1569598250,81043 20,66134
E4_Bvp 1569598250,82605 19,0358
E4_Bvp 1569598250,84168 17,23531
E4_Bvp 1569598250,85731 15,33277
E4_Bvp 1569598250,87293 13,44877
E4_Bvp 1569598250,88856 11,71432
E4_Bvp 1569598250,90418 10,13776
E4_Bvp 1569598250,91981 8,657914
E4_Bvp 1569598250,93543 7,148096
E4_Bvp 1569598250,95106 5,469439
E4_Bvp 1569598250,96669 3,54135
E4_Bvp 1569598250,98231 1,356536
E4_Bvp 1569598250,99794 -1,05793
E4_Bvp 1569598251,01356 -3,654576
E4_Bvp 1569598251,02919 -6,40071
E4_Bvp 1569598251,04481 -9,255273
E4_Bvp 1569598251,06044 -12,15211
E4_Bvp 1569598251,07607 -14,9997
E4_Bvp 1569598251,09169 -17,72684
E4_Bvp 1569598251,10732 -20,30111
E4_Bvp 1569598251,12294 -22,79054
E4_Bvp 1569598251,13857 -25,32801
E4_Bvp 1569598251,15419 -28,08813
E4_Bvp 1569598251,16982 -31,15202
E4_Bvp 1569598251,18545 -34,42725
E4_Bvp 1569598251,20107 -37,56533
E4_Bvp 1569598251,2167 -39,99589
E4_Bvp 1569598251,23232 -41,08584
E4_Bvp 1569598251,24795 -40,32938
E4_Bvp 1569598251,26357 -37,55912
E4_Bvp 1569598251,2792 -32,96948
E4_Bvp 1569598251,29483 -27,06844
E4_Bvp 1569598251,31045 -20,45851
E4_Bvp 1569598251,32608 -13,69333
E4_Bvp 1569598251,3417 -7,155876
E4_Bvp 1569598251,35733 -1,071862
E4_Bvp 1569598251,37295 4,454529
E4_Bvp 1569598251,38858 9,396562
E4_Bvp 1569598251,40421 13,73118
E4_Bvp 1569598251,41983 17,48062
E4_Bvp 1569598251,43546 20,72185
E4_Bvp 1569598251,45108 23,57359
E4_Bvp 1569598251,46671 26,18626
E4_Bvp 1569598251,48233 28,68758
E4_Bvp 1569598251,49796 31,15208
E4_Bvp 1569598251,51359 33,52721
E4_Bvp 1569598251,52921 35,66465
E4_Bvp 1569598251,54484 37,34146
E4_Bvp 1569598251,56046 38,36942
E4_Bvp 1569598251,57609 38,66517
E4_Bvp 1569598251,59171 38,26696
E4_Bvp 1569598251,60734 37,30908
E4_Bvp 1569598251,62297 35,94986
E4_Bvp 1569598251,63859 34,26656
E4_Bvp 1569598251,65422 32,27179
E4_Bvp 1569598251,66984 29,97141
E4_Bvp 1569598251,68547 27,38551
E4_Bvp 1569598251,70109 24,59896
E4_Gsr 1569598250,088 0,298817
E4_Gsr 1569598250,338 0,2975357
E4_Gsr 1569598250,588 0,298817
E4_Gsr 1569598250,838 0,298817
E4_Gsr 1569598251,088 0,302661
E4_Gsr 1569598251,338 0,3000983
E4_Bvp 1569598251,71672 21,70472
E4_Bvp 1569598251,73235 18,73393
E4_Bvp 1569598251,74797 15,66254
E4_Bvp 1569598251,7636 12,44685
E4_Bvp 1569598251,77922 9,084621
E4_Bvp 1569598251,79485 5,618941
E4_Bvp 1569598251,81047 2,159491
E4_Bvp 1569598251,8261 -1,205568
E4_Bvp 1569598251,84173 -4,453294
E4_Bvp 1569598251,85735 -7,641954
E4_Bvp 1569598251,87298 -10,86141
E4_Temperature 1569598249,96673 31,33
E4_Temperature 1569598250,21674 31,33
E4_Temperature 1569598250,46675 31,33
E4_Temperature 1569598250,71676 31,33
E4_Temperature 1569598250,96678 31,31
E4_Temperature 1569598251,21679 31,31
E4_Temperature 1569598251,4668 31,31
E4_Temperature 1569598251,71681 31,31
E4_Bvp 1569598251,8886 -14,20933
E4_Bvp 1569598251,90423 -17,72802
E4_Bvp 1569598251,91985 -21,37502
E4_Bvp 1569598251,93548 -25,06227
E4_Bvp 1569598251,95111 -28,65638
E4_Bvp 1569598251,96673 -32,07739
E4_Bvp 1569598251,98236 -35,23961
E4_Bvp 1569598251,99798 -38,08436
E4_Bvp 1569598252,01361 -40,57503
E4_Bvp 1569598252,02924 -42,6954
E4_Bvp 1569598252,04486 -44,49412
E4_Bvp 1569598252,06049 -46,04007
E4_Bvp 1569598252,07611 -47,40329
E4_Bvp 1569598252,09174 -48,5647
E4_Bvp 1569598252,10736 -49,37007
E4_Bvp 1569598252,12299 -49,47899
E4_Bvp 1569598252,13862 -48,46205
E4_Bvp 1569598252,15424 -45,95842
E4_Bvp 1569598252,16987 -41,84192
E4_Bvp 1569598252,18549 -36,31797
E4_Bvp 1569598252,20112 -29,86201
E4_Bvp 1569598252,21674 -23,06424
E4_Bvp 1569598252,23237 -16,39418
E4_Bvp 1569598252,248 -10,12674
E4_Bvp 1569598252,26362 -4,317997
E4_Bvp 1569598252,27925 1,095886
E4_Bvp 1569598252,29487 6,112069
E4_Bvp 1569598252,3105 10,67231
E4_Bvp 1569598252,32612 14,64515
E4_Bvp 1569598252,34175 17,90399
E4_Bvp 1569598252,35738 20,39566
E4_Bvp 1569598252,373 22,16186
E4_Bvp 1569598252,38863 23,34386
E4_Bvp 1569598252,40425 24,11688
E4_Bvp 1569598252,41988 24,63687
E4_Bvp 1569598252,4355 24,99102
E4_Bvp 1569598252,45113 25,1846
E4_Bvp 1569598252,46676 25,14368
E4_Bvp 1569598252,48238 24,75302
E4_Bvp 1569598252,49801 23,94386
E4_Bvp 1569598252,51363 22,70042
E4_Bvp 1569598252,52926 21,07269
E4_Bvp 1569598252,54488 19,14646
E4_Bvp 1569598252,56051 16,97383
E4_Bvp 1569598252,57614 14,56125
E4_Bvp 1569598252,59176 11,87371
E4_Bvp 1569598252,60739 8,916885
E4_Bvp 1569598252,62301 5,686996
E4_Bvp 1569598252,63864 2,226906
E4_Bvp 1569598252,65426 -1,432533
E4_Bvp 1569598252,66989 -5,251404
E4_Bvp 1569598252,68552 -9,174072
E4_Bvp 1569598252,70114 -13,07218
E4_Bvp 1569598252,71677 -16,75829
E4_Bvp 1569598252,73239 -20,03361
E4_Bvp 1569598252,74802 -22,80421
E4_Bvp 1569598252,76364 -25,12053
E4_Bvp 1569598252,77927 -27,14911
E4_Bvp 1569598252,7949 -29,12872
E4_Bvp 1569598252,81052 -31,24553
E4_Bvp 1569598252,82615 -33,55918
E4_Bvp 1569598252,84177 -36,02415
E4_Bvp 1569598252,8574 -38,5361
E4_Bvp 1569598252,87302 -41,03241
E4_Bvp 1569598252,88865 -43,53053
E4_Bvp 1569598252,90428 -46,13171
E4_Bvp 1569598252,9199 -49,00759
E4_Bvp 1569598252,93553 -52,34383
E4_Bvp 1569598252,95115 -56,27822
E4_Bvp 1569598252,96678 -60,82452
E4_Bvp 1569598252,9824 -65,83935
E4_Bvp 1569598252,99803 -70,9564
E4_Bvp 1569598253,01366 -75,58926
E4_Bvp 1569598253,02928 -79,04329
E4_Bvp 1569598253,04491 -80,6166
E4_Bvp 1569598253,06053 -79,75357
E4_Bvp 1569598253,07616 -76,19241
E4_Bvp 1569598253,09178 -70,09277
E4_Bvp 1569598253,10741 -61,96434
E4_Bvp 1569598253,12304 -52,61969
E4_Bvp 1569598253,13866 -42,91917
E4_Bvp 1569598253,15429 -33,57494
E4_Bvp 1569598253,16991 -24,94731
E4_Bvp 1569598253,18554 -17,02531
E4_Bvp 1569598253,20116 -9,541183
E4_Bvp 1569598253,21679 -2,181656
E4_Bvp 1569598253,23242 5,184891
E4_Bvp 1569598253,24804 12,41454
E4_Gsr 1569598251,588 0,302661
E4_Gsr 1569598251,838 0,3000983
E4_Gsr 1569598252,088 0,3013797
E4_Gsr 1569598252,338 0,3013797
E4_Gsr 1569598252,588 0,302661
E4_Gsr 1569598252,838 0,302661
E4_Bvp 1569598253,26367 19,11726
E4_Bvp 1569598253,27929 24,83334
E4_Bvp 1569598253,29492 29,23761
E4_Bvp 1569598253,31054 32,2856
E4_Bvp 1569598253,32617 34,24339
E4_Bvp 1569598253,3418 35,65782
E4_Bvp 1569598253,35742 37,17278
E4_Bvp 1569598253,37305 39,34647
E4_Bvp 1569598253,38867 42,50691
E4_Bvp 1569598253,4043 46,61107
E4_Bvp 1569598253,41992 51,24681
E4_Bvp 1569598253,43555 55,69933
E4_Bvp 1569598253,45118 59,09677
E4_Bvp 1569598253,4668 60,70554
E4_Bvp 1569598253,48243 60,12192
E4_Bvp 1569598253,49805 57,36938
E4_Bvp 1569598253,51368 52,89072
E4_Bvp 1569598253,5293 47,36469
E4_Bvp 1569598253,54493 41,52673
E4_Bvp 1569598253,56056 35,96259
E4_Bvp 1569598253,57618 30,99866
E4_Bvp 1569598253,59181 26,6467
E4_Bvp 1569598253,60743 22,60718
E4_Bvp 1569598253,62306 18,34698
E4_Bvp 1569598253,63868 13,30768
E4_Bvp 1569598253,65431 7,095032
E4_Bvp 1569598253,66994 -0,2891235
E4_Bvp 1569598253,68556 -8,372498
E4_Bvp 1569598253,70119 -16,34253
E4_Bvp 1569598253,71681 -23,27356
E4_Bvp 1569598253,73244 -28,43307
E4_Bvp 1569598253,74806 -31,53348
E4_Bvp 1569598253,76369 -32,77945
E4_Temperature 1569598251,96682 31,31
E4_Temperature 1569598252,21683 31,31
E4_Temperature 1569598252,46685 31,31
E4_Temperature 1569598252,71686 31,31
E4_Temperature 1569598252,96687 31,33
E4_Temperature 1569598253,21688 31,33
E4_Temperature 1569598253,46689 31,33
E4_Temperature 1569598253,7169 31,33
E4_Bvp 1569598253,77932 -32,78357
E4_Bvp 1569598253,79494 -32,33301
E4_Bvp 1569598253,81057 -32,18762
E4_Bvp 1569598253,82619 -32,88922
E4_Bvp 1569598253,84182 -34,6059
E4_Bvp 1569598253,85744 -37,0925
E4_Bvp 1569598253,87307 -39,69122
E4_Bvp 1569598253,8887 -41,47894
E4_Bvp 1569598253,90432 -41,55295
E4_Bvp 1569598253,91995 -39,26718
E4_Bvp 1569598253,93557 -34,46313
E4_Bvp 1569598253,9512 -27,5325
E4_Bvp 1569598253,96682 -19,1944
E4_Bvp 1569598253,98245 -10,25562
E4_Bvp 1569598253,99808 -1,327423
E4_Bvp 1569598254,0137 7,338531
E4_Bvp 1569598254,02933 15,79926
E4_Bvp 1569598254,04495 24,27267
E4_Bvp 1569598254,06058 32,92188
E4_Bvp 1569598254,0762 41,73428
E4_Bvp 1569598254,09183 50,47559
E4_Bvp 1569598254,10746 58,75528
E4_Bvp 1569598254,12308 66,12906
E4_Bvp 1569598254,13871 72,23419
E4_Bvp 1569598254,15433 76,80881
E4_Bvp 1569598254,16996 79,78537
E4_Bvp 1569598254,18558 81,23807
E4_Bvp 1569598254,20121 81,35318
E4_Bvp 1569598254,21684 80,43179
E4_Bvp 1569598254,23246 78,81604
E4_Bvp 1569598254,24809 76,8956
E4_Bvp 1569598254,26371 75,07385
E4_Bvp 1569598254,27934 73,70032
E4_Bvp 1569598254,29497 72,98859
E4_Bvp 1569598254,31059 72,8909
E4_Bvp 1569598254,32622 73,11176
E4_Bvp 1569598254,34184 73,16608
E4_Bvp 1569598254,35747 72,56589
E4_Bvp 1569598254,37309 71,0405
E4_Bvp 1569598254,38872 68,64557
E4_Bvp 1569598254,40435 65,70959
E4_Bvp 1569598254,41997 62,71481
E4_Bvp 1569598254,4356 60,04095
E4_Bvp 1569598254,45122 57,8273
E4_Bvp 1569598254,46685 55,90292
E4_Bvp 1569598254,48247 53,86359
E4_Bvp 1569598254,4981 51,23148
E4_Bvp 1569598254,51373 47,63708
E4_Bvp 1569598254,52935 42,87192
E4_Bvp 1569598254,54498 36,91428
E4_Bvp 1569598254,5606 29,85315
E4_Bvp 1569598254,57623 21,83685
E4_Bvp 1569598254,59185 13,02747
E4_Bvp 1569598254,60748 3,628754
E4_Bvp 1569598254,62311 -6,061279
E4_Gsr 1569598253,088 0,3039423
E4_Gsr 1569598253,338 0,298817
E4_Gsr 1569598253,588 0,3013797
E4_Gsr 1569598253,838 0,3000983
E4_Gsr 1569598254,088 0,298817
E4_Gsr 1569598254,338 0,298817
E4_Bvp 1569598254,63873 -15,56448
E4_Bvp 1569598254,65436 -24,202
E4_Bvp 1569598254,66998 -31,18716
E4_Bvp 1569598254,68561 -35,76486
E4_Bvp 1569598254,70123 -37,48047
E4_Bvp 1569598254,71686 -36,27396
E4_Bvp 1569598254,73249 -32,5477
E4_Bvp 1569598254,74811 -27,04767
E4_Bvp 1569598254,76374 -20,68158
E4_Bvp 1569598254,77936 -14,29288
E4_Bvp 1569598254,79499 -8,490784
E4_Bvp 1569598254,81061 -3,58493
E4_Bvp 1569598254,82624 0,4663696
E4_Bvp 1569598254,84187 3,848846
E4_Bvp 1569598254,85749 6,804321
E4_Bvp 1569598254,87312 9,429474
E4_Bvp 1569598254,88874 11,66165
E4_Bvp 1569598254,90437 13,27829
E4_Bvp 1569598254,91999 14,0545
E4_Bvp 1569598254,93562 13,90234
E4_Bvp 1569598254,95125 12,97141
E4_Bvp 1569598254,96687 11,63727
E4_Bvp 1569598254,9825 10,39359
E4_Bvp 1569598254,99812 9,72699
E4_Bvp 1569598255,01375 9,990509
E4_Bvp 1569598255,02937 11,366
E4_Bvp 1569598255,045 13,83798
E4_Bvp 1569598255,06063 17,23517
E4_Bvp 1569598255,07625 21,27689
E4_Bvp 1569598255,09188 25,54065
E4_Bvp 1569598255,1075 29,53955
E4_Bvp 1569598255,12313 32,79211
E4_Bvp 1569598255,13875 34,89032
E4_Bvp 1569598255,15438 35,61246
E4_Bvp 1569598255,17001 34,94873
E4_Bvp 1569598255,18563 33,09387
E4_Bvp 1569598255,20126 30,34631
E4_Bvp 1569598255,21688 27,00244
E4_Bvp 1569598255,23251 23,2392
E4_Bvp 1569598255,24813 19,09991
E4_Bvp 1569598255,26376 14,49576
E4_Bvp 1569598255,27939 9,318878
E4_Bvp 1569598255,29501 3,58075
E4_Bvp 1569598255,31064 -2,572876
E4_Bvp 1569598255,32626 -8,867981
E4_Bvp 1569598255,34189 -15,04922
E4_Bvp 1569598255,35751 -20,9873
E4_Bvp 1569598255,37314 -26,74536
E4_Bvp 1569598255,38877 -32,53653
E4_Bvp 1569598255,40439 -38,61172
E4_Bvp 1569598255,42002 -45,12747
E4_Bvp 1569598255,43564 -52,04004
E4_Bvp 1569598255,45127 -59,08054
E4_Bvp 1569598255,46689 -65,76672
E4_Bvp 1569598255,48252 -71,49829
E4_Bvp 1569598255,49815 -75,66821
E4_Bvp 1569598255,51377 -77,76669
E4_Bvp 1569598255,5294 -77,46692
E4_Bvp 1569598255,54502 -74,68784
E4_Bvp 1569598255,56065 -69,63678
E4_Bvp 1569598255,57627 -62,72299
E4_Bvp 1569598255,5919 -54,51633
E4_Bvp 1569598255,60753 -45,59705
E4_Bvp 1569598255,62315 -36,45282
E4_Bvp 1569598255,63878 -27,46909
E4_Bvp 1569598255,6544 -18,91354
E4_Bvp 1569598255,67003 -11,01804
E4_Bvp 1569598255,68565 -3,992126
E4_Bvp 1569598255,70128 1,932007
E4_Bvp 1569598255,71691 6,570404
E4_Bvp 1569598255,73253 9,901611
E4_Bvp 1569598255,74816 12,10333
E4_Bvp 1569598255,76378 13,53476
E4_Bvp 1569598255,77941 14,59772
E4_Bvp 1569598255,79503 15,57059
E4_Bvp 1569598255,81066 16,46965
E4_Bvp 1569598255,82629 17,12766
E4_Temperature 1569598253,96692 31,31
E4_Temperature 1569598254,21693 31,31
E4_Temperature 1569598254,46694 31,31
E4_Temperature 1569598254,71695 31,31
E4_Temperature 1569598254,96696 31,33
E4_Temperature 1569598255,21697 31,33
E4_Temperature 1569598255,46698 31,33
E4_Temperature 1569598255,717 31,33
E4_Bvp 1569598255,84191 17,28941
E4_Bvp 1569598255,85754 16,83597
E4_Bvp 1569598255,87316 15,83725
E4_Bvp 1569598255,88879 14,56793
E4_Bvp 1569598255,90441 13,37935
E4_Bvp 1569598255,92004 12,50121
E4_Bvp 1569598255,93567 11,99998
E4_Bvp 1569598255,95129 11,73253
E4_Bvp 1569598255,96692 11,45146
E4_Bvp 1569598255,98254 10,90636
E4_Bvp 1569598255,99817 9,898376
E4_Bvp 1569598256,01379 8,330353
E4_Bvp 1569598256,02942 6,175598
E4_Bvp 1569598256,04505 3,51239
E4_Bvp 1569598256,06067 0,4807434
E4_Bvp 1569598256,0763 -2,722137
E4_Bvp 1569598256,09192 -5,923477
E4_Bvp 1569598256,10755 -8,990906
E4_Bvp 1569598256,12317 -11,8795
E4_Bvp 1569598256,1388 -14,58557
E4_Bvp 1569598256,15443 -17,11411
E4_Bvp 1569598256,17005 -19,50089
E4_Gsr 1569598254,588 0,3013797
E4_Gsr 1569598254,838 0,3013797
E4_Gsr 1569598255,088 0,3013797
E4_Gsr 1569598255,338 0,302661
E4_Gsr 1569598255,588 0,3039423
E4_Gsr 1569598255,838 0,3039423
E4_Bvp 1569598256,18568 -21,77127
E4_Bvp 1569598256,2013 -24,04572
E4_Bvp 1569598256,21693 -26,50266
E4_Bvp 1569598256,23255 -29,33148
E4_Bvp 1569598256,24818 -32,59111
E4_Bvp 1569598256,26381 -36,05324
E4_Bvp 1569598256,27943 -39,19479
E4_Bvp 1569598256,29506 -41,30038
E4_Bvp 1569598256,31068 -41,72868
E4_Bvp 1569598256,32631 -40,14429
E4_Bvp 1569598256,34193 -36,61418
E4_Bvp 1569598256,35756 -31,55788
E4_Bvp 1569598256,37319 -25,55205
E4_Bvp 1569598256,38881 -19,13274
E4_Bvp 1569598256,40444 -12,66972
E4_Bvp 1569598256,42006 -6,403946
E4_Bvp 1569598256,43569 -0,4785614
E4_Bvp 1569598256,45131 4,96669
E4_Bvp 1569598256,46694 9,766617
E4_Bvp 1569598256,48257 13,77776
E4_Bvp 1569598256,49819 16,89011
E4_Bvp 1569598256,51382 19,05577
E4_Bvp 1569598256,52944 20,29697
E4_Bvp 1569598256,54507 20,68089
E4_Bvp 1569598256,56069 20,29855
E4_Bvp 1569598256,57632 19,28047
E4_Bvp 1569598256,59195 17,80792
E4_Bvp 1569598256,60757 16,11067
E4_Bvp 1569598256,6232 14,43916
E4_Bvp 1569598256,63882 13,005
E4_Bvp 1569598256,65445 11,91275
E4_Bvp 1569598256,67007 11,16141
E4_Bvp 1569598256,6857 10,66005
E4_Bvp 1569598256,70133 10,24339
E4_Bvp 1569598256,71695 9,788284
E4_Bvp 1569598256,73258 9,200684
E4_Bvp 1569598256,7482 8,412903
E4_Bvp 1569598256,76383 7,392181
E4_Bvp 1569598256,77945 6,12471
E4_Bvp 1569598256,79508 4,61821
E4_Bvp 1569598256,81071 2,940399
E4_Bvp 1569598256,82633 1,162888
E4_Bvp 1569598256,84196 -0,6585388
E4_Bvp 1569598256,85758 -2,57608
E4_Bvp 1569598256,87321 -4,709381
E4_Bvp 1569598256,88883 -7,224228
E4_Bvp 1569598256,90446 -10,24275
E4_Bvp 1569598256,92009 -13,73973
E4_Bvp 1569598256,93571 -17,54782
E4_Bvp 1569598256,95134 -21,41374
E4_Bvp 1569598256,96696 -25,0614
E4_Bvp 1569598256,98259 -28,2718
E4_Bvp 1569598256,99822 -30,87279
E4_Bvp 1569598257,01384 -32,75362
E4_Bvp 1569598257,02947 -33,88896
E4_Bvp 1569598257,04509 -34,36458
E4_Bvp 1569598257,06072 -34,38612
E4_Bvp 1569598257,07634 -34,21255
E4_Bvp 1569598257,09197 -34,0491
E4_Bvp 1569598257,1076 -33,87173
E4_Bvp 1569598257,12322 -33,36598
E4_Bvp 1569598257,13885 -31,9959
E4_Bvp 1569598257,15447 -29,21574
E4_Bvp 1569598257,1701 -24,69368
E4_Bvp 1569598257,18572 -18,49857
E4_Bvp 1569598257,20135 -11,09727
E4_Bvp 1569598257,21698 -3,223999
E4_Bvp 1569598257,2326 4,32164
E4_Bvp 1569598257,24823 10,91426
E4_Bvp 1569598257,26385 16,21651
E4_Bvp 1569598257,27948 20,21826
E4_Bvp 1569598257,2951 23,14056
E4_Bvp 1569598257,31073 25,33844
E4_Bvp 1569598257,32636 27,17824
E4_Bvp 1569598257,34198 28,96902
E4_Bvp 1569598257,35761 30,92671
E4_Bvp 1569598257,37323 33,16788
E4_Bvp 1569598257,38886 35,77573
E4_Bvp 1569598257,40448 38,73878
E4_Bvp 1569598257,42011 41,97983
E4_Bvp 1569598257,43574 45,28915
E4_Bvp 1569598257,45136 48,37585
E4_Bvp 1569598257,46699 50,93654
E4_Bvp 1569598257,48261 52,73399
E4_Bvp 1569598257,49824 53,69058
E4_Bvp 1569598257,51386 53,85507
E4_Bvp 1569598257,52949 53,31435
E4_Bvp 1569598257,54512 52,10783
E4_Bvp 1569598257,56074 50,15695
E4_Bvp 1569598257,57637 47,32401
E4_Bvp 1569598257,59199 43,49341
E4_Bvp 1569598257,60762 38,67439
E4_Bvp 1569598257,62324 33,05414
E4_Bvp 1569598257,63887 26,94435
E4_Bvp 1569598257,6545 20,68723
E4_Bvp 1569598257,67012 14,6059
E4_Bvp 1569598257,68575 8,952255
E4_Bvp 1569598257,70137 3,959259
E4_Bvp 1569598257,717 -0,1723938
E4_Gsr 1569598256,088 0,2975357
E4_Gsr 1569598256,338 0,302661
E4_Gsr 1569598256,588 0,3000983
E4_Gsr 1569598256,838 0,2962543
E4_Gsr 1569598257,088 0,2962543
E4_Gsr 1569598257,338 0,2924103
E4_Bvp 1569598257,73262 -3,266037
E4_Bvp 1569598257,74825 -5,217072
E4_Bvp 1569598257,76388 -6,088715
E4_Bvp 1569598257,7795 -6,103577
E4_Bvp 1569598257,79513 -5,638306
E4_Bvp 1569598257,81075 -5,156433
E4_Bvp 1569598257,82638 -5,139069
E4_Bvp 1569598257,842 -6,036331
E4_Bvp 1569598257,85763 -8,199753
E4_Bvp 1569598257,87326 -11,87564
E4_Bvp 1569598257,88888 -17,14716
E4_Temperature 1569598255,96701 31,31
E4_Temperature 1569598256,21702 31,31
E4_Temperature 1569598256,46703 31,31
E4_Temperature 1569598256,71704 31,31
E4_Temperature 1569598256,96705 31,33
E4_Temperature 1569598257,21707 31,33
E4_Temperature 1569598257,46708 31,33
E4_Temperature 1569598257,71709 31,33
E4_Bvp 1569598257,90451 -23,9151
E4_Bvp 1569598257,92013 -31,82436
E4_Bvp 1569598257,93576 -40,35786
E4_Bvp 1569598257,95138 -48,84428
E4_Bvp 1569598257,96701 -56,6606
E4_Bvp 1569598257,98264 -63,38348
E4_Bvp 1569598257,99826 -68,90854
E4_Bvp 1569598258,01389 -73,46866
E4_Bvp 1569598258,02951 -77,47388
E4_Bvp 1569598258,04514 -81,30199
E4_Bvp 1569598258,06076 -85,1125
E4_Bvp 1569598258,07639 -88,79408
E4_Bvp 1569598258,09202 -92,17035
E4_Bvp 1569598258,10764 -95,177
E4_Bvp 1569598258,12327 -98,1216
E4_Bvp 1569598258,13889 -101,6453
E4_Bvp 1569598258,15452 -106,5016
E4_Bvp 1569598258,17014 -113,26
E4_Bvp 1569598258,18577 -122,0672
E4_Bvp 1569598258,2014 -132,5485
E4_Bvp 1569598258,21702 -143,9389
E4_Bvp 1569598258,23265 -155,2906
E4_Bvp 1569598258,24827 -165,7197
E4_Bvp 1569598258,2639 -174,6749
E4_Bvp 1569598258,27952 -182,186
E4_Bvp 1569598258,29515 -188,9662
E4_Bvp 1569598258,31078 -196,1562
E4_Bvp 1569598258,3264 -204,6957
E4_Bvp 1569598258,34203 -214,4166
E4_Bvp 1569598258,35765 -223,3546
E4_Bvp 1569598258,37328 -227,813
E4_Bvp 1569598258,3889 -223,1768
E4_Bvp 1569598258,40453 -205,4244
E4_Bvp 1569598258,42016 -172,4024
E4_Bvp 1569598258,43578 -124,686
E4_Bvp 1569598258,45141 -65,49951
E4_Bvp 1569598258,46703 -0,08984375
E4_Bvp 1569598258,48266 65,37991
E4_Bvp 1569598258,49828 124,9023
E4_Bvp 1569598258,51391 173,6498
E4_Bvp 1569598258,52954 208,7537
E4_Bvp 1569598258,54516 229,7049
E4_Bvp 1569598258,56079 238,2823
E4_Bvp 1569598258,57641 237,8195
E4_Bvp 1569598258,59204 232,1884
E4_Bvp 1569598258,60766 224,7185
E4_Bvp 1569598258,62329 217,5538
E4_Bvp 1569598258,63892 211,5213
E4_Bvp 1569598258,65454 206,531
E4_Bvp 1569598258,67017 202,0768
E4_Bvp 1569598258,68579 197,488
E4_Bvp 1569598258,70142 192,1576
E4_Bvp 1569598258,71704 185,5081
E4_Bvp 1569598258,73267 177,0919
E4_Bvp 1569598258,7483 166,6793
E4_Bvp 1569598258,76392 154,4168
E4_Bvp 1569598258,77955 140,7657
E4_Bvp 1569598258,79517 126,4296
E4_Bvp 1569598258,8108 112,2255
E4_Bvp 1569598258,82642 98,87366
E4_Bvp 1569598258,84205 86,92584
E4_Bvp 1569598258,85768 76,651
E4_Bvp 1569598258,8733 67,9502
E4_Bvp 1569598258,88893 60,38885
E4_Bvp 1569598258,90455 53,29944
E4_Bvp 1569598258,92018 45,95367
E4_Bvp 1569598258,9358 37,78583
E4_Bvp 1569598258,95143 28,60901
E4_Bvp 1569598258,96706 18,57697
E4_Bvp 1569598258,98268 8,235779
E4_Bvp 1569598258,99831 -1,615845
E4_Bvp 1569598259,01393 -10,06494
E4_Bvp 1569598259,02956 -16,26093
E4_Bvp 1569598259,04518 -19,62366
E4_Bvp 1569598259,06081 -20,03168
E4_Bvp 1569598259,07644 -17,99738
E4_Bvp 1569598259,09206 -14,59949
E4_Bvp 1569598259,10769 -11,28876
E4_Bvp 1569598259,12331 -9,424255
E4_Bvp 1569598259,13894 -9,775574
E4_Bvp 1569598259,15457 -12,22101
E4_Bvp 1569598259,17019 -15,77124
E4_Bvp 1569598259,18582 -19,06915
E4_Bvp 1569598259,20144 -20,98724
E4_Bvp 1569598259,21707 -21,22284
E4_Bvp 1569598259,23269 -20,2821
E4_Bvp 1569598259,24832 -19,11981
E4_Bvp 1569598259,26395 -18,46582
E4_Gsr 1569598257,588 0,291129
E4_Gsr 1569598257,838 0,2924103
E4_Gsr 1569598258,088 0,2885664
E4_Gsr 1569598258,338 0,2936917
E4_Gsr 1569598258,588 0,3013797
E4_Gsr 1569598258,838 0,2962543
E4_Bvp 1569598259,27957 -18,26849
E4_Bvp 1569598259,2952 -17,68378
E4_Bvp 1569598259,31082 -15,42407
E4_Bvp 1569598259,32645 -10,41492
E4_Bvp 1569598259,34207 -2,276917
E4_Bvp 1569598259,3577 8,532043
E4_Bvp 1569598259,37333 20,96643
E4_Bvp 1569598259,38895 33,75061
E4_Bvp 1569598259,40458 45,66931
E4_Bvp 1569598259,4202 55,68915
E4_Bvp 1569598259,43583 62,98407
E4_Bvp 1569598259,45145 67,11188
E4_Bvp 1569598259,46708 68,11688
E4_Bvp 1569598259,48271 66,62689
E4_Bvp 1569598259,49833 63,65131
E4_Bvp 1569598259,51396 60,17773
E4_Bvp 1569598259,52958 56,6778
E4_Bvp 1569598259,54521 52,93469
E4_Bvp 1569598259,56083 48,39294
E4_Bvp 1569598259,57646 42,83746
E4_Bvp 1569598259,59209 37,08209
E4_Bvp 1569598259,60771 33,0459
E4_Bvp 1569598259,62334 32,91803
E4_Bvp 1569598259,63896 37,82159
E4_Bvp 1569598259,65459 46,63708
E4_Bvp 1569598259,67021 55,78577
E4_Bvp 1569598259,68584 60,3147
E4_Bvp 1569598259,70147 56,0491
E4_Bvp 1569598259,71709 41,73547
E4_Bvp 1569598259,73272 20,22556
E4_Bvp 1569598259,74834 -2,090332
E4_Bvp 1569598259,76397 -17,58755
E4_Bvp 1569598259,77959 -20,44135
E4_Temperature 1569598257,9671 31,31
E4_Temperature 1569598258,21711 31,31
E4_Temperature 1569598258,46712 31,31
E4_Temperature 1569598258,71713 31,31
E4_Temperature 1569598258,96715 31,29
E4_Temperature 1569598259,21716 31,29
E4_Temperature 1569598259,46717 31,29
E4_Temperature 1569598259,71718 31,29
E4_Bvp 1569598259,79522 -9,127075
E4_Bvp 1569598259,81085 12,69421
E4_Bvp 1569598259,82647 37,38223
E4_Bvp 1569598259,8421 56,09198
E4_Bvp 1569598259,85772 61,85287
E4_Bvp 1569598259,87335 51,74185
E4_Bvp 1569598259,88897 27,45782
E4_Bvp 1569598259,9046 -5,728973
E4_Bvp 1569598259,92023 -40,9765
E4_Bvp 1569598259,93585 -71,8847
E4_Bvp 1569598259,95148 -93,97409
E4_Bvp 1569598259,9671 -105,1929
E4_Bvp 1569598259,98273 -105,7726
E4_Bvp 1569598259,99835 -97,62549
E4_Bvp 1569598260,01398 -83,61896
E4_Bvp 1569598260,02961 -66,89111
E4_Bvp 1569598260,04523 -50,25461
E4_Bvp 1569598260,06086 -35,82541
E4_Bvp 1569598260,07648 -24,836
E4_Bvp 1569598260,09211 -17,68875
E4_Bvp 1569598260,10773 -13,98267
E4_Bvp 1569598260,12336 -12,67828
E4_Bvp 1569598260,13899 -12,32364
E4_Bvp 1569598260,15461 -11,41272
E4_Bvp 1569598260,17024 -8,876709
E4_Bvp 1569598260,18586 -4,553223
E4_Bvp 1569598260,20149 0,6627808
E4_Bvp 1569598260,21711 5,14621
E4_Bvp 1569598260,23274 7,289398
E4_Bvp 1569598260,24837 6,357422
E4_Bvp 1569598260,26399 2,931152
E4_Bvp 1569598260,27962 -1,364624
E4_Bvp 1569598260,29524 -4,641235
E4_Bvp 1569598260,31087 -5,730713
E4_Bvp 1569598260,32649 -4,718628
E4_Bvp 1569598260,34212 -2,862152
E4_Bvp 1569598260,35775 -1,930267
E4_Bvp 1569598260,37337 -3,321198
E4_Bvp 1569598260,389 -7,470886
E4_Bvp 1569598260,40462 -13,67743
E4_Bvp 1569598260,42025 -20,41568
E4_Bvp 1569598260,43587 -25,81223
E4_Bvp 1569598260,4515 -28,25113
E4_Bvp 1569598260,46713 -26,86992
E4_Bvp 1569598260,48275 -21,7634
E4_Bvp 1569598260,49838 -14,10408
E4_Bvp 1569598260,514 -5,99176
E4_Bvp 1569598260,52963 0,02613831
E4_Bvp 1569598260,54525 1,815491
E4_Bvp 1569598260,56088 -1,45842
E4_Bvp 1569598260,57651 -8,812408
E4_Bvp 1569598260,59213 -17,77835
E4_Bvp 1569598260,60776 -25,37949
E4_Bvp 1569598260,62338 -29,30998
E4_Bvp 1569598260,63901 -28,86009
E4_Gsr 1569598259,088 0,298817
E4_Gsr 1569598259,338 0,298817
E4_Gsr 1569598259,588 0,2924103
E4_Gsr 1569598259,838 0,291129
E4_Gsr 1569598260,088 0,2975357
E4_Gsr 1569598260,338 0,3013797
E4_Bvp 1569598260,65463 -25,01651
E4_Bvp 1569598260,67026 -19,80573
E4_Bvp 1569598260,68589 -15,2511
E4_Bvp 1569598260,70151 -12,53885
E4_Bvp 1569598260,71714 -11,73125
E4_Bvp 1569598260,73276 -12,3289
E4_Bvp 1569598260,74839 -13,93365
E4_Bvp 1569598260,76401 -16,38245
E4_Bvp 1569598260,77964 -19,69948
E4_Bvp 1569598260,79527 -23,85405
E4_Bvp 1569598260,81089 -28,56625
E4_Bvp 1569598260,82652 -33,25676
E4_Bvp 1569598260,84214 -37,34157
E4_Bvp 1569598260,85777 -40,20903
E4_Bvp 1569598260,87339 -41,81499
E4_Bvp 1569598260,88902 -42,90575
E4_Bvp 1569598260,90465 -44,01338
E4_Bvp 1569598260,92027 -45,09537
E4_Bvp 1569598260,9359 -45,78192
E4_Bvp 1569598260,95152 -45,53078
E4_Bvp 1569598260,96715 -43,9679
E4_Bvp 1569598260,98277 -41,13419
E4_Bvp 1569598260,9984 -37,00162
E4_Bvp 1569598261,01403 -32,08951
E4_Bvp 1569598261,02965 -27,89507
E4_Bvp 1569598261,04528 -25,08192
E4_Bvp 1569598261,0609 -23,19032
E4_Bvp 1569598261,07653 -21,48326
E4_Bvp 1569598261,09215 -19,31792
E4_Bvp 1569598261,10778 -16,44887
E4_Bvp 1569598261,12341 -13,11638
E4_Bvp 1569598261,13903 -9,029694
E4_Bvp 1569598261,15466 -4,398697
E4_Bvp 1569598261,17028 -1,032257
E4_Bvp 1569598261,18591 0,1424561
E4_Bvp 1569598261,20153 -0,6550598
E4_Bvp 1569598261,21716 -3,103638
E4_Bvp 1569598261,23279 -6,794586
E4_Bvp 1569598261,24841 -11,24214
E4_Bvp 1569598261,26404 -16,02243
E4_Bvp 1569598261,27966 -19,74332
E4_Bvp 1569598261,29529 -21,95477
E4_Bvp 1569598261,31091 -24,83551
E4_Bvp 1569598261,32654 -29,89096
E4_Bvp 1569598261,34217 -37,16443
E4_Bvp 1569598261,35779 -45,99884
E4_Bvp 1569598261,37342 -54,91119
E4_Bvp 1569598261,38904 -61,76344
E4_Bvp 1569598261,40467 -71,91457
E4_Bvp 1569598261,4203 -86,89253
E4_Bvp 1569598261,43592 -95,64253
E4_Bvp 1569598261,45155 -95,90535
E4_Bvp 1569598261,46717 -92,21402
E4_Bvp 1569598261,4828 -86,54422
E4_Bvp 1569598261,49842 -79,60931
E4_Bvp 1569598261,51405 -71,0246
E4_Bvp 1569598261,52968 -59,98154
E4_Bvp 1569598261,5453 -46,1955
E4_Bvp 1569598261,56093 -29,38184
E4_Bvp 1569598261,57655 -10,97693
E4_Bvp 1569598261,59218 4,862915
E4_Bvp 1569598261,6078 15,52979
E4_Bvp 1569598261,62343 21,13858
E4_Bvp 1569598261,63906 23,31781
E4_Bvp 1569598261,65468 24,52802
E4_Bvp 1569598261,67031 26,89651
E4_Bvp 1569598261,68593 31,38278
E4_Bvp 1569598261,70156 38,47513
E4_Bvp 1569598261,71718 47,43646
E4_Bvp 1569598261,73281 55,84854
E4_Bvp 1569598261,74844 62,62021
E4_Bvp 1569598261,76406 68,24725
E4_Bvp 1569598261,77969 73,3551
E4_Bvp 1569598261,79531 78,15161
E4_Bvp 1569598261,81094 82,21573
E4_Bvp 1569598261,82656 84,69791
E4_Bvp 1569598261,84219 85,33621
E4_Temperature 1569598259,96719 31,31
E4_Temperature 1569598260,2172 31,31
E4_Temperature 1569598260,46722 31,31
E4_Temperature 1569598260,71723 31,31
E4_Temperature 1569598260,96724 31,29
E4_Temperature 1569598261,21725 31,29
E4_Temperature 1569598261,46726 31,29
E4_Temperature 1569598261,71727 31,29
E4_Bvp 1569598261,85782 84,09338
E4_Bvp 1569598261,87344 80,42868
E4_Bvp 1569598261,88907 74,69635
E4_Bvp 1569598261,90469 67,92267
E4_Bvp 1569598261,92032 60,81836
E4_Bvp 1569598261,93594 53,6203
E4_Bvp 1569598261,95157 46,10791
E4_Bvp 1569598261,9672 37,89001
E4_Bvp 1569598261,98282 28,99319
E4_Bvp 1569598261,99845 19,7406
E4_Bvp 1569598262,01407 10,3786
E4_Bvp 1569598262,0297 1,567535
E4_Bvp 1569598262,04532 -5,899048
E4_Bvp 1569598262,06095 -11,63925
E4_Bvp 1569598262,07658 -15,68408
E4_Bvp 1569598262,0922 -18,26807
E4_Bvp 1569598262,10783 -19,58139
E4_Bvp 1569598262,12345 -19,61053
E4_Bvp 1569598262,13908 -18,35071
E4_Bvp 1569598262,1547 -16,15863
E4_Bvp 1569598262,17033 -13,5864
E4_Bvp 1569598262,18596 -11,23334
E4_Gsr 1569598260,588 0,306505
E4_Gsr 1569598260,838 0,3090677
E4_Gsr 1569598261,088 0,3129117
E4_Gsr 1569598261,338 0,321881
E4_Gsr 1569598261,588 0,3231623
E4_Gsr 1569598261,838 0,3346943
E4_Bvp 1569598262,20158 -9,559601
E4_Bvp 1569598262,21721 -8,746368
E4_Bvp 1569598262,23283 -8,59964
E4_Bvp 1569598262,24846 -8,747742
E4_Bvp 1569598262,26408 -8,859955
E4_Bvp 1569598262,27971 -8,783356
E4_Bvp 1569598262,29534 -8,502838
E4_Bvp 1569598262,31096 -7,998993
E4_Bvp 1569598262,32659 -7,195984
E4_Bvp 1569598262,34221 -5,953278
E4_Bvp 1569598262,35784 -4,279419
E4_Bvp 1569598262,37346 -2,398041
E4_Bvp 1569598262,38909 -0,7655334
E4_Bvp 1569598262,40472 0,1741943
E4_Bvp 1569598262,42034 0,1778564
E4_Bvp 1569598262,43597 -0,6482544
E4_Bvp 1569598262,45159 -1,955933
E4_Bvp 1569598262,46722 -3,396271
E4_Bvp 1569598262,48284 -4,836395
E4_Bvp 1569598262,49847 -6,478027
E4_Bvp 1569598262,5141 -8,602875
E4_Bvp 1569598262,52972 -11,27744
E4_Bvp 1569598262,54535 -14,04062
E4_Bvp 1569598262,56097 -15,96155
E4_Bvp 1569598262,5766 -16,01041
E4_Bvp 1569598262,59222 -13,55295
E4_Bvp 1569598262,60785 -8,763336
E4_Bvp 1569598262,62348 -2,644745
E4_Bvp 1569598262,6391 3,332458
E4_Bvp 1569598262,65473 7,833527
E4_Bvp 1569598262,67035 10,15167
E4_Bvp 1569598262,68598 10,43356
E4_Bvp 1569598262,7016 9,521423
E4_Bvp 1569598262,71723 8,50296
E4_Bvp 1569598262,73286 8,255127
E4_Bvp 1569598262,74848 9,09787
E4_Bvp 1569598262,76411 10,72269
E4_Bvp 1569598262,77973 12,39102
E4_Bvp 1569598262,79536 13,27979
E4_Bvp 1569598262,81098 12,8389
E4_Bvp 1569598262,82661 10,97626
E4_Bvp 1569598262,84224 8,079437
E4_Bvp 1569598262,85786 4,797028
E4_Bvp 1569598262,87349 1,795563
E4_Bvp 1569598262,88911 -0,3841248
E4_Bvp 1569598262,90474 -1,356689
E4_Bvp 1569598262,92036 -0,8943787
E4_Bvp 1569598262,93599 1,067505
E4_Bvp 1569598262,95162 4,302551
E4_Bvp 1569598262,96724 8,169556
E4_Bvp 1569598262,98287 11,66394
E4_Bvp 1569598262,99849 13,77179
E4_Bvp 1569598263,01412 13,99365
E4_Bvp 1569598263,02974 12,74377
E4_Bvp 1569598263,04537 11,32635
E4_Bvp 1569598263,061 11,33624
E4_Bvp 1569598263,07662 13,90057
E4_Bvp 1569598263,09225 19,03528
E4_Bvp 1569598263,10787 25,58124
E4_Bvp 1569598263,1235 31,67236
E4_Bvp 1569598263,13912 35,55347
E4_Bvp 1569598263,15475 36,19513
E4_Bvp 1569598263,17038 33,57947
E4_Bvp 1569598263,186 28,50946
E4_Bvp 1569598263,20163 22,20056
E4_Bvp 1569598263,21725 15,86591
E4_Bvp 1569598263,23288 10,45801
E4_Bvp 1569598263,2485 6,63678
E4_Bvp 1569598263,26413 4,825867
E4_Bvp 1569598263,27976 5,31543
E4_Bvp 1569598263,29538 8,287415
E4_Bvp 1569598263,31101 13,80676
E4_Bvp 1569598263,32663 21,75659
E4_Bvp 1569598263,34226 31,83344
E4_Bvp 1569598263,35788 43,49121
E4_Bvp 1569598263,37351 55,98718
E4_Bvp 1569598263,38914 68,49457
E4_Bvp 1569598263,40476 80,23761
E4_Bvp 1569598263,42039 90,52979
E4_Bvp 1569598263,43601 98,82129
E4_Bvp 1569598263,45164 104,6946
E4_Bvp 1569598263,46726 107,9058
E4_Bvp 1569598263,48289 108,5284
E4_Bvp 1569598263,49852 107,022
E4_Bvp 1569598263,51414 104,217
E4_Bvp 1569598263,52977 101,0895
E4_Bvp 1569598263,54539 98,39508
E4_Bvp 1569598263,56102 96,35342
E4_Bvp 1569598263,57664 94,52017
E4_Bvp 1569598263,59227 91,94366
E4_Bvp 1569598263,6079 87,5697
E4_Bvp 1569598263,62352 80,62076
E4_Bvp 1569598263,63915 70,93768
E4_Bvp 1569598263,65477 59,04092
E4_Bvp 1569598263,6704 46,05084
E4_Bvp 1569598263,68602 33,38184
E4_Bvp 1569598263,70165 22,46021
E4_Bvp 1569598263,71728 14,35422
E4_Bvp 1569598263,7329 9,493317
E4_Gsr 1569598262,088 0,3423823
E4_Gsr 1569598262,338 0,3449449
E4_Gsr 1569598262,588 0,3487889
E4_Gsr 1569598262,838 0,3564769
E4_Gsr 1569598263,088 0,3603209
E4_Gsr 1569598263,338 0,3603209
E4_Bvp 1569598263,74853 7,5867
E4_Bvp 1569598263,76415 7,680298
E4_Bvp 1569598263,77978 8,530914
E4_Bvp 1569598263,7954 9,052979
E4_Bvp 1569598263,81103 8,658508
E4_Bvp 1569598263,82666 7,302277
E4_Bvp 1569598263,84228 5,209534
E4_Bvp 1569598263,85791 2,378815
E4_Bvp 1569598263,87353 -1,685822
E4_Bvp 1569598263,88916 -7,963013
E4_Bvp 1569598263,90478 -17,43582
E4_Temperature 1569598261,96729 31,31
E4_Temperature 1569598262,2173 31,31
E4_Temperature 1569598262,46731 31,31
E4_Temperature 1569598262,71732 31,31
E4_Temperature 1569598262,96733 31,31
E4_Temperature 1569598263,21734 31,31
E4_Temperature 1569598263,46736 31,31
E4_Temperature 1569598263,71737 31,31
E4_Bvp 1569598263,92041 -30,57489
E4_Bvp 1569598263,93604 -46,89584
E4_Bvp 1569598263,95166 -64,99658
E4_Bvp 1569598263,96729 -82,98019
E4_Bvp 1569598263,98291 -99,06693
E4_Bvp 1569598263,99854 -112,1643
E4_Bvp 1569598264,01417 -122,1726
E4_Bvp 1569598264,02979 -129,898
E4_Bvp 1569598264,04542 -136,7145
E4_Bvp 1569598264,06104 -144,0375
E4_Bvp 1569598264,07667 -152,785
E4_Bvp 1569598264,09229 -162,9677
E4_Bvp 1569598264,10792 -173,5313
E4_Bvp 1569598264,12355 -182,5802
E4_Bvp 1569598264,13917 -187,8768
E4_Bvp 1569598264,1548 -187,5262
E4_Bvp 1569598264,17042 -180,5578
E4_Bvp 1569598264,18605 -167,1848
E4_Bvp 1569598264,20167 -148,6801
E4_Bvp 1569598264,2173 -126,9902
E4_Bvp 1569598264,23293 -104,2632
E4_Bvp 1569598264,24855 -82,50851
E4_Bvp 1569598264,26418 -63,41782
E4_Bvp 1569598264,2798 -48,15506
E4_Bvp 1569598264,29543 -37,19525
E4_Bvp 1569598264,31105 -30,12149
E4_Bvp 1569598264,32668 -25,61435
E4_Bvp 1569598264,34231 -21,77112
E4_Bvp 1569598264,35793 -16,74866
E4_Bvp 1569598264,37356 -9,444427
E4_Bvp 1569598264,38918 0,09378052
E4_Bvp 1569598264,40481 10,79803
E4_Bvp 1569598264,42043 21,10806
E4_Bvp 1569598264,43606 29,70706
E4_Bvp 1569598264,45169 35,9617
E4_Bvp 1569598264,46731 39,96915
E4_Bvp 1569598264,48294 42,26901
E4_Bvp 1569598264,49856 43,43741
E4_Bvp 1569598264,51419 43,83005
E4_Bvp 1569598264,52981 43,57086
E4_Bvp 1569598264,54544 42,66693
E4_Bvp 1569598264,56107 41,1214
E4_Bvp 1569598264,57669 38,97714
E4_Bvp 1569598264,59232 36,29437
E4_Bvp 1569598264,60794 33,1828
E4_Bvp 1569598264,62357 29,8634
E4_Bvp 1569598264,63919 26,69528
E4_Bvp 1569598264,65482 24,17673
E4_Bvp 1569598264,67045 22,75293
E4_Bvp 1569598264,68607 22,64819
E4_Bvp 1569598264,7017 23,73035
E4_Bvp 1569598264,71732 25,54782
E4_Bvp 1569598264,73295 27,5434
E4_Bvp 1569598264,74857 29,23648
E4_Bvp 1569598264,7642 30,39368
E4_Bvp 1569598264,77983 31,00732
E4_Bvp 1569598264,79545 31,24777
E4_Bvp 1569598264,81108 31,26123
E4_Bvp 1569598264,8267 31,14499
E4_Bvp 1569598264,84233 30,90646
E4_Bvp 1569598264,85795 30,47986
E4_Bvp 1569598264,87358 29,78494
E4_Bvp 1569598264,88921 28,77664
E4_Bvp 1569598264,90483 27,43326
E4_Bvp 1569598264,92046 25,76489
E4_Bvp 1569598264,93608 23,8598
E4_Bvp 1569598264,95171 21,84619
E4_Bvp 1569598264,96733 19,95178
E4_Bvp 1569598264,98296 18,45035
E4_Bvp 1569598264,99859 17,59616
E4_Bvp 1569598265,01421 17,5455
E4_Bvp 1569598265,02984 18,25668
E4_Bvp 1569598265,04546 19,47833
E4_Bvp 1569598265,06109 20,80298
E4_Bvp 1569598265,07671 21,80255
E4_Bvp 1569598265,09234 22,16208
E4_Bvp 1569598265,10797 21,8252
E4_Bvp 1569598265,12359 20,97156
E4_Bvp 1569598265,13922 19,86887
E4_Bvp 1569598265,15484 18,72147
E4_Bvp 1569598265,17047 17,49661
E4_Bvp 1569598265,18609 15,94006
E4_Bvp 1569598265,20172 13,68524
E4_Bvp 1569598265,21735 10,50461
E4_Bvp 1569598265,23297 6,450958
E4_Bvp 1569598265,2486 1,928192
E4_Bvp 1569598265,26422 -2,421631
E4_Bvp 1569598265,27985 -5,931793
E4_Gsr 1569598263,588 0,3577582
E4_Gsr 1569598263,838 0,3590396
E4_Gsr 1569598264,088 0,3603209
E4_Gsr 1569598264,338 0,3551956
E4_Gsr 1569598264,588 0,3551956
E4_Gsr 1569598264,838 0,3551956
E4_Bvp 1569598265,29547 -8,072235
E4_Bvp 1569598265,3111 -8,628479
E4_Bvp 1569598265,32673 -7,642639
E4_Bvp 1569598265,34235 -5,343353
E4_Bvp 1569598265,35798 -2,051086
E4_Bvp 1569598265,3736 1,874054
E4_Bvp 1569598265,38923 6,101959
E4_Bvp 1569598265,40485 10,27994
E4_Bvp 1569598265,42048 14,07629
E4_Bvp 1569598265,43611 17,21292
E4_Bvp 1569598265,45173 19,51303
E4_Bvp 1569598265,46736 20,98138
E4_Bvp 1569598265,48298 21,79327
E4_Bvp 1569598265,49861 22,23059
E4_Bvp 1569598265,51423 22,56833
E4_Bvp 1569598265,52986 22,97586
E4_Bvp 1569598265,54549 23,43909
E4_Bvp 1569598265,56111 23,80096
E4_Bvp 1569598265,57674 23,83206
E4_Bvp 1569598265,59236 23,35593
E4_Bvp 1569598265,60799 22,37283
E4_Bvp 1569598265,62361 21,07135
E4_Bvp 1569598265,63924 19,78403
E4_Bvp 1569598265,65487 18,84033
E4_Bvp 1569598265,67049 18,40668
E4_Bvp 1569598265,68612 18,39267
E4_Bvp 1569598265,70174 18,46371
E4_Bvp 1569598265,71737 18,21011
E4_Bvp 1569598265,73299 17,29694
E4_Bvp 1569598265,74862 15,62833
E4_Bvp 1569598265,76425 13,3596
E4_Bvp 1569598265,77987 10,85632
E4_Bvp 1569598265,7955 8,545517
E4_Temperature 1569598263,96738 31,31
E4_Temperature 1569598264,21739 31,31
E4_Temperature 1569598264,4674 31,31
E4_Temperature 1569598264,71741 31,31
E4_Temperature 1569598264,96742 31,29
E4_Temperature 1569598265,21744 31,29
E4_Temperature 1569598265,46745 31,29
E4_Temperature 1569598265,71746 31,29
E4_Bvp 1569598265,81112 6,764679
E4_Bvp 1569598265,82675 5,655457
E4_Bvp 1569598265,84237 5,146484
E4_Bvp 1569598265,858 5,0112
E4_Bvp 1569598265,87363 4,930084
E4_Bvp 1569598265,88925 4,630112
E4_Bvp 1569598265,90488 3,905609
E4_Bvp 1569598265,9205 2,666763
E4_Bvp 1569598265,93613 0,9141693
E4_Bvp 1569598265,95175 -1,29216
E4_Bvp 1569598265,96738 -3,812103
E4_Bvp 1569598265,98301 -6,448532
E4_Bvp 1569598265,99863 -8,906357
E4_Bvp 1569598266,01426 -10,87917
E4_Bvp 1569598266,02988 -12,06541
E4_Bvp 1569598266,04551 -12,31464
E4_Bvp 1569598266,06113 -11,65096
E4_Bvp 1569598266,07676 -10,27818
E4_Bvp 1569598266,09239 -8,489212
E4_Bvp 1569598266,10801 -6,549561
E4_Bvp 1569598266,12364 -4,632675
E4_Bvp 1569598266,13926 -2,805679
E4_Bvp 1569598266,15489 -1,126419
E4_Bvp 1569598266,17051 0,3533478
E4_Bvp 1569598266,18614 1,516571
E4_Bvp 1569598266,20177 2,255997
E4_Bvp 1569598266,21739 2,511383
E4_Bvp 1569598266,23302 2,296707
E4_Bvp 1569598266,24864 1,712204
E4_Bvp 1569598266,26427 0,9034653
E4_Bvp 1569598266,2799 0,01396179
E4_Bvp 1569598266,29552 -0,8723221
E4_Bvp 1569598266,31115 -1,740608
E4_Bvp 1569598266,32677 -2,651123
E4_Bvp 1569598266,3424 -3,704712
E4_Bvp 1569598266,35802 -4,935829
E4_Bvp 1569598266,37365 -6,304008
E4_Bvp 1569598266,38928 -7,658806
E4_Bvp 1569598266,4049 -8,791946
E4_Bvp 1569598266,42053 -9,526611
E4_Bvp 1569598266,43615 -9,836243
E4_Bvp 1569598266,45178 -9,855141
E4_Bvp 1569598266,4674 -9,882126
E4_Bvp 1569598266,48303 -10,27401
E4_Bvp 1569598266,49866 -11,25994
E4_Bvp 1569598266,51428 -12,79384
E4_Bvp 1569598266,52991 -14,44194
E4_Bvp 1569598266,54553 -15,44449
E4_Bvp 1569598266,56116 -15,02074
E4_Bvp 1569598266,57678 -12,74086
E4_Bvp 1569598266,59241 -8,833839
E4_Bvp 1569598266,60804 -4,231991
E4_Bvp 1569598266,62366 -0,2735329
E4_Bvp 1569598266,63929 1,85701
E4_Bvp 1569598266,65491 1,620287
E4_Gsr 1569598265,088 0,3487889
E4_Gsr 1569598265,338 0,3449449
E4_Gsr 1569598265,588 0,3423823
E4_Gsr 1569598265,838 0,3385383
E4_Gsr 1569598266,088 0,3385383
E4_Gsr 1569598266,338 0,3385383
E4_Bvp 1569598266,67054 -0,6308498
E4_Bvp 1569598266,68616 -3,867439
E4_Bvp 1569598266,70179 -6,897745
E4_Bvp 1569598266,71742 -8,874528
E4_Bvp 1569598266,73304 -9,528343
E4_Bvp 1569598266,74867 -9,077257
E4_Bvp 1569598266,76429 -7,933527
E4_Bvp 1569598266,77992 -6,396561
E4_Bvp 1569598266,79554 -4,598716
E4_Bvp 1569598266,81117 -2,556976
E4_Bvp 1569598266,8268 -0,3285389
E4_Bvp 1569598266,84242 1,910943
E4_Bvp 1569598266,85805 3,97102
E4_Bvp 1569598266,87367 5,747503
E4_Bvp 1569598266,8893 7,254744
E4_Bvp 1569598266,90492 8,580311
E4_Bvp 1569598266,92055 9,828083
E4_Bvp 1569598266,93618 11,013
E4_Bvp 1569598266,9518 12,07595
E4_Bvp 1569598266,96743 12,95411
E4_Bvp 1569598266,98305 13,6083
E4_Bvp 1569598266,99868 14,13736
E4_Bvp 1569598267,0143 14,70317
E4_Bvp 1569598267,02993 15,50643
E4_Bvp 1569598267,04556 16,69414
E4_Bvp 1569598267,06118 18,25085
E4_Bvp 1569598267,07681 19,88437
E4_Bvp 1569598267,09243 20,98309
E4_Bvp 1569598267,10806 20,76527
E4_Bvp 1569598267,12368 18,53499
E4_Bvp 1569598267,13931 14,02322
E4_Bvp 1569598267,15494 7,573898
E4_Bvp 1569598267,17056 0,04568481
E4_Bvp 1569598267,18619 -7,498184
E4_Bvp 1569598267,20181 -14,25626
E4_Bvp 1569598267,21744 -19,98417
E4_Bvp 1569598267,23306 -24,94367
E4_Bvp 1569598267,24869 -29,60412
E4_Bvp 1569598267,26432 -34,2796
E4_Bvp 1569598267,27994 -38,88477
E4_Bvp 1569598267,29557 -43,03023
E4_Bvp 1569598267,31119 -46,25647
E4_Bvp 1569598267,32682 -48,26249
E4_Bvp 1569598267,34244 -49,03664
E4_Bvp 1569598267,35807 -48,71918
E4_Bvp 1569598267,3737 -47,46095
E4_Bvp 1569598267,38932 -45,26675
E4_Bvp 1569598267,40495 -42,0191
E4_Bvp 1569598267,42057 -37,58336
E4_Bvp 1569598267,4362 -31,97591
E4_Bvp 1569598267,45182 -25,42795
E4_Bvp 1569598267,46745 -18,37889
E4_Bvp 1569598267,48308 -11,39516
E4_Bvp 1569598267,4987 -4,970276
E4_Bvp 1569598267,51433 0,5858459
E4_Bvp 1569598267,52995 5,229492
E4_Bvp 1569598267,54558 9,11795
E4_Bvp 1569598267,5612 12,53305
E4_Bvp 1569598267,57683 15,6581
E4_Bvp 1569598267,59246 18,51901
E4_Bvp 1569598267,60808 20,9718
E4_Bvp 1569598267,62371 22,82964
E4_Bvp 1569598267,63933 24,00197
E4_Bvp 1569598267,65496 24,6158
E4_Bvp 1569598267,67058 24,95906
E4_Bvp 1569598267,68621 25,35577
E4_Bvp 1569598267,70184 25,99423
E4_Bvp 1569598267,71746 26,82487
E4_Bvp 1569598267,73309 27,65283
E4_Bvp 1569598267,74871 28,30353
E4_Bvp 1569598267,76434 28,74249
E4_Bvp 1569598267,77996 29,1747
E4_Bvp 1569598267,79559 29,85272
E4_Bvp 1569598267,81122 30,9686
E4_Bvp 1569598267,82684 32,49438
E4_Bvp 1569598267,84247 34,1855
E4_Bvp 1569598267,85809 35,65662
E4_Temperature 1569598265,96747 31,27
E4_Temperature 1569598266,21748 31,27
E4_Temperature 1569598266,46749 31,27
E4_Temperature 1569598266,71751 31,27
E4_Temperature 1569598266,96752 31,27
E4_Temperature 1569598267,21753 31,27
E4_Temperature 1569598267,46754 31,27
E4_Temperature 1569598267,71755 31,27
E4_Bvp 1569598267,87372 36,5542
E4_Bvp 1569598267,88934 36,63681
E4_Bvp 1569598267,90497 35,87189
E4_Bvp 1569598267,9206 34,41585
E4_Bvp 1569598267,93622 32,52408
E4_Bvp 1569598267,95185 30,52209
E4_Bvp 1569598267,96747 28,63589
E4_Bvp 1569598267,9831 26,93973
E4_Bvp 1569598267,99872 25,19705
E4_Bvp 1569598268,01435 22,98621
E4_Bvp 1569598268,02998 19,76694
