1569660787.915
1569660788.165
1569660788.415
1569660788.665
1569660788.915
1569660789.165
1569660789.415
1569660789.665
1569660789.915
1569660790.165
1569660790.415
1569660790.665
1569660790.915
1569660791.165
1569660791.415
1569660791.665
1569660791.915
1569660792.165
1569660792.415
1569660792.665
1569660792.915
1569660793.165
1569660793.415
1569660793.665
1569660793.915
1569660794.165
1569660794.415
1569660794.665
1569660794.915
1569660795.165
1569660795.415
1569660795.665
1569660795.915
1569660796.165
1569660796.415
1569660796.665
1569660796.915
1569660797.165
1569660797.415
1569660797.665
1569660797.915
1569660798.165
1569660798.415
1569660798.665
1569660798.915
1569660799.165
1569660799.415
1569660799.665
1569660799.915
1569660800.165
1569660800.415
1569660800.665
1569660800.915
1569660801.165
1569660801.415
1569660801.665
1569660801.915
1569660802.165
1569660802.415
1569660802.665
1569660802.915
1569660803.165
1569660803.415
1569660803.665
1569660803.915
1569660804.165
1569660804.415
1569660804.665
1569660804.915
1569660805.165
1569660805.415
1569660805.665
1569660805.915
1569660806.165
1569660806.415
1569660806.665
1569660806.915
1569660807.165
1569660807.415
1569660807.665
1569660807.915
1569660808.165
1569660808.415
1569660808.665
1569660808.915
1569660809.165
1569660809.415
1569660809.665
1569660809.915
1569660810.165
1569660810.415
1569660810.665
1569660810.915
1569660811.165
1569660811.415
1569660811.665
1569660811.915
1569660812.165
1569660812.415
1569660812.665
1569660812.915
1569660813.165
1569660813.415
1569660813.665
1569660813.915
1569660814.165
1569660814.415
1569660814.665
1569660814.915
1569660815.165
1569660815.415
1569660815.665
1569660815.915
1569660816.165
1569660816.415
1569660816.665
1569660816.915
1569660817.165
1569660817.415
1569660817.665
1569660817.915
1569660818.165
1569660818.415
1569660818.665
1569660818.915
1569660819.165
1569660819.415
1569660819.665
1569660819.915
1569660820.165
1569660820.415
1569660820.665
1569660820.915
1569660821.165
1569660821.415
1569660821.665
1569660821.915
1569660822.165
1569660822.415
1569660822.665
1569660822.915
1569660823.165
1569660823.415
1569660823.665
1569660823.915
1569660824.165
1569660824.415
1569660824.665
1569660824.915
1569660825.165
1569660825.415
1569660825.665
1569660825.915
1569660826.165
1569660826.415
1569660826.665
1569660826.915
1569660827.165
1569660827.415
1569660827.665
1569660827.915
1569660828.165
1569660828.415
1569660828.665
1569660828.915
1569660829.165
1569660829.415
1569660829.665
1569660829.915
1569660830.165
1569660830.415
1569660830.665
1569660830.915
1569660831.165
1569660831.415
1569660831.665
1569660831.915
1569660832.165
1569660832.415
1569660832.665
1569660832.915
1569660833.165
1569660833.415
1569660833.665
1569660833.915
1569660834.165
1569660834.415
1569660834.665
1569660834.915
1569660835.165
1569660835.415
1569660835.665
1569660835.915
1569660836.165
1569660836.415
1569660836.665
1569660836.915
1569660837.165
1569660837.415
1569660837.665
1569660837.915
1569660838.165
1569660838.415
1569660838.665
1569660838.915
1569660839.165
1569660839.415
1569660839.665
1569660839.915
1569660840.165
1569660840.415
1569660840.665
1569660840.915
1569660841.165
1569660841.415
1569660841.665
1569660841.915
1569660842.165
1569660842.415
1569660842.665
1569660842.915
1569660843.165
1569660843.415
1569660843.665
1569660843.915
1569660844.165
1569660844.415
1569660844.665
1569660844.915
1569660845.165
1569660845.415
1569660845.665
1569660845.915
1569660846.165
1569660846.415
1569660846.665
1569660846.915
1569660847.165
1569660847.415
1569660847.665
1569660847.915
1569660848.165
1569660848.415
1569660848.665
1569660848.915
1569660849.165
1569660849.415
1569660849.665
1569660849.915
1569660850.165
1569660850.415
1569660850.665
1569660850.915
1569660851.165
1569660851.415
1569660851.665
1569660851.915
1569660852.165
1569660852.415
1569660852.665
1569660852.915
1569660853.165
1569660853.415
1569660853.665
1569660853.915
1569660854.165
1569660854.415
1569660854.665
1569660854.915
1569660855.165
1569660855.415
1569660855.665
1569660855.915
1569660856.165
1569660856.415
1569660856.665
1569660856.915
1569660857.165
1569660857.415
1569660857.665
1569660857.915
1569660858.165
1569660858.415
1569660858.665
1569660858.915
1569660859.165
1569660859.415
1569660859.665
1569660859.915
1569660860.165
1569660860.415
1569660860.665
1569660860.915
1569660861.165
1569660861.415
1569660861.665
1569660861.915
1569660862.165
1569660862.415
1569660862.665
1569660862.915
1569660863.165
1569660863.415
1569660863.665
1569660863.915
1569660864.165
1569660864.415
1569660864.665
1569660864.915
1569660865.165
1569660865.415
1569660865.665
1569660865.915
1569660866.165
1569660866.415
1569660866.665
1569660866.915
1569660867.165
1569660867.415
1569660867.665
1569660867.915
1569660868.165
1569660868.415
1569660868.665
1569660868.915
1569660869.165
1569660869.415
1569660869.665
1569660869.915
1569660870.165
1569660870.415
1569660870.665
1569660870.915
1569660871.165
1569660871.415
1569660871.665
1569660871.915
1569660872.165
1569660872.415
1569660872.665
1569660872.915
1569660873.165
1569660873.415
1569660873.665
1569660873.915
1569660874.165
1569660874.415
1569660874.665
1569660874.915
1569660875.165
1569660875.415
1569660875.665
1569660875.915
1569660876.165
1569660876.415
1569660876.665
1569660876.915
1569660877.165
1569660877.415
1569660877.665
1569660877.915
1569660878.165
1569660878.415
1569660878.665
1569660878.915
1569660879.165
1569660879.415
1569660879.665
1569660879.915
1569660880.165
1569660880.415
1569660880.665
1569660880.915
1569660881.165
1569660881.415
1569660881.665
1569660881.915
1569660882.165
1569660882.415
1569660882.665
1569660882.915
1569660883.165
1569660883.415
1569660883.665
1569660883.915
1569660884.165
1569660884.415
1569660884.665
1569660884.915
1569660885.165
1569660885.415
1569660885.665
1569660885.915
1569660886.165
1569660886.415
1569660886.665
1569660886.915
1569660887.165
1569660887.415
1569660887.665
1569660887.915
1569660888.165
1569660888.415
1569660888.665
1569660888.915
1569660889.165
1569660889.415
1569660889.665
1569660889.915
1569660890.165
1569660890.415
1569660890.665
1569660890.915
1569660891.165
1569660891.415
1569660891.665
1569660891.915
1569660892.165
1569660892.415
1569660892.665
1569660892.915
1569660893.165
1569660893.415
1569660893.665
1569660893.915
1569660894.165
1569660894.415
1569660894.665
1569660894.915
1569660895.165
1569660895.415
1569660895.665
1569660895.915
1569660896.165
1569660896.415
1569660896.665
1569660896.915
1569660897.165
1569660897.415
1569660897.665
1569660897.915
1569660898.165
1569660898.415
1569660898.665
1569660898.915
1569660899.165
1569660899.415
1569660899.665
1569660899.915
1569660900.165
1569660900.415
1569660900.665
1569660900.915
1569660901.165
1569660901.415
1569660901.665
1569660901.915
1569660902.165
1569660902.415
1569660902.665
1569660902.915
1569660903.165
1569660903.415
1569660903.665
1569660903.915
1569660904.165
1569660904.415
1569660904.665
1569660904.915
1569660905.165
1569660905.415
1569660905.665
1569660905.915
1569660906.165
1569660906.415
1569660906.665
1569660906.915
1569660907.165
1569660907.415
1569660907.665
1569660907.915
1569660908.165
1569660908.415
1569660908.665
1569660908.915
1569660909.165
1569660909.415
1569660909.665
1569660909.915
1569660910.165
1569660910.415
1569660910.665
1569660910.915
1569660911.165
1569660911.415
1569660911.665
1569660911.915
1569660912.165
1569660912.415
1569660912.665
1569660912.915
1569660913.165
1569660913.415
1569660913.665
1569660913.915
1569660914.165
1569660914.415
1569660914.665
1569660914.915
1569660915.165
1569660915.415
1569660915.665
1569660915.915
1569660916.165
1569660916.415
1569660916.665
1569660916.915
1569660917.165
1569660917.415
1569660917.665
1569660917.915
1569660918.165
1569660918.415
1569660918.665
1569660918.915
1569660919.165
1569660919.415
1569660919.665
1569660919.915
1569660920.165
1569660920.415
1569660920.665
1569660920.915
1569660921.165
1569660921.415
1569660921.665
1569660921.915
1569660922.165
1569660922.415
1569660922.665
1569660922.915
1569660923.165
1569660923.415
1569660923.665
1569660923.915
1569660924.165
1569660924.415
1569660924.665
1569660924.915
1569660925.165
1569660925.415
1569660925.665
1569660925.915
1569660926.165
1569660926.415
1569660926.665
1569660926.915
1569660927.165
1569660927.415
1569660927.665
1569660927.915
1569660928.165
1569660928.415
1569660928.665
1569660928.915
1569660929.165
1569660929.415
1569660929.665
1569660929.915
1569660930.165
1569660930.415
1569660930.665
1569660930.915
1569660931.165
1569660931.415
1569660931.665
1569660931.915
1569660932.165
1569660932.415
1569660932.665
1569660932.915
1569660933.165
1569660933.415
1569660933.665
1569660933.915
1569660934.165
1569660934.415
1569660934.665
1569660934.915
1569660935.165
1569660935.415
1569660935.665
1569660935.915
1569660936.165
1569660936.415
1569660936.665
1569660936.915
1569660937.165
1569660937.415
1569660937.665
1569660937.915
1569660938.165
1569660938.415
1569660938.665
1569660938.915
1569660939.165
1569660939.415
1569660939.665
1569660939.915
1569660940.165
1569660940.415
1569660940.665
1569660940.915
1569660941.165
1569660941.415
1569660941.665
1569660941.915
1569660942.165
1569660942.415
1569660942.665
1569660942.915
1569660943.165
1569660943.415
1569660943.665
1569660943.915
1569660944.165
1569660944.415
1569660944.665
1569660944.915
1569660945.165
1569660945.415
1569660945.665
1569660945.915
1569660946.165
1569660946.415
1569660946.665
1569660946.915
1569660947.165
1569660947.415
1569660947.665
1569660947.915
1569660948.165
1569660948.415
1569660948.665
1569660948.915
1569660949.165
1569660949.415
1569660949.665
1569660949.915
1569660950.165
1569660950.415
1569660950.665
1569660950.915
1569660951.165
1569660951.415
1569660951.665
1569660951.915
1569660952.165
1569660952.415
1569660952.665
1569660952.915
1569660953.165
1569660953.415
1569660953.665
1569660953.915
1569660954.165
1569660954.415
1569660954.665
1569660954.915
1569660955.165
1569660955.415
1569660955.665
1569660955.915
1569660956.165
1569660956.415
1569660956.665
1569660956.915
1569660957.165
1569660957.415
1569660957.665
1569660957.915
1569660958.165
1569660958.415
1569660958.665
1569660958.915
1569660959.165
1569660959.415
1569660959.665
1569660959.915
1569660960.165
1569660960.415
1569660960.665
1569660960.915
1569660961.165
1569660961.415
1569660961.665
1569660961.915
1569660962.165
1569660962.415
1569660962.665
1569660962.915
1569660963.165
1569660963.415
1569660963.665
1569660963.915
1569660964.165
1569660964.415
1569660964.665
1569660964.915
1569660965.165
1569660965.415
1569660965.665
1569660965.915
1569660966.165
1569660966.415
1569660966.665
1569660966.915
1569660967.165
1569660967.415
1569660967.665
1569660967.915
1569660968.165
1569660968.415
1569660968.665
1569660968.915
1569660969.165
1569660969.415
1569660969.665
1569660969.915
1569660970.165
1569660970.415
1569660970.665
1569660970.915
1569660971.165
1569660971.415
1569660971.665
1569660971.915
1569660972.165
1569660972.415
1569660972.665
1569660972.915
1569660973.165
1569660973.415
1569660973.665
1569660973.915
1569660974.165
1569660974.415
1569660974.665
1569660974.915
1569660975.165
1569660975.415
1569660975.665
1569660975.915
1569660976.165
1569660976.415
1569660976.665
1569660976.915
1569660977.165
1569660977.415
1569660977.665
1569660977.915
1569660978.165
1569660978.415
1569660978.665
1569660978.915
1569660979.165
1569660979.415
1569660979.665
1569660979.915
1569660980.165
1569660980.415
1569660980.665
1569660980.915
1569660981.165
1569660981.415
1569660981.665
1569660981.915
1569660982.165
1569660982.415
1569660982.665
1569660982.915
1569660983.165
1569660983.415
1569660983.665
1569660983.915
1569660984.165
1569660984.415
1569660984.665
1569660984.915
1569660985.165
1569660985.415
1569660985.665
1569660985.915
1569660986.165
1569660986.415
1569660986.665
1569660986.915
1569660987.165
1569660987.415
1569660987.665
1569660987.915
1569660988.165
1569660988.415
1569660988.665
1569660988.915
1569660989.165
1569660989.415
1569660989.665
1569660989.915
1569660990.165
1569660990.415
1569660990.665
1569660990.915
1569660991.165
1569660991.415
1569660991.665
1569660991.915
1569660992.165
1569660992.415
1569660992.665
1569660992.915
1569660993.165
1569660993.415
1569660993.665
1569660993.915
1569660994.165
1569660994.415
1569660994.665
1569660994.915
1569660995.165
1569660995.415
1569660995.665
1569660995.915
1569660996.165
1569660996.415
1569660996.665
1569660996.915
1569660997.165
1569660997.415
1569660997.665
1569660997.915
1569660998.165
1569660998.415
1569660998.665
1569660998.915
1569660999.165
1569660999.415
1569660999.665
1569660999.915
1569661000.165
1569661000.415
1569661000.665
1569661000.915
1569661001.165
1569661001.415
1569661001.665
1569661001.915
1569661002.165
1569661002.415
1569661002.665
1569661002.915
1569661003.165
1569661003.415
1569661003.665
1569661003.915
1569661004.165
1569661004.415
1569661004.665
1569661004.915
1569661005.165
1569661005.415
1569661005.665
1569661005.915
1569661006.165
1569661006.415
1569661006.665
1569661006.915
1569661007.165
1569661007.415
1569661007.665
1569661007.915
1569661008.165
1569661008.415
1569661008.665
1569661008.915
1569661009.165
1569661009.415
1569661009.665
1569661009.915
1569661010.165
1569661010.415
1569661010.665
1569661010.915
1569661011.165
1569661011.415
1569661011.665
1569661011.915
1569661012.165
1569661012.415
1569661012.665
1569661012.915
1569661013.165
1569661013.415
1569661013.665
1569661013.915
1569661014.165
1569661014.415
1569661014.665
1569661014.915
1569661015.165
1569661015.415
1569661015.665
1569661015.915
1569661016.165
1569661016.415
1569661016.665
1569661016.915
1569661017.165
1569661017.415
1569661017.665
1569661017.915
1569661018.165
1569661018.415
1569661018.665
1569661018.915
1569661019.165
1569661019.415
1569661019.665
1569661019.915
1569661020.165
1569661020.415
1569661020.665
1569661020.915
1569661021.165
1569661021.415
1569661021.665
1569661021.915
1569661022.165
1569661022.415
1569661022.665
1569661022.915
1569661023.165
1569661023.415
1569661023.665
1569661023.915
1569661024.165
1569661024.415
1569661024.665
1569661024.915
1569661025.165
1569661025.415
1569661025.665
1569661025.915
1569661026.165
1569661026.415
1569661026.665
1569661026.915
1569661027.165
1569661027.415
1569661027.665
1569661027.915
1569661028.165
1569661028.415
1569661028.665
1569661028.915
1569661029.165
1569661029.415
1569661029.665
1569661029.915
1569661030.165
1569661030.415
1569661030.665
1569661030.915
1569661031.165
1569661031.415
1569661031.665
1569661031.915
1569661032.165
1569661032.415
1569661032.665
1569661032.915
1569661033.165
1569661033.415
1569661033.665
1569661033.915
1569661034.165
1569661034.415
1569661034.665
1569661034.915
1569661035.165
1569661035.415
1569661035.665
1569661035.915
1569661036.165
1569661036.415
1569661036.665
1569661036.915
1569661037.165
1569661037.415
1569661037.665
1569661037.915
1569661038.165
1569661038.415
1569661038.665
1569661038.915
1569661039.165
1569661039.415
1569661039.665
1569661039.915
1569661040.165
1569661040.415
1569661040.665
1569661040.915
1569661041.165
1569661041.415
1569661041.665
1569661041.915
1569661042.165
1569661042.415
1569661042.665
1569661042.915
1569661043.165
1569661043.415
1569661043.665
1569661043.915
1569661044.165
1569661044.415
1569661044.665
1569661044.915
1569661045.165
1569661045.415
1569661045.665
1569661045.915
1569661046.165
1569661046.415
1569661046.665
1569661046.915
1569661047.165
1569661047.415
1569661047.665
1569661047.915
1569661048.165
1569661048.415
1569661048.665
1569661048.915
1569661049.165
1569661049.415
1569661049.665
1569661049.915
1569661050.165
1569661050.415
1569661050.665
1569661050.915
1569661051.165
1569661051.415
1569661051.665
1569661051.915
1569661052.165
1569661052.415
1569661052.665
1569661052.915
1569661053.165
1569661053.415
1569661053.665
1569661053.915
1569661054.165
1569661054.415
1569661054.665
1569661054.915
1569661055.165
1569661055.415
1569661055.665
1569661055.915
1569661056.165
1569661056.415
1569661056.665
1569661056.915
1569661057.165
1569661057.415
1569661057.665
1569661057.915
1569661058.165
1569661058.415
1569661058.665
1569661058.915
1569661059.165
1569661059.415
1569661059.665
1569661059.915
1569661060.165
1569661060.415
1569661060.665
1569661060.915
1569661061.165
1569661061.415
1569661061.665
1569661061.915
1569661062.165
1569661062.415
1569661062.665
1569661062.915
1569661063.165
1569661063.415
1569661063.665
1569661063.915
1569661064.165
1569661064.415
1569661064.665
1569661064.915
1569661065.165
1569661065.415
1569661065.665
1569661065.915
1569661066.165
1569661066.415
1569661066.665
1569661066.915
1569661067.165
1569661067.415
1569661067.665
1569661067.915
1569661068.165
1569661068.415
1569661068.665
1569661068.915
1569661069.165
1569661069.415
1569661069.665
1569661069.915
1569661070.165
1569661070.415
1569661070.665
1569661070.915
1569661071.165
1569661071.415
1569661071.665
1569661071.915
1569661072.165
1569661072.415
1569661072.665
1569661072.915
1569661073.165
1569661073.415
1569661073.665
1569661073.915
1569661074.165
1569661074.415
1569661074.665
1569661074.915
1569661075.165
1569661075.415
1569661075.665
1569661075.915
1569661076.165
1569661076.415
1569661076.665
1569661076.915
1569661077.165
1569661077.415
1569661077.665
1569661077.915
1569661078.165
1569661078.415
1569661078.665
1569661078.915
1569661079.165
1569661079.415
1569661079.665
1569661079.915
1569661080.165
1569661080.415
1569661080.665
1569661080.915
1569661081.165
1569661081.415
1569661081.665
1569661081.915
1569661082.165
1569661082.415
1569661082.665
1569661082.915
1569661083.165
1569661083.415
1569661083.665
1569661083.915
1569661084.165
1569661084.415
1569661084.665
1569661084.915
1569661085.165
1569661085.415
1569661085.665
1569661085.915
1569661086.165
1569661086.415
1569661086.665
1569661086.915
1569661087.165
1569661087.415
1569661087.665
