0.1988613
0.2001425
0.2014238
0.1962987
0.1950175
0.192455
0.1962987
0.1937362
0.1886112
0.192455
0.1898925
0.1937362
0.1937362
0.1898925
0.1911737
0.1911737
0.1911737
0.1860487
0.1886112
0.1860487
0.1886112
0.1898925
0.1886112
0.18733
0.18733
0.1860487
0.18733
0.1860487
0.1822049
0.1822049
0.1770799
0.1783612
0.1809237
0.1822049
0.1783612
0.1783612
0.1770799
0.1783612
0.1783612
0.1757987
0.1770799
0.1757987
0.1732362
0.1745174
0.1732362
0.1732362
0.1745174
0.1719549
0.1745174
0.1706737
0.1745174
0.1745174
0.1706737
0.1732362
0.1732362
0.1706737
0.1719549
0.1719549
0.1719549
0.1719549
0.1693924
0.1706737
0.1693924
0.1681112
0.1706737
0.1706737
0.1668299
0.1681112
0.1693924
0.1693924
0.1681112
0.1668299
0.1668299
0.1642674
0.1604236
0.1681112
0.1668299
0.1617049
0.1642674
0.1642674
0.1655487
0.1642674
0.1617049
0.1629861
0.1617049
0.1565799
0.1591424
0.1591424
0.1565799
0.1565799
0.1565799
0.1565799
0.1578611
0.1565799
0.1565799
0.1578611
0.1527361
0.1552986
0.1540174
0.1540174
0.1527361
0.1527361
0.1514549
0.1527361
0.1540174
0.1540174
0.1565799
0.1488923
0.1540174
0.1527361
0.1514549
0.1501736
0.1552986
0.1501736
0.1514549
0.1527361
0.1488923
0.1527361
0.1463298
0.1501736
0.1527361
0.1514549
0.1488923
0.1488923
0.1463298
0.1476111
0.1463298
0.1501736
0.1501736
0.1476111
0.1476111
0.1450486
0.1488923
0.1488923
0.1450486
0.1476111
0.1450486
0.1450486
0.1412048
0.1450486
0.1437673
0.1450486
0.1450486
0.1424861
0.1437673
0.1437673
0.1437673
0.1424861
0.1450486
0.1424861
0.1437673
0.1412048
0.1373611
0.1360798
0.1373611
0.1360798
0.1360798
0.1347986
0.1347986
0.1347986
0.1360798
0.1347986
0.132236
0.1347986
0.1347986
0.1347986
0.1347986
0.1347986
0.1347986
0.1347986
0.1335173
0.1335173
0.132236
0.1296735
0.132236
0.127111
0.1309548
0.1309548
0.1296735
0.1296735
0.1309548
0.1296735
0.1296735
0.1283923
0.1258298
0.1309548
0.1309548
0.1309548
0.1335173
0.1309548
0.1309548
0.1309548
0.1283923
0.1283923
0.1296735
0.1258298
0.127111
0.1283923
0.1283923
0.127111
0.127111
0.1283923
0.1283923
0.127111
0.1283923
0.127111
0.1258298
0.127111
0.127111
0.1245485
0.1245485
0.1258298
0.1258298
0.1245485
0.1258298
0.1232673
0.1232673
0.1207048
0.1232673
0.1245485
0.1232673
0.1232673
0.1245485
0.1232673
0.1245485
0.1347986
0.1207048
0.1232673
0.1155797
0.1207048
0.1207048
0.1232673
0.121986
0.1207048
0.1194235
0.1207048
0.1194235
0.1155797
0.1155797
0.1104547
0.1155797
0.116861
0.1181423
0.1155797
0.1155797
0.116861
0.1155797
0.1155797
0.116861
0.116861
0.1142985
0.1142985
0.1155797
0.116861
0.1155797
0.1142985
0.1155797
0.1155797
0.116861
0.116861
0.1155797
0.1155797
0.1155797
0.1155797
0.1142985
0.1142985
0.116861
0.1130172
0.1155797
0.1142985
0.1155797
0.1142985
0.1104547
0.1155797
0.116861
0.1104547
0.111736
0.111736
0.1130172
0.111736
0.111736
0.111736
0.1142985
0.1104547
0.1104547
0.1130172
0.1142985
0.1104547
0.1078922
0.111736
0.1091735
0.1104547
0.111736
0.1130172
0.1027672
0.111736
0.111736
0.1078922
0.1078922
0.106611
0.1040485
0.1053297
0.1053297
0.1053297
0.1078922
0.1027672
0.1040485
0.1053297
0.1053297
0.1053297
0.106611
0.1040485
0.1027672
0.116861
0.101486
0.1027672
0.1027672
0.101486
0.1027672
0.1040485
0.1040485
0.1040485
0.1027672
0.101486
0.1027672
0.1027672
0.101486
0.09507968
0.106611
0.1040485
0.106611
0.1040485
0.1053297
0.1053297
0.1027672
0.1027672
0.1027672
0.1040485
0.09892344
0.1027672
0.1053297
0.1027672
0.1053297
0.1040485
0.1027672
0.1040485
0.1053297
0.1027672
0.1027672
0.1002047
0.09764219
0.1040485
0.101486
0.101486
0.1053297
0.101486
0.1002047
0.1027672
0.1027672
0.1002047
0.09379843
0.09636094
0.09636094
0.09507968
0.09507968
0.09636094
0.09636094
0.09507968
0.09507968
0.09507968
0.09507968
0.08995467
0.09507968
0.09379843
0.09636094
0.09507968
0.09507968
0.09507968
0.09764219
0.09507968
0.09379843
0.09379843
0.09379843
0.09379843
0.09507968
0.09507968
0.09379843
0.09379843
0.09379843
0.09379843
0.09251717
0.09379843
0.09507968
0.08867341
0.09251717
0.09251717
0.09507968
0.09507968
0.09251717
0.09251717
0.09251717
0.09123592
0.09251717
0.09251717
0.08482965
0.09123592
0.08867341
0.08995467
0.08995467
0.09123592
0.09251717
0.0861109
0.08995467
0.09123592
0.09251717
0.09123592
0.09251717
0.09123592
0.09251717
0.09123592
0.08867341
0.08995467
0.0861109
0.08482965
0.0861109
0.08482965
0.08482965
0.0861109
0.08482965
0.08867341
0.08482965
0.08482965
0.0861109
0.08482965
0.08482965
0.08482965
0.08226714
0.08098589
0.08482965
0.08482965
0.0835484
0.0861109
0.0861109
0.08867341
0.08867341
0.08482965
0.08482965
0.08482965
0.07842338
0.0835484
0.0861109
0.08482965
0.0861109
0.08098589
0.08482965
0.08482965
0.08482965
0.0835484
0.0835484
0.0835484
0.08482965
0.08482965
0.08482965
0.08226714
0.0835484
0.0835484
0.08226714
0.0835484
0.08482965
0.07842338
0.0835484
0.08226714
0.0835484
0.0835484
0.0835484
0.0835484
0.08226714
0.08482965
0.08482965
0.0835484
0.0835484
0.07970463
0.0835484
0.08482965
0.0835484
0.08226714
0.08226714
0.07970463
0.07714213
0.07714213
0.07586087
0.07842338
0.07457962
0.07586087
0.07586087
0.07714213
0.07586087
0.07842338
0.07714213
0.07714213
0.07586087
0.07586087
0.07714213
0.07201711
0.07714213
0.07586087
0.07714213
0.07586087
0.07970463
0.07970463
0.07842338
0.07970463
0.07970463
0.07714213
0.07586087
0.07586087
0.07586087
0.07457962
0.07714213
0.07842338
0.07714213
0.07714213
0.07457962
0.07586087
0.07586087
0.07714213
0.07714213
0.07842338
0.07714213
0.07842338
0.07970463
0.07842338
0.07714213
0.07842338
0.07714213
0.07842338
0.07329836
0.07714213
0.07842338
0.07714213
0.07714213
0.07842338
0.07586087
0.07586087
0.07201711
0.07201711
0.07073586
0.06561085
0.07073586
0.0694546
0.07073586
0.07073586
0.07201711
0.07073586
0.07586087
0.07201711
0.07201711
0.07201711
0.06817336
0.07201711
0.06817336
0.07457962
0.07457962
0.07201711
0.07329836
0.07201711
0.07329836
0.07329836
0.07201711
0.06817336
0.07329836
0.07329836
0.07201711
0.07201711
0.07457962
0.07586087
0.07329836
0.07329836
0.07457962
0.07586087
0.07201711
0.07329836
0.07329836
0.07201711
0.07201711
0.07329836
0.07329836
0.07329836
0.07201711
0.07457962
0.07073586
0.07073586
0.07457962
0.07073586
0.06817336
0.07073586
0.06817336
0.0694546
0.0668921
0.0668921
0.0668921
0.0668921
0.06432959
0.07201711
0.07073586
0.06817336
0.06817336
0.06817336
0.0668921
0.06817336
0.0668921
0.06561085
0.0694546
0.06432959
0.07073586
0.06817336
0.0694546
0.06817336
0.07073586
0.07201711
0.06817336
0.0668921
0.0694546
0.0668921
0.06304834
0.0668921
0.0694546
0.07073586
0.0694546
0.07073586
0.0694546
0.0694546
0.07201711
0.07073586
0.07201711
0.06817336
0.06817336
0.07073586
0.07073586
0.0694546
0.07073586
0.06561085
0.06432959
0.0668921
0.0668921
0.06304834
0.06048583
0.06561085
0.0668921
0.06304834
0.06432959
0.06432959
0.06432959
0.06432959
0.07586087
0.06432959
0.06304834
0.06176708
0.06561085
0.06817336
0.06561085
0.06432959
0.0668921
0.06432959
0.06561085
0.0694546
0.06817336
0.06817336
0.06561085
0.0694546
0.06817336
0.06817336
0.0694546
0.06561085
0.0668921
0.06817336
0.06817336
0.0694546
0.0694546
0.06432959
0.0668921
0.06817336
0.0694546
0.06561085
0.06817336
0.06561085
0.0668921
0.06817336
0.06048583
0.0668921
0.06048583
0.06817336
0.0668921
0.06561085
0.06561085
0.0668921
0.06304834
0.06304834
0.06176708
0.06176708
0.06176708
0.05664207
0.06304834
0.06176708
0.06304834
0.06176708
0.06048583
0.06304834
0.06304834
0.06176708
0.06304834
0.06304834
0.05792332
0.06304834
0.06432959
0.06304834
0.06304834
0.06432959
0.06176708
0.06304834
0.06176708
0.06432959
0.06176708
0.06048583
0.06561085
0.06432959
0.06432959
0.06432959
0.06432959
0.06304834
0.06176708
0.06432959
0.06432959
0.06432959
0.05920457
0.06561085
0.06561085
0.06432959
0.06432959
0.06304834
0.06561085
0.0668921
0.06432959
0.06432959
0.06304834
0.06048583
0.06304834
0.0668921
0.06304834
0.06304834
0.06304834
0.05920457
0.05792332
0.05664207
0.05920457
0.05920457
0.05407956
0.05792332
0.05920457
0.05920457
0.06048583
0.06048583
0.05920457
0.05920457
0.05664207
0.05792332
0.06048583
0.05664207
0.06048583
0.06048583
0.05792332
0.06176708
0.06176708
0.06304834
0.06048583
0.05920457
0.05920457
0.05920457
0.05792332
0.06304834
0.05920457
0.06176708
0.06176708
0.06304834
0.06176708
0.05920457
0.06048583
0.06432959
0.06304834
0.05792332
0.06432959
0.06304834
0.05920457
0.05920457
0.06304834
0.05920457
0.05664207
0.05792332
0.05792332
0.05664207
0.0527983
0.05536081
0.05664207
0.05792332
0.05792332
0.05920457
0.05664207
0.05536081
0.05664207
0.05664207
0.05664207
0.0527983
0.05664207
0.05407956
0.05792332
0.06048583
0.05792332
0.06176708
0.06048583
0.05792332
0.05920457
0.05664207
0.0527983
0.05664207
0.05792332
0.05664207
0.05792332
0.05920457
0.05920457
0.05792332
0.05664207
0.05920457
0.05792332
0.05664207
0.05664207
0.05664207
0.05792332
0.05664207
0.05792332
0.05664207
0.05792332
0.05664207
0.05792332
0.05664207
0.0527983
0.05664207
0.05920457
0.05920457
0.05792332
0.05920457
0.05792332
0.05792332
0.0527983
0.05920457
0.05792332
0.05536081
0.05920457
0.05536081
0.05792332
0.05664207
0.05407956
0.0527983
0.05407956
0.05407956
0.0527983
0.0527983
0.04895454
0.0527983
0.05407956
0.0527983
0.05407956
0.05151705
0.05407956
0.0527983
0.0527983
0.05151705
0.0527983
0.05151705
0.05536081
0.05664207
0.05536081
0.05664207
0.05792332
0.05792332
0.05407956
0.05536081
0.05664207
0.05792332
0.05536081
0.05407956
0.05664207
0.0527983
0.05407956
0.05536081
0.05536081
0.05407956
0.0527983
0.05536081
0.05536081
0.0527983
0.05536081
0.05664207
0.05664207
0.05407956
0.05664207
0.05536081
0.05664207
0.05664207
0.05792332
0.05664207
0.05536081
0.05664207
0.05792332
0.05151705
0.05151705
0.0502358
0.0502358
0.0527983
0.0502358
0.0502358
0.04767329
0.04895454
0.0527983
0.0502358
0.0502358
0.0502358
0.0502358
0.0502358
0.0527983
0.05407956
0.05151705
0.0502358
0.0502358
0.05151705
0.0502358
0.05151705
0.05407956
0.0527983
0.05151705
0.0527983
0.0527983
0.05151705
0.05536081
0.05151705
0.05407956
0.05407956
0.05407956
0.05536081
0.05151705
0.05536081
0.0527983
0.0527983
0.05407956
0.0527983
0.05151705
0.05151705
0.05536081
0.05407956
0.05407956
0.05407956
0.0527983
0.05407956
0.05407956
0.05536081
0.05664207
0.05151705
0.05536081
0.04639203
0.04895454
0.04767329
0.0502358
0.04895454
0.04639203
0.04895454
0.04895454
0.0502358
0.0502358
0.04895454
0.04895454
0.04895454
0.04895454
0.04895454
0.0502358
0.05151705
0.05920457
0.04639203
0.04767329
0.04511078
0.0502358
0.05151705
0.0502358
0.04767329
0.04895454
0.04639203
0.0502358
0.05151705
0.05151705
0.0502358
0.04639203
0.0527983
0.05407956
0.0502358
0.0527983
0.05407956
0.05151705
0.05151705
0.05151705
0.05151705
0.05151705
0.04895454
0.05151705
0.05151705
0.0527983
0.04895454
0.04639203
0.04511078
0.04639203
0.06176708
0.04895454
0.04767329
0.04382953
0.04767329
0.04767329
0.04895454
0.04767329
0.04767329
0.04767329
0.04511078
0.04639203
0.04639203
0.04511078
0.04126702
0.04767329
0.04767329
0.04895454
0.04767329
0.04895454
0.04895454
0.05151705
0.04895454
0.04895454
0.04895454
0.04767329
0.0502358
0.04639203
0.04895454
0.04895454
0.04895454
0.0502358
0.05151705
0.04767329
0.0502358
0.04895454
0.04511078
0.05151705
0.0502358
0.05151705
0.04895454
0.04767329
0.04895454
0.0502358
0.0502358
0.05151705
0.04895454
0.04895454
0.04895454
0.0527983
0.0527983
0.04895454
0.04895454
0.0502358
0.04895454
0.0502358
0.04511078
0.04511078
0.03998577
0.04382953
0.04639203
0.04511078
0.04511078
0.04639203
0.04895454
0.04895454
0.04511078
0.04511078
0.04511078
0.04382953
0.04511078
0.04511078
0.04767329
0.0502358
0.04895454
0.04767329
0.0502358
0.04639203
0.04767329
0.04895454
0.04767329
0.0502358
0.05151705
0.04767329
0.04639203
0.04639203
0.04767329
0.04767329
0.05920457
0.04767329
0.0502358
0.04254828
0.04895454
0.0502358
0.04895454
0.04895454
0.04895454
0.04895454
0.04895454
0.04382953
0.04511078
0.04511078
0.03998577
0.04511078
0.04382953
0.04511078
0.04511078
0.04511078
0.04382953
0.04382953
0.04382953
0.04511078
0.04511078
0.03998577
0.04511078
0.04382953
0.04767329
0.04767329
0.04767329
0.04639203
0.04639203
0.04511078
0.04767329
0.04639203
0.04126702
0.04639203
0.04767329
0.04767329
0.04639203
0.04511078
0.04767329
0.04895454
0.04639203
0.04895454
0.04767329
0.04254828
0.04511078
0.04895454
0.04767329
0.04511078
0.04767329
0.04382953
0.04767329
0.04511078
0.04895454
0.04639203
0.04639203
0.04767329
0.0502358
0.04511078
0.04511078
0.04382953
0.03998577
0.03998577
0.04126702
0.04254828
0.04254828
0.03998577
0.04126702
0.04254828
0.03998577
0.04126702
0.04382953
0.04126702
0.04126702
0.04126702
0.04254828
0.04639203
0.04126702
0.04254828
0.04254828
0.04382953
0.04382953
0.04382953
0.04382953
0.04511078
0.04254828
0.04639203
0.04382953
0.03870451
0.04511078
0.04382953
0.04511078
