1569664864.915
1569664865.165
1569664865.415
1569664865.665
1569664865.915
1569664866.165
1569664866.415
1569664866.665
1569664866.915
1569664867.165
1569664867.415
1569664867.665
1569664867.915
1569664868.165
1569664868.415
1569664868.665
1569664868.915
1569664869.165
1569664869.415
1569664869.665
1569664869.915
1569664870.165
1569664870.415
1569664870.665
1569664870.915
1569664871.165
1569664871.415
1569664871.665
1569664871.915
1569664872.165
1569664872.415
1569664872.665
1569664872.915
1569664873.165
1569664873.415
1569664873.665
1569664873.915
1569664874.165
1569664874.415
1569664874.665
1569664874.915
1569664875.165
1569664875.415
1569664875.665
1569664875.915
1569664876.165
1569664876.415
1569664876.665
1569664876.915
1569664877.165
1569664877.415
1569664877.665
1569664877.915
1569664878.165
1569664878.415
1569664878.665
1569664878.915
1569664879.165
1569664879.415
1569664879.665
1569664879.915
1569664880.165
1569664880.415
1569664880.665
1569664880.915
1569664881.165
1569664881.415
1569664881.665
1569664881.915
1569664882.165
1569664882.415
1569664882.665
1569664882.915
1569664883.165
1569664883.415
1569664883.665
1569664883.915
1569664884.165
1569664884.415
1569664884.665
1569664884.915
1569664885.165
1569664885.415
1569664885.665
1569664885.915
1569664886.165
1569664886.415
1569664886.665
1569664886.915
1569664887.165
1569664887.415
1569664887.665
1569664887.915
1569664888.165
1569664888.415
1569664888.665
1569664888.915
1569664889.165
1569664889.415
1569664889.665
1569664889.915
1569664890.165
1569664890.415
1569664890.665
1569664890.915
1569664891.165
1569664891.415
1569664891.665
1569664891.915
1569664892.165
1569664892.415
1569664892.665
1569664892.915
1569664893.165
1569664893.415
1569664893.665
1569664893.915
1569664894.165
1569664894.415
1569664894.665
1569664894.915
1569664895.165
1569664895.415
1569664895.665
1569664895.915
1569664896.165
1569664896.415
1569664896.665
1569664896.915
1569664897.165
1569664897.415
1569664897.665
1569664897.915
1569664898.165
1569664898.415
1569664898.665
1569664898.915
1569664899.165
1569664899.415
1569664899.665
1569664899.915
1569664900.165
1569664900.415
1569664900.665
1569664900.915
1569664901.165
1569664901.415
1569664901.665
1569664901.915
1569664902.165
1569664902.415
1569664902.665
1569664902.915
1569664903.165
1569664903.415
1569664903.665
1569664903.915
1569664904.165
1569664904.415
1569664904.665
1569664904.915
1569664905.165
1569664905.415
1569664905.665
1569664905.915
1569664906.165
1569664906.415
1569664906.665
1569664906.915
1569664907.165
1569664907.415
1569664907.665
1569664907.915
1569664908.165
1569664908.415
1569664908.665
1569664908.915
1569664909.165
1569664909.415
1569664909.665
1569664909.915
1569664910.165
1569664910.415
1569664910.665
1569664910.915
1569664911.165
1569664911.415
1569664911.665
1569664911.915
1569664912.165
1569664912.415
1569664912.665
1569664912.915
1569664913.165
1569664913.415
1569664913.665
1569664913.915
1569664914.165
1569664914.415
1569664914.665
1569664914.915
1569664915.165
1569664915.415
1569664915.665
1569664915.915
1569664916.165
1569664916.415
1569664916.665
1569664916.915
1569664917.165
1569664917.415
1569664917.665
1569664917.915
1569664918.165
1569664918.415
1569664918.665
1569664918.915
1569664919.165
1569664919.415
1569664919.665
1569664919.915
1569664920.165
1569664920.415
1569664920.665
1569664920.915
1569664921.165
1569664921.415
1569664921.665
1569664921.915
1569664922.165
1569664922.415
1569664922.665
1569664922.915
1569664923.165
1569664923.415
1569664923.665
1569664923.915
1569664924.165
1569664924.415
1569664924.665
1569664924.915
1569664925.165
1569664925.415
1569664925.665
1569664925.915
1569664926.165
1569664926.415
1569664926.665
1569664926.915
1569664927.165
1569664927.415
1569664927.665
1569664927.915
1569664928.165
1569664928.415
1569664928.665
1569664928.915
1569664929.165
1569664929.415
1569664929.665
1569664929.915
1569664930.165
1569664930.415
1569664930.665
1569664930.915
1569664931.165
1569664931.415
1569664931.665
1569664931.915
1569664932.165
1569664932.415
1569664932.665
1569664932.915
1569664933.165
1569664933.415
1569664933.665
1569664933.915
1569664934.165
1569664934.415
1569664934.665
1569664934.915
1569664935.165
1569664935.415
1569664935.665
1569664935.915
1569664936.165
1569664936.415
1569664936.665
1569664936.915
1569664937.165
1569664937.415
1569664937.665
1569664937.915
1569664938.165
1569664938.415
1569664938.665
1569664938.915
1569664939.165
1569664939.415
1569664939.665
1569664939.915
1569664940.165
1569664940.415
1569664940.665
1569664940.915
1569664941.165
1569664941.415
1569664941.665
1569664941.915
1569664942.165
1569664942.415
1569664942.665
1569664942.915
1569664943.165
1569664943.415
1569664943.665
1569664943.915
1569664944.165
1569664944.415
1569664944.665
1569664944.915
1569664945.165
1569664945.415
1569664945.665
1569664945.915
1569664946.165
1569664946.415
1569664946.665
1569664946.915
1569664947.165
1569664947.415
1569664947.665
1569664947.915
1569664948.165
1569664948.415
1569664948.665
1569664948.915
1569664949.165
1569664949.415
1569664949.665
1569664949.915
1569664950.165
1569664950.415
1569664950.665
1569664950.915
1569664951.165
1569664951.415
1569664951.665
1569664951.915
1569664952.165
1569664952.415
1569664952.665
1569664952.915
1569664953.165
1569664953.415
1569664953.665
1569664953.915
1569664954.165
1569664954.415
1569664954.665
1569664954.915
1569664955.165
1569664955.415
1569664955.665
1569664955.915
1569664956.165
1569664956.415
1569664956.665
1569664956.915
1569664957.165
1569664957.415
1569664957.665
1569664957.915
1569664958.165
1569664958.415
1569664958.665
1569664958.915
1569664959.165
1569664959.415
1569664959.665
1569664959.915
1569664960.165
1569664960.415
1569664960.665
1569664960.915
1569664961.165
1569664961.415
1569664961.665
1569664961.915
1569664962.165
1569664962.415
1569664962.665
1569664962.915
1569664963.165
1569664963.415
1569664963.665
1569664963.915
1569664964.165
1569664964.415
1569664964.665
1569664964.915
1569664965.165
1569664965.415
1569664965.665
1569664965.915
1569664966.165
1569664966.415
1569664966.665
1569664966.915
1569664967.165
1569664967.415
1569664967.665
1569664967.915
1569664968.165
1569664968.415
1569664968.665
1569664968.915
1569664969.165
1569664969.415
1569664969.665
1569664969.915
1569664970.165
1569664970.415
1569664970.665
1569664970.915
1569664971.165
1569664971.415
1569664971.665
1569664971.915
1569664972.165
1569664972.415
1569664972.665
1569664972.915
1569664973.165
1569664973.415
1569664973.665
1569664973.915
1569664974.165
1569664974.415
1569664974.665
1569664974.915
1569664975.165
1569664975.415
1569664975.665
1569664975.915
1569664976.165
1569664976.415
1569664976.665
1569664976.915
1569664977.165
1569664977.415
1569664977.665
1569664977.915
1569664978.165
1569664978.415
1569664978.665
1569664978.915
1569664979.165
1569664979.415
1569664979.665
1569664979.915
1569664980.165
1569664980.415
1569664980.665
1569664980.915
1569664981.165
1569664981.415
1569664981.665
1569664981.915
1569664982.165
1569664982.415
1569664982.665
1569664982.915
1569664983.165
1569664983.415
1569664983.665
1569664983.915
1569664984.165
1569664984.415
1569664984.665
1569664984.915
1569664985.165
1569664985.415
1569664985.665
1569664985.915
1569664986.165
1569664986.415
1569664986.665
1569664986.915
1569664987.165
1569664987.415
1569664987.665
1569664987.915
1569664988.165
1569664988.415
1569664988.665
1569664988.915
1569664989.165
1569664989.415
1569664989.665
1569664989.915
1569664990.165
1569664990.415
1569664990.665
1569664990.915
1569664991.165
1569664991.415
1569664991.665
1569664991.915
1569664992.165
1569664992.415
1569664992.665
1569664992.915
1569664993.165
1569664993.415
1569664993.665
1569664993.915
1569664994.165
1569664994.415
1569664994.665
1569664994.915
1569664995.165
1569664995.415
1569664995.665
1569664995.915
1569664996.165
1569664996.415
1569664996.665
1569664996.915
1569664997.165
1569664997.415
1569664997.665
1569664997.915
1569664998.165
1569664998.415
1569664998.665
1569664998.915
1569664999.165
1569664999.415
1569664999.665
1569664999.915
1569665000.165
1569665000.415
1569665000.665
1569665000.915
1569665001.165
1569665001.415
1569665001.665
1569665001.915
1569665002.165
1569665002.415
1569665002.665
1569665002.915
1569665003.165
1569665003.415
1569665003.665
1569665003.915
1569665004.165
1569665004.415
1569665004.665
1569665004.915
1569665005.165
1569665005.415
1569665005.665
1569665005.915
1569665006.165
1569665006.415
1569665006.665
1569665006.915
1569665007.165
1569665007.415
1569665007.665
1569665007.915
1569665008.165
1569665008.415
1569665008.665
1569665008.915
1569665009.165
1569665009.415
1569665009.665
1569665009.915
1569665010.165
1569665010.415
1569665010.665
1569665010.915
1569665011.165
1569665011.415
1569665011.665
1569665011.915
1569665012.165
1569665012.415
1569665012.665
1569665012.915
1569665013.165
1569665013.415
1569665013.665
1569665013.915
1569665014.165
1569665014.415
1569665014.665
1569665014.915
1569665015.165
1569665015.415
1569665015.665
1569665015.915
1569665016.165
1569665016.415
1569665016.665
1569665016.915
1569665017.165
1569665017.415
1569665017.665
1569665017.915
1569665018.165
1569665018.415
1569665018.665
1569665018.915
1569665019.165
1569665019.415
1569665019.665
1569665019.915
1569665020.165
1569665020.415
1569665020.665
1569665020.915
1569665021.165
1569665021.415
1569665021.665
1569665021.915
1569665022.165
1569665022.415
1569665022.665
1569665022.915
1569665023.165
1569665023.415
1569665023.665
1569665023.915
1569665024.165
1569665024.415
1569665024.665
1569665024.915
1569665025.165
1569665025.415
1569665025.665
1569665025.915
1569665026.165
1569665026.415
1569665026.665
1569665026.915
1569665027.165
1569665027.415
1569665027.665
1569665027.915
1569665028.165
1569665028.415
1569665028.665
1569665028.915
1569665029.165
1569665029.415
1569665029.665
1569665029.915
1569665030.165
1569665030.415
1569665030.665
1569665030.915
1569665031.165
1569665031.415
1569665031.665
1569665031.915
1569665032.165
1569665032.415
1569665032.665
1569665032.915
1569665033.165
1569665033.415
1569665033.665
1569665033.915
1569665034.165
1569665034.415
1569665034.665
1569665034.915
1569665035.165
1569665035.415
1569665035.665
1569665035.915
1569665036.165
1569665036.415
1569665036.665
1569665036.915
1569665037.165
1569665037.415
1569665037.665
1569665037.915
1569665038.165
1569665038.415
1569665038.665
1569665038.915
1569665039.165
1569665039.415
1569665039.665
1569665039.915
1569665040.165
1569665040.415
1569665040.665
1569665040.915
1569665041.165
1569665041.415
1569665041.665
1569665041.915
1569665042.165
1569665042.415
1569665042.665
1569665042.915
1569665043.165
1569665043.415
1569665043.665
1569665043.915
1569665044.165
1569665044.415
1569665044.665
1569665044.915
1569665045.165
1569665045.415
1569665045.665
1569665045.915
1569665046.165
1569665046.415
1569665046.665
1569665046.915
1569665047.165
1569665047.415
1569665047.665
1569665047.915
1569665048.165
1569665048.415
1569665048.665
1569665048.915
1569665049.165
1569665049.415
1569665049.665
1569665049.915
1569665050.165
1569665050.415
1569665050.665
1569665050.915
1569665051.165
1569665051.415
1569665051.665
1569665051.915
1569665052.165
1569665052.415
1569665052.665
1569665052.915
1569665053.165
1569665053.415
1569665053.665
1569665053.915
1569665054.165
1569665054.415
1569665054.665
1569665054.915
1569665055.165
1569665055.415
1569665055.665
1569665055.915
1569665056.165
1569665056.415
1569665056.665
1569665056.915
1569665057.165
1569665057.415
1569665057.665
1569665057.915
1569665058.165
1569665058.415
1569665058.665
1569665058.915
1569665059.165
1569665059.415
1569665059.665
1569665059.915
1569665060.165
1569665060.415
1569665060.665
1569665060.915
1569665061.165
1569665061.415
1569665061.665
1569665061.915
1569665062.165
1569665062.415
1569665062.665
1569665062.915
1569665063.165
1569665063.415
1569665063.665
1569665063.915
1569665064.165
1569665064.415
1569665064.665
1569665064.915
1569665065.165
1569665065.415
1569665065.665
1569665065.915
1569665066.165
1569665066.415
1569665066.665
1569665066.915
1569665067.165
1569665067.415
1569665067.665
1569665067.915
1569665068.165
1569665068.415
1569665068.665
1569665068.915
1569665069.165
1569665069.415
1569665069.665
1569665069.915
1569665070.165
1569665070.415
1569665070.665
1569665070.915
1569665071.165
1569665071.415
1569665071.665
1569665071.915
1569665072.165
1569665072.415
1569665072.665
1569665072.915
1569665073.165
1569665073.415
1569665073.665
1569665073.915
1569665074.165
1569665074.415
1569665074.665
1569665074.915
1569665075.165
1569665075.415
1569665075.665
1569665075.915
1569665076.165
1569665076.415
1569665076.665
1569665076.915
1569665077.165
1569665077.415
1569665077.665
1569665077.915
1569665078.165
1569665078.415
1569665078.665
1569665078.915
1569665079.165
1569665079.415
1569665079.665
1569665079.915
1569665080.165
1569665080.415
1569665080.665
1569665080.915
1569665081.165
1569665081.415
1569665081.665
1569665081.915
1569665082.165
1569665082.415
1569665082.665
1569665082.915
1569665083.165
1569665083.415
1569665083.665
1569665083.915
1569665084.165
1569665084.415
1569665084.665
1569665084.915
1569665085.165
1569665085.415
1569665085.665
1569665085.915
1569665086.165
1569665086.415
1569665086.665
1569665086.915
1569665087.165
1569665087.415
1569665087.665
1569665087.915
1569665088.165
1569665088.415
1569665088.665
1569665088.915
1569665089.165
1569665089.415
1569665089.665
1569665089.915
1569665090.165
1569665090.415
1569665090.665
1569665090.915
1569665091.165
1569665091.415
1569665091.665
1569665091.915
1569665092.165
1569665092.415
1569665092.665
1569665092.915
1569665093.165
1569665093.415
1569665093.665
1569665093.915
1569665094.165
1569665094.415
1569665094.665
1569665094.915
1569665095.165
1569665095.415
1569665095.665
1569665095.915
1569665096.165
1569665096.415
1569665096.665
1569665096.915
1569665097.165
1569665097.415
1569665097.665
1569665097.915
1569665098.165
1569665098.415
1569665098.665
1569665098.915
1569665099.165
1569665099.415
1569665099.665
1569665099.915
1569665100.165
1569665100.415
1569665100.665
1569665100.915
1569665101.165
1569665101.415
1569665101.665
1569665101.915
1569665102.165
1569665102.415
1569665102.665
1569665102.915
1569665103.165
1569665103.415
1569665103.665
1569665103.915
1569665104.165
1569665104.415
1569665104.665
1569665104.915
1569665105.165
1569665105.415
1569665105.665
1569665105.915
1569665106.165
1569665106.415
1569665106.665
1569665106.915
1569665107.165
1569665107.415
1569665107.665
1569665107.915
1569665108.165
1569665108.415
1569665108.665
1569665108.915
1569665109.165
1569665109.415
1569665109.665
1569665109.915
1569665110.165
1569665110.415
1569665110.665
1569665110.915
1569665111.165
1569665111.415
1569665111.665
1569665111.915
1569665112.165
1569665112.415
1569665112.665
1569665112.915
1569665113.165
1569665113.415
1569665113.665
1569665113.915
1569665114.165
1569665114.415
1569665114.665
1569665114.915
1569665115.165
1569665115.415
1569665115.665
1569665115.915
1569665116.165
1569665116.415
1569665116.665
1569665116.915
1569665117.165
1569665117.415
1569665117.665
1569665117.915
1569665118.165
1569665118.415
1569665118.665
1569665118.915
1569665119.165
1569665119.415
1569665119.665
1569665119.915
1569665120.165
1569665120.415
1569665120.665
1569665120.915
1569665121.165
1569665121.415
1569665121.665
1569665121.915
1569665122.165
1569665122.415
1569665122.665
1569665122.915
1569665123.165
1569665123.415
1569665123.665
1569665123.915
1569665124.165
1569665124.415
1569665124.665
1569665124.915
1569665125.165
1569665125.415
1569665125.665
1569665125.915
1569665126.165
1569665126.415
1569665126.665
1569665126.915
1569665127.165
1569665127.415
1569665127.665
1569665127.915
1569665128.165
1569665128.415
1569665128.665
1569665128.915
1569665129.165
1569665129.415
1569665129.665
1569665129.915
1569665130.165
1569665130.415
1569665130.665
1569665130.915
1569665131.165
1569665131.415
1569665131.665
1569665131.915
1569665132.165
1569665132.415
1569665132.665
1569665132.915
1569665133.165
1569665133.415
1569665133.665
1569665133.915
1569665134.165
1569665134.415
1569665134.665
1569665134.915
1569665135.165
1569665135.415
1569665135.665
1569665135.915
1569665136.165
1569665136.415
1569665136.665
1569665136.915
1569665137.165
1569665137.415
1569665137.665
1569665137.915
1569665138.165
1569665138.415
1569665138.665
1569665138.915
1569665139.165
1569665139.415
1569665139.665
1569665139.915
1569665140.165
1569665140.415
1569665140.665
1569665140.915
1569665141.165
1569665141.415
1569665141.665
1569665141.915
1569665142.165
1569665142.415
1569665142.665
1569665142.915
1569665143.165
1569665143.415
1569665143.665
1569665143.915
1569665144.165
1569665144.415
1569665144.665
1569665144.915
1569665145.165
1569665145.415
1569665145.665
1569665145.915
1569665146.165
1569665146.415
1569665146.665
1569665146.915
1569665147.165
1569665147.415
1569665147.665
1569665147.915
1569665148.165
1569665148.415
1569665148.665
1569665148.915
1569665149.165
1569665149.415
1569665149.665
1569665149.915
1569665150.165
1569665150.415
1569665150.665
1569665150.915
1569665151.165
1569665151.415
1569665151.665
1569665151.915
1569665152.165
1569665152.415
1569665152.665
1569665152.915
1569665153.165
1569665153.415
1569665153.665
1569665153.915
1569665154.165
1569665154.415
1569665154.665
1569665154.915
1569665155.165
1569665155.415
1569665155.665
1569665155.915
1569665156.165
1569665156.415
1569665156.665
1569665156.915
1569665157.165
1569665157.415
1569665157.665
1569665157.915
1569665158.165
1569665158.415
1569665158.665
1569665158.915
1569665159.165
1569665159.415
1569665159.665
1569665159.915
1569665160.165
1569665160.415
1569665160.665
1569665160.915
1569665161.165
1569665161.415
1569665161.665
1569665161.915
1569665162.165
1569665162.415
1569665162.665
1569665162.915
1569665163.165
1569665163.415
1569665163.665
1569665163.915
1569665164.165
1569665164.415
1569665164.665
