1569662776.915
1569662777.165
1569662777.415
1569662777.665
1569662777.915
1569662778.165
1569662778.415
1569662778.665
1569662778.915
1569662779.165
1569662779.415
1569662779.665
1569662779.915
1569662780.165
1569662780.415
1569662780.665
1569662780.915
1569662781.165
1569662781.415
1569662781.665
1569662781.915
1569662782.165
1569662782.415
1569662782.665
1569662782.915
1569662783.165
1569662783.415
1569662783.665
1569662783.915
1569662784.165
1569662784.415
1569662784.665
1569662784.915
1569662785.165
1569662785.415
1569662785.665
1569662785.915
1569662786.165
1569662786.415
1569662786.665
1569662786.915
1569662787.165
1569662787.415
1569662787.665
1569662787.915
1569662788.165
1569662788.415
1569662788.665
1569662788.915
1569662789.165
1569662789.415
1569662789.665
1569662789.915
1569662790.165
1569662790.415
1569662790.665
1569662790.915
1569662791.165
1569662791.415
1569662791.665
1569662791.915
1569662792.165
1569662792.415
1569662792.665
1569662792.915
1569662793.165
1569662793.415
1569662793.665
1569662793.915
1569662794.165
1569662794.415
1569662794.665
1569662794.915
1569662795.165
1569662795.415
1569662795.665
1569662795.915
1569662796.165
1569662796.415
1569662796.665
1569662796.915
1569662797.165
1569662797.415
1569662797.665
1569662797.915
1569662798.165
1569662798.415
1569662798.665
1569662798.915
1569662799.165
1569662799.415
1569662799.665
1569662799.915
1569662800.165
1569662800.415
1569662800.665
1569662800.915
1569662801.165
1569662801.415
1569662801.665
1569662801.915
1569662802.165
1569662802.415
1569662802.665
1569662802.915
1569662803.165
1569662803.415
1569662803.665
1569662803.915
1569662804.165
1569662804.415
1569662804.665
1569662804.915
1569662805.165
1569662805.415
1569662805.665
1569662805.915
1569662806.165
1569662806.415
1569662806.665
1569662806.915
1569662807.165
1569662807.415
1569662807.665
1569662807.915
1569662808.165
1569662808.415
1569662808.665
1569662808.915
1569662809.165
1569662809.415
1569662809.665
1569662809.915
1569662810.165
1569662810.415
1569662810.665
1569662810.915
1569662811.165
1569662811.415
1569662811.665
1569662811.915
1569662812.165
1569662812.415
1569662812.665
1569662812.915
1569662813.165
1569662813.415
1569662813.665
1569662813.915
1569662814.165
1569662814.415
1569662814.665
1569662814.915
1569662815.165
1569662815.415
1569662815.665
1569662815.915
1569662816.165
1569662816.415
1569662816.665
1569662816.915
1569662817.165
1569662817.415
1569662817.665
1569662817.915
1569662818.165
1569662818.415
1569662818.665
1569662818.915
1569662819.165
1569662819.415
1569662819.665
1569662819.915
1569662820.165
1569662820.415
1569662820.665
1569662820.915
1569662821.165
1569662821.415
1569662821.665
1569662821.915
1569662822.165
1569662822.415
1569662822.665
1569662822.915
1569662823.165
1569662823.415
1569662823.665
1569662823.915
1569662824.165
1569662824.415
1569662824.665
1569662824.915
1569662825.165
1569662825.415
1569662825.665
1569662825.915
1569662826.165
1569662826.415
1569662826.665
1569662826.915
1569662827.165
1569662827.415
1569662827.665
1569662827.915
1569662828.165
1569662828.415
1569662828.665
1569662828.915
1569662829.165
1569662829.415
1569662829.665
1569662829.915
1569662830.165
1569662830.415
1569662830.665
1569662830.915
1569662831.165
1569662831.415
1569662831.665
1569662831.915
1569662832.165
1569662832.415
1569662832.665
1569662832.915
1569662833.165
1569662833.415
1569662833.665
1569662833.915
1569662834.165
1569662834.415
1569662834.665
1569662834.915
1569662835.165
1569662835.415
1569662835.665
1569662835.915
1569662836.165
1569662836.415
1569662836.665
1569662836.915
1569662837.165
1569662837.415
1569662837.665
1569662837.915
1569662838.165
1569662838.415
1569662838.665
1569662838.915
1569662839.165
1569662839.415
1569662839.665
1569662839.915
1569662840.165
1569662840.415
1569662840.665
1569662840.915
1569662841.165
1569662841.415
1569662841.665
1569662841.915
1569662842.165
1569662842.415
1569662842.665
1569662842.915
1569662843.165
1569662843.415
1569662843.665
1569662843.915
1569662844.165
1569662844.415
1569662844.665
1569662844.915
1569662845.165
1569662845.415
1569662845.665
1569662845.915
1569662846.165
1569662846.415
1569662846.665
1569662846.915
1569662847.165
1569662847.415
1569662847.665
1569662847.915
1569662848.165
1569662848.415
1569662848.665
1569662848.915
1569662849.165
1569662849.415
1569662849.665
1569662849.915
1569662850.165
1569662850.415
1569662850.665
1569662850.915
1569662851.165
1569662851.415
1569662851.665
1569662851.915
1569662852.165
1569662852.415
1569662852.665
1569662852.915
1569662853.165
1569662853.415
1569662853.665
1569662853.915
1569662854.165
1569662854.415
1569662854.665
1569662854.915
1569662855.165
1569662855.415
1569662855.665
1569662855.915
1569662856.165
1569662856.415
1569662856.665
1569662856.915
1569662857.165
1569662857.415
1569662857.665
1569662857.915
1569662858.165
1569662858.415
1569662858.665
1569662858.915
1569662859.165
1569662859.415
1569662859.665
1569662859.915
1569662860.165
1569662860.415
1569662860.665
1569662860.915
1569662861.165
1569662861.415
1569662861.665
1569662861.915
1569662862.165
1569662862.415
1569662862.665
1569662862.915
1569662863.165
1569662863.415
1569662863.665
1569662863.915
1569662864.165
1569662864.415
1569662864.665
1569662864.915
1569662865.165
1569662865.415
1569662865.665
1569662865.915
1569662866.165
1569662866.415
1569662866.665
1569662866.915
1569662867.165
1569662867.415
1569662867.665
1569662867.915
1569662868.165
1569662868.415
1569662868.665
1569662868.915
1569662869.165
1569662869.415
1569662869.665
1569662869.915
1569662870.165
1569662870.415
1569662870.665
1569662870.915
1569662871.165
1569662871.415
1569662871.665
1569662871.915
1569662872.165
1569662872.415
1569662872.665
1569662872.915
1569662873.165
1569662873.415
1569662873.665
1569662873.915
1569662874.165
1569662874.415
1569662874.665
1569662874.915
1569662875.165
1569662875.415
1569662875.665
1569662875.915
1569662876.165
1569662876.415
1569662876.665
1569662876.915
1569662877.165
1569662877.415
1569662877.665
1569662877.915
1569662878.165
1569662878.415
1569662878.665
1569662878.915
1569662879.165
1569662879.415
1569662879.665
1569662879.915
1569662880.165
1569662880.415
1569662880.665
1569662880.915
1569662881.165
1569662881.415
1569662881.665
1569662881.915
1569662882.165
1569662882.415
1569662882.665
1569662882.915
1569662883.165
1569662883.415
1569662883.665
1569662883.915
1569662884.165
1569662884.415
1569662884.665
1569662884.915
1569662885.165
1569662885.415
1569662885.665
1569662885.915
1569662886.165
1569662886.415
1569662886.665
1569662886.915
1569662887.165
1569662887.415
1569662887.665
1569662887.915
1569662888.165
1569662888.415
1569662888.665
1569662888.915
1569662889.165
1569662889.415
1569662889.665
1569662889.915
1569662890.165
1569662890.415
1569662890.665
1569662890.915
1569662891.165
1569662891.415
1569662891.665
1569662891.915
1569662892.165
1569662892.415
1569662892.665
1569662892.915
1569662893.165
1569662893.415
1569662893.665
1569662893.915
1569662894.165
1569662894.415
1569662894.665
1569662894.915
1569662895.165
1569662895.415
1569662895.665
1569662895.915
1569662896.165
1569662896.415
1569662896.665
1569662896.915
1569662897.165
1569662897.415
1569662897.665
1569662897.915
1569662898.165
1569662898.415
1569662898.665
1569662898.915
1569662899.165
1569662899.415
1569662899.665
1569662899.915
1569662900.165
1569662900.415
1569662900.665
1569662900.915
1569662901.165
1569662901.415
1569662901.665
1569662901.915
1569662902.165
1569662902.415
1569662902.665
1569662902.915
1569662903.165
1569662903.415
1569662903.665
1569662903.915
1569662904.165
1569662904.415
1569662904.665
1569662904.915
1569662905.165
1569662905.415
1569662905.665
1569662905.915
1569662906.165
1569662906.415
1569662906.665
1569662906.915
1569662907.165
1569662907.415
1569662907.665
1569662907.915
1569662908.165
1569662908.415
1569662908.665
1569662908.915
1569662909.165
1569662909.415
1569662909.665
1569662909.915
1569662910.165
1569662910.415
1569662910.665
1569662910.915
1569662911.165
1569662911.415
1569662911.665
1569662911.915
1569662912.165
1569662912.415
1569662912.665
1569662912.915
1569662913.165
1569662913.415
1569662913.665
1569662913.915
1569662914.165
1569662914.415
1569662914.665
1569662914.915
1569662915.165
1569662915.415
1569662915.665
1569662915.915
1569662916.165
1569662916.415
1569662916.665
1569662916.915
1569662917.165
1569662917.415
1569662917.665
1569662917.915
1569662918.165
1569662918.415
1569662918.665
1569662918.915
1569662919.165
1569662919.415
1569662919.665
1569662919.915
1569662920.165
1569662920.415
1569662920.665
1569662920.915
1569662921.165
1569662921.415
1569662921.665
1569662921.915
1569662922.165
1569662922.415
1569662922.665
1569662922.915
1569662923.165
1569662923.415
1569662923.665
1569662923.915
1569662924.165
1569662924.415
1569662924.665
1569662924.915
1569662925.165
1569662925.415
1569662925.665
1569662925.915
1569662926.165
1569662926.415
1569662926.665
1569662926.915
1569662927.165
1569662927.415
1569662927.665
1569662927.915
1569662928.165
1569662928.415
1569662928.665
1569662928.915
1569662929.165
1569662929.415
1569662929.665
1569662929.915
1569662930.165
1569662930.415
1569662930.665
1569662930.915
1569662931.165
1569662931.415
1569662931.665
1569662931.915
1569662932.165
1569662932.415
1569662932.665
1569662932.915
1569662933.165
1569662933.415
1569662933.665
1569662933.915
1569662934.165
1569662934.415
1569662934.665
1569662934.915
1569662935.165
1569662935.415
1569662935.665
1569662935.915
1569662936.165
1569662936.415
1569662936.665
1569662936.915
1569662937.165
1569662937.415
1569662937.665
1569662937.915
1569662938.165
1569662938.415
1569662938.665
1569662938.915
1569662939.165
1569662939.415
1569662939.665
1569662939.915
1569662940.165
1569662940.415
1569662940.665
1569662940.915
1569662941.165
1569662941.415
1569662941.665
1569662941.915
1569662942.165
1569662942.415
1569662942.665
1569662942.915
1569662943.165
1569662943.415
1569662943.665
1569662943.915
1569662944.165
1569662944.415
1569662944.665
1569662944.915
1569662945.165
1569662945.415
1569662945.665
1569662945.915
1569662946.165
1569662946.415
1569662946.665
1569662946.915
1569662947.165
1569662947.415
1569662947.665
1569662947.915
1569662948.165
1569662948.415
1569662948.665
1569662948.915
1569662949.165
1569662949.415
1569662949.665
1569662949.915
1569662950.165
1569662950.415
1569662950.665
1569662950.915
1569662951.165
1569662951.415
1569662951.665
1569662951.915
1569662952.165
1569662952.415
1569662952.665
1569662952.915
1569662953.165
1569662953.415
1569662953.665
1569662953.915
1569662954.165
1569662954.415
1569662954.665
1569662954.915
1569662955.165
1569662955.415
1569662955.665
1569662955.915
1569662956.165
1569662956.415
1569662956.665
1569662956.915
1569662957.165
1569662957.415
1569662957.665
1569662957.915
1569662958.165
1569662958.415
1569662958.665
1569662958.915
1569662959.165
1569662959.415
1569662959.665
1569662959.915
1569662960.165
1569662960.415
1569662960.665
1569662960.915
1569662961.165
1569662961.415
1569662961.665
1569662961.915
1569662962.165
1569662962.415
1569662962.665
1569662962.915
1569662963.165
1569662963.415
1569662963.665
1569662963.915
1569662964.165
1569662964.415
1569662964.665
1569662964.915
1569662965.165
1569662965.415
1569662965.665
1569662965.915
1569662966.165
1569662966.415
1569662966.665
1569662966.915
1569662967.165
1569662967.415
1569662967.665
1569662967.915
1569662968.165
1569662968.415
1569662968.665
1569662968.915
1569662969.165
1569662969.415
1569662969.665
1569662969.915
1569662970.165
1569662970.415
1569662970.665
1569662970.915
1569662971.165
1569662971.415
1569662971.665
1569662971.915
1569662972.165
1569662972.415
1569662972.665
1569662972.915
1569662973.165
1569662973.415
1569662973.665
1569662973.915
1569662974.165
1569662974.415
1569662974.665
1569662974.915
1569662975.165
1569662975.415
1569662975.665
1569662975.915
1569662976.165
1569662976.415
1569662976.665
1569662976.915
1569662977.165
1569662977.415
1569662977.665
1569662977.915
1569662978.165
1569662978.415
1569662978.665
1569662978.915
1569662979.165
1569662979.415
1569662979.665
1569662979.915
1569662980.165
1569662980.415
1569662980.665
1569662980.915
1569662981.165
1569662981.415
1569662981.665
1569662981.915
1569662982.165
1569662982.415
1569662982.665
1569662982.915
1569662983.165
1569662983.415
1569662983.665
1569662983.915
1569662984.165
1569662984.415
1569662984.665
1569662984.915
1569662985.165
1569662985.415
1569662985.665
1569662985.915
1569662986.165
1569662986.415
1569662986.665
1569662986.915
1569662987.165
1569662987.415
1569662987.665
1569662987.915
1569662988.165
1569662988.415
1569662988.665
1569662988.915
1569662989.165
1569662989.415
1569662989.665
1569662989.915
1569662990.165
1569662990.415
1569662990.665
1569662990.915
1569662991.165
1569662991.415
1569662991.665
1569662991.915
1569662992.165
1569662992.415
1569662992.665
1569662992.915
1569662993.165
1569662993.415
1569662993.665
1569662993.915
1569662994.165
1569662994.415
1569662994.665
1569662994.915
1569662995.165
1569662995.415
1569662995.665
1569662995.915
1569662996.165
1569662996.415
1569662996.665
1569662996.915
1569662997.165
1569662997.415
1569662997.665
1569662997.915
1569662998.165
1569662998.415
1569662998.665
1569662998.915
1569662999.165
1569662999.415
1569662999.665
1569662999.915
1569663000.165
1569663000.415
1569663000.665
1569663000.915
1569663001.165
1569663001.415
1569663001.665
1569663001.915
1569663002.165
1569663002.415
1569663002.665
1569663002.915
1569663003.165
1569663003.415
1569663003.665
1569663003.915
1569663004.165
1569663004.415
1569663004.665
1569663004.915
1569663005.165
1569663005.415
1569663005.665
1569663005.915
1569663006.165
1569663006.415
1569663006.665
1569663006.915
1569663007.165
1569663007.415
1569663007.665
1569663007.915
1569663008.165
1569663008.415
1569663008.665
1569663008.915
1569663009.165
1569663009.415
1569663009.665
1569663009.915
1569663010.165
1569663010.415
1569663010.665
1569663010.915
1569663011.165
1569663011.415
1569663011.665
1569663011.915
1569663012.165
1569663012.415
1569663012.665
1569663012.915
1569663013.165
1569663013.415
1569663013.665
1569663013.915
1569663014.165
1569663014.415
1569663014.665
1569663014.915
1569663015.165
1569663015.415
1569663015.665
1569663015.915
1569663016.165
1569663016.415
1569663016.665
1569663016.915
1569663017.165
1569663017.415
1569663017.665
1569663017.915
1569663018.165
1569663018.415
1569663018.665
1569663018.915
1569663019.165
1569663019.415
1569663019.665
1569663019.915
1569663020.165
1569663020.415
1569663020.665
1569663020.915
1569663021.165
1569663021.415
1569663021.665
1569663021.915
1569663022.165
1569663022.415
1569663022.665
1569663022.915
1569663023.165
1569663023.415
1569663023.665
1569663023.915
1569663024.165
1569663024.415
1569663024.665
1569663024.915
1569663025.165
1569663025.415
1569663025.665
1569663025.915
1569663026.165
1569663026.415
1569663026.665
1569663026.915
1569663027.165
1569663027.415
1569663027.665
1569663027.915
1569663028.165
1569663028.415
1569663028.665
1569663028.915
1569663029.165
1569663029.415
1569663029.665
1569663029.915
1569663030.165
1569663030.415
1569663030.665
1569663030.915
1569663031.165
1569663031.415
1569663031.665
1569663031.915
1569663032.165
1569663032.415
1569663032.665
1569663032.915
1569663033.165
1569663033.415
1569663033.665
1569663033.915
1569663034.165
1569663034.415
1569663034.665
1569663034.915
1569663035.165
1569663035.415
1569663035.665
1569663035.915
1569663036.165
1569663036.415
1569663036.665
1569663036.915
1569663037.165
1569663037.415
1569663037.665
1569663037.915
1569663038.165
1569663038.415
1569663038.665
1569663038.915
1569663039.165
1569663039.415
1569663039.665
1569663039.915
1569663040.165
1569663040.415
1569663040.665
1569663040.915
1569663041.165
1569663041.415
1569663041.665
1569663041.915
1569663042.165
1569663042.415
1569663042.665
1569663042.915
1569663043.165
1569663043.415
1569663043.665
1569663043.915
1569663044.165
1569663044.415
1569663044.665
1569663044.915
1569663045.165
1569663045.415
1569663045.665
1569663045.915
1569663046.165
1569663046.415
1569663046.665
1569663046.915
1569663047.165
1569663047.415
1569663047.665
1569663047.915
1569663048.165
1569663048.415
1569663048.665
1569663048.915
1569663049.165
1569663049.415
1569663049.665
1569663049.915
1569663050.165
1569663050.415
1569663050.665
1569663050.915
1569663051.165
1569663051.415
1569663051.665
1569663051.915
1569663052.165
1569663052.415
1569663052.665
1569663052.915
1569663053.165
1569663053.415
1569663053.665
1569663053.915
1569663054.165
1569663054.415
1569663054.665
1569663054.915
1569663055.165
1569663055.415
1569663055.665
1569663055.915
1569663056.165
1569663056.415
1569663056.665
1569663056.915
1569663057.165
1569663057.415
1569663057.665
1569663057.915
1569663058.165
1569663058.415
1569663058.665
1569663058.915
1569663059.165
1569663059.415
1569663059.665
1569663059.915
1569663060.165
1569663060.415
1569663060.665
1569663060.915
1569663061.165
1569663061.415
1569663061.665
1569663061.915
1569663062.165
1569663062.415
1569663062.665
1569663062.915
1569663063.165
1569663063.415
1569663063.665
1569663063.915
1569663064.165
1569663064.415
1569663064.665
1569663064.915
1569663065.165
1569663065.415
1569663065.665
1569663065.915
1569663066.165
1569663066.415
1569663066.665
1569663066.915
1569663067.165
1569663067.415
1569663067.665
1569663067.915
1569663068.165
1569663068.415
1569663068.665
1569663068.915
1569663069.165
1569663069.415
1569663069.665
1569663069.915
1569663070.165
1569663070.415
1569663070.665
1569663070.915
1569663071.165
1569663071.415
1569663071.665
1569663071.915
1569663072.165
1569663072.415
1569663072.665
1569663072.915
1569663073.165
1569663073.415
1569663073.665
1569663073.915
1569663074.165
1569663074.415
1569663074.665
1569663074.915
1569663075.165
1569663075.415
1569663075.665
1569663075.915
1569663076.165
1569663076.415
1569663076.665
1569663076.915
1569663077.165
1569663077.415
1569663077.665
1569663077.915
1569663078.165
1569663078.415
1569663078.665
1569663078.915
1569663079.165
1569663079.415
1569663079.665
1569663079.915
1569663080.165
1569663080.415
1569663080.665
1569663080.915
1569663081.165
1569663081.415
1569663081.665
1569663081.915
1569663082.165
1569663082.415
1569663082.665
1569663082.915
1569663083.165
1569663083.415
1569663083.665
1569663083.915
1569663084.165
1569663084.415
1569663084.665
1569663084.915
1569663085.165
1569663085.415
1569663085.665
1569663085.915
1569663086.165
1569663086.415
1569663086.665
1569663086.915
1569663087.165
1569663087.415
1569663087.665
1569663087.915
1569663088.165
1569663088.415
1569663088.665
1569663088.915
1569663089.165
1569663089.415
1569663089.665
1569663089.915
1569663090.165
1569663090.415
1569663090.665
1569663090.915
1569663091.165
1569663091.415
1569663091.665
1569663091.915
1569663092.165
1569663092.415
1569663092.665
1569663092.915
1569663093.165
1569663093.415
1569663093.665
1569663093.915
1569663094.165
1569663094.415
1569663094.665
1569663094.915
1569663095.165
1569663095.415
1569663095.665
1569663095.915
1569663096.165
1569663096.415
1569663096.665
1569663096.915
1569663097.165
1569663097.415
1569663097.665
