1569661849.1077
1569661849.35771
1569661849.60772
1569661849.85774
1569661850.10775
1569661850.35776
1569661850.60777
1569661850.85778
1569661851.10779
1569661851.3578
1569661851.60782
1569661851.85783
1569661852.10784
1569661852.35785
1569661852.60786
1569661852.85787
1569661853.10789
1569661853.3579
1569661853.60791
1569661853.85792
1569661854.10793
1569661854.35794
1569661854.60796
1569661854.85797
1569661855.10798
1569661855.35799
1569661855.608
1569661855.85801
1569661856.10802
1569661856.35804
1569661856.60805
1569661856.85806
1569661857.10807
1569661857.35808
1569661857.60809
1569661857.85811
1569661858.10812
1569661858.35813
1569661858.60814
1569661858.85815
1569661859.10816
1569661859.35818
1569661859.60819
1569661859.8582
1569661860.10821
1569661860.35822
1569661860.60823
1569661860.85824
1569661861.10826
1569661861.35827
1569661861.60828
1569661861.85829
1569661862.1083
1569661862.35831
1569661862.60833
1569661862.85834
1569661863.10835
1569661863.35836
1569661863.60837
1569661863.85838
1569661864.1084
1569661864.35841
1569661864.60842
1569661864.85843
1569661865.10844
1569661865.35845
1569661865.60846
1569661865.85848
1569661866.10849
1569661866.3585
1569661866.60851
1569661866.85852
1569661867.10853
1569661867.35855
1569661867.60856
1569661867.85857
1569661868.10858
1569661868.35859
1569661868.6086
1569661868.85861
1569661869.10863
1569661869.35864
1569661869.60865
1569661869.85866
1569661870.10867
1569661870.35868
1569661870.6087
1569661870.85871
1569661871.10872
1569661871.35873
1569661871.60874
1569661871.85875
1569661872.10877
1569661872.35878
1569661872.60879
1569661872.8588
1569661873.10881
1569661873.35882
1569661873.60883
1569661873.85885
1569661874.10886
1569661874.35887
1569661874.60888
1569661874.85889
1569661875.1089
1569661875.35892
1569661875.60893
1569661875.85894
1569661876.10895
1569661876.35896
1569661876.60897
1569661876.85899
1569661877.109
1569661877.35901
1569661877.60902
1569661877.85903
1569661878.10904
1569661878.35905
1569661878.60907
1569661878.85908
1569661879.10909
1569661879.3591
1569661879.60911
1569661879.85912
1569661880.10914
1569661880.35915
1569661880.60916
1569661880.85917
1569661881.10918
1569661881.35919
1569661881.60921
1569661881.85922
1569661882.10923
1569661882.35924
1569661882.60925
1569661882.85926
1569661883.10927
1569661883.35929
1569661883.6093
1569661883.85931
1569661884.10932
1569661884.35933
1569661884.60934
1569661884.85936
1569661885.10937
1569661885.35938
1569661885.60939
1569661885.8594
1569661886.10941
1569661886.35943
1569661886.60944
1569661886.85945
1569661887.10946
1569661887.35947
1569661887.60948
1569661887.85949
1569661888.10951
1569661888.35952
1569661888.60953
1569661888.85954
1569661889.10955
1569661889.35956
1569661889.60958
1569661889.85959
1569661890.1096
1569661890.35961
1569661890.60962
1569661890.85963
1569661891.10965
1569661891.35966
1569661891.60967
1569661891.85968
1569661892.10969
1569661892.3597
1569661892.60971
1569661892.85973
1569661893.10974
1569661893.35975
1569661893.60976
1569661893.85977
1569661894.10978
1569661894.3598
1569661894.60981
1569661894.85982
1569661895.10983
1569661895.35984
1569661895.60985
1569661895.85987
1569661896.10988
1569661896.35989
1569661896.6099
1569661896.85991
1569661897.10992
1569661897.35993
1569661897.60995
1569661897.85996
1569661898.10997
1569661898.35998
1569661898.60999
1569661898.86
1569661899.11002
1569661899.36003
1569661899.61004
1569661899.86005
1569661900.11006
1569661900.36007
1569661900.61009
1569661900.8601
1569661901.11011
1569661901.36012
1569661901.61013
1569661901.86014
1569661902.11015
1569661902.36017
1569661902.61018
1569661902.86019
1569661903.1102
1569661903.36021
1569661903.61022
1569661903.86024
1569661904.11025
1569661904.36026
1569661904.61027
1569661904.86028
1569661905.11029
1569661905.3603
1569661905.61032
1569661905.86033
1569661906.11034
1569661906.36035
1569661906.61036
1569661906.86037
1569661907.11039
1569661907.3604
1569661907.61041
1569661907.86042
1569661908.11043
1569661908.36044
1569661908.61046
1569661908.86047
1569661909.11048
1569661909.36049
1569661909.6105
1569661909.86051
1569661910.11052
1569661910.36054
1569661910.61055
1569661910.86056
1569661911.11057
1569661911.36058
1569661911.61059
1569661911.86061
1569661912.11062
1569661912.36063
1569661912.61064
1569661912.86065
1569661913.11066
1569661913.36068
1569661913.61069
1569661913.8607
1569661914.11071
1569661914.36072
1569661914.61073
1569661914.86074
1569661915.11076
1569661915.36077
1569661915.61078
1569661915.86079
1569661916.1108
1569661916.36081
1569661916.61083
1569661916.86084
1569661917.11085
1569661917.36086
1569661917.61087
1569661917.86088
1569661918.1109
1569661918.36091
1569661918.61092
1569661918.86093
1569661919.11094
1569661919.36095
1569661919.61096
1569661919.86098
1569661920.11099
1569661920.361
1569661920.61101
1569661920.86102
1569661921.11103
1569661921.36105
1569661921.61106
1569661921.86107
1569661922.11108
1569661922.36109
1569661922.6111
1569661922.86112
1569661923.11113
1569661923.36114
1569661923.61115
1569661923.86116
1569661924.11117
1569661924.36118
1569661924.6112
1569661924.86121
1569661925.11122
1569661925.36123
1569661925.61124
1569661925.86125
1569661926.11127
1569661926.36128
1569661926.61129
1569661926.8613
1569661927.11131
1569661927.36132
1569661927.61134
1569661927.86135
1569661928.11136
1569661928.36137
1569661928.61138
1569661928.86139
1569661929.1114
1569661929.36142
1569661929.61143
1569661929.86144
1569661930.11145
1569661930.36146
1569661930.61147
1569661930.86149
1569661931.1115
1569661931.36151
1569661931.61152
1569661931.86153
1569661932.11154
1569661932.36156
1569661932.61157
1569661932.86158
1569661933.11159
1569661933.3616
1569661933.61161
1569661933.86162
1569661934.11164
1569661934.36165
1569661934.61166
1569661934.86167
1569661935.11168
1569661935.36169
1569661935.61171
1569661935.86172
1569661936.11173
1569661936.36174
1569661936.61175
1569661936.86176
1569661937.11177
1569661937.36179
1569661937.6118
1569661937.86181
1569661938.11182
1569661938.36183
1569661938.61184
1569661938.86186
1569661939.11187
1569661939.36188
1569661939.61189
1569661939.8619
1569661940.11191
1569661940.36193
1569661940.61194
1569661940.86195
1569661941.11196
1569661941.36197
1569661941.61198
1569661941.86199
1569661942.11201
1569661942.36202
1569661942.61203
1569661942.86204
1569661943.11205
1569661943.36206
1569661943.61208
1569661943.86209
1569661944.1121
1569661944.36211
1569661944.61212
1569661944.86213
1569661945.11215
1569661945.36216
1569661945.61217
1569661945.86218
1569661946.11219
1569661946.3622
1569661946.61221
1569661946.86223
1569661947.11224
1569661947.36225
1569661947.61226
1569661947.86227
1569661948.11228
1569661948.3623
1569661948.61231
1569661948.86232
1569661949.11233
1569661949.36234
1569661949.61235
1569661949.86237
1569661950.11238
1569661950.36239
1569661950.6124
1569661950.86241
1569661951.11242
1569661951.36243
1569661951.61245
1569661951.86246
1569661952.11247
1569661952.36248
1569661952.61249
1569661952.8625
1569661953.11252
1569661953.36253
1569661953.61254
1569661953.86255
1569661954.11256
1569661954.36257
1569661954.61259
1569661954.8626
1569661955.11261
1569661955.36262
1569661955.61263
1569661955.86264
1569661956.11265
1569661956.36267
1569661956.61268
1569661956.86269
1569661957.1127
1569661957.36271
1569661957.61272
1569661957.86274
1569661958.11275
1569661958.36276
1569661958.61277
1569661958.86278
1569661959.11279
1569661959.36281
1569661959.61282
1569661959.86283
1569661960.11284
1569661960.36285
1569661960.61286
1569661960.86287
1569661961.11289
1569661961.3629
1569661961.61291
1569661961.86292
1569661962.11293
1569661962.36294
1569661962.61296
1569661962.86297
1569661963.11298
1569661963.36299
1569661963.613
1569661963.86301
1569661964.11302
1569661964.36304
1569661964.61305
1569661964.86306
1569661965.11307
1569661965.36308
1569661965.61309
1569661965.86311
1569661966.11312
1569661966.36313
1569661966.61314
1569661966.86315
1569661967.11316
1569661967.36318
1569661967.61319
1569661967.8632
1569661968.11321
1569661968.36322
1569661968.61323
1569661968.86325
1569661969.11326
1569661969.36327
1569661969.61328
1569661969.86329
1569661970.1133
1569661970.36331
1569661970.61333
1569661970.86334
1569661971.11335
1569661971.36336
1569661971.61337
1569661971.86338
1569661972.1134
1569661972.36341
1569661972.61342
1569661972.86343
1569661973.11344
1569661973.36345
1569661973.61346
1569661973.86348
1569661974.11349
1569661974.3635
1569661974.61351
1569661974.86352
1569661975.11353
1569661975.36355
1569661975.61356
1569661975.86357
1569661976.11358
1569661976.36359
1569661976.6136
1569661976.86362
1569661977.11363
1569661977.36364
1569661977.61365
1569661977.86366
1569661978.11367
1569661978.36368
1569661978.6137
1569661978.86371
1569661979.11372
1569661979.36373
1569661979.61374
1569661979.86375
1569661980.11377
1569661980.36378
1569661980.61379
1569661980.8638
1569661981.11381
1569661981.36382
1569661981.61384
1569661981.86385
1569661982.11386
1569661982.36387
1569661982.61388
1569661982.86389
1569661983.1139
1569661983.36392
1569661983.61393
1569661983.86394
1569661984.11395
1569661984.36396
1569661984.61397
1569661984.86399
1569661985.114
1569661985.36401
1569661985.61402
1569661985.86403
1569661986.11404
1569661986.36406
1569661986.61407
1569661986.86408
1569661987.11409
1569661987.3641
1569661987.61411
1569661987.86412
1569661988.11414
1569661988.36415
1569661988.61416
1569661988.86417
1569661989.11418
1569661989.36419
1569661989.61421
1569661989.86422
1569661990.11423
1569661990.36424
1569661990.61425
1569661990.86426
1569661991.11427
1569661991.36429
1569661991.6143
1569661991.86431
1569661992.11432
1569661992.36433
1569661992.61434
1569661992.86436
1569661993.11437
1569661993.36438
1569661993.61439
1569661993.8644
1569661994.11441
1569661994.36443
1569661994.61444
1569661994.86445
1569661995.11446
1569661995.36447
1569661995.61448
1569661995.8645
1569661996.11451
1569661996.36452
1569661996.61453
1569661996.86454
1569661997.11455
1569661997.36456
1569661997.61458
1569661997.86459
1569661998.1146
1569661998.36461
1569661998.61462
1569661998.86463
1569661999.11465
1569661999.36466
1569661999.61467
1569661999.86468
1569662000.11469
1569662000.3647
1569662000.61471
1569662000.86473
1569662001.11474
1569662001.36475
1569662001.61476
1569662001.86477
1569662002.11478
1569662002.3648
1569662002.61481
1569662002.86482
1569662003.11483
1569662003.36484
1569662003.61485
1569662003.86487
1569662004.11488
1569662004.36489
1569662004.6149
1569662004.86491
1569662005.11492
1569662005.36493
1569662005.61495
1569662005.86496
1569662006.11497
1569662006.36498
1569662006.61499
1569662006.865
1569662007.11502
1569662007.36503
1569662007.61504
1569662007.86505
1569662008.11506
1569662008.36507
1569662008.61509
1569662008.8651
1569662009.11511
1569662009.36512
1569662009.61513
1569662009.86514
1569662010.11515
1569662010.36517
1569662010.61518
1569662010.86519
1569662011.1152
1569662011.36521
1569662011.61522
1569662011.86524
1569662012.11525
1569662012.36526
1569662012.61527
1569662012.86528
1569662013.11529
1569662013.36531
1569662013.61532
1569662013.86533
1569662014.11534
1569662014.36535
1569662014.61536
1569662014.86537
1569662015.11539
1569662015.3654
1569662015.61541
1569662015.86542
1569662016.11543
1569662016.36544
1569662016.61546
1569662016.86547
1569662017.11548
1569662017.36549
1569662017.6155
1569662017.86551
1569662018.11553
1569662018.36554
1569662018.61555
1569662018.86556
1569662019.11557
1569662019.36558
1569662019.61559
1569662019.86561
1569662020.11562
1569662020.36563
1569662020.61564
1569662020.86565
1569662021.11566
1569662021.36568
1569662021.61569
1569662021.8657
1569662022.11571
1569662022.36572
1569662022.61573
1569662022.86575
1569662023.11576
1569662023.36577
1569662023.61578
1569662023.86579
1569662024.1158
1569662024.36581
1569662024.61583
1569662024.86584
1569662025.11585
1569662025.36586
1569662025.61587
1569662025.86588
1569662026.1159
1569662026.36591
1569662026.61592
1569662026.86593
1569662027.11594
1569662027.36595
1569662027.61596
1569662027.86598
1569662028.11599
1569662028.366
1569662028.61601
1569662028.86602
1569662029.11603
1569662029.36605
1569662029.61606
1569662029.86607
1569662030.11608
1569662030.36609
1569662030.6161
1569662030.86612
1569662031.11613
1569662031.36614
1569662031.61615
1569662031.86616
1569662032.11617
1569662032.36618
1569662032.6162
1569662032.86621
1569662033.11622
1569662033.36623
1569662033.61624
1569662033.86625
1569662034.11627
1569662034.36628
1569662034.61629
1569662034.8663
1569662035.11631
1569662035.36632
1569662035.61634
1569662035.86635
1569662036.11636
1569662036.36637
1569662036.61638
1569662036.86639
1569662037.1164
1569662037.36642
1569662037.61643
1569662037.86644
1569662038.11645
1569662038.36646
1569662038.61647
1569662038.86649
1569662039.1165
1569662039.36651
1569662039.61652
1569662039.86653
1569662040.11654
1569662040.36656
1569662040.61657
1569662040.86658
1569662041.11659
1569662041.3666
1569662041.61661
1569662041.86662
1569662042.11664
1569662042.36665
1569662042.61666
1569662042.86667
1569662043.11668
1569662043.36669
1569662043.61671
1569662043.86672
1569662044.11673
1569662044.36674
1569662044.61675
1569662044.86676
1569662045.11678
1569662045.36679
1569662045.6168
1569662045.86681
1569662046.11682
1569662046.36683
1569662046.61684
1569662046.86686
1569662047.11687
1569662047.36688
1569662047.61689
1569662047.8669
1569662048.11691
1569662048.36693
1569662048.61694
1569662048.86695
1569662049.11696
1569662049.36697
1569662049.61698
1569662049.867
1569662050.11701
1569662050.36702
1569662050.61703
1569662050.86704
1569662051.11705
1569662051.36706
1569662051.61708
1569662051.86709
1569662052.1171
1569662052.36711
1569662052.61712
1569662052.86713
1569662053.11715
1569662053.36716
1569662053.61717
1569662053.86718
1569662054.11719
1569662054.3672
1569662054.61722
1569662054.86723
1569662055.11724
1569662055.36725
1569662055.61726
1569662055.86727
1569662056.11728
1569662056.3673
1569662056.61731
1569662056.86732
1569662057.11733
1569662057.36734
1569662057.61735
1569662057.86737
1569662058.11738
1569662058.36739
1569662058.6174
1569662058.86741
1569662059.11742
1569662059.36743
1569662059.61745
1569662059.86746
1569662060.11747
1569662060.36748
1569662060.61749
1569662060.8675
1569662061.11752
1569662061.36753
1569662061.61754
1569662061.86755
1569662062.11756
1569662062.36757
1569662062.61759
1569662062.8676
1569662063.11761
1569662063.36762
1569662063.61763
1569662063.86764
1569662064.11765
1569662064.36767
1569662064.61768
1569662064.86769
1569662065.1177
1569662065.36771
1569662065.61772
1569662065.86774
1569662066.11775
1569662066.36776
1569662066.61777
1569662066.86778
1569662067.11779
1569662067.36781
1569662067.61782
1569662067.86783
1569662068.11784
1569662068.36785
1569662068.61786
1569662068.86787
1569662069.11789
1569662069.3679
1569662069.61791
1569662069.86792
1569662070.11793
1569662070.36794
1569662070.61796
1569662070.86797
1569662071.11798
1569662071.36799
1569662071.618
1569662071.86801
1569662072.11803
1569662072.36804
1569662072.61805
1569662072.86806
1569662073.11807
1569662073.36808
1569662073.61809
1569662073.86811
1569662074.11812
1569662074.36813
1569662074.61814
1569662074.86815
1569662075.11816
1569662075.36818
1569662075.61819
1569662075.8682
1569662076.11821
1569662076.36822
1569662076.61823
1569662076.86825
1569662077.11826
1569662077.36827
1569662077.61828
1569662077.86829
1569662078.1183
1569662078.36831
1569662078.61833
1569662078.86834
1569662079.11835
1569662079.36836
1569662079.61837
1569662079.86838
1569662080.1184
1569662080.36841
1569662080.61842
1569662080.86843
1569662081.11844
1569662081.36845
1569662081.61847
1569662081.86848
1569662082.11849
1569662082.3685
1569662082.61851
1569662082.86852
1569662083.11853
1569662083.36855
1569662083.61856
1569662083.86857
1569662084.11858
1569662084.36859
1569662084.6186
1569662084.86862
1569662085.11863
1569662085.36864
1569662085.61865
1569662085.86866
1569662086.11867
1569662086.36869
1569662086.6187
1569662086.86871
1569662087.11872
1569662087.36873
1569662087.61874
1569662087.86875
1569662088.11877
1569662088.36878
1569662088.61879
1569662088.8688
1569662089.11881
1569662089.36882
1569662089.61884
1569662089.86885
1569662090.11886
1569662090.36887
1569662090.61888
1569662090.86889
1569662091.11891
1569662091.36892
1569662091.61893
1569662091.86894
1569662092.11895
1569662092.36896
1569662092.61897
1569662092.86899
1569662093.119
1569662093.36901
1569662093.61902
1569662093.86903
1569662094.11904
1569662094.36906
1569662094.61907
1569662094.86908
1569662095.11909
1569662095.3691
1569662095.61911
1569662095.86912
1569662096.11914
1569662096.36915
1569662096.61916
1569662096.86917
1569662097.11918
1569662097.36919
1569662097.61921
1569662097.86922
1569662098.11923
1569662098.36924
1569662098.61925
1569662098.86926
1569662099.11928
1569662099.36929
1569662099.6193
1569662099.86931
1569662100.11932
1569662100.36933
1569662100.61934
1569662100.86936
1569662101.11937
1569662101.36938
1569662101.61939
1569662101.8694
1569662102.11941
1569662102.36943
1569662102.61944
1569662102.86945
1569662103.11946
1569662103.36947
1569662103.61948
1569662103.8695
1569662104.11951
1569662104.36952
1569662104.61953
1569662104.86954
1569662105.11955
1569662105.36956
1569662105.61958
1569662105.86959
1569662106.1196
1569662106.36961
1569662106.61962
1569662106.86963
1569662107.11965
1569662107.36966
1569662107.61967
1569662107.86968
1569662108.11969
1569662108.3697
1569662108.61972
1569662108.86973
1569662109.11974
1569662109.36975
1569662109.61976
1569662109.86977
1569662110.11978
1569662110.3698
1569662110.61981
1569662110.86982
1569662111.11983
1569662111.36984
1569662111.61985
1569662111.86987
1569662112.11988
1569662112.36989
1569662112.6199
1569662112.86991
1569662113.11992
1569662113.36994
1569662113.61995
1569662113.86996
1569662114.11997
1569662114.36998
1569662114.61999
1569662114.87
1569662115.12002
1569662115.37003
1569662115.62004
1569662115.87005
1569662116.12006
1569662116.37007
1569662116.62009
1569662116.8701
1569662117.12011
1569662117.37012
1569662117.62013
1569662117.87014
1569662118.12016
1569662118.37017
1569662118.62018
1569662118.87019
1569662119.1202
1569662119.37021
1569662119.62022
1569662119.87024
1569662120.12025
1569662120.37026
1569662120.62027
1569662120.87028
1569662121.12029
1569662121.37031
1569662121.62032
1569662121.87033
1569662122.12034
1569662122.37035
1569662122.62036
1569662122.87037
1569662123.12039
1569662123.3704
1569662123.62041
1569662123.87042
1569662124.12043
1569662124.37044
1569662124.62046
1569662124.87047
1569662125.12048
1569662125.37049
1569662125.6205
1569662125.87051
1569662126.12053
1569662126.37054
1569662126.62055
1569662126.87056
1569662127.12057
1569662127.37058
1569662127.62059
1569662127.87061
1569662128.12062
1569662128.37063
1569662128.62064
1569662128.87065
1569662129.12066
1569662129.37068
1569662129.62069
1569662129.8707
1569662130.12071
1569662130.37072
1569662130.62073
1569662130.87075
1569662131.12076
1569662131.37077
1569662131.62078
1569662131.87079
1569662132.1208
1569662132.37081
1569662132.62083
1569662132.87084
1569662133.12085
1569662133.37086
1569662133.62087
1569662133.87088
1569662134.1209
1569662134.37091
1569662134.62092
1569662134.87093
1569662135.12094
1569662135.37095
1569662135.62097
1569662135.87098
1569662136.12099
1569662136.371
1569662136.62101
1569662136.87102
1569662137.12103
1569662137.37105
1569662137.62106
1569662137.87107
1569662138.12108
1569662138.37109
1569662138.6211
1569662138.87112
1569662139.12113
1569662139.37114
1569662139.62115
1569662139.87116
1569662140.12117
1569662140.37119
1569662140.6212
1569662140.87121
1569662141.12122
1569662141.37123
1569662141.62124
1569662141.87125
1569662142.12127
1569662142.37128
1569662142.62129
1569662142.8713
1569662143.12131
1569662143.37132
1569662143.62134
1569662143.87135
1569662144.12136
1569662144.37137
1569662144.62138
1569662144.87139
1569662145.12141
1569662145.37142
1569662145.62143
1569662145.87144
1569662146.12145
1569662146.37146
1569662146.62147
1569662146.87149
1569662147.1215
1569662147.37151
1569662147.62152
1569662147.87153
1569662148.12154
1569662148.37156
1569662148.62157
1569662148.87158
1569662149.12159
1569662149.3716
1569662149.62161
1569662149.87162
1569662150.12164
1569662150.37165
1569662150.62166
1569662150.87167
1569662151.12168
1569662151.37169
1569662151.62171
1569662151.87172
1569662152.12173
1569662152.37174
1569662152.62175
1569662152.87176
1569662153.12178
1569662153.37179
1569662153.6218
1569662153.87181
1569662154.12182
1569662154.37183
1569662154.62185
1569662154.87186
1569662155.12187
1569662155.37188
1569662155.62189
1569662155.8719
1569662156.12191
1569662156.37193
1569662156.62194
1569662156.87195
1569662157.12196
1569662157.37197
1569662157.62198
1569662157.872
1569662158.12201
1569662158.37202
1569662158.62203
1569662158.87204
1569662159.12205
1569662159.37206
1569662159.62208
1569662159.87209
1569662160.1221
1569662160.37211
1569662160.62212
1569662160.87213
1569662161.12215
1569662161.37216
1569662161.62217
1569662161.87218
1569662162.12219
1569662162.3722
1569662162.62222
1569662162.87223
1569662163.12224
1569662163.37225
1569662163.62226
1569662163.87227
1569662164.12228
1569662164.3723
1569662164.62231
1569662164.87232
1569662165.12233
1569662165.37234
1569662165.62235
1569662165.87237
1569662166.12238
1569662166.37239
1569662166.6224
1569662166.87241
1569662167.12242
1569662167.37244
1569662167.62245
1569662167.87246
1569662168.12247
1569662168.37248
1569662168.62249
1569662168.8725
1569662169.12252
1569662169.37253
1569662169.62254
1569662169.87255
1569662170.12256
1569662170.37257
1569662170.62259
1569662170.8726
1569662171.12261
1569662171.37262
1569662171.62263
1569662171.87264
1569662172.12266
1569662172.37267
1569662172.62268
1569662172.87269
1569662173.1227
1569662173.37271
1569662173.62272
1569662173.87274
1569662174.12275
1569662174.37276
1569662174.62277
1569662174.87278
1569662175.12279
1569662175.37281
1569662175.62282
1569662175.87283
1569662176.12284
1569662176.37285
1569662176.62286
1569662176.87288
1569662177.12289
1569662177.3729
1569662177.62291
1569662177.87292
1569662178.12293
1569662178.37294
1569662178.62296
1569662178.87297
1569662179.12298
1569662179.37299
1569662179.623
1569662179.87301
1569662180.12303
1569662180.37304
1569662180.62305
1569662180.87306
1569662181.12307
1569662181.37308
1569662181.6231
1569662181.87311
1569662182.12312
1569662182.37313
1569662182.62314
1569662182.87315
1569662183.12316
1569662183.37318
1569662183.62319
1569662183.8732
1569662184.12321
1569662184.37322
1569662184.62323
1569662184.87325
1569662185.12326
1569662185.37327
1569662185.62328
1569662185.87329
1569662186.1233
1569662186.37331
1569662186.62333
1569662186.87334
1569662187.12335
1569662187.37336
1569662187.62337
1569662187.87338
1569662188.1234
1569662188.37341
1569662188.62342
1569662188.87343
1569662189.12344
1569662189.37345
1569662189.62347
1569662189.87348
1569662190.12349
1569662190.3735
1569662190.62351
1569662190.87352
1569662191.12353
1569662191.37355
1569662191.62356
1569662191.87357
1569662192.12358
1569662192.37359
1569662192.6236
1569662192.87362
1569662193.12363
1569662193.37364
1569662193.62365
1569662193.87366
1569662194.12367
1569662194.37369
1569662194.6237
1569662194.87371
1569662195.12372
1569662195.37373
1569662195.62374
1569662195.87375
1569662196.12377
1569662196.37378
1569662196.62379
1569662196.8738
1569662197.12381
1569662197.37382
1569662197.62384
1569662197.87385
1569662198.12386
1569662198.37387
1569662198.62388
1569662198.87389
1569662199.12391
1569662199.37392
1569662199.62393
1569662199.87394
1569662200.12395
1569662200.37396
1569662200.62397
1569662200.87399
1569662201.124
1569662201.37401
1569662201.62402
1569662201.87403
1569662202.12404
1569662202.37406
1569662202.62407
1569662202.87408
1569662203.12409
1569662203.3741
1569662203.62411
1569662203.87413
1569662204.12414
1569662204.37415
1569662204.62416
1569662204.87417
1569662205.12418
1569662205.37419
1569662205.62421
1569662205.87422
1569662206.12423
1569662206.37424
1569662206.62425
1569662206.87426
1569662207.12428
1569662207.37429
1569662207.6243
1569662207.87431
1569662208.12432
1569662208.37433
1569662208.62435
1569662208.87436
1569662209.12437
1569662209.37438
1569662209.62439
1569662209.8744
1569662210.12441
1569662210.37443
1569662210.62444
1569662210.87445
1569662211.12446
1569662211.37447
1569662211.62448
1569662211.8745
