31.51
31.51
31.51
31.51
31.51
31.51
31.51
31.51
31.51
31.51
31.51
31.51
31.51
31.51
31.51
31.51
31.51
31.51
31.51
31.51
31.51
31.51
31.51
31.51
31.49
31.49
31.49
31.49
31.49
31.49
31.49
31.49
31.49
31.49
31.49
31.49
31.51
31.51
31.51
31.51
31.51
31.51
31.51
31.51
31.49
31.49
31.49
31.49
31.51
31.51
31.51
31.51
31.49
31.49
31.49
31.49
31.49
31.49
31.49
31.49
31.51
31.51
31.51
31.51
31.47
31.47
31.47
31.47
31.49
31.49
31.49
31.49
31.47
31.47
31.47
31.47
31.51
31.51
31.51
31.51
31.49
31.49
31.49
31.49
31.51
31.51
31.51
31.51
31.49
31.49
31.49
31.49
31.51
31.51
31.51
31.51
31.49
31.49
31.49
31.49
31.51
31.51
31.51
31.51
31.49
31.49
31.49
31.49
31.47
31.47
31.47
31.47
31.47
31.47
31.47
31.47
31.49
31.49
31.49
31.49
31.51
31.51
31.51
31.51
31.47
31.47
31.47
31.47
31.49
31.49
31.49
31.49
31.49
31.49
31.49
31.49
31.49
31.49
31.49
31.49
31.49
31.49
31.49
31.49
31.45
31.45
31.45
31.45
31.49
31.49
31.49
31.49
31.47
31.47
31.47
31.47
31.49
31.49
31.49
31.49
31.49
31.49
31.49
31.49
31.45
31.45
31.45
31.45
31.49
31.49
31.49
31.49
31.47
31.47
31.47
31.47
31.47
31.47
31.47
31.47
31.47
31.47
31.47
31.47
31.47
31.47
31.47
31.47
31.47
31.47
31.47
31.47
31.49
31.49
31.49
31.49
31.51
31.51
31.51
31.51
31.47
31.47
31.47
31.47
31.49
31.49
31.49
31.49
31.49
31.49
31.49
31.49
31.49
31.49
31.49
31.49
31.51
31.51
31.51
31.51
31.51
31.51
31.51
31.51
31.51
31.51
31.51
31.51
31.51
31.51
31.51
31.51
31.51
31.51
31.51
31.51
31.53
31.53
31.53
31.53
31.55
31.55
31.55
31.55
31.55
31.55
31.55
31.55
31.53
31.53
31.53
31.53
31.53
31.53
31.53
31.53
31.55
31.55
31.55
31.55
31.57
31.57
31.57
31.57
31.55
31.55
31.55
31.55
31.55
31.55
31.55
31.55
31.57
31.57
31.57
31.57
31.57
31.57
31.57
31.57
31.57
31.57
31.57
31.57
31.61
31.61
31.61
31.61
31.57
31.57
31.57
31.57
31.59
31.59
31.59
31.59
31.57
31.57
31.57
31.57
31.59
31.59
31.59
31.59
31.61
31.61
31.61
31.61
31.59
31.59
31.59
31.59
31.61
31.61
31.61
31.61
31.63
31.63
31.63
31.63
31.61
31.61
31.61
31.61
31.63
31.63
31.63
31.63
31.61
31.61
31.61
31.61
31.63
31.63
31.63
31.63
31.63
31.63
31.63
31.63
31.65
31.65
31.65
31.65
31.63
31.63
31.63
31.63
31.63
31.63
31.63
31.63
31.63
31.63
31.63
31.63
31.61
31.61
31.61
31.61
31.65
31.65
31.65
31.65
31.61
31.61
31.61
31.61
31.63
31.63
31.63
31.63
31.65
31.65
31.65
31.65
31.65
31.65
31.65
31.65
31.67
31.67
31.67
31.67
31.65
31.65
31.65
31.65
31.65
31.65
31.65
31.65
31.67
31.67
31.67
31.67
31.67
31.67
31.67
31.67
31.67
31.67
31.67
31.67
31.65
31.65
31.65
31.65
31.67
31.67
31.67
31.67
31.69
31.69
31.69
31.69
31.69
31.69
31.69
31.69
31.69
31.69
31.69
31.69
31.73
31.73
31.73
31.73
31.71
31.71
31.71
31.71
31.71
31.71
31.71
31.71
31.71
31.71
31.71
31.71
31.71
31.71
31.71
31.71
31.75
31.75
31.75
31.75
31.73
31.73
31.73
31.73
31.71
31.71
31.71
31.71
31.73
31.73
31.73
31.73
31.73
31.73
31.73
31.73
31.75
31.75
31.75
31.75
31.77
31.77
31.77
31.77
31.79
31.79
31.79
31.79
31.77
31.77
31.77
31.77
31.77
31.77
31.77
31.77
31.79
31.79
31.79
31.79
31.79
31.79
31.79
31.79
31.77
31.77
31.77
31.77
31.77
31.77
31.77
31.77
31.77
31.77
31.77
31.77
31.79
31.79
31.79
31.79
31.81
31.81
31.81
31.81
31.81
31.81
31.81
31.81
31.77
31.77
31.77
31.77
31.81
31.81
31.81
31.81
31.81
31.81
31.81
31.81
31.77
31.77
31.77
31.77
31.79
31.79
31.79
31.79
31.79
31.79
31.79
31.79
31.81
31.81
31.81
31.81
31.81
31.81
31.81
31.81
31.83
31.83
31.83
31.83
31.83
31.83
31.83
31.83
31.81
31.81
31.81
31.81
31.85
31.85
31.85
31.85
31.85
31.85
31.85
31.85
31.85
31.85
31.85
31.85
31.83
31.83
31.83
31.83
31.85
31.85
31.85
31.85
31.87
31.87
31.87
31.87
31.87
31.87
31.87
31.87
31.87
31.87
31.87
31.87
31.87
31.87
31.87
31.87
31.87
31.87
31.87
31.87
31.89
31.89
31.89
31.89
31.89
31.89
31.89
31.89
31.87
31.87
31.87
31.87
31.87
31.87
31.87
31.87
31.87
31.87
31.87
31.87
31.87
31.87
31.87
31.87
31.85
31.85
31.85
31.85
31.87
31.87
31.87
31.87
31.89
31.89
31.89
31.89
31.87
31.87
31.87
31.87
31.89
31.89
31.89
31.89
31.89
31.89
31.89
31.89
31.87
31.87
31.87
31.87
31.87
31.87
31.87
31.87
31.89
31.89
31.89
31.89
31.87
31.87
31.87
31.87
31.85
31.85
31.85
31.85
31.87
31.87
31.87
31.87
31.89
31.89
31.89
31.89
31.87
31.87
31.87
31.87
31.89
31.89
31.89
31.89
31.89
31.89
31.89
31.89
31.89
31.89
31.89
31.89
31.89
31.89
31.89
31.89
31.87
31.87
31.87
31.87
31.91
31.91
31.91
31.91
31.89
31.89
31.89
31.89
31.91
31.91
31.91
31.91
31.93
31.93
31.93
31.93
31.91
31.91
31.91
31.91
31.91
31.91
31.91
31.91
31.93
31.93
31.93
31.93
31.93
31.93
31.93
31.93
31.91
31.91
31.91
31.91
31.93
31.93
31.93
31.93
31.93
31.93
31.93
31.93
31.93
31.93
31.93
31.93
31.93
31.93
31.93
31.93
31.93
31.93
31.93
31.93
31.93
31.93
31.93
31.93
31.93
31.93
31.93
31.93
31.93
31.93
31.93
31.93
31.95
31.95
31.95
31.95
31.95
31.95
31.95
31.95
31.93
31.93
31.93
31.93
31.95
31.95
31.95
31.95
31.93
31.93
31.93
31.93
31.93
31.93
31.93
31.93
31.93
31.93
31.93
31.93
31.93
31.93
31.93
31.93
31.91
31.91
31.91
31.91
31.95
31.95
31.95
31.95
31.95
31.95
31.95
31.95
31.95
31.95
31.95
31.95
31.95
31.95
31.95
31.95
31.97
31.97
31.97
31.97
31.95
31.95
31.95
31.95
31.97
31.97
31.97
31.97
31.95
31.95
31.95
31.95
31.97
31.97
31.97
31.97
31.95
31.95
31.95
31.95
31.99
31.99
31.99
31.99
31.95
31.95
31.95
31.95
31.99
31.99
31.99
31.99
31.99
31.99
31.99
31.99
31.95
31.95
31.95
31.95
31.97
31.97
31.97
31.97
31.99
31.99
31.99
31.99
31.99
31.99
31.99
31.99
31.99
31.99
31.99
31.99
32.01
32.01
32.01
32.01
32.01
32.01
32.01
32.01
32.01
32.01
32.01
32.01
32.03
32.03
32.03
32.03
32.01
32.01
32.01
32.01
32.03
32.03
32.03
32.03
32.03
32.03
32.03
32.03
32.05
32.05
32.05
32.05
32.03
32.03
32.03
32.03
32.05
32.05
32.05
32.05
32.05
32.05
32.05
32.05
32.05
32.05
32.05
32.05
32.05
32.05
32.05
32.05
32.07
32.07
32.07
32.07
32.05
32.05
32.05
32.05
32.05
32.05
32.05
32.05
32.07
32.07
32.07
32.07
32.09
32.09
32.09
32.09
32.07
32.07
32.07
32.07
32.07
32.07
32.07
32.07
32.11
32.11
32.11
32.11
32.07
32.07
32.07
32.07
32.09
32.09
32.09
32.09
32.11
32.11
32.11
32.11
32.11
32.11
32.11
32.11
32.09
32.09
32.09
32.09
32.11
32.11
32.11
32.11
32.11
32.11
32.11
32.11
32.11
32.11
32.11
32.11
32.13
32.13
32.13
32.13
32.11
32.11
32.11
32.11
32.13
32.13
32.13
32.13
32.13
32.13
32.13
32.13
32.15
32.15
32.15
32.15
32.15
32.15
32.15
32.15
32.17
32.17
32.17
32.17
32.17
32.17
32.17
32.17
32.15
32.15
32.15
32.15
32.17
32.17
32.17
32.17
32.19
32.19
32.19
32.19
32.23
32.23
32.23
32.23
32.23
32.23
32.23
32.23
32.21
32.21
32.21
32.21
32.23
32.23
32.23
32.23
32.23
32.23
32.23
32.23
32.25
32.25
32.25
32.25
32.25
32.25
32.25
32.25
32.25
32.25
32.25
32.25
32.27
32.27
32.27
32.27
32.25
32.25
32.25
32.25
32.29
32.29
32.29
32.29
32.31
32.31
32.31
32.31
32.33
32.33
32.33
32.33
32.31
32.31
32.31
32.31
32.35
32.35
32.35
32.35
32.35
32.35
32.35
32.35
32.37
32.37
32.37
32.37
32.37
32.37
32.37
32.37
32.37
32.37
32.37
32.37
32.39
32.39
32.39
32.39
32.39
32.39
32.39
32.39
32.41
32.41
32.41
32.41
32.39
32.39
32.39
32.39
32.39
32.39
32.39
32.39
32.41
32.41
32.41
32.41
32.45
32.45
32.45
32.45
32.45
32.45
32.45
32.45
32.45
32.45
32.45
32.45
32.47
32.47
32.47
32.47
32.47
32.47
32.47
32.47
32.49
32.49
32.49
32.49
32.51
32.51
32.51
32.51
32.53
32.53
32.53
32.53
32.49
32.49
32.49
32.49
32.53
32.53
32.53
32.53
32.53
32.53
32.53
32.53
32.55
32.55
32.55
32.55
32.53
32.53
32.53
32.53
32.57
32.57
32.57
32.57
32.57
32.57
32.57
32.57
