1570282006.694
1570282006.944
1570282007.194
1570282007.444
1570282007.694
1570282007.944
1570282008.194
1570282008.444
1570282008.694
1570282008.944
1570282009.194
1570282009.444
1570282009.694
1570282009.944
1570282010.194
1570282010.444
1570282010.694
1570282010.944
1570282011.194
1570282011.444
1570282011.694
1570282011.944
1570282012.194
1570282012.444
1570282012.694
1570282012.944
1570282013.194
1570282013.444
1570282013.694
1570282013.944
1570282014.194
1570282014.444
1570282014.694
1570282014.944
1570282015.194
1570282015.444
1570282015.694
1570282015.944
1570282016.194
1570282016.444
1570282016.694
1570282016.944
1570282017.194
1570282017.444
1570282017.694
1570282017.944
1570282018.194
1570282018.444
1570282018.694
1570282018.944
1570282019.194
1570282019.444
1570282019.694
1570282019.944
1570282020.194
1570282020.444
1570282020.694
1570282020.944
1570282021.194
1570282021.444
1570282021.694
1570282021.944
1570282022.194
1570282022.444
1570282022.694
1570282022.944
1570282023.194
1570282023.444
1570282023.694
1570282023.944
1570282024.194
1570282024.444
1570282024.694
1570282024.944
1570282025.194
1570282025.444
1570282025.694
1570282025.944
1570282026.194
1570282026.444
1570282026.694
1570282026.944
1570282027.194
1570282027.444
1570282027.694
1570282027.944
1570282028.194
1570282028.444
1570282028.694
1570282028.944
1570282029.194
1570282029.444
1570282029.694
1570282029.944
1570282030.194
1570282030.444
1570282030.694
1570282030.944
1570282031.194
1570282031.444
1570282031.694
1570282031.944
1570282032.194
1570282032.444
1570282032.694
1570282032.944
1570282033.194
1570282033.444
1570282033.694
1570282033.944
1570282034.194
1570282034.444
1570282034.694
1570282034.944
1570282035.194
1570282035.444
1570282035.694
1570282035.944
1570282036.194
1570282036.444
1570282036.694
1570282036.944
1570282037.194
1570282037.444
1570282037.694
1570282037.944
1570282038.194
1570282038.444
1570282038.694
1570282038.944
1570282039.194
1570282039.444
1570282039.694
1570282039.944
1570282040.194
1570282040.444
1570282040.694
1570282040.944
1570282041.194
1570282041.444
1570282041.694
1570282041.944
1570282042.194
1570282042.444
1570282042.694
1570282042.944
1570282043.194
1570282043.444
1570282043.694
1570282043.944
1570282044.194
1570282044.444
1570282044.694
1570282044.944
1570282045.194
1570282045.444
1570282045.694
1570282045.944
1570282046.194
1570282046.444
1570282046.694
1570282046.944
1570282047.194
1570282047.444
1570282047.694
1570282047.944
1570282048.194
1570282048.444
1570282048.694
1570282048.944
1570282049.194
1570282049.444
1570282049.694
1570282049.944
1570282050.194
1570282050.444
1570282050.694
1570282050.944
1570282051.194
1570282051.444
1570282051.694
1570282051.944
1570282052.194
1570282052.444
1570282052.694
1570282052.944
1570282053.194
1570282053.444
1570282053.694
1570282053.944
1570282054.194
1570282054.444
1570282054.694
1570282054.944
1570282055.194
1570282055.444
1570282055.694
1570282055.944
1570282056.194
1570282056.444
1570282056.694
1570282056.944
1570282057.194
1570282057.444
1570282057.694
1570282057.944
1570282058.194
1570282058.444
1570282058.694
1570282058.944
1570282059.194
1570282059.444
1570282059.694
1570282059.944
1570282060.194
1570282060.444
1570282060.694
1570282060.944
1570282061.194
1570282061.444
1570282061.694
1570282061.944
1570282062.194
1570282062.444
1570282062.694
1570282062.944
1570282063.194
1570282063.444
1570282063.694
1570282063.944
1570282064.194
1570282064.444
1570282064.694
1570282064.944
1570282065.194
1570282065.444
1570282065.694
1570282065.944
1570282066.194
1570282066.444
1570282066.694
1570282066.944
1570282067.194
1570282067.444
1570282067.694
1570282067.944
1570282068.194
1570282068.444
1570282068.694
1570282068.944
1570282069.194
1570282069.444
1570282069.694
1570282069.944
1570282070.194
1570282070.444
1570282070.694
1570282070.944
1570282071.194
1570282071.444
1570282071.694
1570282071.944
1570282072.194
1570282072.444
1570282072.694
1570282072.944
1570282073.194
1570282073.444
1570282073.694
1570282073.944
1570282074.194
1570282074.444
1570282074.694
1570282074.944
1570282075.194
1570282075.444
1570282075.694
1570282075.944
1570282076.194
1570282076.444
1570282076.694
1570282076.944
1570282077.194
1570282077.444
1570282077.694
1570282077.944
1570282078.194
1570282078.444
1570282078.694
1570282078.944
1570282079.194
1570282079.444
1570282079.694
1570282079.944
1570282080.194
1570282080.444
1570282080.694
1570282080.944
1570282081.194
1570282081.444
1570282081.694
1570282081.944
1570282082.194
1570282082.444
1570282082.694
1570282082.944
1570282083.194
1570282083.444
1570282083.694
1570282083.944
1570282084.194
1570282084.444
1570282084.694
1570282084.944
1570282085.194
1570282085.444
1570282085.694
1570282085.944
1570282086.194
1570282086.444
1570282086.694
1570282086.944
1570282087.194
1570282087.444
1570282087.694
1570282087.944
1570282088.194
1570282088.444
1570282088.694
1570282088.944
1570282089.194
1570282089.444
1570282089.694
1570282089.944
1570282090.194
1570282090.444
1570282090.694
1570282090.944
1570282091.194
1570282091.444
1570282091.694
1570282091.944
1570282092.194
1570282092.444
1570282092.694
1570282092.944
1570282093.194
1570282093.444
1570282093.694
1570282093.944
1570282094.194
1570282094.444
1570282094.694
1570282094.944
1570282095.194
1570282095.444
1570282095.694
1570282095.944
1570282096.194
1570282096.444
1570282096.694
1570282096.944
1570282097.194
1570282097.444
1570282097.694
1570282097.944
1570282098.194
1570282098.444
1570282098.694
1570282098.944
1570282099.194
1570282099.444
1570282099.694
1570282099.944
1570282100.194
1570282100.444
1570282100.694
1570282100.944
1570282101.194
1570282101.444
1570282101.694
1570282101.944
1570282102.194
1570282102.444
1570282102.694
1570282102.944
1570282103.194
1570282103.444
1570282103.694
1570282103.944
1570282104.194
1570282104.444
1570282104.694
1570282104.944
1570282105.194
1570282105.444
1570282105.694
1570282105.944
1570282106.194
1570282106.444
1570282106.694
1570282106.944
1570282107.194
1570282107.444
1570282107.694
1570282107.944
1570282108.194
1570282108.444
1570282108.694
1570282108.944
1570282109.194
1570282109.444
1570282109.694
1570282109.944
1570282110.194
1570282110.444
1570282110.694
1570282110.944
1570282111.194
1570282111.444
1570282111.694
1570282111.944
1570282112.194
1570282112.444
1570282112.694
1570282112.944
1570282113.194
1570282113.444
1570282113.694
1570282113.944
1570282114.194
1570282114.444
1570282114.694
1570282114.944
1570282115.194
1570282115.444
1570282115.694
1570282115.944
1570282116.194
1570282116.444
1570282116.694
1570282116.944
1570282117.194
1570282117.444
1570282117.694
1570282117.944
1570282118.194
1570282118.444
1570282118.694
1570282118.944
1570282119.194
1570282119.444
1570282119.694
1570282119.944
1570282120.194
1570282120.444
1570282120.694
1570282120.944
1570282121.194
1570282121.444
1570282121.694
1570282121.944
1570282122.194
1570282122.444
1570282122.694
1570282122.944
1570282123.194
1570282123.444
1570282123.694
1570282123.944
1570282124.194
1570282124.444
1570282124.694
1570282124.944
1570282125.194
1570282125.444
1570282125.694
1570282125.944
1570282126.194
1570282126.444
1570282126.694
1570282126.944
1570282127.194
1570282127.444
1570282127.694
1570282127.944
1570282128.194
1570282128.444
1570282128.694
1570282128.944
1570282129.194
1570282129.444
1570282129.694
1570282129.944
1570282130.194
1570282130.444
1570282130.694
1570282130.944
1570282131.194
1570282131.444
1570282131.694
1570282131.944
1570282132.194
1570282132.444
1570282132.694
1570282132.944
1570282133.194
1570282133.444
1570282133.694
1570282133.944
1570282134.194
1570282134.444
1570282134.694
1570282134.944
1570282135.194
1570282135.444
1570282135.694
1570282135.944
1570282136.194
1570282136.444
1570282136.694
1570282136.944
1570282137.194
1570282137.444
1570282137.694
1570282137.944
1570282138.194
1570282138.444
1570282138.694
1570282138.944
1570282139.194
1570282139.444
1570282139.694
1570282139.944
1570282140.194
1570282140.444
1570282140.694
1570282140.944
1570282141.194
1570282141.444
1570282141.694
1570282141.944
1570282142.194
1570282142.444
1570282142.694
1570282142.944
1570282143.194
1570282143.444
1570282143.694
1570282143.944
1570282144.194
1570282144.444
1570282144.694
1570282144.944
1570282145.194
1570282145.444
1570282145.694
1570282145.944
1570282146.194
1570282146.444
1570282146.694
1570282146.944
1570282147.194
1570282147.444
1570282147.694
1570282147.944
1570282148.194
1570282148.444
1570282148.694
1570282148.944
1570282149.194
1570282149.444
1570282149.694
1570282149.944
1570282150.194
1570282150.444
1570282150.694
1570282150.944
1570282151.194
1570282151.444
1570282151.694
1570282151.944
1570282152.194
1570282152.444
1570282152.694
1570282152.944
1570282153.194
1570282153.444
1570282153.694
1570282153.944
1570282154.194
1570282154.444
1570282154.694
1570282154.944
1570282155.194
1570282155.444
1570282155.694
1570282155.944
1570282156.194
1570282156.444
1570282156.694
1570282156.944
1570282157.194
1570282157.444
1570282157.694
1570282157.944
1570282158.194
1570282158.444
1570282158.694
1570282158.944
1570282159.194
1570282159.444
1570282159.694
1570282159.944
1570282160.194
1570282160.444
1570282160.694
1570282160.944
1570282161.194
1570282161.444
1570282161.694
1570282161.944
1570282162.194
1570282162.444
1570282162.694
1570282162.944
1570282163.194
1570282163.444
1570282163.694
1570282163.944
1570282164.194
1570282164.444
1570282164.694
1570282164.944
1570282165.194
1570282165.444
1570282165.694
1570282165.944
1570282166.194
1570282166.444
1570282166.694
1570282166.944
1570282167.194
1570282167.444
1570282167.694
1570282167.944
1570282168.194
1570282168.444
1570282168.694
1570282168.944
1570282169.194
1570282169.444
1570282169.694
1570282169.944
1570282170.194
1570282170.444
1570282170.694
1570282170.944
1570282171.194
1570282171.444
1570282171.694
1570282171.944
1570282172.194
1570282172.444
1570282172.694
1570282172.944
1570282173.194
1570282173.444
1570282173.694
1570282173.944
1570282174.194
1570282174.444
1570282174.694
1570282174.944
1570282175.194
1570282175.444
1570282175.694
1570282175.944
1570282176.194
1570282176.444
1570282176.694
1570282176.944
1570282177.194
1570282177.444
1570282177.694
1570282177.944
1570282178.194
1570282178.444
1570282178.694
1570282178.944
1570282179.194
1570282179.444
1570282179.694
1570282179.944
1570282180.194
1570282180.444
1570282180.694
1570282180.944
1570282181.194
1570282181.444
1570282181.694
1570282181.944
1570282182.194
1570282182.444
1570282182.694
1570282182.944
1570282183.194
1570282183.444
1570282183.694
1570282183.944
1570282184.194
1570282184.444
1570282184.694
1570282184.944
1570282185.194
1570282185.444
1570282185.694
1570282185.944
1570282186.194
1570282186.444
1570282186.694
1570282186.944
1570282187.194
1570282187.444
1570282187.694
1570282187.944
1570282188.194
1570282188.444
1570282188.694
1570282188.944
1570282189.194
1570282189.444
1570282189.694
1570282189.944
1570282190.194
1570282190.444
1570282190.694
1570282190.944
1570282191.194
1570282191.444
1570282191.694
1570282191.944
1570282192.194
1570282192.444
1570282192.694
1570282192.944
1570282193.194
1570282193.444
1570282193.694
1570282193.944
1570282194.194
1570282194.444
1570282194.694
1570282194.944
1570282195.194
1570282195.444
1570282195.694
1570282195.944
1570282196.194
1570282196.444
1570282196.694
1570282196.944
1570282197.194
1570282197.444
1570282197.694
1570282197.944
1570282198.194
1570282198.444
1570282198.694
1570282198.944
1570282199.194
1570282199.444
1570282199.694
1570282199.944
1570282200.194
1570282200.444
1570282200.694
1570282200.944
1570282201.194
1570282201.444
1570282201.694
1570282201.944
1570282202.194
1570282202.444
1570282202.694
1570282202.944
1570282203.194
1570282203.444
1570282203.694
1570282203.944
1570282204.194
1570282204.444
1570282204.694
1570282204.944
1570282205.194
1570282205.444
1570282205.694
1570282205.944
1570282206.194
1570282206.444
1570282206.694
1570282206.944
1570282207.194
1570282207.444
1570282207.694
1570282207.944
1570282208.194
1570282208.444
1570282208.694
1570282208.944
1570282209.194
1570282209.444
1570282209.694
1570282209.944
1570282210.194
1570282210.444
1570282210.694
1570282210.944
1570282211.194
1570282211.444
1570282211.694
1570282211.944
1570282212.194
1570282212.444
1570282212.694
1570282212.944
1570282213.194
1570282213.444
1570282213.694
1570282213.944
1570282214.194
1570282214.444
1570282214.694
1570282214.944
1570282215.194
1570282215.444
1570282215.694
1570282215.944
1570282216.194
1570282216.444
1570282216.694
1570282216.944
1570282217.194
1570282217.444
1570282217.694
1570282217.944
1570282218.194
1570282218.444
1570282218.694
1570282218.944
1570282219.194
1570282219.444
1570282219.694
1570282219.944
1570282220.194
1570282220.444
1570282220.694
1570282220.944
1570282221.194
1570282221.444
1570282221.694
1570282221.944
1570282222.194
1570282222.444
1570282222.694
1570282222.944
1570282223.194
1570282223.444
1570282223.694
1570282223.944
1570282224.194
1570282224.444
1570282224.694
1570282224.944
1570282225.194
1570282225.444
1570282225.694
1570282225.944
1570282226.194
1570282226.444
1570282226.694
1570282226.944
1570282227.194
1570282227.444
1570282227.694
1570282227.944
1570282228.194
1570282228.444
1570282228.694
1570282228.944
1570282229.194
1570282229.444
1570282229.694
1570282229.944
1570282230.194
1570282230.444
1570282230.694
1570282230.944
1570282231.194
1570282231.444
1570282231.694
1570282231.944
1570282232.194
1570282232.444
1570282232.694
1570282232.944
1570282233.194
1570282233.444
1570282233.694
1570282233.944
1570282234.194
1570282234.444
1570282234.694
1570282234.944
1570282235.194
1570282235.444
1570282235.694
1570282235.944
1570282236.194
1570282236.444
1570282236.694
1570282236.944
1570282237.194
1570282237.444
1570282237.694
1570282237.944
1570282238.194
1570282238.444
1570282238.694
1570282238.944
1570282239.194
1570282239.444
1570282239.694
1570282239.944
1570282240.194
1570282240.444
1570282240.694
1570282240.944
1570282241.194
1570282241.444
1570282241.694
1570282241.944
1570282242.194
1570282242.444
1570282242.694
1570282242.944
1570282243.194
1570282243.444
1570282243.694
1570282243.944
1570282244.194
1570282244.444
1570282244.694
1570282244.944
1570282245.194
1570282245.444
1570282245.694
1570282245.944
1570282246.194
1570282246.444
1570282246.694
1570282246.944
1570282247.194
1570282247.444
1570282247.694
1570282247.944
1570282248.194
1570282248.444
1570282248.694
1570282248.944
1570282249.194
1570282249.444
1570282249.694
1570282249.944
1570282250.194
1570282250.444
1570282250.694
1570282250.944
1570282251.194
1570282251.444
1570282251.694
1570282251.944
1570282252.194
1570282252.444
1570282252.694
1570282252.944
1570282253.194
1570282253.444
1570282253.694
1570282253.944
1570282254.194
1570282254.444
1570282254.694
1570282254.944
1570282255.194
1570282255.444
1570282255.694
1570282255.944
1570282256.194
1570282256.444
1570282256.694
1570282256.944
1570282257.194
1570282257.444
1570282257.694
1570282257.944
1570282258.194
1570282258.444
1570282258.694
1570282258.944
1570282259.194
1570282259.444
1570282259.694
1570282259.944
1570282260.194
1570282260.444
1570282260.694
1570282260.944
1570282261.194
1570282261.444
1570282261.694
1570282261.944
1570282262.194
1570282262.444
1570282262.694
1570282262.944
1570282263.194
1570282263.444
1570282263.694
1570282263.944
1570282264.194
1570282264.444
1570282264.694
1570282264.944
1570282265.194
1570282265.444
1570282265.694
1570282265.944
1570282266.194
1570282266.444
1570282266.694
1570282266.944
1570282267.194
1570282267.444
1570282267.694
1570282267.944
1570282268.194
1570282268.444
1570282268.694
1570282268.944
1570282269.194
1570282269.444
1570282269.694
1570282269.944
1570282270.194
1570282270.444
1570282270.694
1570282270.944
1570282271.194
1570282271.444
1570282271.694
1570282271.944
1570282272.194
1570282272.444
1570282272.694
1570282272.944
1570282273.194
1570282273.444
1570282273.694
1570282273.944
1570282274.194
1570282274.444
1570282274.694
1570282274.944
1570282275.194
1570282275.444
1570282275.694
1570282275.944
1570282276.194
1570282276.444
1570282276.694
1570282276.944
1570282277.194
1570282277.444
1570282277.694
1570282277.944
1570282278.194
1570282278.444
1570282278.694
1570282278.944
1570282279.194
1570282279.444
1570282279.694
1570282279.944
1570282280.194
1570282280.444
1570282280.694
1570282280.944
1570282281.194
1570282281.444
1570282281.694
1570282281.944
1570282282.194
1570282282.444
1570282282.694
1570282282.944
1570282283.194
1570282283.444
1570282283.694
1570282283.944
1570282284.194
1570282284.444
1570282284.694
1570282284.944
1570282285.194
1570282285.444
1570282285.694
1570282285.944
1570282286.194
1570282286.444
1570282286.694
1570282286.944
1570282287.194
1570282287.444
1570282287.694
1570282287.944
1570282288.194
1570282288.444
1570282288.694
1570282288.944
1570282289.194
1570282289.444
1570282289.694
1570282289.944
1570282290.194
1570282290.444
1570282290.694
1570282290.944
1570282291.194
1570282291.444
1570282291.694
1570282291.944
1570282292.194
1570282292.444
1570282292.694
1570282292.944
1570282293.194
1570282293.444
1570282293.694
1570282293.944
1570282294.194
1570282294.444
1570282294.694
1570282294.944
1570282295.194
1570282295.444
1570282295.694
1570282295.944
1570282296.194
1570282296.444
1570282296.694
1570282296.944
1570282297.194
1570282297.444
1570282297.694
1570282297.944
1570282298.194
1570282298.444
1570282298.694
1570282298.944
1570282299.194
1570282299.444
1570282299.694
1570282299.944
1570282300.194
1570282300.444
1570282300.694
1570282300.944
1570282301.194
1570282301.444
1570282301.694
1570282301.944
1570282302.194
1570282302.444
1570282302.694
1570282302.944
1570282303.194
1570282303.444
1570282303.694
1570282303.944
1570282304.194
1570282304.444
1570282304.694
1570282304.944
1570282305.194
1570282305.444
1570282305.694
1570282305.944
1570282306.194
1570282306.444
1570282306.694
1570282306.944
1570282307.194
1570282307.444
