0.2037194
0.2050006
0.2011569
0.2062819
0.2050006
0.2037194
0.2050006
0.2050006
0.2050006
0.2037194
0.2037194
0.2037194
0.2050006
0.2050006
0.2037194
0.2062819
0.2024381
0.2024381
0.2037194
0.2024381
0.2037194
0.2024381
0.2050006
0.2050006
0.2037194
0.2050006
0.2037194
0.2062819
0.2024381
0.2024381
0.2024381
0.2024381
0.2024381
0.2024381
0.2024381
0.2011569
0.2024381
0.2037194
0.2050006
0.2037194
0.2037194
0.2037194
0.2037194
0.2037194
0.2037194
0.2037194
0.1973131
0.2011569
0.1985944
0.2024381
0.2011569
0.2011569
0.2037194
0.2024381
0.2024381
0.2037194
0.2037194
0.2011569
0.2037194
0.2050006
0.2050006
0.2050006
0.2050006
0.2062819
0.2050006
0.2037194
0.2050006
0.2050006
0.2024381
0.2050006
0.2050006
0.2050006
0.2050006
0.2050006
0.2050006
0.2062819
0.2062819
0.2062819
0.2062819
0.2024381
0.2062819
0.2062819
0.2062819
0.2075631
0.2075631
0.2050006
0.2050006
0.2050006
0.2062819
0.2062819
0.2050006
0.2050006
0.2062819
0.2062819
0.2075631
0.2075631
0.2075631
0.2062819
0.2075631
0.2062819
0.2075631
0.2050006
0.2062819
0.2050006
0.2062819
0.2037194
0.2037194
0.2037194
0.2037194
0.2037194
0.2037194
0.2037194
0.2024381
0.2050006
0.2037194
0.2050006
0.2037194
0.2037194
0.2062819
0.2050006
0.2050006
0.2050006
0.2024381
0.2011569
0.2050006
0.2050006
0.2050006
0.2024381
0.2024381
0.2024381
0.2024381
0.2024381
0.2024381
0.2024381
0.2037194
0.2024381
0.2037194
0.2024381
0.2024381
0.2024381
0.2037194
0.2011569
0.2024381
0.2024381
0.2024381
0.1985944
0.1998756
0.1973131
0.1998756
0.1998756
0.1998756
0.1985944
0.2011569
0.1998756
0.1998756
0.2024381
0.1998756
0.2011569
0.2024381
0.2011569
0.2011569
0.2011569
0.1985944
0.1985944
0.1985944
0.1985944
0.1985944
0.1973131
0.1985944
0.1998756
0.1998756
0.1985944
0.2011569
0.1998756
0.1985944
0.2011569
0.1998756
0.1985944
0.1973131
0.1960319
0.1960319
0.1960319
0.1960319
0.1960319
0.1960319
0.1973131
0.1960319
0.1960319
0.1973131
0.1947506
0.1973131
0.1973131
0.1973131
0.1934694
0.1973131
0.1960319
0.1973131
0.1934694
0.1934694
0.1934694
0.1921881
0.1934694
0.1934694
0.1934694
0.1960319
0.1947506
0.1934694
0.1960319
0.1947506
0.1934694
0.1947506
0.1934694
0.1934694
0.1947506
0.1934694
0.1947506
0.1921881
0.1921881
0.1921881
0.1921881
0.1921881
0.1921881
0.1909069
0.1934694
0.1934694
0.1934694
0.1934694
0.1934694
0.1934694
0.1921881
0.1934694
0.1934694
0.1921881
0.1909069
0.1896256
0.1896256
0.1909069
0.1909069
0.1909069
0.1909069
0.1921881
0.1909069
0.1909069
0.1921881
0.1883443
0.1896256
0.1909069
0.1909069
0.1909069
0.1909069
0.1896256
0.1883443
0.1883443
0.1883443
0.1870631
0.1857818
0.1870631
0.1870631
0.1870631
0.1870631
0.1883443
0.1883443
0.1870631
0.1883443
0.1896256
0.1870631
0.1832193
0.1857818
0.1857818
0.1857818
0.1857818
0.1857818
0.1883443
0.1870631
0.1883443
0.1883443
0.1883443
0.1896256
0.1883443
0.1857818
0.1883443
0.1870631
0.1870631
0.1857818
0.1845006
0.1845006
0.1845006
0.1857818
0.1832193
0.1845006
0.1870631
0.1845006
0.1845006
0.1832193
0.1845006
0.1857818
0.1845006
0.1857818
0.1857818
0.1806568
0.1845006
0.1832193
0.1819381
0.1819381
0.1819381
0.1819381
0.1819381
0.1845006
0.1819381
0.1832193
0.1819381
0.1832193
0.1832193
0.1819381
0.1832193
0.1819381
0.1793756
0.1806568
0.1806568
0.1806568
0.1806568
0.1793756
0.1793756
0.1819381
0.1806568
0.1793756
0.1793756
0.1806568
0.1819381
0.1934694
0.1806568
0.1806568
0.1793756
0.1806568
0.1780943
0.1780943
0.1780943
0.1780943
0.1780943
0.1780943
0.1921881
0.1793756
0.1780943
0.1780943
0.1793756
0.1793756
0.1793756
0.1806568
0.1793756
0.1793756
0.1780943
0.1755318
0.1768131
0.1768131
0.1755318
0.1768131
0.1768131
0.1768131
0.1780943
0.1780943
0.1768131
0.1780943
0.1780943
0.1768131
0.1768131
0.171688
0.1780943
0.1780943
0.1755318
0.1755318
0.1755318
0.1755318
0.1755318
0.1742505
0.1755318
0.1755318
0.1729693
0.1742505
0.1780943
0.1768131
0.1768131
0.1768131
0.1768131
0.1755318
0.1742505
0.1742505
0.1742505
0.1704068
0.1729693
0.1729693
0.1755318
0.1755318
0.1742505
0.1742505
0.1755318
0.1768131
0.1755318
0.1742505
0.1729693
0.1755318
0.1755318
0.1729693
0.171688
0.171688
0.171688
0.171688
0.171688
0.171688
0.1729693
0.171688
0.171688
0.1742505
0.171688
0.171688
0.1729693
0.1742505
0.1729693
0.1729693
0.1742505
0.1704068
0.1691255
0.1704068
0.1729693
0.1704068
0.1704068
0.1704068
0.1729693
0.1704068
0.1729693
0.171688
0.1729693
0.1691255
0.171688
0.171688
0.171688
0.166563
0.1691255
0.1691255
0.1691255
0.1691255
0.1691255
0.1691255
0.1691255
0.1704068
0.1704068
0.1704068
0.1704068
0.1704068
0.1704068
0.1691255
0.171688
0.1691255
0.1704068
0.1691255
0.1704068
0.1678443
0.1678443
0.1678443
0.1678443
0.1678443
0.1678443
0.1678443
0.1678443
0.1704068
0.1652818
0.1691255
0.1691255
0.1691255
0.1691255
0.1678443
0.1691255
0.1691255
0.1691255
0.1678443
0.1678443
0.161438
0.1652818
0.1652818
0.1652818
0.1652818
0.1652818
0.1678443
0.166563
0.1678443
0.166563
0.166563
0.1652818
0.166563
0.166563
0.166563
0.166563
0.1678443
0.1640005
0.1640005
0.1640005
0.1640005
0.1640005
0.1640005
0.1640005
0.166563
0.1652818
0.1652818
0.1652818
0.1652818
0.1652818
0.1652818
0.1652818
0.1652818
0.1601568
0.1652818
0.1652818
0.1652818
0.1640005
0.1652818
0.1627193
0.1627193
0.1627193
0.1627193
0.161438
0.1601568
0.1627193
0.1627193
0.1640005
0.1640005
0.1652818
0.1640005
0.1640005
0.1640005
0.1640005
0.1627193
0.161438
0.1627193
0.1640005
0.1627193
0.161438
0.1601568
0.1601568
0.1601568
0.161438
0.161438
0.1601568
0.1588755
0.161438
0.1640005
0.161438
0.1601568
0.1627193
0.1627193
0.161438
0.161438
0.161438
0.1588755
0.161438
0.161438
0.1627193
0.1588755
0.1588755
0.1588755
0.1588755
0.1601568
0.1588755
0.1588755
0.161438
0.1575942
0.1588755
0.1601568
0.1601568
0.1601568
0.1601568
0.1588755
0.1601568
0.1601568
0.1601568
0.1588755
0.1575942
0.1575942
0.1575942
0.1575942
0.1575942
0.1575942
0.1588755
0.1588755
0.161438
0.1601568
0.1588755
0.1575942
0.1601568
0.1601568
0.1601568
0.1588755
0.161438
0.1601568
0.1601568
0.1588755
0.1601568
0.156313
0.1550317
0.156313
0.1575942
0.156313
0.156313
0.156313
0.1575942
0.1588755
0.1588755
0.1575942
0.1588755
0.156313
0.1588755
0.1575942
0.1588755
0.1575942
0.1588755
0.156313
0.1575942
0.1550317
0.1550317
0.1550317
0.1537505
0.1550317
0.1537505
0.1550317
0.156313
0.156313
0.156313
0.156313
0.156313
0.156313
0.156313
0.1537505
0.1575942
0.1575942
0.156313
0.156313
0.1537505
0.1537505
0.1537505
0.1537505
0.1550317
0.1537505
0.151188
0.156313
0.156313
0.156313
0.156313
0.1550317
0.1550317
0.156313
0.1550317
0.156313
0.1550317
0.1524692
0.1537505
0.156313
0.1524692
0.1537505
0.1537505
0.1537505
0.1537505
0.1550317
0.1550317
0.1537505
0.1524692
0.156313
0.1575942
0.1550317
0.1550317
0.1550317
0.1550317
0.1550317
0.1550317
0.1550317
0.1550317
0.1524692
0.1550317
0.156313
0.1524692
0.1524692
0.1524692
0.1537505
0.1524692
0.1524692
0.1524692
0.1524692
0.151188
0.1524692
0.1537505
0.1537505
0.1537505
0.1524692
0.1537505
0.1537505
0.1524692
0.1537505
0.1524692
0.1486255
0.1499067
0.151188
0.1499067
0.151188
0.1499067
0.1499067
0.151188
0.151188
0.151188
0.151188
0.1486255
0.1537505
0.1524692
0.1524692
0.1486255
0.1524692
0.151188
0.1524692
0.1499067
0.1499067
0.1499067
0.1499067
0.1499067
0.1499067
0.1486255
0.151188
0.151188
0.151188
0.151188
0.151188
0.1524692
0.1524692
0.151188
0.151188
0.1524692
0.1486255
0.1486255
0.1486255
0.1486255
0.1486255
0.1601568
0.1486255
0.1499067
0.1486255
0.1499067
0.1486255
0.151188
0.1499067
0.151188
0.1473442
0.151188
0.151188
0.1499067
0.1473442
0.146063
0.1473442
0.1486255
0.1486255
0.1486255
0.1499067
0.151188
0.1499067
0.1499067
0.151188
0.151188
0.1499067
0.151188
0.151188
0.1499067
0.151188
0.1473442
0.1473442
0.1473442
0.1486255
0.1473442
0.1473442
0.1435004
0.1486255
0.1499067
0.1486255
0.1486255
0.1486255
0.1486255
0.1486255
0.1486255
0.1486255
0.1486255
0.1473442
0.1499067
0.1473442
0.1473442
0.1473442
0.1473442
0.1486255
0.1473442
0.1473442
0.1499067
0.1486255
0.1473442
0.1486255
0.1499067
0.1499067
0.1499067
0.1499067
0.1486255
0.1486255
0.1499067
0.1486255
0.1486255
0.146063
0.146063
0.146063
0.146063
0.146063
0.146063
0.146063
0.1473442
0.146063
0.146063
0.1486255
0.1435004
0.1473442
0.1473442
0.1473442
0.1473442
0.1473442
0.1473442
0.1473442
0.1473442
0.1486255
0.1447817
0.1435004
0.1447817
0.146063
0.1447817
0.1447817
0.146063
0.146063
0.146063
0.146063
0.146063
0.146063
0.1447817
0.1486255
0.146063
0.1473442
0.1473442
0.146063
0.1473442
0.1435004
0.1447817
0.1447817
0.1435004
0.1435004
0.1435004
0.1447817
0.1447817
0.1447817
0.1447817
0.1447817
0.146063
0.146063
0.146063
0.146063
0.1435004
0.1447817
0.146063
0.146063
0.146063
0.146063
0.1422192
0.1435004
0.1435004
0.1435004
0.1435004
0.1409379
0.1435004
0.1435004
0.1435004
0.1447817
0.1435004
0.1447817
0.1447817
0.1447817
0.146063
0.1447817
0.1435004
0.1447817
0.1435004
0.1447817
0.1422192
0.1435004
0.1435004
0.1435004
0.1435004
0.1435004
0.1435004
0.1422192
0.146063
0.146063
0.1447817
0.1447817
0.1447817
0.1447817
0.146063
0.146063
0.1447817
0.146063
0.1409379
0.1447817
0.1409379
0.1422192
0.1435004
0.1422192
0.1435004
0.1435004
0.1422192
0.1422192
0.1435004
0.1422192
0.1435004
0.1447817
0.1435004
0.1447817
0.1447817
0.1447817
0.1435004
0.1447817
0.1435004
0.1422192
0.1383754
0.1422192
0.1422192
0.1409379
0.1422192
0.1422192
0.1435004
0.1422192
0.1435004
0.1435004
0.1435004
0.1409379
0.1435004
0.1447817
0.1435004
0.1422192
0.1435004
0.1435004
0.1447817
0.1447817
0.1422192
0.1422192
0.1396567
0.1409379
0.1422192
0.1422192
0.1422192
0.1447817
0.1422192
0.1435004
0.1435004
0.1422192
0.1435004
0.1409379
0.1435004
0.1447817
0.1435004
0.1447817
0.1447817
0.1447817
0.1447817
0.146063
0.1422192
0.1422192
0.1396567
0.1422192
0.1422192
0.1422192
0.1422192
0.1422192
0.1422192
0.1422192
0.1435004
0.1447817
0.1435004
0.1435004
0.1435004
0.1435004
0.1435004
0.1435004
0.1435004
0.1435004
0.1435004
0.1435004
0.1422192
0.1447817
0.1383754
0.1409379
0.1409379
0.1409379
0.1409379
0.1409379
0.1409379
0.1435004
0.1422192
0.1409379
0.1435004
0.1383754
0.1422192
0.1435004
0.1435004
0.1435004
0.1435004
0.1435004
0.1409379
0.1435004
0.1396567
0.1409379
0.1383754
0.1422192
0.1409379
0.1409379
0.1409379
0.1435004
0.1422192
0.1409379
0.1422192
0.1409379
0.1409379
0.1396567
0.1422192
0.1409379
0.1422192
0.1422192
0.1422192
0.1422192
0.1422192
0.1550317
0.1396567
0.1396567
0.1383754
0.1422192
0.1396567
0.1396567
0.1396567
0.1422192
0.1409379
0.1409379
0.1409379
0.1422192
0.1422192
0.1409379
0.1422192
0.1422192
0.1422192
0.1422192
0.1422192
0.1422192
0.1396567
0.1396567
0.1396567
0.1396567
0.1396567
0.1396567
0.1409379
0.1396567
0.1396567
0.1409379
0.1422192
0.1409379
0.1409379
0.1409379
0.1409379
0.1383754
0.1409379
0.1409379
0.1435004
0.1422192
0.1409379
0.1383754
0.1383754
0.1396567
0.1396567
0.1396567
0.1370942
0.1396567
0.1396567
0.1396567
0.1396567
0.1409379
0.1396567
0.1396567
0.1409379
0.1396567
0.1409379
0.1383754
0.1409379
0.1409379
0.1396567
0.1422192
0.1383754
0.1383754
0.1383754
0.1383754
0.1396567
0.1396567
0.1358129
0.1383754
0.1409379
0.1383754
0.1396567
0.1396567
0.1409379
0.1409379
0.1409379
0.1409379
0.1409379
0.1383754
0.1409379
0.1383754
0.1383754
0.1383754
0.1370942
0.1383754
0.1383754
0.1383754
0.1383754
0.1396567
0.1345317
0.1396567
0.1383754
0.1409379
0.1396567
0.1383754
0.1396567
0.1396567
0.1383754
0.1396567
0.1396567
0.1370942
0.1409379
0.1396567
0.1396567
0.1370942
0.1370942
0.1383754
0.1370942
0.1370942
0.1370942
0.1370942
0.1358129
0.1383754
0.1396567
0.1396567
0.1396567
0.1396567
0.1409379
0.1409379
0.1409379
0.1396567
0.1396567
0.1383754
0.1396567
0.1409379
0.1396567
0.1396567
0.1370942
0.1370942
0.1370942
0.1370942
0.1370942
0.1370942
0.1358129
0.1383754
0.1358129
0.1383754
0.1383754
0.1383754
0.1383754
0.1383754
0.1396567
0.1396567
0.1396567
0.1345317
0.1370942
0.1370942
0.1370942
0.1358129
0.1370942
0.1370942
0.1383754
0.1383754
0.1383754
0.1383754
0.1370942
0.1383754
0.1383754
0.1383754
0.1383754
0.1383754
0.1358129
0.1396567
0.1396567
0.1396567
