1570281605.694
1570281605.944
1570281606.194
1570281606.444
1570281606.694
1570281606.944
1570281607.194
1570281607.444
1570281607.694
1570281607.944
1570281608.194
1570281608.444
1570281608.694
1570281608.944
1570281609.194
1570281609.444
1570281609.694
1570281609.944
1570281610.194
1570281610.444
1570281610.694
1570281610.944
1570281611.194
1570281611.444
1570281611.694
1570281611.944
1570281612.194
1570281612.444
1570281612.694
1570281612.944
1570281613.194
1570281613.444
1570281613.694
1570281613.944
1570281614.194
1570281614.444
1570281614.694
1570281614.944
1570281615.194
1570281615.444
1570281615.694
1570281615.944
1570281616.194
1570281616.444
1570281616.694
1570281616.944
1570281617.194
1570281617.444
1570281617.694
1570281617.944
1570281618.194
1570281618.444
1570281618.694
1570281618.944
1570281619.194
1570281619.444
1570281619.694
1570281619.944
1570281620.194
1570281620.444
1570281620.694
1570281620.944
1570281621.194
1570281621.444
1570281621.694
1570281621.944
1570281622.194
1570281622.444
1570281622.694
1570281622.944
1570281623.194
1570281623.444
1570281623.694
1570281623.944
1570281624.194
1570281624.444
1570281624.694
1570281624.944
1570281625.194
1570281625.444
1570281625.694
1570281625.944
1570281626.194
1570281626.444
1570281626.694
1570281626.944
1570281627.194
1570281627.444
1570281627.694
1570281627.944
1570281628.194
1570281628.444
1570281628.694
1570281628.944
1570281629.194
1570281629.444
1570281629.694
1570281629.944
1570281630.194
1570281630.444
1570281630.694
1570281630.944
1570281631.194
1570281631.444
1570281631.694
1570281631.944
1570281632.194
1570281632.444
1570281632.694
1570281632.944
1570281633.194
1570281633.444
1570281633.694
1570281633.944
1570281634.194
1570281634.444
1570281634.694
1570281634.944
1570281635.194
1570281635.444
1570281635.694
1570281635.944
1570281636.194
1570281636.444
1570281636.694
1570281636.944
1570281637.194
1570281637.444
1570281637.694
1570281637.944
1570281638.194
1570281638.444
1570281638.694
1570281638.944
1570281639.194
1570281639.444
1570281639.694
1570281639.944
1570281640.194
1570281640.444
1570281640.694
1570281640.944
1570281641.194
1570281641.444
1570281641.694
1570281641.944
1570281642.194
1570281642.444
1570281642.694
1570281642.944
1570281643.194
1570281643.444
1570281643.694
1570281643.944
1570281644.194
1570281644.444
1570281644.694
1570281644.944
1570281645.194
1570281645.444
1570281645.694
1570281645.944
1570281646.194
1570281646.444
1570281646.694
1570281646.944
1570281647.194
1570281647.444
1570281647.694
1570281647.944
1570281648.194
1570281648.444
1570281648.694
1570281648.944
1570281649.194
1570281649.444
1570281649.694
1570281649.944
1570281650.194
1570281650.444
1570281650.694
1570281650.944
1570281651.194
1570281651.444
1570281651.694
1570281651.944
1570281652.194
1570281652.444
1570281652.694
1570281652.944
1570281653.194
1570281653.444
1570281653.694
1570281653.944
1570281654.194
1570281654.444
1570281654.694
1570281654.944
1570281655.194
1570281655.444
1570281655.694
1570281655.944
1570281656.194
1570281656.444
1570281656.694
1570281656.944
1570281657.194
1570281657.444
1570281657.694
1570281657.944
1570281658.194
1570281658.444
1570281658.694
1570281658.944
1570281659.194
1570281659.444
1570281659.694
1570281659.944
1570281660.194
1570281660.444
1570281660.694
1570281660.944
1570281661.194
1570281661.444
1570281661.694
1570281661.944
1570281662.194
1570281662.444
1570281662.694
1570281662.944
1570281663.194
1570281663.444
1570281663.694
1570281663.944
1570281664.194
1570281664.444
1570281664.694
1570281664.944
1570281665.194
1570281665.444
1570281665.694
1570281665.944
1570281666.194
1570281666.444
1570281666.694
1570281666.944
1570281667.194
1570281667.444
1570281667.694
1570281667.944
1570281668.194
1570281668.444
1570281668.694
1570281668.944
1570281669.194
1570281669.444
1570281669.694
1570281669.944
1570281670.194
1570281670.444
1570281670.694
1570281670.944
1570281671.194
1570281671.444
1570281671.694
1570281671.944
1570281672.194
1570281672.444
1570281672.694
1570281672.944
1570281673.194
1570281673.444
1570281673.694
1570281673.944
1570281674.194
1570281674.444
1570281674.694
1570281674.944
1570281675.194
1570281675.444
1570281675.694
1570281675.944
1570281676.194
1570281676.444
1570281676.694
1570281676.944
1570281677.194
1570281677.444
1570281677.694
1570281677.944
1570281678.194
1570281678.444
1570281678.694
1570281678.944
1570281679.194
1570281679.444
1570281679.694
1570281679.944
1570281680.194
1570281680.444
1570281680.694
1570281680.944
1570281681.194
1570281681.444
1570281681.694
1570281681.944
1570281682.194
1570281682.444
1570281682.694
1570281682.944
1570281683.194
1570281683.444
1570281683.694
1570281683.944
1570281684.194
1570281684.444
1570281684.694
1570281684.944
1570281685.194
1570281685.444
1570281685.694
1570281685.944
1570281686.194
1570281686.444
1570281686.694
1570281686.944
1570281687.194
1570281687.444
1570281687.694
1570281687.944
1570281688.194
1570281688.444
1570281688.694
1570281688.944
1570281689.194
1570281689.444
1570281689.694
1570281689.944
1570281690.194
1570281690.444
1570281690.694
1570281690.944
1570281691.194
1570281691.444
1570281691.694
1570281691.944
1570281692.194
1570281692.444
1570281692.694
1570281692.944
1570281693.194
1570281693.444
1570281693.694
1570281693.944
1570281694.194
1570281694.444
1570281694.694
1570281694.944
1570281695.194
1570281695.444
1570281695.694
1570281695.944
1570281696.194
1570281696.444
1570281696.694
1570281696.944
1570281697.194
1570281697.444
1570281697.694
1570281697.944
1570281698.194
1570281698.444
1570281698.694
1570281698.944
1570281699.194
1570281699.444
1570281699.694
1570281699.944
1570281700.194
1570281700.444
1570281700.694
1570281700.944
1570281701.194
1570281701.444
1570281701.694
1570281701.944
1570281702.194
1570281702.444
1570281702.694
1570281702.944
1570281703.194
1570281703.444
1570281703.694
1570281703.944
1570281704.194
1570281704.444
1570281704.694
1570281704.944
1570281705.194
1570281705.444
1570281705.694
1570281705.944
1570281706.194
1570281706.444
1570281706.694
1570281706.944
1570281707.194
1570281707.444
1570281707.694
1570281707.944
1570281708.194
1570281708.444
1570281708.694
1570281708.944
1570281709.194
1570281709.444
1570281709.694
1570281709.944
1570281710.194
1570281710.444
1570281710.694
1570281710.944
1570281711.194
1570281711.444
1570281711.694
1570281711.944
1570281712.194
1570281712.444
1570281712.694
1570281712.944
1570281713.194
1570281713.444
1570281713.694
1570281713.944
1570281714.194
1570281714.444
1570281714.694
1570281714.944
1570281715.194
1570281715.444
1570281715.694
1570281715.944
1570281716.194
1570281716.444
1570281716.694
1570281716.944
1570281717.194
1570281717.444
1570281717.694
1570281717.944
1570281718.194
1570281718.444
1570281718.694
1570281718.944
1570281719.194
1570281719.444
1570281719.694
1570281719.944
1570281720.194
1570281720.444
1570281720.694
1570281720.944
1570281721.194
1570281721.444
1570281721.694
1570281721.944
1570281722.194
1570281722.444
1570281722.694
1570281722.944
1570281723.194
1570281723.444
1570281723.694
1570281723.944
1570281724.194
1570281724.444
1570281724.694
1570281724.944
1570281725.194
1570281725.444
1570281725.694
1570281725.944
1570281726.194
1570281726.444
1570281726.694
1570281726.944
1570281727.194
1570281727.444
1570281727.694
1570281727.944
1570281728.194
1570281728.444
1570281728.694
1570281728.944
1570281729.194
1570281729.444
1570281729.694
1570281729.944
1570281730.194
1570281730.444
1570281730.694
1570281730.944
1570281731.194
1570281731.444
1570281731.694
1570281731.944
1570281732.194
1570281732.444
1570281732.694
1570281732.944
1570281733.194
1570281733.444
1570281733.694
1570281733.944
1570281734.194
1570281734.444
1570281734.694
1570281734.944
1570281735.194
1570281735.444
1570281735.694
1570281735.944
1570281736.194
1570281736.444
1570281736.694
1570281736.944
1570281737.194
1570281737.444
1570281737.694
1570281737.944
1570281738.194
1570281738.444
1570281738.694
1570281738.944
1570281739.194
1570281739.444
1570281739.694
1570281739.944
1570281740.194
1570281740.444
1570281740.694
1570281740.944
1570281741.194
1570281741.444
1570281741.694
1570281741.944
1570281742.194
1570281742.444
1570281742.694
1570281742.944
1570281743.194
1570281743.444
1570281743.694
1570281743.944
1570281744.194
1570281744.444
1570281744.694
1570281744.944
1570281745.194
1570281745.444
1570281745.694
1570281745.944
1570281746.194
1570281746.444
1570281746.694
1570281746.944
1570281747.194
1570281747.444
1570281747.694
1570281747.944
1570281748.194
1570281748.444
1570281748.694
1570281748.944
1570281749.194
1570281749.444
1570281749.694
1570281749.944
1570281750.194
1570281750.444
1570281750.694
1570281750.944
1570281751.194
1570281751.444
1570281751.694
1570281751.944
1570281752.194
1570281752.444
1570281752.694
1570281752.944
1570281753.194
1570281753.444
1570281753.694
1570281753.944
1570281754.194
1570281754.444
1570281754.694
1570281754.944
1570281755.194
1570281755.444
1570281755.694
1570281755.944
1570281756.194
1570281756.444
1570281756.694
1570281756.944
1570281757.194
1570281757.444
1570281757.694
1570281757.944
1570281758.194
1570281758.444
1570281758.694
1570281758.944
1570281759.194
1570281759.444
1570281759.694
1570281759.944
1570281760.194
1570281760.444
1570281760.694
1570281760.944
1570281761.194
1570281761.444
1570281761.694
1570281761.944
1570281762.194
1570281762.444
1570281762.694
1570281762.944
1570281763.194
1570281763.444
1570281763.694
1570281763.944
1570281764.194
1570281764.444
1570281764.694
1570281764.944
1570281765.194
1570281765.444
1570281765.694
1570281765.944
1570281766.194
1570281766.444
1570281766.694
1570281766.944
1570281767.194
1570281767.444
1570281767.694
1570281767.944
1570281768.194
1570281768.444
1570281768.694
1570281768.944
1570281769.194
1570281769.444
1570281769.694
1570281769.944
1570281770.194
1570281770.444
1570281770.694
1570281770.944
1570281771.194
1570281771.444
1570281771.694
1570281771.944
1570281772.194
1570281772.444
1570281772.694
1570281772.944
1570281773.194
1570281773.444
1570281773.694
1570281773.944
1570281774.194
1570281774.444
1570281774.694
1570281774.944
1570281775.194
1570281775.444
1570281775.694
1570281775.944
1570281776.194
1570281776.444
1570281776.694
1570281776.944
1570281777.194
1570281777.444
1570281777.694
1570281777.944
1570281778.194
1570281778.444
1570281778.694
1570281778.944
1570281779.194
1570281779.444
1570281779.694
1570281779.944
1570281780.194
1570281780.444
1570281780.694
1570281780.944
1570281781.194
1570281781.444
1570281781.694
1570281781.944
1570281782.194
1570281782.444
1570281782.694
1570281782.944
1570281783.194
1570281783.444
1570281783.694
1570281783.944
1570281784.194
1570281784.444
1570281784.694
1570281784.944
1570281785.194
1570281785.444
1570281785.694
1570281785.944
1570281786.194
1570281786.444
1570281786.694
1570281786.944
1570281787.194
1570281787.444
1570281787.694
1570281787.944
1570281788.194
1570281788.444
1570281788.694
1570281788.944
1570281789.194
1570281789.444
1570281789.694
1570281789.944
1570281790.194
1570281790.444
1570281790.694
1570281790.944
1570281791.194
1570281791.444
1570281791.694
1570281791.944
1570281792.194
1570281792.444
1570281792.694
1570281792.944
1570281793.194
1570281793.444
1570281793.694
1570281793.944
1570281794.194
1570281794.444
1570281794.694
1570281794.944
1570281795.194
1570281795.444
1570281795.694
1570281795.944
1570281796.194
1570281796.444
1570281796.694
1570281796.944
1570281797.194
1570281797.444
1570281797.694
1570281797.944
1570281798.194
1570281798.444
1570281798.694
1570281798.944
1570281799.194
1570281799.444
1570281799.694
1570281799.944
1570281800.194
1570281800.444
1570281800.694
1570281800.944
1570281801.194
1570281801.444
1570281801.694
1570281801.944
1570281802.194
1570281802.444
1570281802.694
1570281802.944
1570281803.194
1570281803.444
1570281803.694
1570281803.944
1570281804.194
1570281804.444
1570281804.694
1570281804.944
1570281805.194
1570281805.444
1570281805.694
1570281805.944
1570281806.194
1570281806.444
1570281806.694
1570281806.944
1570281807.194
1570281807.444
1570281807.694
1570281807.944
1570281808.194
1570281808.444
1570281808.694
1570281808.944
1570281809.194
1570281809.444
1570281809.694
1570281809.944
1570281810.194
1570281810.444
1570281810.694
1570281810.944
1570281811.194
1570281811.444
1570281811.694
1570281811.944
1570281812.194
1570281812.444
1570281812.694
1570281812.944
1570281813.194
1570281813.444
1570281813.694
1570281813.944
1570281814.194
1570281814.444
1570281814.694
1570281814.944
1570281815.194
1570281815.444
1570281815.694
1570281815.944
1570281816.194
1570281816.444
1570281816.694
1570281816.944
1570281817.194
1570281817.444
1570281817.694
1570281817.944
1570281818.194
1570281818.444
1570281818.694
1570281818.944
1570281819.194
1570281819.444
1570281819.694
1570281819.944
1570281820.194
1570281820.444
1570281820.694
1570281820.944
1570281821.194
1570281821.444
1570281821.694
1570281821.944
1570281822.194
1570281822.444
1570281822.694
1570281822.944
1570281823.194
1570281823.444
1570281823.694
1570281823.944
1570281824.194
1570281824.444
1570281824.694
1570281824.944
1570281825.194
1570281825.444
1570281825.694
1570281825.944
1570281826.194
1570281826.444
1570281826.694
1570281826.944
1570281827.194
1570281827.444
1570281827.694
1570281827.944
1570281828.194
1570281828.444
1570281828.694
1570281828.944
1570281829.194
1570281829.444
1570281829.694
1570281829.944
1570281830.194
1570281830.444
1570281830.694
1570281830.944
1570281831.194
1570281831.444
1570281831.694
1570281831.944
1570281832.194
1570281832.444
1570281832.694
1570281832.944
1570281833.194
1570281833.444
1570281833.694
1570281833.944
1570281834.194
1570281834.444
1570281834.694
1570281834.944
1570281835.194
1570281835.444
1570281835.694
1570281835.944
1570281836.194
1570281836.444
1570281836.694
1570281836.944
1570281837.194
1570281837.444
1570281837.694
1570281837.944
1570281838.194
1570281838.444
1570281838.694
1570281838.944
1570281839.194
1570281839.444
1570281839.694
1570281839.944
1570281840.194
1570281840.444
1570281840.694
1570281840.944
1570281841.194
1570281841.444
1570281841.694
1570281841.944
1570281842.194
1570281842.444
1570281842.694
1570281842.944
1570281843.194
1570281843.444
1570281843.694
1570281843.944
1570281844.194
1570281844.444
1570281844.694
1570281844.944
1570281845.194
1570281845.444
1570281845.694
1570281845.944
1570281846.194
1570281846.444
1570281846.694
1570281846.944
1570281847.194
1570281847.444
1570281847.694
1570281847.944
1570281848.194
1570281848.444
1570281848.694
1570281848.944
1570281849.194
1570281849.444
1570281849.694
1570281849.944
1570281850.194
1570281850.444
1570281850.694
1570281850.944
1570281851.194
1570281851.444
1570281851.694
1570281851.944
1570281852.194
1570281852.444
1570281852.694
1570281852.944
1570281853.194
1570281853.444
1570281853.694
1570281853.944
1570281854.194
1570281854.444
1570281854.694
1570281854.944
1570281855.194
1570281855.444
1570281855.694
1570281855.944
1570281856.194
1570281856.444
1570281856.694
1570281856.944
1570281857.194
1570281857.444
1570281857.694
1570281857.944
1570281858.194
1570281858.444
1570281858.694
1570281858.944
1570281859.194
1570281859.444
1570281859.694
1570281859.944
1570281860.194
1570281860.444
1570281860.694
1570281860.944
1570281861.194
1570281861.444
1570281861.694
1570281861.944
1570281862.194
1570281862.444
1570281862.694
1570281862.944
1570281863.194
1570281863.444
1570281863.694
1570281863.944
1570281864.194
1570281864.444
1570281864.694
1570281864.944
1570281865.194
1570281865.444
1570281865.694
1570281865.944
1570281866.194
1570281866.444
1570281866.694
1570281866.944
1570281867.194
1570281867.444
1570281867.694
1570281867.944
1570281868.194
1570281868.444
1570281868.694
1570281868.944
1570281869.194
1570281869.444
1570281869.694
1570281869.944
1570281870.194
1570281870.444
1570281870.694
1570281870.944
1570281871.194
1570281871.444
1570281871.694
1570281871.944
1570281872.194
1570281872.444
1570281872.694
1570281872.944
1570281873.194
1570281873.444
1570281873.694
1570281873.944
1570281874.194
1570281874.444
1570281874.694
1570281874.944
1570281875.194
1570281875.444
1570281875.694
1570281875.944
1570281876.194
1570281876.444
1570281876.694
1570281876.944
1570281877.194
1570281877.444
1570281877.694
1570281877.944
1570281878.194
1570281878.444
1570281878.694
1570281878.944
1570281879.194
1570281879.444
1570281879.694
1570281879.944
1570281880.194
1570281880.444
1570281880.694
1570281880.944
1570281881.194
1570281881.444
1570281881.694
1570281881.944
1570281882.194
1570281882.444
1570281882.694
1570281882.944
1570281883.194
1570281883.444
1570281883.694
1570281883.944
1570281884.194
1570281884.444
1570281884.694
1570281884.944
1570281885.194
1570281885.444
1570281885.694
1570281885.944
1570281886.194
1570281886.444
1570281886.694
1570281886.944
1570281887.194
1570281887.444
1570281887.694
1570281887.944
1570281888.194
1570281888.444
1570281888.694
1570281888.944
1570281889.194
1570281889.444
1570281889.694
1570281889.944
1570281890.194
1570281890.444
1570281890.694
1570281890.944
1570281891.194
1570281891.444
1570281891.694
1570281891.944
1570281892.194
1570281892.444
1570281892.694
1570281892.944
1570281893.194
1570281893.444
1570281893.694
1570281893.944
1570281894.194
1570281894.444
1570281894.694
1570281894.944
1570281895.194
1570281895.444
1570281895.694
1570281895.944
1570281896.194
1570281896.444
1570281896.694
1570281896.944
1570281897.194
1570281897.444
1570281897.694
1570281897.944
1570281898.194
1570281898.444
1570281898.694
1570281898.944
1570281899.194
1570281899.444
1570281899.694
1570281899.944
1570281900.194
1570281900.444
1570281900.694
1570281900.944
1570281901.194
1570281901.444
1570281901.694
1570281901.944
1570281902.194
1570281902.444
1570281902.694
1570281902.944
1570281903.194
1570281903.444
1570281903.694
1570281903.944
1570281904.194
1570281904.444
1570281904.694
1570281904.944
1570281905.194
1570281905.444
