1570279178.694
1570279178.944
1570279179.194
1570279179.444
1570279179.694
1570279179.944
1570279180.194
1570279180.444
1570279180.694
1570279180.944
1570279181.194
1570279181.444
1570279181.694
1570279181.944
1570279182.194
1570279182.444
1570279182.694
1570279182.944
1570279183.194
1570279183.444
1570279183.694
1570279183.944
1570279184.194
1570279184.444
1570279184.694
1570279184.944
1570279185.194
1570279185.444
1570279185.694
1570279185.944
1570279186.194
1570279186.444
1570279186.694
1570279186.944
1570279187.194
1570279187.444
1570279187.694
1570279187.944
1570279188.194
1570279188.444
1570279188.694
1570279188.944
1570279189.194
1570279189.444
1570279189.694
1570279189.944
1570279190.194
1570279190.444
1570279190.694
1570279190.944
1570279191.194
1570279191.444
1570279191.694
1570279191.944
1570279192.194
1570279192.444
1570279192.694
1570279192.944
1570279193.194
1570279193.444
1570279193.694
1570279193.944
1570279194.194
1570279194.444
1570279194.694
1570279194.944
1570279195.194
1570279195.444
1570279195.694
1570279195.944
1570279196.194
1570279196.444
1570279196.694
1570279196.944
1570279197.194
1570279197.444
1570279197.694
1570279197.944
1570279198.194
1570279198.444
1570279198.694
1570279198.944
1570279199.194
1570279199.444
1570279199.694
1570279199.944
1570279200.194
1570279200.444
1570279200.694
1570279200.944
1570279201.194
1570279201.444
1570279201.694
1570279201.944
1570279202.194
1570279202.444
1570279202.694
1570279202.944
1570279203.194
1570279203.444
1570279203.694
1570279203.944
1570279204.194
1570279204.444
1570279204.694
1570279204.944
1570279205.194
1570279205.444
1570279205.694
1570279205.944
1570279206.194
1570279206.444
1570279206.694
1570279206.944
1570279207.194
1570279207.444
1570279207.694
1570279207.944
1570279208.194
1570279208.444
1570279208.694
1570279208.944
1570279209.194
1570279209.444
1570279209.694
1570279209.944
1570279210.194
1570279210.444
1570279210.694
1570279210.944
1570279211.194
1570279211.444
1570279211.694
1570279211.944
1570279212.194
1570279212.444
1570279212.694
1570279212.944
1570279213.194
1570279213.444
1570279213.694
1570279213.944
1570279214.194
1570279214.444
1570279214.694
1570279214.944
1570279215.194
1570279215.444
1570279215.694
1570279215.944
1570279216.194
1570279216.444
1570279216.694
1570279216.944
1570279217.194
1570279217.444
1570279217.694
1570279217.944
1570279218.194
1570279218.444
1570279218.694
1570279218.944
1570279219.194
1570279219.444
1570279219.694
1570279219.944
1570279220.194
1570279220.444
1570279220.694
1570279220.944
1570279221.194
1570279221.444
1570279221.694
1570279221.944
1570279222.194
1570279222.444
1570279222.694
1570279222.944
1570279223.194
1570279223.444
1570279223.694
1570279223.944
1570279224.194
1570279224.444
1570279224.694
1570279224.944
1570279225.194
1570279225.444
1570279225.694
1570279225.944
1570279226.194
1570279226.444
1570279226.694
1570279226.944
1570279227.194
1570279227.444
1570279227.694
1570279227.944
1570279228.194
1570279228.444
1570279228.694
1570279228.944
1570279229.194
1570279229.444
1570279229.694
1570279229.944
1570279230.194
1570279230.444
1570279230.694
1570279230.944
1570279231.194
1570279231.444
1570279231.694
1570279231.944
1570279232.194
1570279232.444
1570279232.694
1570279232.944
1570279233.194
1570279233.444
1570279233.694
1570279233.944
1570279234.194
1570279234.444
1570279234.694
1570279234.944
1570279235.194
1570279235.444
1570279235.694
1570279235.944
1570279236.194
1570279236.444
1570279236.694
1570279236.944
1570279237.194
1570279237.444
1570279237.694
1570279237.944
1570279238.194
1570279238.444
1570279238.694
1570279238.944
1570279239.194
1570279239.444
1570279239.694
1570279239.944
1570279240.194
1570279240.444
1570279240.694
1570279240.944
1570279241.194
1570279241.444
1570279241.694
1570279241.944
1570279242.194
1570279242.444
1570279242.694
1570279242.944
1570279243.194
1570279243.444
1570279243.694
1570279243.944
1570279244.194
1570279244.444
1570279244.694
1570279244.944
1570279245.194
1570279245.444
1570279245.694
1570279245.944
1570279246.194
1570279246.444
1570279246.694
1570279246.944
1570279247.194
1570279247.444
1570279247.694
1570279247.944
1570279248.194
1570279248.444
1570279248.694
1570279248.944
1570279249.194
1570279249.444
1570279249.694
1570279249.944
1570279250.194
1570279250.444
1570279250.694
1570279250.944
1570279251.194
1570279251.444
1570279251.694
1570279251.944
1570279252.194
1570279252.444
1570279252.694
1570279252.944
1570279253.194
1570279253.444
1570279253.694
1570279253.944
1570279254.194
1570279254.444
1570279254.694
1570279254.944
1570279255.194
1570279255.444
1570279255.694
1570279255.944
1570279256.194
1570279256.444
1570279256.694
1570279256.944
1570279257.194
1570279257.444
1570279257.694
1570279257.944
1570279258.194
1570279258.444
1570279258.694
1570279258.944
1570279259.194
1570279259.444
1570279259.694
1570279259.944
1570279260.194
1570279260.444
1570279260.694
1570279260.944
1570279261.194
1570279261.444
1570279261.694
1570279261.944
1570279262.194
1570279262.444
1570279262.694
1570279262.944
1570279263.194
1570279263.444
1570279263.694
1570279263.944
1570279264.194
1570279264.444
1570279264.694
1570279264.944
1570279265.194
1570279265.444
1570279265.694
1570279265.944
1570279266.194
1570279266.444
1570279266.694
1570279266.944
1570279267.194
1570279267.444
1570279267.694
1570279267.944
1570279268.194
1570279268.444
1570279268.694
1570279268.944
1570279269.194
1570279269.444
1570279269.694
1570279269.944
1570279270.194
1570279270.444
1570279270.694
1570279270.944
1570279271.194
1570279271.444
1570279271.694
1570279271.944
1570279272.194
1570279272.444
1570279272.694
1570279272.944
1570279273.194
1570279273.444
1570279273.694
1570279273.944
1570279274.194
1570279274.444
1570279274.694
1570279274.944
1570279275.194
1570279275.444
1570279275.694
1570279275.944
1570279276.194
1570279276.444
1570279276.694
1570279276.944
1570279277.194
1570279277.444
1570279277.694
1570279277.944
1570279278.194
1570279278.444
1570279278.694
1570279278.944
1570279279.194
1570279279.444
1570279279.694
1570279279.944
1570279280.194
1570279280.444
1570279280.694
1570279280.944
1570279281.194
1570279281.444
1570279281.694
1570279281.944
1570279282.194
1570279282.444
1570279282.694
1570279282.944
1570279283.194
1570279283.444
1570279283.694
1570279283.944
1570279284.194
1570279284.444
1570279284.694
1570279284.944
1570279285.194
1570279285.444
1570279285.694
1570279285.944
1570279286.194
1570279286.444
1570279286.694
1570279286.944
1570279287.194
1570279287.444
1570279287.694
1570279287.944
1570279288.194
1570279288.444
1570279288.694
1570279288.944
1570279289.194
1570279289.444
1570279289.694
1570279289.944
1570279290.194
1570279290.444
1570279290.694
1570279290.944
1570279291.194
1570279291.444
1570279291.694
1570279291.944
1570279292.194
1570279292.444
1570279292.694
1570279292.944
1570279293.194
1570279293.444
1570279293.694
1570279293.944
1570279294.194
1570279294.444
1570279294.694
1570279294.944
1570279295.194
1570279295.444
1570279295.694
1570279295.944
1570279296.194
1570279296.444
1570279296.694
1570279296.944
1570279297.194
1570279297.444
1570279297.694
1570279297.944
1570279298.194
1570279298.444
1570279298.694
1570279298.944
1570279299.194
1570279299.444
1570279299.694
1570279299.944
1570279300.194
1570279300.444
1570279300.694
1570279300.944
1570279301.194
1570279301.444
1570279301.694
1570279301.944
1570279302.194
1570279302.444
1570279302.694
1570279302.944
1570279303.194
1570279303.444
1570279303.694
1570279303.944
1570279304.194
1570279304.444
1570279304.694
1570279304.944
1570279305.194
1570279305.444
1570279305.694
1570279305.944
1570279306.194
1570279306.444
1570279306.694
1570279306.944
1570279307.194
1570279307.444
1570279307.694
1570279307.944
1570279308.194
1570279308.444
1570279308.694
1570279308.944
1570279309.194
1570279309.444
1570279309.694
1570279309.944
1570279310.194
1570279310.444
1570279310.694
1570279310.944
1570279311.194
1570279311.444
1570279311.694
1570279311.944
1570279312.194
1570279312.444
1570279312.694
1570279312.944
1570279313.194
1570279313.444
1570279313.694
1570279313.944
1570279314.194
1570279314.444
1570279314.694
1570279314.944
1570279315.194
1570279315.444
1570279315.694
1570279315.944
1570279316.194
1570279316.444
1570279316.694
1570279316.944
1570279317.194
1570279317.444
1570279317.694
1570279317.944
1570279318.194
1570279318.444
1570279318.694
1570279318.944
1570279319.194
1570279319.444
1570279319.694
1570279319.944
1570279320.194
1570279320.444
1570279320.694
1570279320.944
1570279321.194
1570279321.444
1570279321.694
1570279321.944
1570279322.194
1570279322.444
1570279322.694
1570279322.944
1570279323.194
1570279323.444
1570279323.694
1570279323.944
1570279324.194
1570279324.444
1570279324.694
1570279324.944
1570279325.194
1570279325.444
1570279325.694
1570279325.944
1570279326.194
1570279326.444
1570279326.694
1570279326.944
1570279327.194
1570279327.444
1570279327.694
1570279327.944
1570279328.194
1570279328.444
1570279328.694
1570279328.944
1570279329.194
1570279329.444
1570279329.694
1570279329.944
1570279330.194
1570279330.444
1570279330.694
1570279330.944
1570279331.194
1570279331.444
1570279331.694
1570279331.944
1570279332.194
1570279332.444
1570279332.694
1570279332.944
1570279333.194
1570279333.444
1570279333.694
1570279333.944
1570279334.194
1570279334.444
1570279334.694
1570279334.944
1570279335.194
1570279335.444
1570279335.694
1570279335.944
1570279336.194
1570279336.444
1570279336.694
1570279336.944
1570279337.194
1570279337.444
1570279337.694
1570279337.944
1570279338.194
1570279338.444
1570279338.694
1570279338.944
1570279339.194
1570279339.444
1570279339.694
1570279339.944
1570279340.194
1570279340.444
1570279340.694
1570279340.944
1570279341.194
1570279341.444
1570279341.694
1570279341.944
1570279342.194
1570279342.444
1570279342.694
1570279342.944
1570279343.194
1570279343.444
1570279343.694
1570279343.944
1570279344.194
1570279344.444
1570279344.694
1570279344.944
1570279345.194
1570279345.444
1570279345.694
1570279345.944
1570279346.194
1570279346.444
1570279346.694
1570279346.944
1570279347.194
1570279347.444
1570279347.694
1570279347.944
1570279348.194
1570279348.444
1570279348.694
1570279348.944
1570279349.194
1570279349.444
1570279349.694
1570279349.944
1570279350.194
1570279350.444
1570279350.694
1570279350.944
1570279351.194
1570279351.444
1570279351.694
1570279351.944
1570279352.194
1570279352.444
1570279352.694
1570279352.944
1570279353.194
1570279353.444
1570279353.694
1570279353.944
1570279354.194
1570279354.444
1570279354.694
1570279354.944
1570279355.194
1570279355.444
1570279355.694
1570279355.944
1570279356.194
1570279356.444
1570279356.694
1570279356.944
1570279357.194
1570279357.444
1570279357.694
1570279357.944
1570279358.194
1570279358.444
1570279358.694
1570279358.944
1570279359.194
1570279359.444
1570279359.694
1570279359.944
1570279360.194
1570279360.444
1570279360.694
1570279360.944
1570279361.194
1570279361.444
1570279361.694
1570279361.944
1570279362.194
1570279362.444
1570279362.694
1570279362.944
1570279363.194
1570279363.444
1570279363.694
1570279363.944
1570279364.194
1570279364.444
1570279364.694
1570279364.944
1570279365.194
1570279365.444
1570279365.694
1570279365.944
1570279366.194
1570279366.444
1570279366.694
1570279366.944
1570279367.194
1570279367.444
1570279367.694
1570279367.944
1570279368.194
1570279368.444
1570279368.694
1570279368.944
1570279369.194
1570279369.444
1570279369.694
1570279369.944
1570279370.194
1570279370.444
1570279370.694
1570279370.944
1570279371.194
1570279371.444
1570279371.694
1570279371.944
1570279372.194
1570279372.444
1570279372.694
1570279372.944
1570279373.194
1570279373.444
1570279373.694
1570279373.944
1570279374.194
1570279374.444
1570279374.694
1570279374.944
1570279375.194
1570279375.444
1570279375.694
1570279375.944
1570279376.194
1570279376.444
1570279376.694
1570279376.944
1570279377.194
1570279377.444
1570279377.694
1570279377.944
1570279378.194
1570279378.444
1570279378.694
1570279378.944
1570279379.194
1570279379.444
1570279379.694
1570279379.944
1570279380.194
1570279380.444
1570279380.694
1570279380.944
1570279381.194
1570279381.444
1570279381.694
1570279381.944
1570279382.194
1570279382.444
1570279382.694
1570279382.944
1570279383.194
1570279383.444
1570279383.694
1570279383.944
1570279384.194
1570279384.444
1570279384.694
1570279384.944
1570279385.194
1570279385.444
1570279385.694
1570279385.944
1570279386.194
1570279386.444
1570279386.694
1570279386.944
1570279387.194
1570279387.444
1570279387.694
1570279387.944
1570279388.194
1570279388.444
1570279388.694
1570279388.944
1570279389.194
1570279389.444
1570279389.694
1570279389.944
1570279390.194
1570279390.444
1570279390.694
1570279390.944
1570279391.194
1570279391.444
1570279391.694
1570279391.944
1570279392.194
1570279392.444
1570279392.694
1570279392.944
1570279393.194
1570279393.444
1570279393.694
1570279393.944
1570279394.194
1570279394.444
1570279394.694
1570279394.944
1570279395.194
1570279395.444
1570279395.694
1570279395.944
1570279396.194
1570279396.444
1570279396.694
1570279396.944
1570279397.194
1570279397.444
1570279397.694
1570279397.944
1570279398.194
1570279398.444
1570279398.694
1570279398.944
1570279399.194
1570279399.444
1570279399.694
1570279399.944
1570279400.194
1570279400.444
1570279400.694
1570279400.944
1570279401.194
1570279401.444
1570279401.694
1570279401.944
1570279402.194
1570279402.444
1570279402.694
1570279402.944
1570279403.194
1570279403.444
1570279403.694
1570279403.944
1570279404.194
1570279404.444
1570279404.694
1570279404.944
1570279405.194
1570279405.444
1570279405.694
1570279405.944
1570279406.194
1570279406.444
1570279406.694
1570279406.944
1570279407.194
1570279407.444
1570279407.694
1570279407.944
1570279408.194
1570279408.444
1570279408.694
1570279408.944
1570279409.194
1570279409.444
1570279409.694
1570279409.944
1570279410.194
1570279410.444
1570279410.694
1570279410.944
1570279411.194
1570279411.444
1570279411.694
1570279411.944
1570279412.194
1570279412.444
1570279412.694
1570279412.944
1570279413.194
1570279413.444
1570279413.694
1570279413.944
1570279414.194
1570279414.444
1570279414.694
1570279414.944
1570279415.194
1570279415.444
1570279415.694
1570279415.944
1570279416.194
1570279416.444
1570279416.694
1570279416.944
1570279417.194
1570279417.444
1570279417.694
1570279417.944
1570279418.194
1570279418.444
1570279418.694
1570279418.944
1570279419.194
1570279419.444
1570279419.694
1570279419.944
1570279420.194
1570279420.444
1570279420.694
1570279420.944
1570279421.194
1570279421.444
1570279421.694
1570279421.944
1570279422.194
1570279422.444
1570279422.694
1570279422.944
1570279423.194
1570279423.444
1570279423.694
1570279423.944
1570279424.194
1570279424.444
1570279424.694
1570279424.944
1570279425.194
1570279425.444
1570279425.694
1570279425.944
1570279426.194
1570279426.444
1570279426.694
1570279426.944
1570279427.194
1570279427.444
1570279427.694
1570279427.944
1570279428.194
1570279428.444
1570279428.694
1570279428.944
1570279429.194
1570279429.444
1570279429.694
1570279429.944
1570279430.194
1570279430.444
1570279430.694
1570279430.944
1570279431.194
1570279431.444
1570279431.694
1570279431.944
1570279432.194
1570279432.444
1570279432.694
1570279432.944
1570279433.194
1570279433.444
1570279433.694
1570279433.944
1570279434.194
1570279434.444
1570279434.694
1570279434.944
1570279435.194
1570279435.444
1570279435.694
1570279435.944
1570279436.194
1570279436.444
1570279436.694
1570279436.944
1570279437.194
1570279437.444
1570279437.694
1570279437.944
1570279438.194
1570279438.444
1570279438.694
1570279438.944
1570279439.194
1570279439.444
1570279439.694
1570279439.944
1570279440.194
1570279440.444
1570279440.694
1570279440.944
1570279441.194
1570279441.444
1570279441.694
1570279441.944
1570279442.194
1570279442.444
1570279442.694
1570279442.944
1570279443.194
1570279443.444
1570279443.694
1570279443.944
1570279444.194
1570279444.444
1570279444.694
1570279444.944
1570279445.194
1570279445.444
1570279445.694
1570279445.944
1570279446.194
1570279446.444
1570279446.694
1570279446.944
1570279447.194
1570279447.444
1570279447.694
1570279447.944
1570279448.194
1570279448.444
1570279448.694
1570279448.944
1570279449.194
1570279449.444
1570279449.694
1570279449.944
1570279450.194
1570279450.444
1570279450.694
1570279450.944
1570279451.194
1570279451.444
1570279451.694
1570279451.944
1570279452.194
1570279452.444
1570279452.694
1570279452.944
1570279453.194
1570279453.444
1570279453.694
1570279453.944
1570279454.194
1570279454.444
1570279454.694
1570279454.944
1570279455.194
1570279455.444
1570279455.694
1570279455.944
1570279456.194
1570279456.444
1570279456.694
1570279456.944
1570279457.194
1570279457.444
1570279457.694
1570279457.944
1570279458.194
1570279458.444
1570279458.694
1570279458.944
1570279459.194
1570279459.444
1570279459.694
1570279459.944
1570279460.194
1570279460.444
1570279460.694
1570279460.944
1570279461.194
1570279461.444
1570279461.694
1570279461.944
1570279462.194
1570279462.444
1570279462.694
1570279462.944
1570279463.194
1570279463.444
1570279463.694
1570279463.944
1570279464.194
1570279464.444
1570279464.694
1570279464.944
1570279465.194
1570279465.444
1570279465.694
1570279465.944
1570279466.194
1570279466.444
1570279466.694
1570279466.944
1570279467.194
1570279467.444
1570279467.694
1570279467.944
1570279468.194
1570279468.444
1570279468.694
1570279468.944
1570279469.194
1570279469.444
1570279469.694
1570279469.944
1570279470.194
1570279470.444
1570279470.694
1570279470.944
1570279471.194
1570279471.444
1570279471.694
1570279471.944
1570279472.194
1570279472.444
1570279472.694
1570279472.944
1570279473.194
1570279473.444
1570279473.694
1570279473.944
1570279474.194
1570279474.444
1570279474.694
1570279474.944
1570279475.194
1570279475.444
1570279475.694
1570279475.944
1570279476.194
1570279476.444
1570279476.694
1570279476.944
1570279477.194
1570279477.444
1570279477.694
1570279477.944
1570279478.194
1570279478.444
1570279478.694
1570279478.944
1570279479.194
1570279479.444
1570279479.694
1570279479.944
1570279480.194
1570279480.444
1570279480.694
1570279480.944
1570279481.194
1570279481.444
1570279481.694
1570279481.944
1570279482.194
1570279482.444
1570279482.694
1570279482.944
1570279483.194
1570279483.444
1570279483.694
1570279483.944
1570279484.194
1570279484.444
1570279484.694
1570279484.944
1570279485.194
1570279485.444
1570279485.694
1570279485.944
1570279486.194
1570279486.444
1570279486.694
1570279486.944
1570279487.194
1570279487.444
1570279487.694
1570279487.944
1570279488.194
1570279488.444
1570279488.694
1570279488.944
1570279489.194
1570279489.444
1570279489.694
1570279489.944
1570279490.194
1570279490.444
1570279490.694
1570279490.944
1570279491.194
1570279491.444
1570279491.694
1570279491.944
1570279492.194
1570279492.444
1570279492.694
1570279492.944
1570279493.194
1570279493.444
1570279493.694
1570279493.944
1570279494.194
1570279494.444
1570279494.694
1570279494.944
1570279495.194
1570279495.444
1570279495.694
1570279495.944
1570279496.194
1570279496.444
1570279496.694
1570279496.944
1570279497.194
1570279497.444
1570279497.694
1570279497.944
1570279498.194
1570279498.444
1570279498.694
1570279498.944
1570279499.194
1570279499.444
1570279499.694
1570279499.944
1570279500.194
1570279500.444
1570279500.694
1570279500.944
1570279501.194
1570279501.444
1570279501.694
1570279501.944
1570279502.194
1570279502.444
1570279502.694
1570279502.944
1570279503.194
1570279503.444
1570279503.694
1570279503.944
1570279504.194
1570279504.444
1570279504.694
1570279504.944
1570279505.194
1570279505.444
1570279505.694
1570279505.944
1570279506.194
1570279506.444
1570279506.694
1570279506.944
1570279507.194
1570279507.444
1570279507.694
1570279507.944
1570279508.194
1570279508.444
1570279508.694
1570279508.944
1570279509.194
1570279509.444
1570279509.694
1570279509.944
1570279510.194
1570279510.444
1570279510.694
1570279510.944
1570279511.194
1570279511.444
1570279511.694
1570279511.944
1570279512.194
1570279512.444
1570279512.694
1570279512.944
1570279513.194
1570279513.444
1570279513.694
1570279513.944
1570279514.194
1570279514.444
1570279514.694
1570279514.944
1570279515.194
1570279515.444
1570279515.694
1570279515.944
1570279516.194
1570279516.444
1570279516.694
1570279516.944
1570279517.194
1570279517.444
1570279517.694
1570279517.944
1570279518.194
1570279518.444
1570279518.694
1570279518.944
1570279519.194
1570279519.444
1570279519.694
1570279519.944
1570279520.194
1570279520.444
1570279520.694
1570279520.944
1570279521.194
1570279521.444
1570279521.694
1570279521.944
1570279522.194
1570279522.444
1570279522.694
1570279522.944
1570279523.194
1570279523.444
1570279523.694
1570279523.944
1570279524.194
1570279524.444
1570279524.694
1570279524.944
1570279525.194
1570279525.444
1570279525.694
1570279525.944
1570279526.194
1570279526.444
1570279526.694
1570279526.944
1570279527.194
1570279527.444
1570279527.694
1570279527.944
1570279528.194
1570279528.444
1570279528.694
1570279528.944
1570279529.194
1570279529.444
1570279529.694
1570279529.944
1570279530.194
1570279530.444
1570279530.694
1570279530.944
1570279531.194
1570279531.444
1570279531.694
1570279531.944
1570279532.194
1570279532.444
1570279532.694
1570279532.944
1570279533.194
1570279533.444
1570279533.694
1570279533.944
1570279534.194
1570279534.444
1570279534.694
1570279534.944
1570279535.194
1570279535.444
1570279535.694
1570279535.944
1570279536.194
1570279536.444
1570279536.694
1570279536.944
1570279537.194
1570279537.444
1570279537.694
1570279537.944
1570279538.194
1570279538.444
1570279538.694
1570279538.944
1570279539.194
1570279539.444
1570279539.694
1570279539.944
1570279540.194
1570279540.444
1570279540.694
1570279540.944
1570279541.194
1570279541.444
1570279541.694
1570279541.944
1570279542.194
1570279542.444
1570279542.694
1570279542.944
1570279543.194
1570279543.444
1570279543.694
1570279543.944
1570279544.194
1570279544.444
1570279544.694
1570279544.944
1570279545.194
1570279545.444
1570279545.694
1570279545.944
1570279546.194
1570279546.444
1570279546.694
1570279546.944
1570279547.194
1570279547.444
1570279547.694
1570279547.944
1570279548.194
1570279548.444
1570279548.694
1570279548.944
1570279549.194
1570279549.444
1570279549.694
1570279549.944
1570279550.194
1570279550.444
1570279550.694
1570279550.944
1570279551.194
1570279551.444
1570279551.694
1570279551.944
1570279552.194
1570279552.444
1570279552.694
1570279552.944
1570279553.194
1570279553.444
1570279553.694
1570279553.944
1570279554.194
1570279554.444
1570279554.694
1570279554.944
1570279555.194
1570279555.444
1570279555.694
1570279555.944
1570279556.194
1570279556.444
1570279556.694
1570279556.944
1570279557.194
1570279557.444
1570279557.694
1570279557.944
1570279558.194
1570279558.444
1570279558.694
1570279558.944
1570279559.194
1570279559.444
1570279559.694
1570279559.944
1570279560.194
1570279560.444
1570279560.694
1570279560.944
1570279561.194
1570279561.444
1570279561.694
1570279561.944
1570279562.194
1570279562.444
1570279562.694
1570279562.944
1570279563.194
1570279563.444
1570279563.694
1570279563.944
1570279564.194
1570279564.444
1570279564.694
1570279564.944
1570279565.194
1570279565.444
1570279565.694
1570279565.944
1570279566.194
1570279566.444
1570279566.694
1570279566.944
1570279567.194
1570279567.444
1570279567.694
1570279567.944
1570279568.194
1570279568.444
1570279568.694
1570279568.944
1570279569.194
1570279569.444
1570279569.694
1570279569.944
1570279570.194
1570279570.444
