1570281604.47578
1570281604.72579
1570281604.9758
1570281605.22581
1570281605.47583
1570281605.72584
1570281605.97585
1570281606.22586
1570281606.47587
1570281606.72588
1570281606.9759
1570281607.22591
1570281607.47592
1570281607.72593
1570281607.97594
1570281608.22595
1570281608.47597
1570281608.72598
1570281608.97599
1570281609.226
1570281609.47601
1570281609.72602
1570281609.97603
1570281610.22605
1570281610.47606
1570281610.72607
1570281610.97608
1570281611.22609
1570281611.4761
1570281611.72612
1570281611.97613
1570281612.22614
1570281612.47615
1570281612.72616
1570281612.97617
1570281613.22618
1570281613.4762
1570281613.72621
1570281613.97622
1570281614.22623
1570281614.47624
1570281614.72625
1570281614.97627
1570281615.22628
1570281615.47629
1570281615.7263
1570281615.97631
1570281616.22632
1570281616.47634
1570281616.72635
1570281616.97636
1570281617.22637
1570281617.47638
1570281617.72639
1570281617.9764
1570281618.22642
1570281618.47643
1570281618.72644
1570281618.97645
1570281619.22646
1570281619.47647
1570281619.72649
1570281619.9765
1570281620.22651
1570281620.47652
1570281620.72653
1570281620.97654
1570281621.22656
1570281621.47657
1570281621.72658
1570281621.97659
1570281622.2266
1570281622.47661
1570281622.72662
1570281622.97664
1570281623.22665
1570281623.47666
1570281623.72667
1570281623.97668
1570281624.22669
1570281624.47671
1570281624.72672
1570281624.97673
1570281625.22674
1570281625.47675
1570281625.72676
1570281625.97678
1570281626.22679
1570281626.4768
1570281626.72681
1570281626.97682
1570281627.22683
1570281627.47684
1570281627.72686
1570281627.97687
1570281628.22688
1570281628.47689
1570281628.7269
1570281628.97691
1570281629.22693
1570281629.47694
1570281629.72695
1570281629.97696
1570281630.22697
1570281630.47698
1570281630.72699
1570281630.97701
1570281631.22702
1570281631.47703
1570281631.72704
1570281631.97705
1570281632.22706
1570281632.47708
1570281632.72709
1570281632.9771
1570281633.22711
1570281633.47712
1570281633.72713
1570281633.97715
1570281634.22716
1570281634.47717
1570281634.72718
1570281634.97719
1570281635.2272
1570281635.47722
1570281635.72723
1570281635.97724
1570281636.22725
1570281636.47726
1570281636.72727
1570281636.97728
1570281637.2273
1570281637.47731
1570281637.72732
1570281637.97733
1570281638.22734
1570281638.47735
1570281638.72737
1570281638.97738
1570281639.22739
1570281639.4774
1570281639.72741
1570281639.97742
1570281640.22743
1570281640.47745
1570281640.72746
1570281640.97747
1570281641.22748
1570281641.47749
1570281641.7275
1570281641.97752
1570281642.22753
1570281642.47754
1570281642.72755
1570281642.97756
1570281643.22757
1570281643.47759
1570281643.7276
1570281643.97761
1570281644.22762
1570281644.47763
1570281644.72764
1570281644.97765
1570281645.22767
1570281645.47768
1570281645.72769
1570281645.9777
1570281646.22771
1570281646.47772
1570281646.72774
1570281646.97775
1570281647.22776
1570281647.47777
1570281647.72778
1570281647.97779
1570281648.22781
1570281648.47782
1570281648.72783
1570281648.97784
1570281649.22785
1570281649.47786
1570281649.72787
1570281649.97789
1570281650.2279
1570281650.47791
1570281650.72792
1570281650.97793
1570281651.22794
1570281651.47796
1570281651.72797
1570281651.97798
1570281652.22799
1570281652.478
1570281652.72801
1570281652.97803
1570281653.22804
1570281653.47805
1570281653.72806
1570281653.97807
1570281654.22808
1570281654.47809
1570281654.72811
1570281654.97812
1570281655.22813
1570281655.47814
1570281655.72815
1570281655.97816
1570281656.22818
1570281656.47819
1570281656.7282
1570281656.97821
1570281657.22822
1570281657.47823
1570281657.72825
1570281657.97826
1570281658.22827
1570281658.47828
1570281658.72829
1570281658.9783
1570281659.22831
1570281659.47833
1570281659.72834
1570281659.97835
1570281660.22836
1570281660.47837
1570281660.72838
1570281660.9784
1570281661.22841
1570281661.47842
1570281661.72843
1570281661.97844
1570281662.22845
1570281662.47847
1570281662.72848
1570281662.97849
1570281663.2285
1570281663.47851
1570281663.72852
1570281663.97853
1570281664.22855
1570281664.47856
1570281664.72857
1570281664.97858
1570281665.22859
1570281665.4786
1570281665.72862
1570281665.97863
1570281666.22864
1570281666.47865
1570281666.72866
1570281666.97867
1570281667.22868
1570281667.4787
1570281667.72871
1570281667.97872
1570281668.22873
1570281668.47874
1570281668.72875
1570281668.97877
1570281669.22878
1570281669.47879
1570281669.7288
1570281669.97881
1570281670.22882
1570281670.47884
1570281670.72885
1570281670.97886
1570281671.22887
1570281671.47888
1570281671.72889
1570281671.9789
1570281672.22892
1570281672.47893
1570281672.72894
1570281672.97895
1570281673.22896
1570281673.47897
1570281673.72899
1570281673.979
1570281674.22901
1570281674.47902
1570281674.72903
1570281674.97904
1570281675.22906
1570281675.47907
1570281675.72908
1570281675.97909
1570281676.2291
1570281676.47911
1570281676.72912
1570281676.97914
1570281677.22915
1570281677.47916
1570281677.72917
1570281677.97918
1570281678.22919
1570281678.47921
1570281678.72922
1570281678.97923
1570281679.22924
1570281679.47925
1570281679.72926
1570281679.97928
1570281680.22929
1570281680.4793
1570281680.72931
1570281680.97932
1570281681.22933
1570281681.47934
1570281681.72936
1570281681.97937
1570281682.22938
1570281682.47939
1570281682.7294
1570281682.97941
1570281683.22943
1570281683.47944
1570281683.72945
1570281683.97946
1570281684.22947
1570281684.47948
1570281684.7295
1570281684.97951
1570281685.22952
1570281685.47953
1570281685.72954
1570281685.97955
1570281686.22956
1570281686.47958
1570281686.72959
1570281686.9796
1570281687.22961
1570281687.47962
1570281687.72963
1570281687.97965
1570281688.22966
1570281688.47967
1570281688.72968
1570281688.97969
1570281689.2297
1570281689.47972
1570281689.72973
1570281689.97974
1570281690.22975
1570281690.47976
1570281690.72977
1570281690.97978
1570281691.2298
1570281691.47981
1570281691.72982
1570281691.97983
1570281692.22984
1570281692.47985
1570281692.72987
1570281692.97988
1570281693.22989
1570281693.4799
1570281693.72991
1570281693.97992
1570281694.22994
1570281694.47995
1570281694.72996
1570281694.97997
1570281695.22998
1570281695.47999
1570281695.73
1570281695.98002
1570281696.23003
1570281696.48004
1570281696.73005
1570281696.98006
1570281697.23007
1570281697.48009
1570281697.7301
1570281697.98011
1570281698.23012
1570281698.48013
1570281698.73014
1570281698.98015
1570281699.23017
1570281699.48018
1570281699.73019
1570281699.9802
1570281700.23021
1570281700.48022
1570281700.73024
1570281700.98025
1570281701.23026
1570281701.48027
1570281701.73028
1570281701.98029
1570281702.23031
1570281702.48032
1570281702.73033
1570281702.98034
1570281703.23035
1570281703.48036
1570281703.73037
1570281703.98039
1570281704.2304
1570281704.48041
1570281704.73042
1570281704.98043
1570281705.23044
1570281705.48046
1570281705.73047
1570281705.98048
1570281706.23049
1570281706.4805
1570281706.73051
1570281706.98053
1570281707.23054
1570281707.48055
1570281707.73056
1570281707.98057
1570281708.23058
1570281708.48059
1570281708.73061
1570281708.98062
1570281709.23063
1570281709.48064
1570281709.73065
1570281709.98066
1570281710.23068
1570281710.48069
1570281710.7307
1570281710.98071
1570281711.23072
1570281711.48073
1570281711.73075
1570281711.98076
1570281712.23077
1570281712.48078
1570281712.73079
1570281712.9808
1570281713.23081
1570281713.48083
1570281713.73084
1570281713.98085
1570281714.23086
1570281714.48087
1570281714.73088
1570281714.9809
1570281715.23091
1570281715.48092
1570281715.73093
1570281715.98094
1570281716.23095
1570281716.48097
1570281716.73098
1570281716.98099
1570281717.231
1570281717.48101
1570281717.73102
1570281717.98103
1570281718.23105
1570281718.48106
1570281718.73107
1570281718.98108
1570281719.23109
1570281719.4811
1570281719.73112
1570281719.98113
1570281720.23114
1570281720.48115
1570281720.73116
1570281720.98117
1570281721.23119
1570281721.4812
1570281721.73121
1570281721.98122
1570281722.23123
1570281722.48124
1570281722.73125
1570281722.98127
1570281723.23128
1570281723.48129
1570281723.7313
1570281723.98131
1570281724.23132
1570281724.48134
1570281724.73135
1570281724.98136
1570281725.23137
1570281725.48138
1570281725.73139
1570281725.98141
1570281726.23142
1570281726.48143
1570281726.73144
1570281726.98145
1570281727.23146
1570281727.48147
1570281727.73149
1570281727.9815
1570281728.23151
1570281728.48152
1570281728.73153
1570281728.98154
1570281729.23156
1570281729.48157
1570281729.73158
1570281729.98159
1570281730.2316
1570281730.48161
1570281730.73163
1570281730.98164
1570281731.23165
1570281731.48166
1570281731.73167
1570281731.98168
1570281732.23169
1570281732.48171
1570281732.73172
1570281732.98173
1570281733.23174
1570281733.48175
1570281733.73176
1570281733.98178
1570281734.23179
1570281734.4818
1570281734.73181
1570281734.98182
1570281735.23183
1570281735.48184
1570281735.73186
1570281735.98187
1570281736.23188
1570281736.48189
1570281736.7319
1570281736.98191
1570281737.23193
1570281737.48194
1570281737.73195
1570281737.98196
1570281738.23197
1570281738.48198
1570281738.732
1570281738.98201
1570281739.23202
1570281739.48203
1570281739.73204
1570281739.98205
1570281740.23206
1570281740.48208
1570281740.73209
1570281740.9821
1570281741.23211
1570281741.48212
1570281741.73213
1570281741.98215
1570281742.23216
1570281742.48217
1570281742.73218
1570281742.98219
1570281743.2322
1570281743.48222
1570281743.73223
1570281743.98224
1570281744.23225
1570281744.48226
1570281744.73227
1570281744.98228
1570281745.2323
1570281745.48231
1570281745.73232
1570281745.98233
1570281746.23234
1570281746.48235
1570281746.73237
1570281746.98238
1570281747.23239
1570281747.4824
1570281747.73241
1570281747.98242
1570281748.23244
1570281748.48245
1570281748.73246
1570281748.98247
1570281749.23248
1570281749.48249
1570281749.7325
1570281749.98252
1570281750.23253
1570281750.48254
1570281750.73255
1570281750.98256
1570281751.23257
1570281751.48259
1570281751.7326
1570281751.98261
1570281752.23262
1570281752.48263
1570281752.73264
1570281752.98266
1570281753.23267
1570281753.48268
1570281753.73269
1570281753.9827
1570281754.23271
1570281754.48272
1570281754.73274
1570281754.98275
1570281755.23276
1570281755.48277
1570281755.73278
1570281755.98279
1570281756.23281
1570281756.48282
1570281756.73283
1570281756.98284
1570281757.23285
1570281757.48286
1570281757.73288
1570281757.98289
1570281758.2329
1570281758.48291
1570281758.73292
1570281758.98293
1570281759.23294
1570281759.48296
1570281759.73297
1570281759.98298
1570281760.23299
1570281760.483
1570281760.73301
1570281760.98303
1570281761.23304
1570281761.48305
1570281761.73306
1570281761.98307
1570281762.23308
1570281762.48309
1570281762.73311
1570281762.98312
1570281763.23313
1570281763.48314
1570281763.73315
1570281763.98316
1570281764.23318
1570281764.48319
1570281764.7332
1570281764.98321
1570281765.23322
1570281765.48323
1570281765.73325
1570281765.98326
1570281766.23327
1570281766.48328
1570281766.73329
1570281766.9833
1570281767.23331
1570281767.48333
1570281767.73334
1570281767.98335
1570281768.23336
1570281768.48337
1570281768.73338
1570281768.9834
1570281769.23341
1570281769.48342
1570281769.73343
1570281769.98344
1570281770.23345
1570281770.48347
1570281770.73348
1570281770.98349
1570281771.2335
1570281771.48351
1570281771.73352
1570281771.98353
1570281772.23355
1570281772.48356
1570281772.73357
1570281772.98358
1570281773.23359
1570281773.4836
1570281773.73362
1570281773.98363
1570281774.23364
1570281774.48365
1570281774.73366
1570281774.98367
1570281775.23369
1570281775.4837
1570281775.73371
1570281775.98372
1570281776.23373
1570281776.48374
1570281776.73375
1570281776.98377
1570281777.23378
1570281777.48379
1570281777.7338
1570281777.98381
1570281778.23382
1570281778.48384
1570281778.73385
1570281778.98386
1570281779.23387
1570281779.48388
1570281779.73389
1570281779.98391
1570281780.23392
1570281780.48393
1570281780.73394
1570281780.98395
1570281781.23396
1570281781.48397
1570281781.73399
1570281781.984
1570281782.23401
1570281782.48402
1570281782.73403
1570281782.98404
1570281783.23406
1570281783.48407
1570281783.73408
1570281783.98409
1570281784.2341
1570281784.48411
1570281784.73413
1570281784.98414
1570281785.23415
1570281785.48416
1570281785.73417
1570281785.98418
1570281786.23419
1570281786.48421
1570281786.73422
1570281786.98423
1570281787.23424
1570281787.48425
1570281787.73426
1570281787.98428
1570281788.23429
1570281788.4843
1570281788.73431
1570281788.98432
1570281789.23433
1570281789.48434
1570281789.73436
1570281789.98437
1570281790.23438
1570281790.48439
1570281790.7344
1570281790.98441
1570281791.23443
1570281791.48444
1570281791.73445
1570281791.98446
1570281792.23447
1570281792.48448
1570281792.7345
1570281792.98451
1570281793.23452
1570281793.48453
1570281793.73454
1570281793.98455
1570281794.23457
1570281794.48458
1570281794.73459
1570281794.9846
1570281795.23461
1570281795.48462
1570281795.73463
1570281795.98465
1570281796.23466
1570281796.48467
1570281796.73468
1570281796.98469
1570281797.2347
1570281797.48472
1570281797.73473
1570281797.98474
1570281798.23475
1570281798.48476
1570281798.73477
1570281798.98478
1570281799.2348
1570281799.48481
1570281799.73482
1570281799.98483
1570281800.23484
1570281800.48485
1570281800.73487
1570281800.98488
1570281801.23489
1570281801.4849
1570281801.73491
1570281801.98492
1570281802.23494
1570281802.48495
1570281802.73496
1570281802.98497
1570281803.23498
1570281803.48499
1570281803.735
1570281803.98502
1570281804.23503
1570281804.48504
1570281804.73505
1570281804.98506
1570281805.23507
1570281805.48509
1570281805.7351
1570281805.98511
1570281806.23512
1570281806.48513
1570281806.73514
1570281806.98516
1570281807.23517
1570281807.48518
1570281807.73519
1570281807.9852
1570281808.23521
1570281808.48522
1570281808.73524
1570281808.98525
1570281809.23526
1570281809.48527
1570281809.73528
1570281809.98529
1570281810.23531
1570281810.48532
1570281810.73533
1570281810.98534
1570281811.23535
1570281811.48536
1570281811.73538
1570281811.98539
1570281812.2354
1570281812.48541
1570281812.73542
1570281812.98543
1570281813.23544
1570281813.48546
1570281813.73547
1570281813.98548
1570281814.23549
1570281814.4855
1570281814.73551
1570281814.98553
1570281815.23554
1570281815.48555
1570281815.73556
1570281815.98557
1570281816.23558
1570281816.4856
1570281816.73561
1570281816.98562
1570281817.23563
1570281817.48564
1570281817.73565
1570281817.98566
1570281818.23568
1570281818.48569
1570281818.7357
1570281818.98571
1570281819.23572
1570281819.48573
1570281819.73575
1570281819.98576
1570281820.23577
1570281820.48578
1570281820.73579
1570281820.9858
1570281821.23582
1570281821.48583
1570281821.73584
1570281821.98585
1570281822.23586
1570281822.48587
1570281822.73588
1570281822.9859
1570281823.23591
1570281823.48592
1570281823.73593
1570281823.98594
1570281824.23595
1570281824.48597
1570281824.73598
1570281824.98599
1570281825.236
1570281825.48601
1570281825.73602
1570281825.98603
1570281826.23605
1570281826.48606
1570281826.73607
1570281826.98608
1570281827.23609
1570281827.4861
1570281827.73612
1570281827.98613
1570281828.23614
1570281828.48615
1570281828.73616
1570281828.98617
1570281829.23619
1570281829.4862
1570281829.73621
1570281829.98622
1570281830.23623
1570281830.48624
1570281830.73625
1570281830.98627
1570281831.23628
1570281831.48629
1570281831.7363
1570281831.98631
1570281832.23632
1570281832.48634
1570281832.73635
1570281832.98636
1570281833.23637
1570281833.48638
1570281833.73639
1570281833.98641
1570281834.23642
1570281834.48643
1570281834.73644
1570281834.98645
1570281835.23646
1570281835.48647
1570281835.73649
1570281835.9865
1570281836.23651
1570281836.48652
1570281836.73653
1570281836.98654
1570281837.23656
1570281837.48657
1570281837.73658
1570281837.98659
1570281838.2366
1570281838.48661
1570281838.73663
1570281838.98664
1570281839.23665
1570281839.48666
1570281839.73667
1570281839.98668
1570281840.23669
1570281840.48671
1570281840.73672
1570281840.98673
1570281841.23674
1570281841.48675
1570281841.73676
1570281841.98678
1570281842.23679
1570281842.4868
1570281842.73681
1570281842.98682
1570281843.23683
1570281843.48685
1570281843.73686
1570281843.98687
1570281844.23688
1570281844.48689
1570281844.7369
1570281844.98691
1570281845.23693
1570281845.48694
1570281845.73695
1570281845.98696
1570281846.23697
1570281846.48698
1570281846.737
1570281846.98701
1570281847.23702
1570281847.48703
1570281847.73704
1570281847.98705
1570281848.23707
1570281848.48708
1570281848.73709
1570281848.9871
1570281849.23711
1570281849.48712
1570281849.73713
1570281849.98715
1570281850.23716
1570281850.48717
1570281850.73718
1570281850.98719
1570281851.2372
1570281851.48722
1570281851.73723
1570281851.98724
1570281852.23725
1570281852.48726
1570281852.73727
1570281852.98729
1570281853.2373
1570281853.48731
1570281853.73732
1570281853.98733
1570281854.23734
1570281854.48735
1570281854.73737
1570281854.98738
1570281855.23739
1570281855.4874
1570281855.73741
1570281855.98742
1570281856.23744
1570281856.48745
1570281856.73746
1570281856.98747
1570281857.23748
1570281857.48749
1570281857.7375
1570281857.98752
1570281858.23753
1570281858.48754
1570281858.73755
1570281858.98756
1570281859.23757
1570281859.48759
1570281859.7376
1570281859.98761
1570281860.23762
1570281860.48763
1570281860.73764
1570281860.98766
1570281861.23767
1570281861.48768
1570281861.73769
1570281861.9877
1570281862.23771
1570281862.48772
1570281862.73774
1570281862.98775
1570281863.23776
1570281863.48777
1570281863.73778
1570281863.98779
1570281864.23781
1570281864.48782
1570281864.73783
1570281864.98784
1570281865.23785
1570281865.48786
1570281865.73788
1570281865.98789
1570281866.2379
1570281866.48791
1570281866.73792
1570281866.98793
1570281867.23794
1570281867.48796
1570281867.73797
1570281867.98798
1570281868.23799
1570281868.488
1570281868.73801
1570281868.98803
1570281869.23804
1570281869.48805
1570281869.73806
1570281869.98807
1570281870.23808
1570281870.4881
1570281870.73811
1570281870.98812
1570281871.23813
1570281871.48814
1570281871.73815
1570281871.98816
1570281872.23818
1570281872.48819
1570281872.7382
1570281872.98821
1570281873.23822
1570281873.48823
1570281873.73825
1570281873.98826
1570281874.23827
1570281874.48828
1570281874.73829
1570281874.9883
1570281875.23832
1570281875.48833
1570281875.73834
1570281875.98835
1570281876.23836
1570281876.48837
1570281876.73838
1570281876.9884
1570281877.23841
1570281877.48842
1570281877.73843
1570281877.98844
1570281878.23845
1570281878.48847
1570281878.73848
1570281878.98849
1570281879.2385
1570281879.48851
1570281879.73852
1570281879.98854
1570281880.23855
1570281880.48856
1570281880.73857
1570281880.98858
1570281881.23859
1570281881.4886
1570281881.73862
1570281881.98863
1570281882.23864
1570281882.48865
1570281882.73866
1570281882.98867
1570281883.23869
1570281883.4887
1570281883.73871
1570281883.98872
1570281884.23873
1570281884.48874
1570281884.73875
1570281884.98877
1570281885.23878
1570281885.48879
1570281885.7388
1570281885.98881
1570281886.23882
1570281886.48884
1570281886.73885
1570281886.98886
1570281887.23887
1570281887.48888
1570281887.73889
1570281887.98891
1570281888.23892
1570281888.48893
1570281888.73894
1570281888.98895
1570281889.23896
1570281889.48898
1570281889.73899
1570281889.989
1570281890.23901
1570281890.48902
1570281890.73903
1570281890.98904
1570281891.23906
1570281891.48907
1570281891.73908
1570281891.98909
1570281892.2391
1570281892.48911
1570281892.73913
1570281892.98914
1570281893.23915
1570281893.48916
1570281893.73917
1570281893.98918
1570281894.23919
1570281894.48921
1570281894.73922
1570281894.98923
1570281895.23924
1570281895.48925
1570281895.73926
1570281895.98928
1570281896.23929
1570281896.4893
1570281896.73931
1570281896.98932
1570281897.23933
1570281897.48935
1570281897.73936
1570281897.98937
1570281898.23938
1570281898.48939
1570281898.7394
1570281898.98941
1570281899.23943
1570281899.48944
1570281899.73945
1570281899.98946
1570281900.23947
1570281900.48948
1570281900.7395
1570281900.98951
1570281901.23952
1570281901.48953
1570281901.73954
1570281901.98955
1570281902.23957
1570281902.48958
1570281902.73959
1570281902.9896
1570281903.23961
1570281903.48962
1570281903.73963
1570281903.98965
1570281904.23966
