1570279732.38911
1570279732.63912
1570279732.88913
1570279733.13914
1570279733.38915
1570279733.63917
1570279733.88918
1570279734.13919
1570279734.3892
1570279734.63921
1570279734.88922
1570279735.13924
1570279735.38925
1570279735.63926
1570279735.88927
1570279736.13928
1570279736.38929
1570279736.6393
1570279736.88932
1570279737.13933
1570279737.38934
1570279737.63935
1570279737.88936
1570279738.13937
1570279738.38939
1570279738.6394
1570279738.88941
1570279739.13942
1570279739.38943
1570279739.63944
1570279739.88946
1570279740.13947
1570279740.38948
1570279740.63949
1570279740.8895
1570279741.13951
1570279741.38952
1570279741.63954
1570279741.88955
1570279742.13956
1570279742.38957
1570279742.63958
1570279742.88959
1570279743.13961
1570279743.38962
1570279743.63963
1570279743.88964
1570279744.13965
1570279744.38966
1570279744.63968
1570279744.88969
1570279745.1397
1570279745.38971
1570279745.63972
1570279745.88973
1570279746.13974
1570279746.38976
1570279746.63977
1570279746.88978
1570279747.13979
1570279747.3898
1570279747.63981
1570279747.88983
1570279748.13984
1570279748.38985
1570279748.63986
1570279748.88987
1570279749.13988
1570279749.38989
1570279749.63991
1570279749.88992
1570279750.13993
1570279750.38994
1570279750.63995
1570279750.88996
1570279751.13998
1570279751.38999
1570279751.64
1570279751.89001
1570279752.14002
1570279752.39003
1570279752.64005
1570279752.89006
1570279753.14007
1570279753.39008
1570279753.64009
1570279753.8901
1570279754.14012
1570279754.39013
1570279754.64014
1570279754.89015
1570279755.14016
1570279755.39017
1570279755.64018
1570279755.8902
1570279756.14021
1570279756.39022
1570279756.64023
1570279756.89024
1570279757.14025
1570279757.39027
1570279757.64028
1570279757.89029
1570279758.1403
1570279758.39031
1570279758.64032
1570279758.89033
1570279759.14035
1570279759.39036
1570279759.64037
1570279759.89038
1570279760.14039
1570279760.3904
1570279760.64042
1570279760.89043
1570279761.14044
1570279761.39045
1570279761.64046
1570279761.89047
1570279762.14049
1570279762.3905
1570279762.64051
1570279762.89052
1570279763.14053
1570279763.39054
1570279763.64055
1570279763.89057
1570279764.14058
1570279764.39059
1570279764.6406
1570279764.89061
1570279765.14062
1570279765.39064
1570279765.64065
1570279765.89066
1570279766.14067
1570279766.39068
1570279766.64069
1570279766.89071
1570279767.14072
1570279767.39073
1570279767.64074
1570279767.89075
1570279768.14076
1570279768.39077
1570279768.64079
1570279768.8908
1570279769.14081
1570279769.39082
1570279769.64083
1570279769.89084
1570279770.14086
1570279770.39087
1570279770.64088
1570279770.89089
1570279771.1409
1570279771.39091
1570279771.64093
1570279771.89094
1570279772.14095
1570279772.39096
1570279772.64097
1570279772.89098
1570279773.14099
1570279773.39101
1570279773.64102
1570279773.89103
1570279774.14104
1570279774.39105
1570279774.64106
1570279774.89108
1570279775.14109
1570279775.3911
1570279775.64111
1570279775.89112
1570279776.14113
1570279776.39115
1570279776.64116
1570279776.89117
1570279777.14118
1570279777.39119
1570279777.6412
1570279777.89121
1570279778.14123
1570279778.39124
1570279778.64125
1570279778.89126
1570279779.14127
1570279779.39128
1570279779.6413
1570279779.89131
1570279780.14132
1570279780.39133
1570279780.64134
1570279780.89135
1570279781.14137
1570279781.39138
1570279781.64139
1570279781.8914
1570279782.14141
1570279782.39142
1570279782.64143
1570279782.89145
1570279783.14146
1570279783.39147
1570279783.64148
1570279783.89149
1570279784.1415
1570279784.39152
1570279784.64153
1570279784.89154
1570279785.14155
1570279785.39156
1570279785.64157
1570279785.89158
1570279786.1416
1570279786.39161
1570279786.64162
1570279786.89163
1570279787.14164
1570279787.39165
1570279787.64167
1570279787.89168
1570279788.14169
1570279788.3917
1570279788.64171
1570279788.89172
1570279789.14174
1570279789.39175
1570279789.64176
1570279789.89177
1570279790.14178
1570279790.39179
1570279790.6418
1570279790.89182
1570279791.14183
1570279791.39184
1570279791.64185
1570279791.89186
1570279792.14187
1570279792.39189
1570279792.6419
1570279792.89191
1570279793.14192
1570279793.39193
1570279793.64194
1570279793.89196
1570279794.14197
1570279794.39198
1570279794.64199
1570279794.892
1570279795.14201
1570279795.39202
1570279795.64204
1570279795.89205
1570279796.14206
1570279796.39207
1570279796.64208
1570279796.89209
1570279797.14211
1570279797.39212
1570279797.64213
1570279797.89214
1570279798.14215
1570279798.39216
1570279798.64218
1570279798.89219
1570279799.1422
1570279799.39221
1570279799.64222
1570279799.89223
1570279800.14224
1570279800.39226
1570279800.64227
1570279800.89228
1570279801.14229
1570279801.3923
1570279801.64231
1570279801.89233
1570279802.14234
1570279802.39235
1570279802.64236
1570279802.89237
1570279803.14238
1570279803.3924
1570279803.64241
1570279803.89242
1570279804.14243
1570279804.39244
1570279804.64245
1570279804.89246
1570279805.14248
1570279805.39249
1570279805.6425
1570279805.89251
1570279806.14252
1570279806.39253
1570279806.64255
1570279806.89256
1570279807.14257
1570279807.39258
1570279807.64259
1570279807.8926
1570279808.14262
1570279808.39263
1570279808.64264
1570279808.89265
1570279809.14266
1570279809.39267
1570279809.64268
1570279809.8927
1570279810.14271
1570279810.39272
1570279810.64273
1570279810.89274
1570279811.14275
1570279811.39277
1570279811.64278
1570279811.89279
1570279812.1428
1570279812.39281
1570279812.64282
1570279812.89284
1570279813.14285
1570279813.39286
1570279813.64287
1570279813.89288
1570279814.14289
1570279814.3929
1570279814.64292
1570279814.89293
1570279815.14294
1570279815.39295
1570279815.64296
1570279815.89297
1570279816.14299
1570279816.393
1570279816.64301
1570279816.89302
1570279817.14303
1570279817.39304
1570279817.64305
1570279817.89307
1570279818.14308
1570279818.39309
1570279818.6431
1570279818.89311
1570279819.14312
1570279819.39314
1570279819.64315
1570279819.89316
1570279820.14317
1570279820.39318
1570279820.64319
1570279820.89321
1570279821.14322
1570279821.39323
1570279821.64324
1570279821.89325
1570279822.14326
1570279822.39327
1570279822.64329
1570279822.8933
1570279823.14331
1570279823.39332
1570279823.64333
1570279823.89334
1570279824.14336
1570279824.39337
1570279824.64338
1570279824.89339
1570279825.1434
1570279825.39341
1570279825.64343
1570279825.89344
1570279826.14345
1570279826.39346
1570279826.64347
1570279826.89348
1570279827.14349
1570279827.39351
1570279827.64352
1570279827.89353
1570279828.14354
1570279828.39355
1570279828.64356
1570279828.89358
1570279829.14359
1570279829.3936
1570279829.64361
1570279829.89362
1570279830.14363
1570279830.39365
1570279830.64366
1570279830.89367
1570279831.14368
1570279831.39369
1570279831.6437
1570279831.89371
1570279832.14373
1570279832.39374
1570279832.64375
1570279832.89376
1570279833.14377
1570279833.39378
1570279833.6438
1570279833.89381
1570279834.14382
1570279834.39383
1570279834.64384
1570279834.89385
1570279835.14387
1570279835.39388
1570279835.64389
1570279835.8939
1570279836.14391
1570279836.39392
1570279836.64393
1570279836.89395
1570279837.14396
1570279837.39397
1570279837.64398
1570279837.89399
1570279838.144
1570279838.39402
1570279838.64403
1570279838.89404
1570279839.14405
1570279839.39406
1570279839.64407
1570279839.89409
1570279840.1441
1570279840.39411
1570279840.64412
1570279840.89413
1570279841.14414
1570279841.39415
1570279841.64417
1570279841.89418
1570279842.14419
1570279842.3942
1570279842.64421
1570279842.89422
1570279843.14424
1570279843.39425
1570279843.64426
1570279843.89427
1570279844.14428
1570279844.39429
1570279844.6443
1570279844.89432
1570279845.14433
1570279845.39434
1570279845.64435
1570279845.89436
1570279846.14437
1570279846.39439
1570279846.6444
1570279846.89441
1570279847.14442
1570279847.39443
1570279847.64444
1570279847.89446
1570279848.14447
1570279848.39448
1570279848.64449
1570279848.8945
1570279849.14451
1570279849.39453
1570279849.64454
1570279849.89455
1570279850.14456
1570279850.39457
1570279850.64458
1570279850.89459
1570279851.14461
1570279851.39462
1570279851.64463
1570279851.89464
1570279852.14465
1570279852.39466
1570279852.64468
1570279852.89469
1570279853.1447
1570279853.39471
1570279853.64472
1570279853.89473
1570279854.14474
1570279854.39476
1570279854.64477
1570279854.89478
1570279855.14479
1570279855.3948
1570279855.64481
1570279855.89483
1570279856.14484
1570279856.39485
1570279856.64486
1570279856.89487
1570279857.14488
1570279857.3949
1570279857.64491
1570279857.89492
1570279858.14493
1570279858.39494
1570279858.64495
1570279858.89496
1570279859.14498
1570279859.39499
1570279859.645
1570279859.89501
1570279860.14502
1570279860.39503
1570279860.64505
1570279860.89506
1570279861.14507
1570279861.39508
1570279861.64509
1570279861.8951
1570279862.14512
1570279862.39513
1570279862.64514
1570279862.89515
1570279863.14516
1570279863.39517
1570279863.64518
1570279863.8952
1570279864.14521
1570279864.39522
1570279864.64523
1570279864.89524
1570279865.14525
1570279865.39527
1570279865.64528
1570279865.89529
1570279866.1453
1570279866.39531
1570279866.64532
1570279866.89534
1570279867.14535
1570279867.39536
1570279867.64537
1570279867.89538
1570279868.14539
1570279868.3954
1570279868.64542
1570279868.89543
1570279869.14544
1570279869.39545
1570279869.64546
1570279869.89547
1570279870.14549
1570279870.3955
1570279870.64551
1570279870.89552
1570279871.14553
1570279871.39554
1570279871.64556
1570279871.89557
1570279872.14558
1570279872.39559
1570279872.6456
1570279872.89561
1570279873.14562
1570279873.39564
1570279873.64565
1570279873.89566
1570279874.14567
1570279874.39568
1570279874.64569
1570279874.89571
1570279875.14572
1570279875.39573
1570279875.64574
1570279875.89575
1570279876.14576
1570279876.39578
1570279876.64579
1570279876.8958
1570279877.14581
1570279877.39582
1570279877.64583
1570279877.89584
1570279878.14586
1570279878.39587
1570279878.64588
1570279878.89589
1570279879.1459
1570279879.39591
1570279879.64593
1570279879.89594
1570279880.14595
1570279880.39596
1570279880.64597
1570279880.89598
1570279881.14599
1570279881.39601
1570279881.64602
1570279881.89603
1570279882.14604
1570279882.39605
1570279882.64606
1570279882.89608
1570279883.14609
1570279883.3961
1570279883.64611
1570279883.89612
1570279884.14613
1570279884.39615
1570279884.64616
1570279884.89617
1570279885.14618
1570279885.39619
1570279885.6462
1570279885.89621
1570279886.14623
1570279886.39624
1570279886.64625
1570279886.89626
1570279887.14627
1570279887.39628
1570279887.6463
1570279887.89631
1570279888.14632
1570279888.39633
1570279888.64634
1570279888.89635
1570279889.14637
1570279889.39638
1570279889.64639
1570279889.8964
1570279890.14641
1570279890.39642
1570279890.64643
1570279890.89645
1570279891.14646
1570279891.39647
1570279891.64648
1570279891.89649
1570279892.1465
1570279892.39652
1570279892.64653
1570279892.89654
1570279893.14655
1570279893.39656
1570279893.64657
1570279893.89659
1570279894.1466
1570279894.39661
1570279894.64662
1570279894.89663
1570279895.14664
1570279895.39665
1570279895.64667
1570279895.89668
1570279896.14669
1570279896.3967
1570279896.64671
1570279896.89672
1570279897.14674
1570279897.39675
1570279897.64676
1570279897.89677
1570279898.14678
1570279898.39679
1570279898.64681
1570279898.89682
1570279899.14683
1570279899.39684
1570279899.64685
1570279899.89686
1570279900.14687
1570279900.39689
1570279900.6469
1570279900.89691
1570279901.14692
1570279901.39693
1570279901.64694
1570279901.89696
1570279902.14697
1570279902.39698
1570279902.64699
1570279902.897
1570279903.14701
1570279903.39703
1570279903.64704
1570279903.89705
1570279904.14706
1570279904.39707
1570279904.64708
1570279904.89709
1570279905.14711
1570279905.39712
1570279905.64713
1570279905.89714
1570279906.14715
1570279906.39716
1570279906.64718
1570279906.89719
1570279907.1472
1570279907.39721
1570279907.64722
1570279907.89723
1570279908.14724
1570279908.39726
1570279908.64727
1570279908.89728
1570279909.14729
1570279909.3973
1570279909.64731
1570279909.89733
1570279910.14734
1570279910.39735
1570279910.64736
1570279910.89737
1570279911.14738
1570279911.3974
1570279911.64741
1570279911.89742
1570279912.14743
1570279912.39744
1570279912.64745
1570279912.89746
1570279913.14748
1570279913.39749
1570279913.6475
1570279913.89751
1570279914.14752
1570279914.39753
1570279914.64755
1570279914.89756
1570279915.14757
1570279915.39758
1570279915.64759
1570279915.8976
1570279916.14762
1570279916.39763
1570279916.64764
1570279916.89765
1570279917.14766
1570279917.39767
1570279917.64768
1570279917.8977
1570279918.14771
1570279918.39772
1570279918.64773
1570279918.89774
1570279919.14775
1570279919.39777
1570279919.64778
1570279919.89779
1570279920.1478
1570279920.39781
1570279920.64782
1570279920.89784
1570279921.14785
1570279921.39786
1570279921.64787
1570279921.89788
1570279922.14789
1570279922.3979
1570279922.64792
1570279922.89793
1570279923.14794
1570279923.39795
1570279923.64796
1570279923.89797
1570279924.14799
1570279924.398
1570279924.64801
1570279924.89802
1570279925.14803
1570279925.39804
1570279925.64806
1570279925.89807
1570279926.14808
1570279926.39809
1570279926.6481
1570279926.89811
1570279927.14812
1570279927.39814
1570279927.64815
1570279927.89816
1570279928.14817
1570279928.39818
1570279928.64819
1570279928.89821
1570279929.14822
1570279929.39823
1570279929.64824
1570279929.89825
1570279930.14826
1570279930.39828
1570279930.64829
1570279930.8983
1570279931.14831
1570279931.39832
1570279931.64833
1570279931.89834
1570279932.14836
1570279932.39837
1570279932.64838
1570279932.89839
1570279933.1484
1570279933.39841
1570279933.64843
1570279933.89844
1570279934.14845
1570279934.39846
1570279934.64847
1570279934.89848
1570279935.1485
1570279935.39851
1570279935.64852
1570279935.89853
1570279936.14854
1570279936.39855
1570279936.64856
1570279936.89858
1570279937.14859
1570279937.3986
1570279937.64861
1570279937.89862
1570279938.14863
1570279938.39865
1570279938.64866
1570279938.89867
1570279939.14868
1570279939.39869
1570279939.6487
1570279939.89872
1570279940.14873
1570279940.39874
1570279940.64875
1570279940.89876
1570279941.14877
1570279941.39878
1570279941.6488
1570279941.89881
1570279942.14882
1570279942.39883
1570279942.64884
1570279942.89885
1570279943.14887
1570279943.39888
1570279943.64889
1570279943.8989
1570279944.14891
1570279944.39892
1570279944.64893
1570279944.89895
1570279945.14896
1570279945.39897
1570279945.64898
1570279945.89899
1570279946.149
1570279946.39902
1570279946.64903
1570279946.89904
1570279947.14905
1570279947.39906
1570279947.64907
1570279947.89909
1570279948.1491
1570279948.39911
1570279948.64912
1570279948.89913
1570279949.14914
1570279949.39915
1570279949.64917
1570279949.89918
1570279950.14919
1570279950.3992
1570279950.64921
1570279950.89922
1570279951.14924
1570279951.39925
1570279951.64926
1570279951.89927
1570279952.14928
1570279952.39929
1570279952.64931
1570279952.89932
1570279953.14933
1570279953.39934
1570279953.64935
1570279953.89936
1570279954.14937
1570279954.39939
1570279954.6494
1570279954.89941
1570279955.14942
1570279955.39943
1570279955.64944
1570279955.89946
1570279956.14947
1570279956.39948
1570279956.64949
1570279956.8995
1570279957.14951
1570279957.39953
1570279957.64954
1570279957.89955
1570279958.14956
1570279958.39957
1570279958.64958
1570279958.89959
1570279959.14961
1570279959.39962
1570279959.64963
1570279959.89964
1570279960.14965
1570279960.39966
1570279960.64968
1570279960.89969
1570279961.1497
1570279961.39971
1570279961.64972
1570279961.89973
1570279962.14975
1570279962.39976
1570279962.64977
1570279962.89978
1570279963.14979
1570279963.3998
1570279963.64981
1570279963.89983
1570279964.14984
1570279964.39985
1570279964.64986
1570279964.89987
1570279965.14988
1570279965.3999
1570279965.64991
1570279965.89992
1570279966.14993
1570279966.39994
1570279966.64995
1570279966.89997
1570279967.14998
1570279967.39999
1570279967.65
1570279967.90001
1570279968.15002
1570279968.40003
1570279968.65005
1570279968.90006
1570279969.15007
1570279969.40008
1570279969.65009
1570279969.9001
1570279970.15012
1570279970.40013
1570279970.65014
1570279970.90015
1570279971.15016
1570279971.40017
1570279971.65019
1570279971.9002
1570279972.15021
1570279972.40022
1570279972.65023
1570279972.90024
1570279973.15025
1570279973.40027
1570279973.65028
1570279973.90029
1570279974.1503
1570279974.40031
1570279974.65032
1570279974.90034
1570279975.15035
1570279975.40036
1570279975.65037
1570279975.90038
1570279976.15039
1570279976.4004
1570279976.65042
1570279976.90043
1570279977.15044
1570279977.40045
1570279977.65046
1570279977.90047
1570279978.15049
1570279978.4005
1570279978.65051
1570279978.90052
1570279979.15053
1570279979.40054
1570279979.65056
1570279979.90057
1570279980.15058
1570279980.40059
1570279980.6506
1570279980.90061
1570279981.15062
1570279981.40064
1570279981.65065
1570279981.90066
1570279982.15067
1570279982.40068
1570279982.65069
1570279982.90071
1570279983.15072
1570279983.40073
1570279983.65074
1570279983.90075
1570279984.15076
1570279984.40078
1570279984.65079
1570279984.9008
1570279985.15081
1570279985.40082
1570279985.65083
1570279985.90084
1570279986.15086
1570279986.40087
1570279986.65088
1570279986.90089
1570279987.1509
1570279987.40091
1570279987.65093
1570279987.90094
1570279988.15095
1570279988.40096
1570279988.65097
1570279988.90098
1570279989.151
1570279989.40101
1570279989.65102
1570279989.90103
1570279990.15104
1570279990.40105
1570279990.65106
1570279990.90108
1570279991.15109
1570279991.4011
1570279991.65111
1570279991.90112
1570279992.15113
1570279992.40115
1570279992.65116
1570279992.90117
1570279993.15118
1570279993.40119
1570279993.6512
1570279993.90122
1570279994.15123
1570279994.40124
1570279994.65125
1570279994.90126
1570279995.15127
1570279995.40128
1570279995.6513
1570279995.90131
1570279996.15132
1570279996.40133
1570279996.65134
1570279996.90135
1570279997.15137
1570279997.40138
1570279997.65139
1570279997.9014
1570279998.15141
1570279998.40142
1570279998.65144
1570279998.90145
1570279999.15146
1570279999.40147
1570279999.65148
1570279999.90149
1570280000.1515
1570280000.40152
1570280000.65153
1570280000.90154
1570280001.15155
1570280001.40156
1570280001.65157
1570280001.90159
1570280002.1516
1570280002.40161
1570280002.65162
1570280002.90163
1570280003.15164
1570280003.40165
1570280003.65167
1570280003.90168
1570280004.15169
1570280004.4017
1570280004.65171
1570280004.90172
1570280005.15174
1570280005.40175
1570280005.65176
1570280005.90177
1570280006.15178
1570280006.40179
1570280006.65181
1570280006.90182
1570280007.15183
1570280007.40184
1570280007.65185
1570280007.90186
1570280008.15188
1570280008.40189
1570280008.6519
1570280008.90191
1570280009.15192
1570280009.40193
1570280009.65194
1570280009.90196
1570280010.15197
1570280010.40198
1570280010.65199
1570280010.902
1570280011.15201
1570280011.40203
1570280011.65204
1570280011.90205
1570280012.15206
1570280012.40207
1570280012.65208
1570280012.90209
1570280013.15211
1570280013.40212
1570280013.65213
1570280013.90214
1570280014.15215
1570280014.40216
1570280014.65218
1570280014.90219
1570280015.1522
1570280015.40221
1570280015.65222
1570280015.90223
1570280016.15225
1570280016.40226
1570280016.65227
1570280016.90228
1570280017.15229
1570280017.4023
1570280017.65231
1570280017.90233
1570280018.15234
1570280018.40235
1570280018.65236
1570280018.90237
1570280019.15238
1570280019.4024
1570280019.65241
1570280019.90242
1570280020.15243
1570280020.40244
1570280020.65245
1570280020.90247
1570280021.15248
1570280021.40249
1570280021.6525
1570280021.90251
1570280022.15252
1570280022.40253
1570280022.65255
1570280022.90256
1570280023.15257
1570280023.40258
1570280023.65259
1570280023.9026
1570280024.15262
1570280024.40263
1570280024.65264
1570280024.90265
1570280025.15266
1570280025.40267
1570280025.65269
1570280025.9027
1570280026.15271
1570280026.40272
1570280026.65273
1570280026.90274
1570280027.15275
1570280027.40277
1570280027.65278
1570280027.90279
1570280028.1528
1570280028.40281
1570280028.65282
1570280028.90284
1570280029.15285
1570280029.40286
1570280029.65287
1570280029.90288
1570280030.15289
1570280030.4029
1570280030.65292
1570280030.90293
1570280031.15294
1570280031.40295
1570280031.65296
1570280031.90297
1570280032.15299
1570280032.403
1570280032.65301
1570280032.90302
1570280033.15303
1570280033.40304
1570280033.65306
1570280033.90307
1570280034.15308
1570280034.40309
1570280034.6531
1570280034.90311
1570280035.15313
1570280035.40314
1570280035.65315
1570280035.90316
1570280036.15317
1570280036.40318
1570280036.65319
1570280036.90321
1570280037.15322
1570280037.40323
1570280037.65324
1570280037.90325
1570280038.15326
1570280038.40328
1570280038.65329
1570280038.9033
1570280039.15331
1570280039.40332
1570280039.65333
1570280039.90334
1570280040.15336
1570280040.40337
1570280040.65338
1570280040.90339
1570280041.1534
1570280041.40341
1570280041.65343
1570280041.90344
1570280042.15345
1570280042.40346
1570280042.65347
1570280042.90348
1570280043.1535
1570280043.40351
1570280043.65352
1570280043.90353
1570280044.15354
1570280044.40355
1570280044.65356
1570280044.90358
1570280045.15359
1570280045.4036
1570280045.65361
1570280045.90362
1570280046.15363
1570280046.40365
1570280046.65366
1570280046.90367
1570280047.15368
1570280047.40369
1570280047.6537
1570280047.90372
1570280048.15373
1570280048.40374
1570280048.65375
1570280048.90376
1570280049.15377
1570280049.40378
1570280049.6538
1570280049.90381
1570280050.15382
1570280050.40383
1570280050.65384
1570280050.90385
1570280051.15387
1570280051.40388
1570280051.65389
1570280051.9039
1570280052.15391
1570280052.40392
1570280052.65394
1570280052.90395
1570280053.15396
1570280053.40397
1570280053.65398
1570280053.90399
1570280054.154
1570280054.40402
1570280054.65403
1570280054.90404
1570280055.15405
1570280055.40406
1570280055.65407
1570280055.90409
1570280056.1541
1570280056.40411
1570280056.65412
1570280056.90413
1570280057.15414
1570280057.40416
1570280057.65417
1570280057.90418
1570280058.15419
1570280058.4042
1570280058.65421
1570280058.90422
1570280059.15424
1570280059.40425
1570280059.65426
1570280059.90427
1570280060.15428
1570280060.40429
1570280060.65431
1570280060.90432
1570280061.15433
1570280061.40434
1570280061.65435
1570280061.90436
1570280062.15438
1570280062.40439
1570280062.6544
1570280062.90441
1570280063.15442
1570280063.40443
1570280063.65444
1570280063.90446
1570280064.15447
1570280064.40448
1570280064.65449
1570280064.9045
1570280065.15451
1570280065.40453
1570280065.65454
1570280065.90455
1570280066.15456
1570280066.40457
1570280066.65458
1570280066.90459
1570280067.15461
1570280067.40462
1570280067.65463
1570280067.90464
1570280068.15465
1570280068.40466
1570280068.65468
1570280068.90469
1570280069.1547
1570280069.40471
1570280069.65472
1570280069.90473
1570280070.15475
1570280070.40476
1570280070.65477
1570280070.90478
1570280071.15479
1570280071.4048
1570280071.65481
1570280071.90483
1570280072.15484
1570280072.40485
1570280072.65486
1570280072.90487
1570280073.15488
1570280073.4049
1570280073.65491
1570280073.90492
1570280074.15493
1570280074.40494
1570280074.65495
1570280074.90497
1570280075.15498
1570280075.40499
1570280075.655
1570280075.90501
1570280076.15502
1570280076.40503
1570280076.65505
1570280076.90506
1570280077.15507
1570280077.40508
1570280077.65509
1570280077.9051
1570280078.15512
1570280078.40513
1570280078.65514
1570280078.90515
1570280079.15516
1570280079.40517
1570280079.65519
1570280079.9052
1570280080.15521
1570280080.40522
1570280080.65523
1570280080.90524
1570280081.15525
1570280081.40527
1570280081.65528
1570280081.90529
1570280082.1553
1570280082.40531
1570280082.65532
1570280082.90534
1570280083.15535
1570280083.40536
1570280083.65537
1570280083.90538
1570280084.15539
1570280084.40541
1570280084.65542
1570280084.90543
1570280085.15544
1570280085.40545
1570280085.65546
1570280085.90547
1570280086.15549
1570280086.4055
1570280086.65551
1570280086.90552
1570280087.15553
1570280087.40554
1570280087.65556
1570280087.90557
1570280088.15558
1570280088.40559
1570280088.6556
1570280088.90561
1570280089.15563
1570280089.40564
1570280089.65565
1570280089.90566
1570280090.15567
1570280090.40568
1570280090.65569
1570280090.90571
1570280091.15572
1570280091.40573
1570280091.65574
1570280091.90575
1570280092.15576
1570280092.40578
1570280092.65579
1570280092.9058
1570280093.15581
1570280093.40582
1570280093.65583
1570280093.90585
1570280094.15586
1570280094.40587
1570280094.65588
1570280094.90589
1570280095.1559
1570280095.40591
1570280095.65593
1570280095.90594
1570280096.15595
1570280096.40596
1570280096.65597
1570280096.90598
1570280097.156
1570280097.40601
1570280097.65602
1570280097.90603
1570280098.15604
1570280098.40605
1570280098.65606
1570280098.90608
1570280099.15609
1570280099.4061
1570280099.65611
1570280099.90612
1570280100.15613
1570280100.40615
1570280100.65616
1570280100.90617
1570280101.15618
1570280101.40619
1570280101.6562
1570280101.90622
1570280102.15623
1570280102.40624
1570280102.65625
1570280102.90626
1570280103.15627
1570280103.40628
1570280103.6563
1570280103.90631
1570280104.15632
1570280104.40633
1570280104.65634
1570280104.90635
1570280105.15637
1570280105.40638
1570280105.65639
1570280105.9064
1570280106.15641
1570280106.40642
1570280106.65644
1570280106.90645
1570280107.15646
1570280107.40647
1570280107.65648
1570280107.90649
1570280108.1565
1570280108.40652
1570280108.65653
1570280108.90654
1570280109.15655
