1570278712.34188
1570278712.59189
1570278712.84191
1570278713.09192
1570278713.34193
1570278713.59194
1570278713.84195
1570278714.09196
1570278714.34198
1570278714.59199
1570278714.842
1570278715.09201
1570278715.34202
1570278715.59203
1570278715.84205
1570278716.09206
1570278716.34207
1570278716.59208
1570278716.84209
1570278717.0921
1570278717.34211
1570278717.59213
1570278717.84214
1570278718.09215
1570278718.34216
1570278718.59217
1570278718.84218
1570278719.0922
1570278719.34221
1570278719.59222
1570278719.84223
1570278720.09224
1570278720.34225
1570278720.59226
1570278720.84228
1570278721.09229
1570278721.3423
1570278721.59231
1570278721.84232
1570278722.09233
1570278722.34235
1570278722.59236
1570278722.84237
1570278723.09238
1570278723.34239
1570278723.5924
1570278723.84242
1570278724.09243
1570278724.34244
1570278724.59245
1570278724.84246
1570278725.09247
1570278725.34248
1570278725.5925
1570278725.84251
1570278726.09252
1570278726.34253
1570278726.59254
1570278726.84255
1570278727.09257
1570278727.34258
1570278727.59259
1570278727.8426
1570278728.09261
1570278728.34262
1570278728.59264
1570278728.84265
1570278729.09266
1570278729.34267
1570278729.59268
1570278729.84269
1570278730.0927
1570278730.34272
1570278730.59273
1570278730.84274
1570278731.09275
1570278731.34276
1570278731.59277
1570278731.84279
1570278732.0928
1570278732.34281
1570278732.59282
1570278732.84283
1570278733.09284
1570278733.34286
1570278733.59287
1570278733.84288
1570278734.09289
1570278734.3429
1570278734.59291
1570278734.84292
1570278735.09294
1570278735.34295
1570278735.59296
1570278735.84297
1570278736.09298
1570278736.34299
1570278736.59301
1570278736.84302
1570278737.09303
1570278737.34304
1570278737.59305
1570278737.84306
1570278738.09308
1570278738.34309
1570278738.5931
1570278738.84311
1570278739.09312
1570278739.34313
1570278739.59314
1570278739.84316
1570278740.09317
1570278740.34318
1570278740.59319
1570278740.8432
1570278741.09321
1570278741.34323
1570278741.59324
1570278741.84325
1570278742.09326
1570278742.34327
1570278742.59328
1570278742.8433
1570278743.09331
1570278743.34332
1570278743.59333
1570278743.84334
1570278744.09335
1570278744.34336
1570278744.59338
1570278744.84339
1570278745.0934
1570278745.34341
1570278745.59342
1570278745.84343
1570278746.09345
1570278746.34346
1570278746.59347
1570278746.84348
1570278747.09349
1570278747.3435
1570278747.59351
1570278747.84353
1570278748.09354
1570278748.34355
1570278748.59356
1570278748.84357
1570278749.09358
1570278749.3436
1570278749.59361
1570278749.84362
1570278750.09363
1570278750.34364
1570278750.59365
1570278750.84367
1570278751.09368
1570278751.34369
1570278751.5937
1570278751.84371
1570278752.09372
1570278752.34373
1570278752.59375
1570278752.84376
1570278753.09377
1570278753.34378
1570278753.59379
1570278753.8438
1570278754.09382
1570278754.34383
1570278754.59384
1570278754.84385
1570278755.09386
1570278755.34387
1570278755.59389
1570278755.8439
1570278756.09391
1570278756.34392
1570278756.59393
1570278756.84394
1570278757.09395
1570278757.34397
1570278757.59398
1570278757.84399
1570278758.094
1570278758.34401
1570278758.59402
1570278758.84404
1570278759.09405
1570278759.34406
1570278759.59407
1570278759.84408
1570278760.09409
1570278760.34411
1570278760.59412
1570278760.84413
1570278761.09414
1570278761.34415
1570278761.59416
1570278761.84417
1570278762.09419
1570278762.3442
1570278762.59421
1570278762.84422
1570278763.09423
1570278763.34424
1570278763.59426
1570278763.84427
1570278764.09428
1570278764.34429
1570278764.5943
1570278764.84431
1570278765.09433
1570278765.34434
1570278765.59435
1570278765.84436
1570278766.09437
1570278766.34438
1570278766.59439
1570278766.84441
1570278767.09442
1570278767.34443
1570278767.59444
1570278767.84445
1570278768.09446
1570278768.34448
1570278768.59449
1570278768.8445
1570278769.09451
1570278769.34452
1570278769.59453
1570278769.84455
1570278770.09456
1570278770.34457
1570278770.59458
1570278770.84459
1570278771.0946
1570278771.34461
1570278771.59463
1570278771.84464
1570278772.09465
1570278772.34466
1570278772.59467
1570278772.84468
1570278773.0947
1570278773.34471
1570278773.59472
1570278773.84473
1570278774.09474
1570278774.34475
1570278774.59477
1570278774.84478
1570278775.09479
1570278775.3448
1570278775.59481
1570278775.84482
1570278776.09483
1570278776.34485
1570278776.59486
1570278776.84487
1570278777.09488
1570278777.34489
1570278777.5949
1570278777.84492
1570278778.09493
1570278778.34494
1570278778.59495
1570278778.84496
1570278779.09497
1570278779.34499
1570278779.595
1570278779.84501
1570278780.09502
1570278780.34503
1570278780.59504
1570278780.84505
1570278781.09507
1570278781.34508
1570278781.59509
1570278781.8451
1570278782.09511
1570278782.34512
1570278782.59514
1570278782.84515
1570278783.09516
1570278783.34517
1570278783.59518
1570278783.84519
1570278784.0952
1570278784.34522
1570278784.59523
1570278784.84524
1570278785.09525
1570278785.34526
1570278785.59527
1570278785.84529
1570278786.0953
1570278786.34531
1570278786.59532
1570278786.84533
1570278787.09534
1570278787.34536
1570278787.59537
1570278787.84538
1570278788.09539
1570278788.3454
1570278788.59541
1570278788.84542
1570278789.09544
1570278789.34545
1570278789.59546
1570278789.84547
1570278790.09548
1570278790.34549
1570278790.59551
1570278790.84552
1570278791.09553
1570278791.34554
1570278791.59555
1570278791.84556
1570278792.09558
1570278792.34559
1570278792.5956
1570278792.84561
1570278793.09562
1570278793.34563
1570278793.59564
1570278793.84566
1570278794.09567
1570278794.34568
1570278794.59569
1570278794.8457
1570278795.09571
1570278795.34573
1570278795.59574
1570278795.84575
1570278796.09576
1570278796.34577
1570278796.59578
1570278796.8458
1570278797.09581
1570278797.34582
1570278797.59583
1570278797.84584
1570278798.09585
1570278798.34586
1570278798.59588
1570278798.84589
1570278799.0959
1570278799.34591
1570278799.59592
1570278799.84593
1570278800.09595
1570278800.34596
1570278800.59597
1570278800.84598
1570278801.09599
1570278801.346
1570278801.59602
1570278801.84603
1570278802.09604
1570278802.34605
1570278802.59606
1570278802.84607
1570278803.09608
1570278803.3461
1570278803.59611
1570278803.84612
1570278804.09613
1570278804.34614
1570278804.59615
1570278804.84617
1570278805.09618
1570278805.34619
1570278805.5962
1570278805.84621
1570278806.09622
1570278806.34624
1570278806.59625
1570278806.84626
1570278807.09627
1570278807.34628
1570278807.59629
1570278807.8463
1570278808.09632
1570278808.34633
1570278808.59634
1570278808.84635
1570278809.09636
1570278809.34637
1570278809.59639
1570278809.8464
1570278810.09641
1570278810.34642
1570278810.59643
1570278810.84644
1570278811.09646
1570278811.34647
1570278811.59648
1570278811.84649
1570278812.0965
1570278812.34651
1570278812.59652
1570278812.84654
1570278813.09655
1570278813.34656
1570278813.59657
1570278813.84658
1570278814.09659
1570278814.34661
1570278814.59662
1570278814.84663
1570278815.09664
1570278815.34665
1570278815.59666
1570278815.84667
1570278816.09669
1570278816.3467
1570278816.59671
1570278816.84672
1570278817.09673
1570278817.34674
1570278817.59676
1570278817.84677
1570278818.09678
1570278818.34679
1570278818.5968
1570278818.84681
1570278819.09683
1570278819.34684
1570278819.59685
1570278819.84686
1570278820.09687
1570278820.34688
1570278820.59689
1570278820.84691
1570278821.09692
1570278821.34693
1570278821.59694
1570278821.84695
1570278822.09696
1570278822.34698
1570278822.59699
1570278822.847
1570278823.09701
1570278823.34702
1570278823.59703
1570278823.84705
1570278824.09706
1570278824.34707
1570278824.59708
1570278824.84709
1570278825.0971
1570278825.34711
1570278825.59713
1570278825.84714
1570278826.09715
1570278826.34716
1570278826.59717
1570278826.84718
1570278827.0972
1570278827.34721
1570278827.59722
1570278827.84723
1570278828.09724
1570278828.34725
1570278828.59727
1570278828.84728
1570278829.09729
1570278829.3473
1570278829.59731
1570278829.84732
1570278830.09733
1570278830.34735
1570278830.59736
1570278830.84737
1570278831.09738
1570278831.34739
1570278831.5974
1570278831.84742
1570278832.09743
1570278832.34744
1570278832.59745
1570278832.84746
1570278833.09747
1570278833.34749
1570278833.5975
1570278833.84751
1570278834.09752
1570278834.34753
1570278834.59754
1570278834.84755
1570278835.09757
1570278835.34758
1570278835.59759
1570278835.8476
1570278836.09761
1570278836.34762
1570278836.59764
1570278836.84765
1570278837.09766
1570278837.34767
1570278837.59768
1570278837.84769
1570278838.09771
1570278838.34772
1570278838.59773
1570278838.84774
1570278839.09775
1570278839.34776
1570278839.59777
1570278839.84779
1570278840.0978
1570278840.34781
1570278840.59782
1570278840.84783
1570278841.09784
1570278841.34786
1570278841.59787
1570278841.84788
1570278842.09789
1570278842.3479
1570278842.59791
1570278842.84792
1570278843.09794
1570278843.34795
1570278843.59796
1570278843.84797
1570278844.09798
1570278844.34799
1570278844.59801
1570278844.84802
1570278845.09803
1570278845.34804
1570278845.59805
1570278845.84806
1570278846.09808
1570278846.34809
1570278846.5981
1570278846.84811
1570278847.09812
1570278847.34813
1570278847.59815
1570278847.84816
1570278848.09817
1570278848.34818
1570278848.59819
1570278848.8482
1570278849.09821
1570278849.34823
1570278849.59824
1570278849.84825
1570278850.09826
1570278850.34827
1570278850.59828
1570278850.8483
1570278851.09831
1570278851.34832
1570278851.59833
1570278851.84834
1570278852.09835
1570278852.34836
1570278852.59838
1570278852.84839
1570278853.0984
1570278853.34841
1570278853.59842
1570278853.84843
1570278854.09845
1570278854.34846
1570278854.59847
1570278854.84848
1570278855.09849
1570278855.3485
1570278855.59852
1570278855.84853
1570278856.09854
1570278856.34855
1570278856.59856
1570278856.84857
1570278857.09858
1570278857.3486
1570278857.59861
1570278857.84862
1570278858.09863
1570278858.34864
1570278858.59865
1570278858.84867
1570278859.09868
1570278859.34869
1570278859.5987
1570278859.84871
1570278860.09872
1570278860.34874
1570278860.59875
1570278860.84876
1570278861.09877
1570278861.34878
1570278861.59879
1570278861.8488
1570278862.09882
1570278862.34883
1570278862.59884
1570278862.84885
1570278863.09886
1570278863.34887
1570278863.59889
1570278863.8489
1570278864.09891
1570278864.34892
1570278864.59893
1570278864.84894
1570278865.09896
1570278865.34897
1570278865.59898
1570278865.84899
1570278866.099
1570278866.34901
1570278866.59902
1570278866.84904
1570278867.09905
1570278867.34906
1570278867.59907
1570278867.84908
1570278868.09909
1570278868.34911
1570278868.59912
1570278868.84913
1570278869.09914
1570278869.34915
1570278869.59916
1570278869.84917
1570278870.09919
1570278870.3492
1570278870.59921
1570278870.84922
1570278871.09923
1570278871.34924
1570278871.59926
1570278871.84927
1570278872.09928
1570278872.34929
1570278872.5993
1570278872.84931
1570278873.09933
1570278873.34934
1570278873.59935
1570278873.84936
1570278874.09937
1570278874.34938
1570278874.5994
1570278874.84941
1570278875.09942
1570278875.34943
1570278875.59944
1570278875.84945
1570278876.09946
1570278876.34948
1570278876.59949
1570278876.8495
1570278877.09951
1570278877.34952
1570278877.59953
1570278877.84955
1570278878.09956
1570278878.34957
1570278878.59958
1570278878.84959
1570278879.0996
1570278879.34961
1570278879.59963
1570278879.84964
1570278880.09965
1570278880.34966
1570278880.59967
1570278880.84968
1570278881.0997
1570278881.34971
1570278881.59972
1570278881.84973
1570278882.09974
1570278882.34975
1570278882.59977
1570278882.84978
1570278883.09979
1570278883.3498
1570278883.59981
1570278883.84982
1570278884.09983
1570278884.34985
1570278884.59986
1570278884.84987
1570278885.09988
1570278885.34989
1570278885.5999
1570278885.84992
1570278886.09993
1570278886.34994
1570278886.59995
1570278886.84996
1570278887.09997
1570278887.34999
1570278887.6
1570278887.85001
1570278888.10002
1570278888.35003
1570278888.60004
1570278888.85005
1570278889.10007
1570278889.35008
1570278889.60009
1570278889.8501
1570278890.10011
1570278890.35012
1570278890.60014
1570278890.85015
1570278891.10016
1570278891.35017
1570278891.60018
1570278891.85019
1570278892.10021
1570278892.35022
1570278892.60023
1570278892.85024
1570278893.10025
1570278893.35026
1570278893.60027
1570278893.85029
1570278894.1003
1570278894.35031
1570278894.60032
1570278894.85033
1570278895.10034
1570278895.35036
1570278895.60037
1570278895.85038
1570278896.10039
1570278896.3504
1570278896.60041
1570278896.85043
1570278897.10044
1570278897.35045
1570278897.60046
1570278897.85047
1570278898.10048
1570278898.35049
1570278898.60051
1570278898.85052
1570278899.10053
1570278899.35054
1570278899.60055
1570278899.85056
1570278900.10058
1570278900.35059
1570278900.6006
1570278900.85061
1570278901.10062
1570278901.35063
1570278901.60065
1570278901.85066
1570278902.10067
1570278902.35068
1570278902.60069
1570278902.8507
1570278903.10071
1570278903.35073
1570278903.60074
1570278903.85075
1570278904.10076
1570278904.35077
1570278904.60078
1570278904.8508
1570278905.10081
1570278905.35082
1570278905.60083
1570278905.85084
1570278906.10085
1570278906.35086
1570278906.60088
1570278906.85089
1570278907.1009
1570278907.35091
1570278907.60092
1570278907.85093
1570278908.10095
1570278908.35096
1570278908.60097
1570278908.85098
1570278909.10099
1570278909.351
1570278909.60102
1570278909.85103
1570278910.10104
1570278910.35105
1570278910.60106
1570278910.85107
1570278911.10108
1570278911.3511
1570278911.60111
1570278911.85112
1570278912.10113
1570278912.35114
1570278912.60115
1570278912.85117
1570278913.10118
1570278913.35119
1570278913.6012
1570278913.85121
1570278914.10122
1570278914.35124
1570278914.60125
1570278914.85126
1570278915.10127
1570278915.35128
1570278915.60129
1570278915.8513
1570278916.10132
1570278916.35133
1570278916.60134
1570278916.85135
1570278917.10136
1570278917.35137
1570278917.60139
1570278917.8514
1570278918.10141
1570278918.35142
1570278918.60143
1570278918.85144
1570278919.10146
1570278919.35147
1570278919.60148
1570278919.85149
1570278920.1015
1570278920.35151
1570278920.60152
1570278920.85154
1570278921.10155
1570278921.35156
1570278921.60157
1570278921.85158
1570278922.10159
1570278922.35161
1570278922.60162
1570278922.85163
1570278923.10164
1570278923.35165
1570278923.60166
1570278923.85168
1570278924.10169
1570278924.3517
1570278924.60171
1570278924.85172
1570278925.10173
1570278925.35174
1570278925.60176
1570278925.85177
1570278926.10178
1570278926.35179
1570278926.6018
1570278926.85181
1570278927.10183
1570278927.35184
1570278927.60185
1570278927.85186
1570278928.10187
1570278928.35188
1570278928.6019
1570278928.85191
1570278929.10192
1570278929.35193
1570278929.60194
1570278929.85195
1570278930.10196
1570278930.35198
1570278930.60199
1570278930.852
1570278931.10201
1570278931.35202
1570278931.60203
1570278931.85205
1570278932.10206
1570278932.35207
1570278932.60208
1570278932.85209
1570278933.1021
1570278933.35212
1570278933.60213
1570278933.85214
1570278934.10215
1570278934.35216
1570278934.60217
1570278934.85218
1570278935.1022
1570278935.35221
1570278935.60222
1570278935.85223
1570278936.10224
1570278936.35225
1570278936.60227
1570278936.85228
1570278937.10229
1570278937.3523
1570278937.60231
1570278937.85232
1570278938.10233
1570278938.35235
1570278938.60236
1570278938.85237
1570278939.10238
1570278939.35239
1570278939.6024
1570278939.85242
1570278940.10243
1570278940.35244
1570278940.60245
1570278940.85246
1570278941.10247
1570278941.35249
1570278941.6025
1570278941.85251
1570278942.10252
1570278942.35253
1570278942.60254
1570278942.85255
1570278943.10257
1570278943.35258
1570278943.60259
1570278943.8526
1570278944.10261
1570278944.35262
1570278944.60264
1570278944.85265
1570278945.10266
1570278945.35267
1570278945.60268
1570278945.85269
1570278946.10271
1570278946.35272
1570278946.60273
1570278946.85274
1570278947.10275
1570278947.35276
1570278947.60277
1570278947.85279
1570278948.1028
1570278948.35281
1570278948.60282
1570278948.85283
1570278949.10284
1570278949.35286
1570278949.60287
1570278949.85288
1570278950.10289
1570278950.3529
1570278950.60291
1570278950.85293
1570278951.10294
1570278951.35295
1570278951.60296
1570278951.85297
1570278952.10298
1570278952.35299
1570278952.60301
1570278952.85302
1570278953.10303
1570278953.35304
1570278953.60305
1570278953.85306
1570278954.10308
1570278954.35309
1570278954.6031
1570278954.85311
1570278955.10312
1570278955.35313
1570278955.60315
1570278955.85316
1570278956.10317
1570278956.35318
1570278956.60319
1570278956.8532
1570278957.10321
1570278957.35323
1570278957.60324
1570278957.85325
1570278958.10326
1570278958.35327
1570278958.60328
1570278958.8533
1570278959.10331
1570278959.35332
1570278959.60333
1570278959.85334
1570278960.10335
1570278960.35337
1570278960.60338
1570278960.85339
1570278961.1034
1570278961.35341
1570278961.60342
1570278961.85343
1570278962.10345
1570278962.35346
1570278962.60347
1570278962.85348
1570278963.10349
1570278963.3535
1570278963.60352
1570278963.85353
1570278964.10354
1570278964.35355
1570278964.60356
1570278964.85357
1570278965.10359
1570278965.3536
1570278965.60361
1570278965.85362
1570278966.10363
1570278966.35364
1570278966.60365
1570278966.85367
1570278967.10368
1570278967.35369
1570278967.6037
1570278967.85371
1570278968.10372
1570278968.35374
1570278968.60375
1570278968.85376
1570278969.10377
1570278969.35378
1570278969.60379
1570278969.85381
1570278970.10382
1570278970.35383
1570278970.60384
1570278970.85385
1570278971.10386
1570278971.35387
1570278971.60389
1570278971.8539
1570278972.10391
1570278972.35392
1570278972.60393
1570278972.85394
1570278973.10396
1570278973.35397
1570278973.60398
1570278973.85399
1570278974.104
1570278974.35401
1570278974.60402
1570278974.85404
1570278975.10405
1570278975.35406
1570278975.60407
1570278975.85408
1570278976.10409
1570278976.35411
1570278976.60412
1570278976.85413
1570278977.10414
1570278977.35415
1570278977.60416
1570278977.85418
1570278978.10419
1570278978.3542
1570278978.60421
1570278978.85422
1570278979.10423
1570278979.35424
1570278979.60426
1570278979.85427
1570278980.10428
1570278980.35429
1570278980.6043
1570278980.85431
1570278981.10433
1570278981.35434
1570278981.60435
1570278981.85436
1570278982.10437
1570278982.35438
1570278982.6044
1570278982.85441
1570278983.10442
1570278983.35443
1570278983.60444
1570278983.85445
1570278984.10446
1570278984.35448
1570278984.60449
1570278984.8545
1570278985.10451
1570278985.35452
1570278985.60453
1570278985.85455
1570278986.10456
1570278986.35457
1570278986.60458
1570278986.85459
1570278987.1046
1570278987.35462
1570278987.60463
1570278987.85464
1570278988.10465
1570278988.35466
1570278988.60467
1570278988.85468
1570278989.1047
1570278989.35471
1570278989.60472
1570278989.85473
1570278990.10474
1570278990.35475
1570278990.60477
1570278990.85478
1570278991.10479
1570278991.3548
1570278991.60481
1570278991.85482
1570278992.10484
1570278992.35485
1570278992.60486
1570278992.85487
1570278993.10488
1570278993.35489
1570278993.6049
1570278993.85492
1570278994.10493
1570278994.35494
1570278994.60495
1570278994.85496
1570278995.10497
1570278995.35499
1570278995.605
1570278995.85501
1570278996.10502
1570278996.35503
1570278996.60504
1570278996.85506
1570278997.10507
1570278997.35508
1570278997.60509
1570278997.8551
1570278998.10511
1570278998.35512
1570278998.60514
1570278998.85515
1570278999.10516
1570278999.35517
1570278999.60518
1570278999.85519
1570279000.10521
1570279000.35522
1570279000.60523
1570279000.85524
1570279001.10525
1570279001.35526
1570279001.60527
1570279001.85529
1570279002.1053
1570279002.35531
1570279002.60532
1570279002.85533
1570279003.10534
1570279003.35536
1570279003.60537
1570279003.85538
1570279004.10539
1570279004.3554
1570279004.60541
1570279004.85543
1570279005.10544
1570279005.35545
1570279005.60546
1570279005.85547
1570279006.10548
1570279006.35549
1570279006.60551
1570279006.85552
1570279007.10553
1570279007.35554
1570279007.60555
1570279007.85556
1570279008.10558
1570279008.35559
1570279008.6056
1570279008.85561
1570279009.10562
1570279009.35563
1570279009.60565
1570279009.85566
1570279010.10567
1570279010.35568
1570279010.60569
1570279010.8557
1570279011.10571
1570279011.35573
1570279011.60574
1570279011.85575
1570279012.10576
