1570280195.41054
1570280195.66056
1570280195.91057
1570280196.16058
1570280196.41059
1570280196.6606
1570280196.91061
1570280197.16063
1570280197.41064
1570280197.66065
1570280197.91066
1570280198.16067
1570280198.41068
1570280198.66069
1570280198.91071
1570280199.16072
1570280199.41073
1570280199.66074
1570280199.91075
1570280200.16076
1570280200.41078
1570280200.66079
1570280200.9108
1570280201.16081
1570280201.41082
1570280201.66083
1570280201.91085
1570280202.16086
1570280202.41087
1570280202.66088
1570280202.91089
1570280203.1609
1570280203.41091
1570280203.66093
1570280203.91094
1570280204.16095
1570280204.41096
1570280204.66097
1570280204.91098
1570280205.161
1570280205.41101
1570280205.66102
1570280205.91103
1570280206.16104
1570280206.41105
1570280206.66107
1570280206.91108
1570280207.16109
1570280207.4111
1570280207.66111
1570280207.91112
1570280208.16113
1570280208.41115
1570280208.66116
1570280208.91117
1570280209.16118
1570280209.41119
1570280209.6612
1570280209.91122
1570280210.16123
1570280210.41124
1570280210.66125
1570280210.91126
1570280211.16127
1570280211.41129
1570280211.6613
1570280211.91131
1570280212.16132
1570280212.41133
1570280212.66134
1570280212.91135
1570280213.16137
1570280213.41138
1570280213.66139
1570280213.9114
1570280214.16141
1570280214.41142
1570280214.66144
1570280214.91145
1570280215.16146
1570280215.41147
1570280215.66148
1570280215.91149
1570280216.16151
1570280216.41152
1570280216.66153
1570280216.91154
1570280217.16155
1570280217.41156
1570280217.66157
1570280217.91159
1570280218.1616
1570280218.41161
1570280218.66162
1570280218.91163
1570280219.16164
1570280219.41166
1570280219.66167
1570280219.91168
1570280220.16169
1570280220.4117
1570280220.66171
1570280220.91173
1570280221.16174
1570280221.41175
1570280221.66176
1570280221.91177
1570280222.16178
1570280222.41179
1570280222.66181
1570280222.91182
1570280223.16183
1570280223.41184
1570280223.66185
1570280223.91186
1570280224.16188
1570280224.41189
1570280224.6619
1570280224.91191
1570280225.16192
1570280225.41193
1570280225.66194
1570280225.91196
1570280226.16197
1570280226.41198
1570280226.66199
1570280226.912
1570280227.16201
1570280227.41203
1570280227.66204
1570280227.91205
1570280228.16206
1570280228.41207
1570280228.66208
1570280228.9121
1570280229.16211
1570280229.41212
1570280229.66213
1570280229.91214
1570280230.16215
1570280230.41216
1570280230.66218
1570280230.91219
1570280231.1622
1570280231.41221
1570280231.66222
1570280231.91223
1570280232.16225
1570280232.41226
1570280232.66227
1570280232.91228
1570280233.16229
1570280233.4123
1570280233.66232
1570280233.91233
1570280234.16234
1570280234.41235
1570280234.66236
1570280234.91237
1570280235.16238
1570280235.4124
1570280235.66241
1570280235.91242
1570280236.16243
1570280236.41244
1570280236.66245
1570280236.91247
1570280237.16248
1570280237.41249
1570280237.6625
1570280237.91251
1570280238.16252
1570280238.41254
1570280238.66255
1570280238.91256
1570280239.16257
1570280239.41258
1570280239.66259
1570280239.9126
1570280240.16262
1570280240.41263
1570280240.66264
1570280240.91265
1570280241.16266
1570280241.41267
1570280241.66269
1570280241.9127
1570280242.16271
1570280242.41272
1570280242.66273
1570280242.91274
1570280243.16276
1570280243.41277
1570280243.66278
1570280243.91279
1570280244.1628
1570280244.41281
1570280244.66282
1570280244.91284
1570280245.16285
1570280245.41286
1570280245.66287
1570280245.91288
1570280246.16289
1570280246.41291
1570280246.66292
1570280246.91293
1570280247.16294
1570280247.41295
1570280247.66296
1570280247.91298
1570280248.16299
1570280248.413
1570280248.66301
1570280248.91302
1570280249.16303
1570280249.41304
1570280249.66306
1570280249.91307
1570280250.16308
1570280250.41309
1570280250.6631
1570280250.91311
1570280251.16313
1570280251.41314
1570280251.66315
1570280251.91316
1570280252.16317
1570280252.41318
1570280252.6632
1570280252.91321
1570280253.16322
1570280253.41323
1570280253.66324
1570280253.91325
1570280254.16326
1570280254.41328
1570280254.66329
1570280254.9133
1570280255.16331
1570280255.41332
1570280255.66333
1570280255.91335
1570280256.16336
1570280256.41337
1570280256.66338
1570280256.91339
1570280257.1634
1570280257.41341
1570280257.66343
1570280257.91344
1570280258.16345
1570280258.41346
1570280258.66347
1570280258.91348
1570280259.1635
1570280259.41351
1570280259.66352
1570280259.91353
1570280260.16354
1570280260.41355
1570280260.66357
1570280260.91358
1570280261.16359
1570280261.4136
1570280261.66361
1570280261.91362
1570280262.16363
1570280262.41365
1570280262.66366
1570280262.91367
1570280263.16368
1570280263.41369
1570280263.6637
1570280263.91372
1570280264.16373
1570280264.41374
1570280264.66375
1570280264.91376
1570280265.16377
1570280265.41379
1570280265.6638
1570280265.91381
1570280266.16382
1570280266.41383
1570280266.66384
1570280266.91385
1570280267.16387
1570280267.41388
1570280267.66389
1570280267.9139
1570280268.16391
1570280268.41392
1570280268.66394
1570280268.91395
1570280269.16396
1570280269.41397
1570280269.66398
1570280269.91399
1570280270.16401
1570280270.41402
1570280270.66403
1570280270.91404
1570280271.16405
1570280271.41406
1570280271.66407
1570280271.91409
1570280272.1641
1570280272.41411
1570280272.66412
1570280272.91413
1570280273.16414
1570280273.41416
1570280273.66417
1570280273.91418
1570280274.16419
1570280274.4142
1570280274.66421
1570280274.91423
1570280275.16424
1570280275.41425
1570280275.66426
1570280275.91427
1570280276.16428
1570280276.41429
1570280276.66431
1570280276.91432
1570280277.16433
1570280277.41434
1570280277.66435
1570280277.91436
1570280278.16438
1570280278.41439
1570280278.6644
1570280278.91441
1570280279.16442
1570280279.41443
1570280279.66445
1570280279.91446
1570280280.16447
1570280280.41448
1570280280.66449
1570280280.9145
1570280281.16451
1570280281.41453
1570280281.66454
1570280281.91455
1570280282.16456
1570280282.41457
1570280282.66458
1570280282.9146
1570280283.16461
1570280283.41462
1570280283.66463
1570280283.91464
1570280284.16465
1570280284.41466
1570280284.66468
1570280284.91469
1570280285.1647
1570280285.41471
1570280285.66472
1570280285.91473
1570280286.16475
1570280286.41476
1570280286.66477
1570280286.91478
1570280287.16479
1570280287.4148
1570280287.66482
1570280287.91483
1570280288.16484
1570280288.41485
1570280288.66486
1570280288.91487
1570280289.16489
1570280289.4149
1570280289.66491
1570280289.91492
1570280290.16493
1570280290.41494
1570280290.66495
1570280290.91497
1570280291.16498
1570280291.41499
1570280291.665
1570280291.91501
1570280292.16502
1570280292.41504
1570280292.66505
1570280292.91506
1570280293.16507
1570280293.41508
1570280293.66509
1570280293.9151
1570280294.16512
1570280294.41513
1570280294.66514
1570280294.91515
1570280295.16516
1570280295.41517
1570280295.66519
1570280295.9152
1570280296.16521
1570280296.41522
1570280296.66523
1570280296.91524
1570280297.16526
1570280297.41527
1570280297.66528
1570280297.91529
1570280298.1653
1570280298.41531
1570280298.66532
1570280298.91534
1570280299.16535
1570280299.41536
1570280299.66537
1570280299.91538
1570280300.16539
1570280300.41541
1570280300.66542
1570280300.91543
1570280301.16544
1570280301.41545
1570280301.66546
1570280301.91548
1570280302.16549
1570280302.4155
1570280302.66551
1570280302.91552
1570280303.16553
1570280303.41554
1570280303.66556
1570280303.91557
1570280304.16558
1570280304.41559
1570280304.6656
1570280304.91561
1570280305.16563
1570280305.41564
1570280305.66565
1570280305.91566
1570280306.16567
1570280306.41568
1570280306.6657
1570280306.91571
1570280307.16572
1570280307.41573
1570280307.66574
1570280307.91575
1570280308.16576
1570280308.41578
1570280308.66579
1570280308.9158
1570280309.16581
1570280309.41582
1570280309.66583
1570280309.91585
1570280310.16586
1570280310.41587
1570280310.66588
1570280310.91589
1570280311.1659
1570280311.41592
1570280311.66593
1570280311.91594
1570280312.16595
1570280312.41596
1570280312.66597
1570280312.91598
1570280313.166
1570280313.41601
1570280313.66602
1570280313.91603
1570280314.16604
1570280314.41605
1570280314.66607
1570280314.91608
1570280315.16609
1570280315.4161
1570280315.66611
1570280315.91612
1570280316.16614
1570280316.41615
1570280316.66616
1570280316.91617
1570280317.16618
1570280317.41619
1570280317.6662
1570280317.91622
1570280318.16623
1570280318.41624
1570280318.66625
1570280318.91626
1570280319.16627
1570280319.41629
1570280319.6663
1570280319.91631
1570280320.16632
1570280320.41633
1570280320.66634
1570280320.91635
1570280321.16637
1570280321.41638
1570280321.66639
1570280321.9164
1570280322.16641
1570280322.41642
1570280322.66644
1570280322.91645
1570280323.16646
1570280323.41647
1570280323.66648
1570280323.91649
1570280324.16651
1570280324.41652
1570280324.66653
1570280324.91654
1570280325.16655
1570280325.41656
1570280325.66657
1570280325.91659
1570280326.1666
1570280326.41661
1570280326.66662
1570280326.91663
1570280327.16664
1570280327.41666
1570280327.66667
1570280327.91668
1570280328.16669
1570280328.4167
1570280328.66671
1570280328.91673
1570280329.16674
1570280329.41675
1570280329.66676
1570280329.91677
1570280330.16678
1570280330.41679
1570280330.66681
1570280330.91682
1570280331.16683
1570280331.41684
1570280331.66685
1570280331.91686
1570280332.16688
1570280332.41689
1570280332.6669
1570280332.91691
1570280333.16692
1570280333.41693
1570280333.66695
1570280333.91696
1570280334.16697
1570280334.41698
1570280334.66699
1570280334.917
1570280335.16701
1570280335.41703
1570280335.66704
1570280335.91705
1570280336.16706
1570280336.41707
1570280336.66708
1570280336.9171
1570280337.16711
1570280337.41712
1570280337.66713
1570280337.91714
1570280338.16715
1570280338.41717
1570280338.66718
1570280338.91719
1570280339.1672
1570280339.41721
1570280339.66722
1570280339.91723
1570280340.16725
1570280340.41726
1570280340.66727
1570280340.91728
1570280341.16729
1570280341.4173
1570280341.66732
1570280341.91733
1570280342.16734
1570280342.41735
1570280342.66736
1570280342.91737
1570280343.16739
1570280343.4174
1570280343.66741
1570280343.91742
1570280344.16743
1570280344.41744
1570280344.66745
1570280344.91747
1570280345.16748
1570280345.41749
1570280345.6675
1570280345.91751
1570280346.16752
1570280346.41754
1570280346.66755
1570280346.91756
1570280347.16757
1570280347.41758
1570280347.66759
1570280347.9176
1570280348.16762
1570280348.41763
1570280348.66764
1570280348.91765
1570280349.16766
1570280349.41767
1570280349.66769
1570280349.9177
1570280350.16771
1570280350.41772
1570280350.66773
1570280350.91774
1570280351.16776
1570280351.41777
1570280351.66778
1570280351.91779
1570280352.1678
1570280352.41781
1570280352.66782
1570280352.91784
1570280353.16785
1570280353.41786
1570280353.66787
1570280353.91788
1570280354.16789
1570280354.41791
1570280354.66792
1570280354.91793
1570280355.16794
1570280355.41795
1570280355.66796
1570280355.91798
1570280356.16799
1570280356.418
1570280356.66801
1570280356.91802
1570280357.16803
1570280357.41804
1570280357.66806
1570280357.91807
1570280358.16808
1570280358.41809
1570280358.6681
1570280358.91811
1570280359.16813
1570280359.41814
1570280359.66815
1570280359.91816
1570280360.16817
1570280360.41818
1570280360.6682
1570280360.91821
1570280361.16822
1570280361.41823
1570280361.66824
1570280361.91825
1570280362.16826
1570280362.41828
1570280362.66829
1570280362.9183
1570280363.16831
1570280363.41832
1570280363.66833
1570280363.91835
1570280364.16836
1570280364.41837
1570280364.66838
1570280364.91839
1570280365.1684
1570280365.41842
1570280365.66843
1570280365.91844
1570280366.16845
1570280366.41846
1570280366.66847
1570280366.91848
1570280367.1685
1570280367.41851
1570280367.66852
1570280367.91853
1570280368.16854
1570280368.41855
1570280368.66857
1570280368.91858
1570280369.16859
1570280369.4186
1570280369.66861
1570280369.91862
1570280370.16864
1570280370.41865
1570280370.66866
1570280370.91867
1570280371.16868
1570280371.41869
1570280371.6687
1570280371.91872
1570280372.16873
1570280372.41874
1570280372.66875
1570280372.91876
1570280373.16877
1570280373.41879
1570280373.6688
1570280373.91881
1570280374.16882
1570280374.41883
1570280374.66884
1570280374.91886
1570280375.16887
1570280375.41888
1570280375.66889
1570280375.9189
1570280376.16891
1570280376.41892
1570280376.66894
1570280376.91895
1570280377.16896
1570280377.41897
1570280377.66898
1570280377.91899
1570280378.16901
1570280378.41902
1570280378.66903
1570280378.91904
1570280379.16905
1570280379.41906
1570280379.66908
1570280379.91909
1570280380.1691
1570280380.41911
1570280380.66912
1570280380.91913
1570280381.16914
1570280381.41916
1570280381.66917
1570280381.91918
1570280382.16919
1570280382.4192
1570280382.66921
1570280382.91923
1570280383.16924
1570280383.41925
1570280383.66926
1570280383.91927
1570280384.16928
1570280384.41929
1570280384.66931
1570280384.91932
1570280385.16933
1570280385.41934
1570280385.66935
1570280385.91936
1570280386.16938
1570280386.41939
1570280386.6694
1570280386.91941
1570280387.16942
1570280387.41943
1570280387.66945
1570280387.91946
1570280388.16947
1570280388.41948
1570280388.66949
1570280388.9195
1570280389.16951
1570280389.41953
1570280389.66954
1570280389.91955
1570280390.16956
1570280390.41957
1570280390.66958
1570280390.9196
1570280391.16961
1570280391.41962
1570280391.66963
1570280391.91964
1570280392.16965
1570280392.41967
1570280392.66968
1570280392.91969
1570280393.1697
1570280393.41971
1570280393.66972
1570280393.91973
1570280394.16975
1570280394.41976
1570280394.66977
1570280394.91978
1570280395.16979
1570280395.4198
1570280395.66982
1570280395.91983
1570280396.16984
1570280396.41985
1570280396.66986
1570280396.91987
1570280397.16989
1570280397.4199
1570280397.66991
1570280397.91992
1570280398.16993
1570280398.41994
1570280398.66995
1570280398.91997
1570280399.16998
1570280399.41999
1570280399.67
1570280399.92001
1570280400.17002
1570280400.42004
1570280400.67005
1570280400.92006
1570280401.17007
1570280401.42008
1570280401.67009
1570280401.92011
1570280402.17012
1570280402.42013
1570280402.67014
1570280402.92015
1570280403.17016
1570280403.42017
1570280403.67019
1570280403.9202
1570280404.17021
1570280404.42022
1570280404.67023
1570280404.92024
1570280405.17026
1570280405.42027
1570280405.67028
1570280405.92029
1570280406.1703
1570280406.42031
1570280406.67033
1570280406.92034
1570280407.17035
1570280407.42036
1570280407.67037
1570280407.92038
1570280408.17039
1570280408.42041
1570280408.67042
1570280408.92043
1570280409.17044
1570280409.42045
1570280409.67046
1570280409.92048
1570280410.17049
1570280410.4205
1570280410.67051
1570280410.92052
1570280411.17053
1570280411.42055
1570280411.67056
1570280411.92057
1570280412.17058
1570280412.42059
1570280412.6706
1570280412.92061
1570280413.17063
1570280413.42064
1570280413.67065
1570280413.92066
1570280414.17067
1570280414.42068
1570280414.6707
1570280414.92071
1570280415.17072
1570280415.42073
1570280415.67074
1570280415.92075
1570280416.17076
1570280416.42078
1570280416.67079
1570280416.9208
1570280417.17081
1570280417.42082
1570280417.67083
1570280417.92085
1570280418.17086
1570280418.42087
1570280418.67088
1570280418.92089
1570280419.1709
1570280419.42092
1570280419.67093
1570280419.92094
1570280420.17095
1570280420.42096
1570280420.67097
1570280420.92098
1570280421.171
1570280421.42101
1570280421.67102
1570280421.92103
1570280422.17104
1570280422.42105
1570280422.67107
1570280422.92108
1570280423.17109
1570280423.4211
1570280423.67111
1570280423.92112
1570280424.17114
1570280424.42115
1570280424.67116
1570280424.92117
1570280425.17118
1570280425.42119
1570280425.6712
1570280425.92122
1570280426.17123
1570280426.42124
1570280426.67125
1570280426.92126
1570280427.17127
1570280427.42129
1570280427.6713
1570280427.92131
1570280428.17132
1570280428.42133
1570280428.67134
1570280428.92136
1570280429.17137
1570280429.42138
1570280429.67139
1570280429.9214
1570280430.17141
1570280430.42142
1570280430.67144
1570280430.92145
1570280431.17146
1570280431.42147
1570280431.67148
1570280431.92149
1570280432.17151
1570280432.42152
1570280432.67153
1570280432.92154
1570280433.17155
1570280433.42156
1570280433.67158
1570280433.92159
1570280434.1716
1570280434.42161
1570280434.67162
1570280434.92163
1570280435.17164
1570280435.42166
1570280435.67167
1570280435.92168
1570280436.17169
1570280436.4217
1570280436.67171
1570280436.92173
1570280437.17174
1570280437.42175
1570280437.67176
1570280437.92177
1570280438.17178
1570280438.4218
1570280438.67181
1570280438.92182
1570280439.17183
1570280439.42184
1570280439.67185
1570280439.92186
1570280440.17188
1570280440.42189
1570280440.6719
1570280440.92191
1570280441.17192
1570280441.42193
1570280441.67195
1570280441.92196
1570280442.17197
1570280442.42198
1570280442.67199
1570280442.922
1570280443.17201
1570280443.42203
1570280443.67204
1570280443.92205
1570280444.17206
1570280444.42207
1570280444.67208
1570280444.9221
1570280445.17211
1570280445.42212
1570280445.67213
1570280445.92214
1570280446.17215
1570280446.42217
1570280446.67218
1570280446.92219
1570280447.1722
1570280447.42221
1570280447.67222
1570280447.92224
1570280448.17225
1570280448.42226
1570280448.67227
1570280448.92228
1570280449.17229
1570280449.4223
1570280449.67232
1570280449.92233
1570280450.17234
1570280450.42235
1570280450.67236
1570280450.92237
1570280451.17239
1570280451.4224
1570280451.67241
1570280451.92242
1570280452.17243
1570280452.42244
1570280452.67245
1570280452.92247
1570280453.17248
1570280453.42249
1570280453.6725
1570280453.92251
1570280454.17252
1570280454.42254
1570280454.67255
1570280454.92256
1570280455.17257
1570280455.42258
1570280455.67259
1570280455.92261
1570280456.17262
1570280456.42263
1570280456.67264
1570280456.92265
1570280457.17266
1570280457.42267
1570280457.67269
1570280457.9227
1570280458.17271
1570280458.42272
1570280458.67273
1570280458.92274
1570280459.17276
1570280459.42277
1570280459.67278
1570280459.92279
1570280460.1728
1570280460.42281
1570280460.67283
1570280460.92284
1570280461.17285
1570280461.42286
1570280461.67287
1570280461.92288
1570280462.17289
1570280462.42291
1570280462.67292
1570280462.92293
1570280463.17294
1570280463.42295
1570280463.67296
1570280463.92298
1570280464.17299
1570280464.423
1570280464.67301
1570280464.92302
1570280465.17303
1570280465.42305
1570280465.67306
1570280465.92307
1570280466.17308
1570280466.42309
1570280466.6731
1570280466.92311
1570280467.17313
1570280467.42314
1570280467.67315
1570280467.92316
1570280468.17317
1570280468.42318
1570280468.6732
1570280468.92321
1570280469.17322
1570280469.42323
1570280469.67324
1570280469.92325
1570280470.17326
1570280470.42328
1570280470.67329
1570280470.9233
1570280471.17331
1570280471.42332
1570280471.67333
1570280471.92335
1570280472.17336
1570280472.42337
1570280472.67338
1570280472.92339
1570280473.1734
1570280473.42342
1570280473.67343
1570280473.92344
1570280474.17345
1570280474.42346
1570280474.67347
1570280474.92349
1570280475.1735
1570280475.42351
1570280475.67352
1570280475.92353
1570280476.17354
1570280476.42355
1570280476.67357
1570280476.92358
1570280477.17359
1570280477.4236
1570280477.67361
1570280477.92362
1570280478.17364
1570280478.42365
1570280478.67366
1570280478.92367
1570280479.17368
1570280479.42369
1570280479.6737
1570280479.92372
1570280480.17373
1570280480.42374
1570280480.67375
1570280480.92376
1570280481.17377
1570280481.42379
1570280481.6738
1570280481.92381
1570280482.17382
1570280482.42383
1570280482.67384
1570280482.92386
1570280483.17387
1570280483.42388
1570280483.67389
1570280483.9239
1570280484.17391
1570280484.42392
1570280484.67394
1570280484.92395
1570280485.17396
1570280485.42397
1570280485.67398
1570280485.92399
1570280486.17401
1570280486.42402
1570280486.67403
1570280486.92404
1570280487.17405
1570280487.42406
1570280487.67408
1570280487.92409
1570280488.1741
1570280488.42411
1570280488.67412
1570280488.92413
1570280489.17414
1570280489.42416
1570280489.67417
1570280489.92418
1570280490.17419
1570280490.4242
1570280490.67421
1570280490.92423
1570280491.17424
1570280491.42425
1570280491.67426
1570280491.92427
1570280492.17428
1570280492.4243
1570280492.67431
1570280492.92432
1570280493.17433
1570280493.42434
1570280493.67435
1570280493.92436
1570280494.17438
1570280494.42439
1570280494.6744
1570280494.92441
1570280495.17442
