1570280659.43203
1570280659.68204
1570280659.93205
1570280660.18206
1570280660.43207
1570280660.68209
1570280660.9321
1570280661.18211
1570280661.43212
1570280661.68213
1570280661.93214
1570280662.18215
1570280662.43217
1570280662.68218
1570280662.93219
1570280663.1822
1570280663.43221
1570280663.68222
1570280663.93224
1570280664.18225
1570280664.43226
1570280664.68227
1570280664.93228
1570280665.18229
1570280665.4323
1570280665.68232
1570280665.93233
1570280666.18234
1570280666.43235
1570280666.68236
1570280666.93237
1570280667.18239
1570280667.4324
1570280667.68241
1570280667.93242
1570280668.18243
1570280668.43244
1570280668.68246
1570280668.93247
1570280669.18248
1570280669.43249
1570280669.6825
1570280669.93251
1570280670.18252
1570280670.43254
1570280670.68255
1570280670.93256
1570280671.18257
1570280671.43258
1570280671.68259
1570280671.93261
1570280672.18262
1570280672.43263
1570280672.68264
1570280672.93265
1570280673.18266
1570280673.43268
1570280673.68269
1570280673.9327
1570280674.18271
1570280674.43272
1570280674.68273
1570280674.93274
1570280675.18276
1570280675.43277
1570280675.68278
1570280675.93279
1570280676.1828
1570280676.43281
1570280676.68283
1570280676.93284
1570280677.18285
1570280677.43286
1570280677.68287
1570280677.93288
1570280678.1829
1570280678.43291
1570280678.68292
1570280678.93293
1570280679.18294
1570280679.43295
1570280679.68296
1570280679.93298
1570280680.18299
1570280680.433
1570280680.68301
1570280680.93302
1570280681.18303
1570280681.43305
1570280681.68306
1570280681.93307
1570280682.18308
1570280682.43309
1570280682.6831
1570280682.93312
1570280683.18313
1570280683.43314
1570280683.68315
1570280683.93316
1570280684.18317
1570280684.43318
1570280684.6832
1570280684.93321
1570280685.18322
1570280685.43323
1570280685.68324
1570280685.93325
1570280686.18327
1570280686.43328
1570280686.68329
1570280686.9333
1570280687.18331
1570280687.43332
1570280687.68334
1570280687.93335
1570280688.18336
1570280688.43337
1570280688.68338
1570280688.93339
1570280689.1834
1570280689.43342
1570280689.68343
1570280689.93344
1570280690.18345
1570280690.43346
1570280690.68347
1570280690.93349
1570280691.1835
1570280691.43351
1570280691.68352
1570280691.93353
1570280692.18354
1570280692.43356
1570280692.68357
1570280692.93358
1570280693.18359
1570280693.4336
1570280693.68361
1570280693.93362
1570280694.18364
1570280694.43365
1570280694.68366
1570280694.93367
1570280695.18368
1570280695.43369
1570280695.68371
1570280695.93372
1570280696.18373
1570280696.43374
1570280696.68375
1570280696.93376
1570280697.18377
1570280697.43379
1570280697.6838
1570280697.93381
1570280698.18382
1570280698.43383
1570280698.68384
1570280698.93386
1570280699.18387
1570280699.43388
1570280699.68389
1570280699.9339
1570280700.18391
1570280700.43393
1570280700.68394
1570280700.93395
1570280701.18396
1570280701.43397
1570280701.68398
1570280701.93399
1570280702.18401
1570280702.43402
1570280702.68403
1570280702.93404
1570280703.18405
1570280703.43406
1570280703.68408
1570280703.93409
1570280704.1841
1570280704.43411
1570280704.68412
1570280704.93413
1570280705.18415
1570280705.43416
1570280705.68417
1570280705.93418
1570280706.18419
1570280706.4342
1570280706.68421
1570280706.93423
1570280707.18424
1570280707.43425
1570280707.68426
1570280707.93427
1570280708.18428
1570280708.4343
1570280708.68431
1570280708.93432
1570280709.18433
1570280709.43434
1570280709.68435
1570280709.93437
1570280710.18438
1570280710.43439
1570280710.6844
1570280710.93441
1570280711.18442
1570280711.43443
1570280711.68445
1570280711.93446
1570280712.18447
1570280712.43448
1570280712.68449
1570280712.9345
1570280713.18452
1570280713.43453
1570280713.68454
1570280713.93455
1570280714.18456
1570280714.43457
1570280714.68459
1570280714.9346
1570280715.18461
1570280715.43462
1570280715.68463
1570280715.93464
1570280716.18465
1570280716.43467
1570280716.68468
1570280716.93469
1570280717.1847
1570280717.43471
1570280717.68472
1570280717.93474
1570280718.18475
1570280718.43476
1570280718.68477
1570280718.93478
1570280719.18479
1570280719.43481
1570280719.68482
1570280719.93483
1570280720.18484
1570280720.43485
1570280720.68486
1570280720.93487
1570280721.18489
1570280721.4349
1570280721.68491
1570280721.93492
1570280722.18493
1570280722.43494
1570280722.68496
1570280722.93497
1570280723.18498
1570280723.43499
1570280723.685
1570280723.93501
1570280724.18502
1570280724.43504
1570280724.68505
1570280724.93506
1570280725.18507
1570280725.43508
1570280725.68509
1570280725.93511
1570280726.18512
1570280726.43513
1570280726.68514
1570280726.93515
1570280727.18516
1570280727.43518
1570280727.68519
1570280727.9352
1570280728.18521
1570280728.43522
1570280728.68523
1570280728.93525
1570280729.18526
1570280729.43527
1570280729.68528
1570280729.93529
1570280730.1853
1570280730.43531
1570280730.68533
1570280730.93534
1570280731.18535
1570280731.43536
1570280731.68537
1570280731.93538
1570280732.1854
1570280732.43541
1570280732.68542
1570280732.93543
1570280733.18544
1570280733.43545
1570280733.68546
1570280733.93548
1570280734.18549
1570280734.4355
1570280734.68551
1570280734.93552
1570280735.18553
1570280735.43555
1570280735.68556
1570280735.93557
1570280736.18558
1570280736.43559
1570280736.6856
1570280736.93562
1570280737.18563
1570280737.43564
1570280737.68565
1570280737.93566
1570280738.18567
1570280738.43568
1570280738.6857
1570280738.93571
1570280739.18572
1570280739.43573
1570280739.68574
1570280739.93575
1570280740.18577
1570280740.43578
1570280740.68579
1570280740.9358
1570280741.18581
1570280741.43582
1570280741.68584
1570280741.93585
1570280742.18586
1570280742.43587
1570280742.68588
1570280742.93589
1570280743.1859
1570280743.43592
1570280743.68593
1570280743.93594
1570280744.18595
1570280744.43596
1570280744.68597
1570280744.93599
1570280745.186
1570280745.43601
1570280745.68602
1570280745.93603
1570280746.18604
1570280746.43606
1570280746.68607
1570280746.93608
1570280747.18609
1570280747.4361
1570280747.68611
1570280747.93612
1570280748.18614
1570280748.43615
1570280748.68616
1570280748.93617
1570280749.18618
1570280749.43619
1570280749.68621
1570280749.93622
1570280750.18623
1570280750.43624
1570280750.68625
1570280750.93626
1570280751.18628
1570280751.43629
1570280751.6863
1570280751.93631
1570280752.18632
1570280752.43633
1570280752.68634
1570280752.93636
1570280753.18637
1570280753.43638
1570280753.68639
1570280753.9364
1570280754.18641
1570280754.43643
1570280754.68644
1570280754.93645
1570280755.18646
1570280755.43647
1570280755.68648
1570280755.9365
1570280756.18651
1570280756.43652
1570280756.68653
1570280756.93654
1570280757.18655
1570280757.43656
1570280757.68658
1570280757.93659
1570280758.1866
1570280758.43661
1570280758.68662
1570280758.93663
1570280759.18665
1570280759.43666
1570280759.68667
1570280759.93668
1570280760.18669
1570280760.4367
1570280760.68671
1570280760.93673
1570280761.18674
1570280761.43675
1570280761.68676
1570280761.93677
1570280762.18678
1570280762.4368
1570280762.68681
1570280762.93682
1570280763.18683
1570280763.43684
1570280763.68685
1570280763.93687
1570280764.18688
1570280764.43689
1570280764.6869
1570280764.93691
1570280765.18692
1570280765.43693
1570280765.68695
1570280765.93696
1570280766.18697
1570280766.43698
1570280766.68699
1570280766.937
1570280767.18702
1570280767.43703
1570280767.68704
1570280767.93705
1570280768.18706
1570280768.43707
1570280768.68709
1570280768.9371
1570280769.18711
1570280769.43712
1570280769.68713
1570280769.93714
1570280770.18715
1570280770.43717
1570280770.68718
1570280770.93719
1570280771.1872
1570280771.43721
1570280771.68722
1570280771.93724
1570280772.18725
1570280772.43726
1570280772.68727
1570280772.93728
1570280773.18729
1570280773.43731
1570280773.68732
1570280773.93733
1570280774.18734
1570280774.43735
1570280774.68736
1570280774.93737
1570280775.18739
1570280775.4374
1570280775.68741
1570280775.93742
1570280776.18743
1570280776.43744
1570280776.68746
1570280776.93747
1570280777.18748
1570280777.43749
1570280777.6875
1570280777.93751
1570280778.18753
1570280778.43754
1570280778.68755
1570280778.93756
1570280779.18757
1570280779.43758
1570280779.68759
1570280779.93761
1570280780.18762
1570280780.43763
1570280780.68764
1570280780.93765
1570280781.18766
1570280781.43768
1570280781.68769
1570280781.9377
1570280782.18771
1570280782.43772
1570280782.68773
1570280782.93775
1570280783.18776
1570280783.43777
1570280783.68778
1570280783.93779
1570280784.1878
1570280784.43781
1570280784.68783
1570280784.93784
1570280785.18785
1570280785.43786
1570280785.68787
1570280785.93788
1570280786.1879
1570280786.43791
1570280786.68792
1570280786.93793
1570280787.18794
1570280787.43795
1570280787.68796
1570280787.93798
1570280788.18799
1570280788.438
1570280788.68801
1570280788.93802
1570280789.18803
1570280789.43805
1570280789.68806
1570280789.93807
1570280790.18808
1570280790.43809
1570280790.6881
1570280790.93812
1570280791.18813
1570280791.43814
1570280791.68815
1570280791.93816
1570280792.18817
1570280792.43818
1570280792.6882
1570280792.93821
1570280793.18822
1570280793.43823
1570280793.68824
1570280793.93825
1570280794.18827
1570280794.43828
1570280794.68829
1570280794.9383
1570280795.18831
1570280795.43832
1570280795.68834
1570280795.93835
1570280796.18836
1570280796.43837
1570280796.68838
1570280796.93839
1570280797.1884
1570280797.43842
1570280797.68843
1570280797.93844
1570280798.18845
1570280798.43846
1570280798.68847
1570280798.93849
1570280799.1885
1570280799.43851
1570280799.68852
1570280799.93853
1570280800.18854
1570280800.43856
1570280800.68857
1570280800.93858
1570280801.18859
1570280801.4386
1570280801.68861
1570280801.93862
1570280802.18864
1570280802.43865
1570280802.68866
1570280802.93867
1570280803.18868
1570280803.43869
1570280803.68871
1570280803.93872
1570280804.18873
1570280804.43874
1570280804.68875
1570280804.93876
1570280805.18878
1570280805.43879
1570280805.6888
1570280805.93881
1570280806.18882
1570280806.43883
1570280806.68884
1570280806.93886
1570280807.18887
1570280807.43888
1570280807.68889
1570280807.9389
1570280808.18891
1570280808.43893
1570280808.68894
1570280808.93895
1570280809.18896
1570280809.43897
1570280809.68898
1570280809.939
1570280810.18901
1570280810.43902
1570280810.68903
1570280810.93904
1570280811.18905
1570280811.43906
1570280811.68908
1570280811.93909
1570280812.1891
1570280812.43911
1570280812.68912
1570280812.93913
1570280813.18915
1570280813.43916
1570280813.68917
1570280813.93918
1570280814.18919
1570280814.4392
1570280814.68922
1570280814.93923
1570280815.18924
1570280815.43925
1570280815.68926
1570280815.93927
1570280816.18928
1570280816.4393
1570280816.68931
1570280816.93932
1570280817.18933
1570280817.43934
1570280817.68935
1570280817.93937
1570280818.18938
1570280818.43939
1570280818.6894
1570280818.93941
1570280819.18942
1570280819.43944
1570280819.68945
1570280819.93946
1570280820.18947
1570280820.43948
1570280820.68949
1570280820.9395
1570280821.18952
1570280821.43953
1570280821.68954
1570280821.93955
1570280822.18956
1570280822.43957
1570280822.68959
1570280822.9396
1570280823.18961
1570280823.43962
1570280823.68963
1570280823.93964
1570280824.18965
1570280824.43967
1570280824.68968
1570280824.93969
1570280825.1897
1570280825.43971
1570280825.68972
1570280825.93974
1570280826.18975
1570280826.43976
1570280826.68977
1570280826.93978
1570280827.18979
1570280827.43981
1570280827.68982
1570280827.93983
1570280828.18984
1570280828.43985
1570280828.68986
1570280828.93987
1570280829.18989
1570280829.4399
1570280829.68991
1570280829.93992
1570280830.18993
1570280830.43994
1570280830.68996
1570280830.93997
1570280831.18998
1570280831.43999
1570280831.69
1570280831.94001
1570280832.19003
1570280832.44004
1570280832.69005
1570280832.94006
1570280833.19007
1570280833.44008
1570280833.69009
1570280833.94011
1570280834.19012
1570280834.44013
1570280834.69014
1570280834.94015
1570280835.19016
1570280835.44018
1570280835.69019
1570280835.9402
1570280836.19021
1570280836.44022
1570280836.69023
1570280836.94025
1570280837.19026
1570280837.44027
1570280837.69028
1570280837.94029
1570280838.1903
1570280838.44031
1570280838.69033
1570280838.94034
1570280839.19035
1570280839.44036
1570280839.69037
1570280839.94038
1570280840.1904
1570280840.44041
1570280840.69042
1570280840.94043
1570280841.19044
1570280841.44045
1570280841.69047
1570280841.94048
1570280842.19049
1570280842.4405
1570280842.69051
1570280842.94052
1570280843.19053
1570280843.44055
1570280843.69056
1570280843.94057
1570280844.19058
1570280844.44059
1570280844.6906
1570280844.94062
1570280845.19063
1570280845.44064
1570280845.69065
1570280845.94066
1570280846.19067
1570280846.44069
1570280846.6907
1570280846.94071
1570280847.19072
1570280847.44073
1570280847.69074
1570280847.94075
1570280848.19077
1570280848.44078
1570280848.69079
1570280848.9408
1570280849.19081
1570280849.44082
1570280849.69084
1570280849.94085
1570280850.19086
1570280850.44087
1570280850.69088
1570280850.94089
1570280851.19091
1570280851.44092
1570280851.69093
1570280851.94094
1570280852.19095
1570280852.44096
1570280852.69097
1570280852.94099
1570280853.191
1570280853.44101
1570280853.69102
1570280853.94103
1570280854.19104
1570280854.44106
1570280854.69107
1570280854.94108
1570280855.19109
1570280855.4411
1570280855.69111
1570280855.94112
1570280856.19114
1570280856.44115
1570280856.69116
1570280856.94117
1570280857.19118
1570280857.44119
1570280857.69121
1570280857.94122
1570280858.19123
1570280858.44124
1570280858.69125
1570280858.94126
1570280859.19128
1570280859.44129
1570280859.6913
1570280859.94131
1570280860.19132
1570280860.44133
1570280860.69134
1570280860.94136
1570280861.19137
1570280861.44138
1570280861.69139
1570280861.9414
1570280862.19141
1570280862.44143
1570280862.69144
1570280862.94145
1570280863.19146
1570280863.44147
1570280863.69148
1570280863.9415
1570280864.19151
1570280864.44152
1570280864.69153
1570280864.94154
1570280865.19155
1570280865.44156
1570280865.69158
1570280865.94159
1570280866.1916
1570280866.44161
1570280866.69162
1570280866.94163
1570280867.19165
1570280867.44166
1570280867.69167
1570280867.94168
1570280868.19169
1570280868.4417
1570280868.69172
1570280868.94173
1570280869.19174
1570280869.44175
1570280869.69176
1570280869.94177
1570280870.19178
1570280870.4418
1570280870.69181
1570280870.94182
1570280871.19183
1570280871.44184
1570280871.69185
1570280871.94187
1570280872.19188
1570280872.44189
1570280872.6919
1570280872.94191
1570280873.19192
1570280873.44194
1570280873.69195
1570280873.94196
1570280874.19197
1570280874.44198
1570280874.69199
1570280874.942
1570280875.19202
1570280875.44203
1570280875.69204
1570280875.94205
1570280876.19206
1570280876.44207
1570280876.69209
1570280876.9421
1570280877.19211
1570280877.44212
1570280877.69213
1570280877.94214
1570280878.19216
1570280878.44217
1570280878.69218
1570280878.94219
1570280879.1922
1570280879.44221
1570280879.69222
1570280879.94224
1570280880.19225
1570280880.44226
1570280880.69227
1570280880.94228
1570280881.19229
1570280881.44231
1570280881.69232
1570280881.94233
1570280882.19234
1570280882.44235
1570280882.69236
1570280882.94237
1570280883.19239
1570280883.4424
1570280883.69241
1570280883.94242
1570280884.19243
1570280884.44244
1570280884.69246
1570280884.94247
1570280885.19248
1570280885.44249
1570280885.6925
1570280885.94251
1570280886.19253
1570280886.44254
1570280886.69255
1570280886.94256
1570280887.19257
1570280887.44258
1570280887.6926
1570280887.94261
1570280888.19262
1570280888.44263
1570280888.69264
1570280888.94265
1570280889.19266
1570280889.44268
1570280889.69269
1570280889.9427
1570280890.19271
1570280890.44272
1570280890.69273
1570280890.94275
1570280891.19276
1570280891.44277
1570280891.69278
1570280891.94279
1570280892.1928
1570280892.44281
1570280892.69283
1570280892.94284
1570280893.19285
1570280893.44286
1570280893.69287
1570280893.94288
1570280894.1929
1570280894.44291
1570280894.69292
1570280894.94293
1570280895.19294
1570280895.44295
1570280895.69297
1570280895.94298
1570280896.19299
1570280896.443
1570280896.69301
1570280896.94302
1570280897.19303
1570280897.44305
1570280897.69306
1570280897.94307
1570280898.19308
1570280898.44309
1570280898.6931
1570280898.94312
1570280899.19313
1570280899.44314
1570280899.69315
1570280899.94316
1570280900.19317
1570280900.44319
1570280900.6932
1570280900.94321
1570280901.19322
1570280901.44323
1570280901.69324
1570280901.94325
1570280902.19327
1570280902.44328
1570280902.69329
1570280902.9433
1570280903.19331
1570280903.44332
1570280903.69334
1570280903.94335
1570280904.19336
1570280904.44337
1570280904.69338
1570280904.94339
1570280905.19341
1570280905.44342
1570280905.69343
1570280905.94344
1570280906.19345
1570280906.44346
1570280906.69347
1570280906.94349
1570280907.1935
1570280907.44351
1570280907.69352
1570280907.94353
1570280908.19354
1570280908.44356
1570280908.69357
1570280908.94358
1570280909.19359
1570280909.4436
1570280909.69361
1570280909.94362
1570280910.19364
1570280910.44365
1570280910.69366
1570280910.94367
1570280911.19368
1570280911.44369
1570280911.69371
1570280911.94372
1570280912.19373
1570280912.44374
1570280912.69375
1570280912.94376
1570280913.19378
1570280913.44379
1570280913.6938
1570280913.94381
1570280914.19382
1570280914.44383
1570280914.69385
1570280914.94386
1570280915.19387
1570280915.44388
1570280915.69389
1570280915.9439
1570280916.19391
1570280916.44393
1570280916.69394
1570280916.94395
1570280917.19396
1570280917.44397
1570280917.69398
1570280917.944
1570280918.19401
1570280918.44402
1570280918.69403
1570280918.94404
1570280919.19405
1570280919.44406
1570280919.69408
1570280919.94409
1570280920.1941
1570280920.44411
1570280920.69412
1570280920.94413
1570280921.19415
1570280921.44416
1570280921.69417
1570280921.94418
1570280922.19419
1570280922.4442
1570280922.69422
1570280922.94423
1570280923.19424
1570280923.44425
1570280923.69426
1570280923.94427
1570280924.19428
1570280924.4443
1570280924.69431
1570280924.94432
1570280925.19433
1570280925.44434
1570280925.69435
1570280925.94437
1570280926.19438
1570280926.44439
1570280926.6944
1570280926.94441
1570280927.19442
1570280927.44444
1570280927.69445
1570280927.94446
1570280928.19447
1570280928.44448
1570280928.69449
1570280928.9445
1570280929.19452
1570280929.44453
1570280929.69454
1570280929.94455
1570280930.19456
1570280930.44457
1570280930.69459
1570280930.9446
1570280931.19461
1570280931.44462
1570280931.69463
1570280931.94464
1570280932.19466
1570280932.44467
1570280932.69468
1570280932.94469
1570280933.1947
1570280933.44471
1570280933.69472
1570280933.94474
1570280934.19475
1570280934.44476
1570280934.69477
1570280934.94478
1570280935.19479
1570280935.44481
1570280935.69482
1570280935.94483
1570280936.19484
1570280936.44485
1570280936.69486
1570280936.94488
1570280937.19489
1570280937.4449
1570280937.69491
1570280937.94492
1570280938.19493
1570280938.44494
1570280938.69496
1570280938.94497
1570280939.19498
1570280939.44499
1570280939.695
1570280939.94501
1570280940.19503
1570280940.44504
1570280940.69505
1570280940.94506
1570280941.19507
1570280941.44508
1570280941.6951
1570280941.94511
1570280942.19512
1570280942.44513
1570280942.69514
1570280942.94515
1570280943.19516
1570280943.44518
1570280943.69519
1570280943.9452
1570280944.19521
1570280944.44522
1570280944.69523
1570280944.94525
1570280945.19526
1570280945.44527
1570280945.69528
1570280945.94529
1570280946.1953
1570280946.44531
1570280946.69533
1570280946.94534
1570280947.19535
1570280947.44536
1570280947.69537
1570280947.94538
1570280948.1954
1570280948.44541
1570280948.69542
1570280948.94543
1570280949.19544
1570280949.44545
1570280949.69547
1570280949.94548
1570280950.19549
1570280950.4455
1570280950.69551
1570280950.94552
1570280951.19553
1570280951.44555
1570280951.69556
1570280951.94557
1570280952.19558
1570280952.44559
1570280952.6956
1570280952.94562
1570280953.19563
1570280953.44564
1570280953.69565
1570280953.94566
1570280954.19567
1570280954.44569
1570280954.6957
1570280954.94571
1570280955.19572
1570280955.44573
1570280955.69574
1570280955.94575
1570280956.19577
1570280956.44578
1570280956.69579
1570280956.9458
1570280957.19581
1570280957.44582
1570280957.69584
1570280957.94585
1570280958.19586
1570280958.44587
1570280958.69588
1570280958.94589
1570280959.19591
1570280959.44592
1570280959.69593
1570280959.94594
1570280960.19595
1570280960.44596
1570280960.69597
1570280960.94599
1570280961.196
1570280961.44601
1570280961.69602
1570280961.94603
1570280962.19604
1570280962.44606
1570280962.69607
1570280962.94608
1570280963.19609
1570280963.4461
1570280963.69611
1570280963.94613
1570280964.19614
1570280964.44615
1570280964.69616
1570280964.94617
1570280965.19618
1570280965.44619
1570280965.69621
1570280965.94622
1570280966.19623
1570280966.44624
1570280966.69625
1570280966.94626
1570280967.19628
1570280967.44629
1570280967.6963
1570280967.94631
1570280968.19632
1570280968.44633
1570280968.69635
1570280968.94636
1570280969.19637
1570280969.44638
1570280969.69639
1570280969.9464
1570280970.19641
1570280970.44643
1570280970.69644
1570280970.94645
1570280971.19646
1570280971.44647
1570280971.69648
1570280971.9465
1570280972.19651
1570280972.44652
1570280972.69653
1570280972.94654
1570280973.19655
1570280973.44657
1570280973.69658
1570280973.94659
1570280974.1966
1570280974.44661
1570280974.69662
1570280974.94663
1570280975.19665
1570280975.44666
1570280975.69667
1570280975.94668
1570280976.19669
1570280976.4467
1570280976.69672
1570280976.94673
1570280977.19674
1570280977.44675
1570280977.69676
1570280977.94677
1570280978.19678
1570280978.4468
1570280978.69681
1570280978.94682
1570280979.19683
