1569401772.775
1569401773.025
1569401773.275
1569401773.525
1569401773.775
1569401774.025
1569401774.275
1569401774.525
1569401774.775
1569401775.025
1569401775.275
1569401775.525
1569401775.775
1569401776.025
1569401776.275
1569401776.525
1569401776.775
1569401777.025
1569401777.275
1569401777.525
1569401777.775
1569401778.025
1569401778.275
1569401778.525
1569401778.775
1569401779.025
1569401779.275
1569401779.525
1569401779.775
1569401780.025
1569401780.275
1569401780.525
1569401780.775
1569401781.025
1569401781.275
1569401781.525
1569401781.775
1569401782.025
1569401782.275
1569401782.525
1569401782.775
1569401783.025
1569401783.275
1569401783.525
1569401783.775
1569401784.025
1569401784.275
1569401784.525
1569401784.775
1569401785.025
1569401785.275
1569401785.525
1569401785.775
1569401786.025
1569401786.275
1569401786.525
1569401786.775
1569401787.025
1569401787.275
1569401787.525
1569401787.775
1569401788.025
1569401788.275
1569401788.525
1569401788.775
1569401789.025
1569401789.275
1569401789.525
1569401789.775
1569401790.025
1569401790.275
1569401790.525
1569401790.775
1569401791.025
1569401791.275
1569401791.525
1569401791.775
1569401792.025
1569401792.275
1569401792.525
1569401792.775
1569401793.025
1569401793.275
1569401793.525
1569401793.775
1569401794.025
1569401794.275
1569401794.525
1569401794.775
1569401795.025
1569401795.275
1569401795.525
1569401795.775
1569401796.025
1569401796.275
1569401796.525
1569401796.775
1569401797.025
1569401797.275
1569401797.525
1569401797.775
1569401798.025
1569401798.275
1569401798.525
1569401798.775
1569401799.025
1569401799.275
1569401799.525
1569401799.775
1569401800.025
1569401800.275
1569401800.525
1569401800.775
1569401801.025
1569401801.275
1569401801.525
1569401801.775
1569401802.025
1569401802.275
1569401802.525
1569401802.775
1569401803.025
1569401803.275
1569401803.525
1569401803.775
1569401804.025
1569401804.275
1569401804.525
1569401804.775
1569401805.025
1569401805.275
1569401805.525
1569401805.775
1569401806.025
1569401806.275
1569401806.525
1569401806.775
1569401807.025
1569401807.275
1569401807.525
1569401807.775
1569401808.025
1569401808.275
1569401808.525
1569401808.775
1569401809.025
1569401809.275
1569401809.525
1569401809.775
1569401810.025
1569401810.275
1569401810.525
1569401810.775
1569401811.025
1569401811.275
1569401811.525
1569401811.775
1569401812.025
1569401812.275
1569401812.525
1569401812.775
1569401813.025
1569401813.275
1569401813.525
1569401813.775
1569401814.025
1569401814.275
1569401814.525
1569401814.775
1569401815.025
1569401815.275
1569401815.525
1569401815.775
1569401816.025
1569401816.275
1569401816.525
1569401816.775
1569401817.025
1569401817.275
1569401817.525
1569401817.775
1569401818.025
1569401818.275
1569401818.525
1569401818.775
1569401819.025
1569401819.275
1569401819.525
1569401819.775
1569401820.025
1569401820.275
1569401820.525
1569401820.775
1569401821.025
1569401821.275
1569401821.525
1569401821.775
1569401822.025
1569401822.275
1569401822.525
1569401822.775
1569401823.025
1569401823.275
1569401823.525
1569401823.775
1569401824.025
1569401824.275
1569401824.525
1569401824.775
1569401825.025
1569401825.275
1569401825.525
1569401825.775
1569401826.025
1569401826.275
1569401826.525
1569401826.775
1569401827.025
1569401827.275
1569401827.525
1569401827.775
1569401828.025
1569401828.275
1569401828.525
1569401828.775
1569401829.025
1569401829.275
1569401829.525
1569401829.775
1569401830.025
1569401830.275
1569401830.525
1569401830.775
1569401831.025
1569401831.275
1569401831.525
1569401831.775
1569401832.025
1569401832.275
1569401832.525
1569401832.775
1569401833.025
1569401833.275
1569401833.525
1569401833.775
1569401834.025
1569401834.275
1569401834.525
1569401834.775
1569401835.025
1569401835.275
1569401835.525
1569401835.775
1569401836.025
1569401836.275
1569401836.525
1569401836.775
1569401837.025
1569401837.275
1569401837.525
1569401837.775
1569401838.025
1569401838.275
1569401838.525
1569401838.775
1569401839.025
1569401839.275
1569401839.525
1569401839.775
1569401840.025
1569401840.275
1569401840.525
1569401840.775
1569401841.025
1569401841.275
1569401841.525
1569401841.775
1569401842.025
1569401842.275
1569401842.525
1569401842.775
1569401843.025
1569401843.275
1569401843.525
1569401843.775
1569401844.025
1569401844.275
1569401844.525
1569401844.775
1569401845.025
1569401845.275
1569401845.525
1569401845.775
1569401846.025
1569401846.275
1569401846.525
1569401846.775
1569401847.025
1569401847.275
1569401847.525
1569401847.775
1569401848.025
1569401848.275
1569401848.525
1569401848.775
1569401849.025
1569401849.275
1569401849.525
1569401849.775
1569401850.025
1569401850.275
1569401850.525
1569401850.775
1569401851.025
1569401851.275
1569401851.525
1569401851.775
1569401852.025
1569401852.275
1569401852.525
1569401852.775
1569401853.025
1569401853.275
1569401853.525
1569401853.775
1569401854.025
1569401854.275
1569401854.525
1569401854.775
1569401855.025
1569401855.275
1569401855.525
1569401855.775
1569401856.025
1569401856.275
1569401856.525
1569401856.775
1569401857.025
1569401857.275
1569401857.525
1569401857.775
1569401858.025
1569401858.275
1569401858.525
1569401858.775
1569401859.025
1569401859.275
1569401859.525
1569401859.775
1569401860.025
1569401860.275
1569401860.525
1569401860.775
1569401861.025
1569401861.275
1569401861.525
1569401861.775
1569401862.025
1569401862.275
1569401862.525
1569401862.775
1569401863.025
1569401863.275
1569401863.525
1569401863.775
1569401864.025
1569401864.275
1569401864.525
1569401864.775
1569401865.025
1569401865.275
1569401865.525
1569401865.775
1569401866.025
1569401866.275
1569401866.525
1569401866.775
1569401867.025
1569401867.275
1569401867.525
1569401867.775
1569401868.025
1569401868.275
1569401868.525
1569401868.775
1569401869.025
1569401869.275
1569401869.525
1569401869.775
1569401870.025
1569401870.275
1569401870.525
1569401870.775
1569401871.025
1569401871.275
1569401871.525
1569401871.775
1569401872.025
1569401872.275
1569401872.525
1569401872.775
1569401873.025
1569401873.275
1569401873.525
1569401873.775
1569401874.025
1569401874.275
1569401874.525
1569401874.775
1569401875.025
1569401875.275
1569401875.525
1569401875.775
1569401876.025
1569401876.275
1569401876.525
1569401876.775
1569401877.025
1569401877.275
1569401877.525
1569401877.775
1569401878.025
1569401878.275
1569401878.525
1569401878.775
1569401879.025
1569401879.275
1569401879.525
1569401879.775
1569401880.025
1569401880.275
1569401880.525
1569401880.775
1569401881.025
1569401881.275
1569401881.525
1569401881.775
1569401882.025
1569401882.275
1569401882.525
1569401882.775
1569401883.025
1569401883.275
1569401883.525
1569401883.775
1569401884.025
1569401884.275
1569401884.525
1569401884.775
1569401885.025
1569401885.275
1569401885.525
1569401885.775
1569401886.025
1569401886.275
1569401886.525
1569401886.775
1569401887.025
1569401887.275
1569401887.525
1569401887.775
1569401888.025
1569401888.275
1569401888.525
1569401888.775
1569401889.025
1569401889.275
1569401889.525
1569401889.775
1569401890.025
1569401890.275
1569401890.525
1569401890.775
1569401891.025
1569401891.275
1569401891.525
1569401891.775
1569401892.025
1569401892.275
1569401892.525
1569401892.775
1569401893.025
1569401893.275
1569401893.525
1569401893.775
1569401894.025
1569401894.275
1569401894.525
1569401894.775
1569401895.025
1569401895.275
1569401895.525
1569401895.775
1569401896.025
1569401896.275
1569401896.525
1569401896.775
1569401897.025
1569401897.275
1569401897.525
1569401897.775
1569401898.025
1569401898.275
1569401898.525
1569401898.775
1569401899.025
1569401899.275
1569401899.525
1569401899.775
1569401900.025
1569401900.275
1569401900.525
1569401900.775
1569401901.025
1569401901.275
1569401901.525
1569401901.775
1569401902.025
1569401902.275
1569401902.525
1569401902.775
1569401903.025
1569401903.275
1569401903.525
1569401903.775
1569401904.025
1569401904.275
1569401904.525
1569401904.775
1569401905.025
1569401905.275
1569401905.525
1569401905.775
1569401906.025
1569401906.275
1569401906.525
1569401906.775
1569401907.025
1569401907.275
1569401907.525
1569401907.775
1569401908.025
1569401908.275
1569401908.525
1569401908.775
1569401909.025
1569401909.275
1569401909.525
1569401909.775
1569401910.025
1569401910.275
1569401910.525
1569401910.775
1569401911.025
1569401911.275
1569401911.525
1569401911.775
1569401912.025
1569401912.275
1569401912.525
1569401912.775
1569401913.025
1569401913.275
1569401913.525
1569401913.775
1569401914.025
1569401914.275
1569401914.525
1569401914.775
1569401915.025
1569401915.275
1569401915.525
1569401915.775
1569401916.025
1569401916.275
1569401916.525
1569401916.775
1569401917.025
1569401917.275
1569401917.525
1569401917.775
1569401918.025
1569401918.275
1569401918.525
1569401918.775
1569401919.025
1569401919.275
1569401919.525
1569401919.775
1569401920.025
1569401920.275
1569401920.525
1569401920.775
1569401921.025
1569401921.275
1569401921.525
1569401921.775
1569401922.025
1569401922.275
1569401922.525
1569401922.775
1569401923.025
1569401923.275
1569401923.525
1569401923.775
1569401924.025
1569401924.275
1569401924.525
1569401924.775
1569401925.025
1569401925.275
1569401925.525
1569401925.775
1569401926.025
1569401926.275
1569401926.525
1569401926.775
1569401927.025
1569401927.275
1569401927.525
1569401927.775
1569401928.025
1569401928.275
1569401928.525
1569401928.775
1569401929.025
1569401929.275
1569401929.525
1569401929.775
1569401930.025
1569401930.275
1569401930.525
1569401930.775
1569401931.025
1569401931.275
1569401931.525
1569401931.775
1569401932.025
1569401932.275
1569401932.525
1569401932.775
1569401933.025
1569401933.275
1569401933.525
1569401933.775
1569401934.025
1569401934.275
1569401934.525
1569401934.775
1569401935.025
1569401935.275
1569401935.525
1569401935.775
1569401936.025
1569401936.275
1569401936.525
1569401936.775
1569401937.025
1569401937.275
1569401937.525
1569401937.775
1569401938.025
1569401938.275
1569401938.525
1569401938.775
1569401939.025
1569401939.275
1569401939.525
1569401939.775
1569401940.025
1569401940.275
1569401940.525
1569401940.775
1569401941.025
1569401941.275
1569401941.525
1569401941.775
1569401942.025
1569401942.275
1569401942.525
1569401942.775
1569401943.025
1569401943.275
1569401943.525
1569401943.775
1569401944.025
1569401944.275
1569401944.525
1569401944.775
1569401945.025
1569401945.275
1569401945.525
1569401945.775
1569401946.025
1569401946.275
1569401946.525
1569401946.775
1569401947.025
1569401947.275
1569401947.525
1569401947.775
1569401948.025
1569401948.275
1569401948.525
1569401948.775
1569401949.025
1569401949.275
1569401949.525
1569401949.775
1569401950.025
1569401950.275
1569401950.525
1569401950.775
1569401951.025
1569401951.275
1569401951.525
1569401951.775
1569401952.025
1569401952.275
1569401952.525
1569401952.775
1569401953.025
1569401953.275
1569401953.525
1569401953.775
1569401954.025
1569401954.275
1569401954.525
1569401954.775
1569401955.025
1569401955.275
1569401955.525
1569401955.775
1569401956.025
1569401956.275
1569401956.525
1569401956.775
1569401957.025
1569401957.275
1569401957.525
1569401957.775
1569401958.025
1569401958.275
1569401958.525
1569401958.775
1569401959.025
1569401959.275
1569401959.525
1569401959.775
1569401960.025
1569401960.275
1569401960.525
1569401960.775
1569401961.025
1569401961.275
1569401961.525
1569401961.775
1569401962.025
1569401962.275
1569401962.525
1569401962.775
1569401963.025
1569401963.275
1569401963.525
1569401963.775
1569401964.025
1569401964.275
1569401964.525
1569401964.775
1569401965.025
1569401965.275
1569401965.525
1569401965.775
1569401966.025
1569401966.275
1569401966.525
1569401966.775
1569401967.025
1569401967.275
1569401967.525
1569401967.775
1569401968.025
1569401968.275
1569401968.525
1569401968.775
1569401969.025
1569401969.275
1569401969.525
1569401969.775
1569401970.025
1569401970.275
1569401970.525
1569401970.775
1569401971.025
1569401971.275
1569401971.525
1569401971.775
1569401972.025
1569401972.275
1569401972.525
1569401972.775
1569401973.025
1569401973.275
1569401973.525
1569401973.775
1569401974.025
1569401974.275
1569401974.525
1569401974.775
1569401975.025
1569401975.275
1569401975.525
1569401975.775
1569401976.025
1569401976.275
1569401976.525
1569401976.775
1569401977.025
1569401977.275
1569401977.525
1569401977.775
1569401978.025
1569401978.275
1569401978.525
1569401978.775
1569401979.025
1569401979.275
1569401979.525
1569401979.775
1569401980.025
1569401980.275
1569401980.525
1569401980.775
1569401981.025
1569401981.275
1569401981.525
1569401981.775
1569401982.025
1569401982.275
1569401982.525
1569401982.775
1569401983.025
1569401983.275
1569401983.525
1569401983.775
1569401984.025
1569401984.275
1569401984.525
1569401984.775
1569401985.025
1569401985.275
1569401985.525
1569401985.775
1569401986.025
1569401986.275
1569401986.525
1569401986.775
1569401987.025
1569401987.275
1569401987.525
1569401987.775
1569401988.025
1569401988.275
1569401988.525
1569401988.775
1569401989.025
1569401989.275
1569401989.525
1569401989.775
1569401990.025
1569401990.275
1569401990.525
1569401990.775
1569401991.025
1569401991.275
1569401991.525
1569401991.775
1569401992.025
1569401992.275
1569401992.525
1569401992.775
1569401993.025
1569401993.275
1569401993.525
1569401993.775
1569401994.025
1569401994.275
1569401994.525
1569401994.775
1569401995.025
1569401995.275
1569401995.525
1569401995.775
1569401996.025
1569401996.275
1569401996.525
1569401996.775
1569401997.025
1569401997.275
1569401997.525
1569401997.775
1569401998.025
1569401998.275
1569401998.525
1569401998.775
1569401999.025
1569401999.275
1569401999.525
1569401999.775
1569402000.025
1569402000.275
1569402000.525
1569402000.775
1569402001.025
1569402001.275
1569402001.525
1569402001.775
1569402002.025
1569402002.275
1569402002.525
1569402002.775
1569402003.025
1569402003.275
1569402003.525
1569402003.775
1569402004.025
1569402004.275
1569402004.525
1569402004.775
1569402005.025
1569402005.275
1569402005.525
1569402005.775
1569402006.025
1569402006.275
1569402006.525
1569402006.775
1569402007.025
1569402007.275
1569402007.525
1569402007.775
1569402008.025
1569402008.275
1569402008.525
1569402008.775
1569402009.025
1569402009.275
1569402009.525
1569402009.775
1569402010.025
1569402010.275
1569402010.525
1569402010.775
1569402011.025
1569402011.275
1569402011.525
1569402011.775
1569402012.025
1569402012.275
1569402012.525
1569402012.775
1569402013.025
1569402013.275
1569402013.525
1569402013.775
1569402014.025
1569402014.275
1569402014.525
1569402014.775
1569402015.025
1569402015.275
1569402015.525
1569402015.775
1569402016.025
1569402016.275
1569402016.525
1569402016.775
1569402017.025
1569402017.275
1569402017.525
1569402017.775
1569402018.025
1569402018.275
1569402018.525
1569402018.775
1569402019.025
1569402019.275
1569402019.525
1569402019.775
1569402020.025
1569402020.275
1569402020.525
1569402020.775
1569402021.025
1569402021.275
1569402021.525
1569402021.775
1569402022.025
1569402022.275
1569402022.525
1569402022.775
1569402023.025
1569402023.275
1569402023.525
1569402023.775
1569402024.025
1569402024.275
1569402024.525
1569402024.775
1569402025.025
1569402025.275
1569402025.525
1569402025.775
1569402026.025
1569402026.275
1569402026.525
1569402026.775
1569402027.025
1569402027.275
1569402027.525
1569402027.775
1569402028.025
1569402028.275
1569402028.525
1569402028.775
1569402029.025
1569402029.275
1569402029.525
1569402029.775
1569402030.025
1569402030.275
1569402030.525
1569402030.775
1569402031.025
1569402031.275
1569402031.525
1569402031.775
1569402032.025
1569402032.275
1569402032.525
1569402032.775
1569402033.025
1569402033.275
1569402033.525
1569402033.775
1569402034.025
1569402034.275
1569402034.525
1569402034.775
1569402035.025
1569402035.275
1569402035.525
1569402035.775
1569402036.025
1569402036.275
1569402036.525
1569402036.775
1569402037.025
1569402037.275
1569402037.525
1569402037.775
1569402038.025
1569402038.275
1569402038.525
1569402038.775
1569402039.025
1569402039.275
1569402039.525
1569402039.775
1569402040.025
1569402040.275
1569402040.525
1569402040.775
1569402041.025
1569402041.275
1569402041.525
1569402041.775
1569402042.025
1569402042.275
1569402042.525
1569402042.775
1569402043.025
1569402043.275
1569402043.525
1569402043.775
1569402044.025
1569402044.275
1569402044.525
1569402044.775
1569402045.025
1569402045.275
1569402045.525
1569402045.775
1569402046.025
1569402046.275
1569402046.525
1569402046.775
1569402047.025
1569402047.275
1569402047.525
1569402047.775
1569402048.025
1569402048.275
1569402048.525
1569402048.775
1569402049.025
1569402049.275
1569402049.525
1569402049.775
1569402050.025
1569402050.275
1569402050.525
1569402050.775
1569402051.025
1569402051.275
1569402051.525
1569402051.775
1569402052.025
1569402052.275
1569402052.525
1569402052.775
1569402053.025
1569402053.275
1569402053.525
1569402053.775
1569402054.025
1569402054.275
1569402054.525
1569402054.775
1569402055.025
1569402055.275
1569402055.525
1569402055.775
1569402056.025
1569402056.275
1569402056.525
1569402056.775
1569402057.025
1569402057.275
1569402057.525
1569402057.775
1569402058.025
1569402058.275
1569402058.525
1569402058.775
1569402059.025
1569402059.275
1569402059.525
1569402059.775
1569402060.025
1569402060.275
1569402060.525
1569402060.775
1569402061.025
1569402061.275
1569402061.525
1569402061.775
1569402062.025
1569402062.275
1569402062.525
1569402062.775
1569402063.025
1569402063.275
1569402063.525
1569402063.775
1569402064.025
1569402064.275
1569402064.525
1569402064.775
1569402065.025
1569402065.275
1569402065.525
1569402065.775
1569402066.025
1569402066.275
1569402066.525
1569402066.775
1569402067.025
1569402067.275
1569402067.525
1569402067.775
1569402068.025
1569402068.275
1569402068.525
1569402068.775
1569402069.025
1569402069.275
1569402069.525
1569402069.775
1569402070.025
1569402070.275
1569402070.525
1569402070.775
1569402071.025
1569402071.275
1569402071.525
1569402071.775
1569402072.025
1569402072.275
1569402072.525
