1569400514.775
1569400515.025
1569400515.275
1569400515.525
1569400515.775
1569400516.025
1569400516.275
1569400516.525
1569400516.775
1569400517.025
1569400517.275
1569400517.525
1569400517.775
1569400518.025
1569400518.275
1569400518.525
1569400518.775
1569400519.025
1569400519.275
1569400519.525
1569400519.775
1569400520.025
1569400520.275
1569400520.525
1569400520.775
1569400521.025
1569400521.275
1569400521.525
1569400521.775
1569400522.025
1569400522.275
1569400522.525
1569400522.775
1569400523.025
1569400523.275
1569400523.525
1569400523.775
1569400524.025
1569400524.275
1569400524.525
1569400524.775
1569400525.025
1569400525.275
1569400525.525
1569400525.775
1569400526.025
1569400526.275
1569400526.525
1569400526.775
1569400527.025
1569400527.275
1569400527.525
1569400527.775
1569400528.025
1569400528.275
1569400528.525
1569400528.775
1569400529.025
1569400529.275
1569400529.525
1569400529.775
1569400530.025
1569400530.275
1569400530.525
1569400530.775
1569400531.025
1569400531.275
1569400531.525
1569400531.775
1569400532.025
1569400532.275
1569400532.525
1569400532.775
1569400533.025
1569400533.275
1569400533.525
1569400533.775
1569400534.025
1569400534.275
1569400534.525
1569400534.775
1569400535.025
1569400535.275
1569400535.525
1569400535.775
1569400536.025
1569400536.275
1569400536.525
1569400536.775
1569400537.025
1569400537.275
1569400537.525
1569400537.775
1569400538.025
1569400538.275
1569400538.525
1569400538.775
1569400539.025
1569400539.275
1569400539.525
1569400539.775
1569400540.025
1569400540.275
1569400540.525
1569400540.775
1569400541.025
1569400541.275
1569400541.525
1569400541.775
1569400542.025
1569400542.275
1569400542.525
1569400542.775
1569400543.025
1569400543.275
1569400543.525
1569400543.775
1569400544.025
1569400544.275
1569400544.525
1569400544.775
1569400545.025
1569400545.275
1569400545.525
1569400545.775
1569400546.025
1569400546.275
1569400546.525
1569400546.775
1569400547.025
1569400547.275
1569400547.525
1569400547.775
1569400548.025
1569400548.275
1569400548.525
1569400548.775
1569400549.025
1569400549.275
1569400549.525
1569400549.775
1569400550.025
1569400550.275
1569400550.525
1569400550.775
1569400551.025
1569400551.275
1569400551.525
1569400551.775
1569400552.025
1569400552.275
1569400552.525
1569400552.775
1569400553.025
1569400553.275
1569400553.525
1569400553.775
1569400554.025
1569400554.275
1569400554.525
1569400554.775
1569400555.025
1569400555.275
1569400555.525
1569400555.775
1569400556.025
1569400556.275
1569400556.525
1569400556.775
1569400557.025
1569400557.275
1569400557.525
1569400557.775
1569400558.025
1569400558.275
1569400558.525
1569400558.775
1569400559.025
1569400559.275
1569400559.525
1569400559.775
1569400560.025
1569400560.275
1569400560.525
1569400560.775
1569400561.025
1569400561.275
1569400561.525
1569400561.775
1569400562.025
1569400562.275
1569400562.525
1569400562.775
1569400563.025
1569400563.275
1569400563.525
1569400563.775
1569400564.025
1569400564.275
1569400564.525
1569400564.775
1569400565.025
1569400565.275
1569400565.525
1569400565.775
1569400566.025
1569400566.275
1569400566.525
1569400566.775
1569400567.025
1569400567.275
1569400567.525
1569400567.775
1569400568.025
1569400568.275
1569400568.525
1569400568.775
1569400569.025
1569400569.275
1569400569.525
1569400569.775
1569400570.025
1569400570.275
1569400570.525
1569400570.775
1569400571.025
1569400571.275
1569400571.525
1569400571.775
1569400572.025
1569400572.275
1569400572.525
1569400572.775
1569400573.025
1569400573.275
1569400573.525
1569400573.775
1569400574.025
1569400574.275
1569400574.525
1569400574.775
1569400575.025
1569400575.275
1569400575.525
1569400575.775
1569400576.025
1569400576.275
1569400576.525
1569400576.775
1569400577.025
1569400577.275
1569400577.525
1569400577.775
1569400578.025
1569400578.275
1569400578.525
1569400578.775
1569400579.025
1569400579.275
1569400579.525
1569400579.775
1569400580.025
1569400580.275
1569400580.525
1569400580.775
1569400581.025
1569400581.275
1569400581.525
1569400581.775
1569400582.025
1569400582.275
1569400582.525
1569400582.775
1569400583.025
1569400583.275
1569400583.525
1569400583.775
1569400584.025
1569400584.275
1569400584.525
1569400584.775
1569400585.025
1569400585.275
1569400585.525
1569400585.775
1569400586.025
1569400586.275
1569400586.525
1569400586.775
1569400587.025
1569400587.275
1569400587.525
1569400587.775
1569400588.025
1569400588.275
1569400588.525
1569400588.775
1569400589.025
1569400589.275
1569400589.525
1569400589.775
1569400590.025
1569400590.275
1569400590.525
1569400590.775
1569400591.025
1569400591.275
1569400591.525
1569400591.775
1569400592.025
1569400592.275
1569400592.525
1569400592.775
1569400593.025
1569400593.275
1569400593.525
1569400593.775
1569400594.025
1569400594.275
1569400594.525
1569400594.775
1569400595.025
1569400595.275
1569400595.525
1569400595.775
1569400596.025
1569400596.275
1569400596.525
1569400596.775
1569400597.025
1569400597.275
1569400597.525
1569400597.775
1569400598.025
1569400598.275
1569400598.525
1569400598.775
1569400599.025
1569400599.275
1569400599.525
1569400599.775
1569400600.025
1569400600.275
1569400600.525
1569400600.775
1569400601.025
1569400601.275
1569400601.525
1569400601.775
1569400602.025
1569400602.275
1569400602.525
1569400602.775
1569400603.025
1569400603.275
1569400603.525
1569400603.775
1569400604.025
1569400604.275
1569400604.525
1569400604.775
1569400605.025
1569400605.275
1569400605.525
1569400605.775
1569400606.025
1569400606.275
1569400606.525
1569400606.775
1569400607.025
1569400607.275
1569400607.525
1569400607.775
1569400608.025
1569400608.275
1569400608.525
1569400608.775
1569400609.025
1569400609.275
1569400609.525
1569400609.775
1569400610.025
1569400610.275
1569400610.525
1569400610.775
1569400611.025
1569400611.275
1569400611.525
1569400611.775
1569400612.025
1569400612.275
1569400612.525
1569400612.775
1569400613.025
1569400613.275
1569400613.525
1569400613.775
1569400614.025
1569400614.275
1569400614.525
1569400614.775
1569400615.025
1569400615.275
1569400615.525
1569400615.775
1569400616.025
1569400616.275
1569400616.525
1569400616.775
1569400617.025
1569400617.275
1569400617.525
1569400617.775
1569400618.025
1569400618.275
1569400618.525
1569400618.775
1569400619.025
1569400619.275
1569400619.525
1569400619.775
1569400620.025
1569400620.275
1569400620.525
1569400620.775
1569400621.025
1569400621.275
1569400621.525
1569400621.775
1569400622.025
1569400622.275
1569400622.525
1569400622.775
1569400623.025
1569400623.275
1569400623.525
1569400623.775
1569400624.025
1569400624.275
1569400624.525
1569400624.775
1569400625.025
1569400625.275
1569400625.525
1569400625.775
1569400626.025
1569400626.275
1569400626.525
1569400626.775
1569400627.025
1569400627.275
1569400627.525
1569400627.775
1569400628.025
1569400628.275
1569400628.525
1569400628.775
1569400629.025
1569400629.275
1569400629.525
1569400629.775
1569400630.025
1569400630.275
1569400630.525
1569400630.775
1569400631.025
1569400631.275
1569400631.525
1569400631.775
1569400632.025
1569400632.275
1569400632.525
1569400632.775
1569400633.025
1569400633.275
1569400633.525
1569400633.775
1569400634.025
1569400634.275
1569400634.525
1569400634.775
1569400635.025
1569400635.275
1569400635.525
1569400635.775
1569400636.025
1569400636.275
1569400636.525
1569400636.775
1569400637.025
1569400637.275
1569400637.525
1569400637.775
1569400638.025
1569400638.275
1569400638.525
1569400638.775
1569400639.025
1569400639.275
1569400639.525
1569400639.775
1569400640.025
1569400640.275
1569400640.525
1569400640.775
1569400641.025
1569400641.275
1569400641.525
1569400641.775
1569400642.025
1569400642.275
1569400642.525
1569400642.775
1569400643.025
1569400643.275
1569400643.525
1569400643.775
1569400644.025
1569400644.275
1569400644.525
1569400644.775
1569400645.025
1569400645.275
1569400645.525
1569400645.775
1569400646.025
1569400646.275
1569400646.525
1569400646.775
1569400647.025
1569400647.275
1569400647.525
1569400647.775
1569400648.025
1569400648.275
1569400648.525
1569400648.775
1569400649.025
1569400649.275
1569400649.525
1569400649.775
1569400650.025
1569400650.275
1569400650.525
1569400650.775
1569400651.025
1569400651.275
1569400651.525
1569400651.775
1569400652.025
1569400652.275
1569400652.525
1569400652.775
1569400653.025
1569400653.275
1569400653.525
1569400653.775
1569400654.025
1569400654.275
1569400654.525
1569400654.775
1569400655.025
1569400655.275
1569400655.525
1569400655.775
1569400656.025
1569400656.275
1569400656.525
1569400656.775
1569400657.025
1569400657.275
1569400657.525
1569400657.775
1569400658.025
1569400658.275
1569400658.525
1569400658.775
1569400659.025
1569400659.275
1569400659.525
1569400659.775
1569400660.025
1569400660.275
1569400660.525
1569400660.775
1569400661.025
1569400661.275
1569400661.525
1569400661.775
1569400662.025
1569400662.275
1569400662.525
1569400662.775
1569400663.025
1569400663.275
1569400663.525
1569400663.775
1569400664.025
1569400664.275
1569400664.525
1569400664.775
1569400665.025
1569400665.275
1569400665.525
1569400665.775
1569400666.025
1569400666.275
1569400666.525
1569400666.775
1569400667.025
1569400667.275
1569400667.525
1569400667.775
1569400668.025
1569400668.275
1569400668.525
1569400668.775
1569400669.025
1569400669.275
1569400669.525
1569400669.775
1569400670.025
1569400670.275
1569400670.525
1569400670.775
1569400671.025
1569400671.275
1569400671.525
1569400671.775
1569400672.025
1569400672.275
1569400672.525
1569400672.775
1569400673.025
1569400673.275
1569400673.525
1569400673.775
1569400674.025
1569400674.275
1569400674.525
1569400674.775
1569400675.025
1569400675.275
1569400675.525
1569400675.775
1569400676.025
1569400676.275
1569400676.525
1569400676.775
1569400677.025
1569400677.275
1569400677.525
1569400677.775
1569400678.025
1569400678.275
1569400678.525
1569400678.775
1569400679.025
1569400679.275
1569400679.525
1569400679.775
1569400680.025
1569400680.275
1569400680.525
1569400680.775
1569400681.025
1569400681.275
1569400681.525
1569400681.775
1569400682.025
1569400682.275
1569400682.525
1569400682.775
1569400683.025
1569400683.275
1569400683.525
1569400683.775
1569400684.025
1569400684.275
1569400684.525
1569400684.775
1569400685.025
1569400685.275
1569400685.525
1569400685.775
1569400686.025
1569400686.275
1569400686.525
1569400686.775
1569400687.025
1569400687.275
1569400687.525
1569400687.775
1569400688.025
1569400688.275
1569400688.525
1569400688.775
1569400689.025
1569400689.275
1569400689.525
1569400689.775
1569400690.025
1569400690.275
1569400690.525
1569400690.775
1569400691.025
1569400691.275
1569400691.525
1569400691.775
1569400692.025
1569400692.275
1569400692.525
1569400692.775
1569400693.025
1569400693.275
1569400693.525
1569400693.775
1569400694.025
1569400694.275
1569400694.525
1569400694.775
1569400695.025
1569400695.275
1569400695.525
1569400695.775
1569400696.025
1569400696.275
1569400696.525
1569400696.775
1569400697.025
1569400697.275
1569400697.525
1569400697.775
1569400698.025
1569400698.275
1569400698.525
1569400698.775
1569400699.025
1569400699.275
1569400699.525
1569400699.775
1569400700.025
1569400700.275
1569400700.525
1569400700.775
1569400701.025
1569400701.275
1569400701.525
1569400701.775
1569400702.025
1569400702.275
1569400702.525
1569400702.775
1569400703.025
1569400703.275
1569400703.525
1569400703.775
1569400704.025
1569400704.275
1569400704.525
1569400704.775
1569400705.025
1569400705.275
1569400705.525
1569400705.775
1569400706.025
1569400706.275
1569400706.525
1569400706.775
1569400707.025
1569400707.275
1569400707.525
1569400707.775
1569400708.025
1569400708.275
1569400708.525
1569400708.775
1569400709.025
1569400709.275
1569400709.525
1569400709.775
1569400710.025
1569400710.275
1569400710.525
1569400710.775
1569400711.025
1569400711.275
1569400711.525
1569400711.775
1569400712.025
1569400712.275
1569400712.525
1569400712.775
1569400713.025
1569400713.275
1569400713.525
1569400713.775
1569400714.025
1569400714.275
1569400714.525
1569400714.775
1569400715.025
1569400715.275
1569400715.525
1569400715.775
1569400716.025
1569400716.275
1569400716.525
1569400716.775
1569400717.025
1569400717.275
1569400717.525
1569400717.775
1569400718.025
1569400718.275
1569400718.525
1569400718.775
1569400719.025
1569400719.275
1569400719.525
1569400719.775
1569400720.025
1569400720.275
1569400720.525
1569400720.775
1569400721.025
1569400721.275
1569400721.525
1569400721.775
1569400722.025
1569400722.275
1569400722.525
1569400722.775
1569400723.025
1569400723.275
1569400723.525
1569400723.775
1569400724.025
1569400724.275
1569400724.525
1569400724.775
1569400725.025
1569400725.275
1569400725.525
1569400725.775
1569400726.025
1569400726.275
1569400726.525
1569400726.775
1569400727.025
1569400727.275
1569400727.525
1569400727.775
1569400728.025
1569400728.275
1569400728.525
1569400728.775
1569400729.025
1569400729.275
1569400729.525
1569400729.775
1569400730.025
1569400730.275
1569400730.525
1569400730.775
1569400731.025
1569400731.275
1569400731.525
1569400731.775
1569400732.025
1569400732.275
1569400732.525
1569400732.775
1569400733.025
1569400733.275
1569400733.525
1569400733.775
1569400734.025
1569400734.275
1569400734.525
1569400734.775
1569400735.025
1569400735.275
1569400735.525
1569400735.775
1569400736.025
1569400736.275
1569400736.525
1569400736.775
1569400737.025
1569400737.275
1569400737.525
1569400737.775
1569400738.025
1569400738.275
1569400738.525
1569400738.775
1569400739.025
1569400739.275
1569400739.525
1569400739.775
1569400740.025
1569400740.275
1569400740.525
1569400740.775
1569400741.025
1569400741.275
1569400741.525
1569400741.775
1569400742.025
1569400742.275
1569400742.525
1569400742.775
1569400743.025
1569400743.275
1569400743.525
1569400743.775
1569400744.025
1569400744.275
1569400744.525
1569400744.775
1569400745.025
1569400745.275
1569400745.525
1569400745.775
1569400746.025
1569400746.275
1569400746.525
1569400746.775
1569400747.025
1569400747.275
1569400747.525
1569400747.775
1569400748.025
1569400748.275
1569400748.525
1569400748.775
1569400749.025
1569400749.275
1569400749.525
1569400749.775
1569400750.025
1569400750.275
1569400750.525
1569400750.775
1569400751.025
1569400751.275
1569400751.525
1569400751.775
1569400752.025
1569400752.275
1569400752.525
1569400752.775
1569400753.025
1569400753.275
1569400753.525
1569400753.775
1569400754.025
1569400754.275
1569400754.525
1569400754.775
1569400755.025
1569400755.275
1569400755.525
1569400755.775
1569400756.025
1569400756.275
1569400756.525
1569400756.775
1569400757.025
1569400757.275
1569400757.525
1569400757.775
1569400758.025
1569400758.275
1569400758.525
1569400758.775
1569400759.025
1569400759.275
1569400759.525
1569400759.775
1569400760.025
1569400760.275
1569400760.525
1569400760.775
1569400761.025
1569400761.275
1569400761.525
1569400761.775
1569400762.025
1569400762.275
1569400762.525
1569400762.775
1569400763.025
1569400763.275
1569400763.525
1569400763.775
1569400764.025
1569400764.275
1569400764.525
1569400764.775
1569400765.025
1569400765.275
1569400765.525
1569400765.775
1569400766.025
1569400766.275
1569400766.525
1569400766.775
1569400767.025
1569400767.275
1569400767.525
1569400767.775
1569400768.025
1569400768.275
1569400768.525
1569400768.775
1569400769.025
1569400769.275
1569400769.525
1569400769.775
1569400770.025
1569400770.275
1569400770.525
1569400770.775
1569400771.025
1569400771.275
1569400771.525
1569400771.775
1569400772.025
1569400772.275
1569400772.525
1569400772.775
1569400773.025
1569400773.275
1569400773.525
1569400773.775
1569400774.025
1569400774.275
1569400774.525
1569400774.775
1569400775.025
1569400775.275
1569400775.525
1569400775.775
1569400776.025
1569400776.275
1569400776.525
1569400776.775
1569400777.025
1569400777.275
1569400777.525
1569400777.775
1569400778.025
1569400778.275
1569400778.525
1569400778.775
1569400779.025
1569400779.275
1569400779.525
1569400779.775
1569400780.025
1569400780.275
1569400780.525
1569400780.775
1569400781.025
1569400781.275
1569400781.525
1569400781.775
1569400782.025
1569400782.275
1569400782.525
1569400782.775
1569400783.025
1569400783.275
1569400783.525
1569400783.775
1569400784.025
1569400784.275
1569400784.525
1569400784.775
1569400785.025
1569400785.275
1569400785.525
1569400785.775
1569400786.025
1569400786.275
1569400786.525
1569400786.775
1569400787.025
1569400787.275
1569400787.525
1569400787.775
1569400788.025
1569400788.275
1569400788.525
1569400788.775
1569400789.025
1569400789.275
1569400789.525
1569400789.775
1569400790.025
1569400790.275
1569400790.525
1569400790.775
1569400791.025
1569400791.275
1569400791.525
1569400791.775
1569400792.025
1569400792.275
1569400792.525
1569400792.775
1569400793.025
1569400793.275
1569400793.525
1569400793.775
1569400794.025
1569400794.275
1569400794.525
1569400794.775
1569400795.025
1569400795.275
1569400795.525
1569400795.775
1569400796.025
1569400796.275
1569400796.525
1569400796.775
1569400797.025
1569400797.275
1569400797.525
1569400797.775
1569400798.025
1569400798.275
1569400798.525
1569400798.775
1569400799.025
1569400799.275
1569400799.525
1569400799.775
1569400800.025
1569400800.275
1569400800.525
1569400800.775
1569400801.025
1569400801.275
1569400801.525
1569400801.775
1569400802.025
1569400802.275
1569400802.525
1569400802.775
1569400803.025
1569400803.275
1569400803.525
1569400803.775
1569400804.025
1569400804.275
1569400804.525
1569400804.775
1569400805.025
1569400805.275
1569400805.525
1569400805.775
1569400806.025
1569400806.275
1569400806.525
1569400806.775
1569400807.025
1569400807.275
1569400807.525
1569400807.775
1569400808.025
1569400808.275
1569400808.525
1569400808.775
1569400809.025
1569400809.275
1569400809.525
1569400809.775
1569400810.025
1569400810.275
1569400810.525
1569400810.775
1569400811.025
1569400811.275
1569400811.525
1569400811.775
1569400812.025
1569400812.275
1569400812.525
1569400812.775
1569400813.025
1569400813.275
1569400813.525
1569400813.775
1569400814.025
1569400814.275
1569400814.525
