1569398609.775
1569398610.025
1569398610.275
1569398610.525
1569398610.775
1569398611.025
1569398611.275
1569398611.525
1569398611.775
1569398612.025
1569398612.275
1569398612.525
1569398612.775
1569398613.025
1569398613.275
1569398613.525
1569398613.775
1569398614.025
1569398614.275
1569398614.525
1569398614.775
1569398615.025
1569398615.275
1569398615.525
1569398615.775
1569398616.025
1569398616.275
1569398616.525
1569398616.775
1569398617.025
1569398617.275
1569398617.525
1569398617.775
1569398618.025
1569398618.275
1569398618.525
1569398618.775
1569398619.025
1569398619.275
1569398619.525
1569398619.775
1569398620.025
1569398620.275
1569398620.525
1569398620.775
1569398621.025
1569398621.275
1569398621.525
1569398621.775
1569398622.025
1569398622.275
1569398622.525
1569398622.775
1569398623.025
1569398623.275
1569398623.525
1569398623.775
1569398624.025
1569398624.275
1569398624.525
1569398624.775
1569398625.025
1569398625.275
1569398625.525
1569398625.775
1569398626.025
1569398626.275
1569398626.525
1569398626.775
1569398627.025
1569398627.275
1569398627.525
1569398627.775
1569398628.025
1569398628.275
1569398628.525
1569398628.775
1569398629.025
1569398629.275
1569398629.525
1569398629.775
1569398630.025
1569398630.275
1569398630.525
1569398630.775
1569398631.025
1569398631.275
1569398631.525
1569398631.775
1569398632.025
1569398632.275
1569398632.525
1569398632.775
1569398633.025
1569398633.275
1569398633.525
1569398633.775
1569398634.025
1569398634.275
1569398634.525
1569398634.775
1569398635.025
1569398635.275
1569398635.525
1569398635.775
1569398636.025
1569398636.275
1569398636.525
1569398636.775
1569398637.025
1569398637.275
1569398637.525
1569398637.775
1569398638.025
1569398638.275
1569398638.525
1569398638.775
1569398639.025
1569398639.275
1569398639.525
1569398639.775
1569398640.025
1569398640.275
1569398640.525
1569398640.775
1569398641.025
1569398641.275
1569398641.525
1569398641.775
1569398642.025
1569398642.275
1569398642.525
1569398642.775
1569398643.025
1569398643.275
1569398643.525
1569398643.775
1569398644.025
1569398644.275
1569398644.525
1569398644.775
1569398645.025
1569398645.275
1569398645.525
1569398645.775
1569398646.025
1569398646.275
1569398646.525
1569398646.775
1569398647.025
1569398647.275
1569398647.525
1569398647.775
1569398648.025
1569398648.275
1569398648.525
1569398648.775
1569398649.025
1569398649.275
1569398649.525
1569398649.775
1569398650.025
1569398650.275
1569398650.525
1569398650.775
1569398651.025
1569398651.275
1569398651.525
1569398651.775
1569398652.025
1569398652.275
1569398652.525
1569398652.775
1569398653.025
1569398653.275
1569398653.525
1569398653.775
1569398654.025
1569398654.275
1569398654.525
1569398654.775
1569398655.025
1569398655.275
1569398655.525
1569398655.775
1569398656.025
1569398656.275
1569398656.525
1569398656.775
1569398657.025
1569398657.275
1569398657.525
1569398657.775
1569398658.025
1569398658.275
1569398658.525
1569398658.775
1569398659.025
1569398659.275
1569398659.525
1569398659.775
1569398660.025
1569398660.275
1569398660.525
1569398660.775
1569398661.025
1569398661.275
1569398661.525
1569398661.775
1569398662.025
1569398662.275
1569398662.525
1569398662.775
1569398663.025
1569398663.275
1569398663.525
1569398663.775
1569398664.025
1569398664.275
1569398664.525
1569398664.775
1569398665.025
1569398665.275
1569398665.525
1569398665.775
1569398666.025
1569398666.275
1569398666.525
1569398666.775
1569398667.025
1569398667.275
1569398667.525
1569398667.775
1569398668.025
1569398668.275
1569398668.525
1569398668.775
1569398669.025
1569398669.275
1569398669.525
1569398669.775
1569398670.025
1569398670.275
1569398670.525
1569398670.775
1569398671.025
1569398671.275
1569398671.525
1569398671.775
1569398672.025
1569398672.275
1569398672.525
1569398672.775
1569398673.025
1569398673.275
1569398673.525
1569398673.775
1569398674.025
1569398674.275
1569398674.525
1569398674.775
1569398675.025
1569398675.275
1569398675.525
1569398675.775
1569398676.025
1569398676.275
1569398676.525
1569398676.775
1569398677.025
1569398677.275
1569398677.525
1569398677.775
1569398678.025
1569398678.275
1569398678.525
1569398678.775
1569398679.025
1569398679.275
1569398679.525
1569398679.775
1569398680.025
1569398680.275
1569398680.525
1569398680.775
1569398681.025
1569398681.275
1569398681.525
1569398681.775
1569398682.025
1569398682.275
1569398682.525
1569398682.775
1569398683.025
1569398683.275
1569398683.525
1569398683.775
1569398684.025
1569398684.275
1569398684.525
1569398684.775
1569398685.025
1569398685.275
1569398685.525
1569398685.775
1569398686.025
1569398686.275
1569398686.525
1569398686.775
1569398687.025
1569398687.275
1569398687.525
1569398687.775
1569398688.025
1569398688.275
1569398688.525
1569398688.775
1569398689.025
1569398689.275
1569398689.525
1569398689.775
1569398690.025
1569398690.275
1569398690.525
1569398690.775
1569398691.025
1569398691.275
1569398691.525
1569398691.775
1569398692.025
1569398692.275
1569398692.525
1569398692.775
1569398693.025
1569398693.275
1569398693.525
1569398693.775
1569398694.025
1569398694.275
1569398694.525
1569398694.775
1569398695.025
1569398695.275
1569398695.525
1569398695.775
1569398696.025
1569398696.275
1569398696.525
1569398696.775
1569398697.025
1569398697.275
1569398697.525
1569398697.775
1569398698.025
1569398698.275
1569398698.525
1569398698.775
1569398699.025
1569398699.275
1569398699.525
1569398699.775
1569398700.025
1569398700.275
1569398700.525
1569398700.775
1569398701.025
1569398701.275
1569398701.525
1569398701.775
1569398702.025
1569398702.275
1569398702.525
1569398702.775
1569398703.025
1569398703.275
1569398703.525
1569398703.775
1569398704.025
1569398704.275
1569398704.525
1569398704.775
1569398705.025
1569398705.275
1569398705.525
1569398705.775
1569398706.025
1569398706.275
1569398706.525
1569398706.775
1569398707.025
1569398707.275
1569398707.525
1569398707.775
1569398708.025
1569398708.275
1569398708.525
1569398708.775
1569398709.025
1569398709.275
1569398709.525
1569398709.775
1569398710.025
1569398710.275
1569398710.525
1569398710.775
1569398711.025
1569398711.275
1569398711.525
1569398711.775
1569398712.025
1569398712.275
1569398712.525
1569398712.775
1569398713.025
1569398713.275
1569398713.525
1569398713.775
1569398714.025
1569398714.275
1569398714.525
1569398714.775
1569398715.025
1569398715.275
1569398715.525
1569398715.775
1569398716.025
1569398716.275
1569398716.525
1569398716.775
1569398717.025
1569398717.275
1569398717.525
1569398717.775
1569398718.025
1569398718.275
1569398718.525
1569398718.775
1569398719.025
1569398719.275
1569398719.525
1569398719.775
1569398720.025
1569398720.275
1569398720.525
1569398720.775
1569398721.025
1569398721.275
1569398721.525
1569398721.775
1569398722.025
1569398722.275
1569398722.525
1569398722.775
1569398723.025
1569398723.275
1569398723.525
1569398723.775
1569398724.025
1569398724.275
1569398724.525
1569398724.775
1569398725.025
1569398725.275
1569398725.525
1569398725.775
1569398726.025
1569398726.275
1569398726.525
1569398726.775
1569398727.025
1569398727.275
1569398727.525
1569398727.775
1569398728.025
1569398728.275
1569398728.525
1569398728.775
1569398729.025
1569398729.275
1569398729.525
1569398729.775
1569398730.025
1569398730.275
1569398730.525
1569398730.775
1569398731.025
1569398731.275
1569398731.525
1569398731.775
1569398732.025
1569398732.275
1569398732.525
1569398732.775
1569398733.025
1569398733.275
1569398733.525
1569398733.775
1569398734.025
1569398734.275
1569398734.525
1569398734.775
1569398735.025
1569398735.275
1569398735.525
1569398735.775
1569398736.025
1569398736.275
1569398736.525
1569398736.775
1569398737.025
1569398737.275
1569398737.525
1569398737.775
1569398738.025
1569398738.275
1569398738.525
1569398738.775
1569398739.025
1569398739.275
1569398739.525
1569398739.775
1569398740.025
1569398740.275
1569398740.525
1569398740.775
1569398741.025
1569398741.275
1569398741.525
1569398741.775
1569398742.025
1569398742.275
1569398742.525
1569398742.775
1569398743.025
1569398743.275
1569398743.525
1569398743.775
1569398744.025
1569398744.275
1569398744.525
1569398744.775
1569398745.025
1569398745.275
1569398745.525
1569398745.775
1569398746.025
1569398746.275
1569398746.525
1569398746.775
1569398747.025
1569398747.275
1569398747.525
1569398747.775
1569398748.025
1569398748.275
1569398748.525
1569398748.775
1569398749.025
1569398749.275
1569398749.525
1569398749.775
1569398750.025
1569398750.275
1569398750.525
1569398750.775
1569398751.025
1569398751.275
1569398751.525
1569398751.775
1569398752.025
1569398752.275
1569398752.525
1569398752.775
1569398753.025
1569398753.275
1569398753.525
1569398753.775
1569398754.025
1569398754.275
1569398754.525
1569398754.775
1569398755.025
1569398755.275
1569398755.525
1569398755.775
1569398756.025
1569398756.275
1569398756.525
1569398756.775
1569398757.025
1569398757.275
1569398757.525
1569398757.775
1569398758.025
1569398758.275
1569398758.525
1569398758.775
1569398759.025
1569398759.275
1569398759.525
1569398759.775
1569398760.025
1569398760.275
1569398760.525
1569398760.775
1569398761.025
1569398761.275
1569398761.525
1569398761.775
1569398762.025
1569398762.275
1569398762.525
1569398762.775
1569398763.025
1569398763.275
1569398763.525
1569398763.775
1569398764.025
1569398764.275
1569398764.525
1569398764.775
1569398765.025
1569398765.275
1569398765.525
1569398765.775
1569398766.025
1569398766.275
1569398766.525
1569398766.775
1569398767.025
1569398767.275
1569398767.525
1569398767.775
1569398768.025
1569398768.275
1569398768.525
1569398768.775
1569398769.025
1569398769.275
1569398769.525
1569398769.775
1569398770.025
1569398770.275
1569398770.525
1569398770.775
1569398771.025
1569398771.275
1569398771.525
1569398771.775
1569398772.025
1569398772.275
1569398772.525
1569398772.775
1569398773.025
1569398773.275
1569398773.525
1569398773.775
1569398774.025
1569398774.275
1569398774.525
1569398774.775
1569398775.025
1569398775.275
1569398775.525
1569398775.775
1569398776.025
1569398776.275
1569398776.525
1569398776.775
1569398777.025
1569398777.275
1569398777.525
1569398777.775
1569398778.025
1569398778.275
1569398778.525
1569398778.775
1569398779.025
1569398779.275
1569398779.525
1569398779.775
1569398780.025
1569398780.275
1569398780.525
1569398780.775
1569398781.025
1569398781.275
1569398781.525
1569398781.775
1569398782.025
1569398782.275
1569398782.525
1569398782.775
1569398783.025
1569398783.275
1569398783.525
1569398783.775
1569398784.025
1569398784.275
1569398784.525
1569398784.775
1569398785.025
1569398785.275
1569398785.525
1569398785.775
1569398786.025
1569398786.275
1569398786.525
1569398786.775
1569398787.025
1569398787.275
1569398787.525
1569398787.775
1569398788.025
1569398788.275
1569398788.525
1569398788.775
1569398789.025
1569398789.275
1569398789.525
1569398789.775
1569398790.025
1569398790.275
1569398790.525
1569398790.775
1569398791.025
1569398791.275
1569398791.525
1569398791.775
1569398792.025
1569398792.275
1569398792.525
1569398792.775
1569398793.025
1569398793.275
1569398793.525
1569398793.775
1569398794.025
1569398794.275
1569398794.525
1569398794.775
1569398795.025
1569398795.275
1569398795.525
1569398795.775
1569398796.025
1569398796.275
1569398796.525
1569398796.775
1569398797.025
1569398797.275
1569398797.525
1569398797.775
1569398798.025
1569398798.275
1569398798.525
1569398798.775
1569398799.025
1569398799.275
1569398799.525
1569398799.775
1569398800.025
1569398800.275
1569398800.525
1569398800.775
1569398801.025
1569398801.275
1569398801.525
1569398801.775
1569398802.025
1569398802.275
1569398802.525
1569398802.775
1569398803.025
1569398803.275
1569398803.525
1569398803.775
1569398804.025
1569398804.275
1569398804.525
1569398804.775
1569398805.025
1569398805.275
1569398805.525
1569398805.775
1569398806.025
1569398806.275
1569398806.525
1569398806.775
1569398807.025
1569398807.275
1569398807.525
1569398807.775
1569398808.025
1569398808.275
1569398808.525
1569398808.775
1569398809.025
1569398809.275
1569398809.525
1569398809.775
1569398810.025
1569398810.275
1569398810.525
1569398810.775
1569398811.025
1569398811.275
1569398811.525
1569398811.775
1569398812.025
1569398812.275
1569398812.525
1569398812.775
1569398813.025
1569398813.275
1569398813.525
1569398813.775
1569398814.025
1569398814.275
1569398814.525
1569398814.775
1569398815.025
1569398815.275
1569398815.525
1569398815.775
1569398816.025
1569398816.275
1569398816.525
1569398816.775
1569398817.025
1569398817.275
1569398817.525
1569398817.775
1569398818.025
1569398818.275
1569398818.525
1569398818.775
1569398819.025
1569398819.275
1569398819.525
1569398819.775
1569398820.025
1569398820.275
1569398820.525
1569398820.775
1569398821.025
1569398821.275
1569398821.525
1569398821.775
1569398822.025
1569398822.275
1569398822.525
1569398822.775
1569398823.025
1569398823.275
1569398823.525
1569398823.775
1569398824.025
1569398824.275
1569398824.525
1569398824.775
1569398825.025
1569398825.275
1569398825.525
1569398825.775
1569398826.025
1569398826.275
1569398826.525
1569398826.775
1569398827.025
1569398827.275
1569398827.525
1569398827.775
1569398828.025
1569398828.275
1569398828.525
1569398828.775
1569398829.025
1569398829.275
1569398829.525
1569398829.775
1569398830.025
1569398830.275
1569398830.525
1569398830.775
1569398831.025
1569398831.275
1569398831.525
1569398831.775
1569398832.025
1569398832.275
1569398832.525
1569398832.775
1569398833.025
1569398833.275
1569398833.525
1569398833.775
1569398834.025
1569398834.275
1569398834.525
1569398834.775
1569398835.025
1569398835.275
1569398835.525
1569398835.775
1569398836.025
1569398836.275
1569398836.525
1569398836.775
1569398837.025
1569398837.275
1569398837.525
1569398837.775
1569398838.025
1569398838.275
1569398838.525
1569398838.775
1569398839.025
1569398839.275
1569398839.525
1569398839.775
1569398840.025
1569398840.275
1569398840.525
1569398840.775
1569398841.025
1569398841.275
1569398841.525
1569398841.775
1569398842.025
1569398842.275
1569398842.525
1569398842.775
1569398843.025
1569398843.275
1569398843.525
1569398843.775
1569398844.025
1569398844.275
1569398844.525
1569398844.775
1569398845.025
1569398845.275
1569398845.525
1569398845.775
1569398846.025
1569398846.275
1569398846.525
1569398846.775
1569398847.025
1569398847.275
1569398847.525
1569398847.775
1569398848.025
1569398848.275
1569398848.525
1569398848.775
1569398849.025
1569398849.275
1569398849.525
1569398849.775
1569398850.025
1569398850.275
1569398850.525
1569398850.775
1569398851.025
1569398851.275
1569398851.525
1569398851.775
1569398852.025
1569398852.275
1569398852.525
1569398852.775
1569398853.025
1569398853.275
1569398853.525
1569398853.775
1569398854.025
1569398854.275
1569398854.525
1569398854.775
1569398855.025
1569398855.275
1569398855.525
1569398855.775
1569398856.025
1569398856.275
1569398856.525
1569398856.775
1569398857.025
1569398857.275
1569398857.525
1569398857.775
1569398858.025
1569398858.275
1569398858.525
1569398858.775
1569398859.025
1569398859.275
1569398859.525
1569398859.775
1569398860.025
1569398860.275
1569398860.525
1569398860.775
1569398861.025
1569398861.275
1569398861.525
1569398861.775
1569398862.025
1569398862.275
1569398862.525
1569398862.775
1569398863.025
1569398863.275
1569398863.525
1569398863.775
1569398864.025
1569398864.275
1569398864.525
1569398864.775
1569398865.025
1569398865.275
1569398865.525
1569398865.775
1569398866.025
1569398866.275
1569398866.525
1569398866.775
1569398867.025
1569398867.275
1569398867.525
1569398867.775
1569398868.025
1569398868.275
1569398868.525
1569398868.775
1569398869.025
1569398869.275
1569398869.525
1569398869.775
1569398870.025
1569398870.275
1569398870.525
1569398870.775
1569398871.025
1569398871.275
1569398871.525
1569398871.775
1569398872.025
1569398872.275
1569398872.525
1569398872.775
1569398873.025
1569398873.275
1569398873.525
1569398873.775
1569398874.025
1569398874.275
1569398874.525
1569398874.775
1569398875.025
1569398875.275
1569398875.525
1569398875.775
1569398876.025
1569398876.275
1569398876.525
1569398876.775
1569398877.025
1569398877.275
1569398877.525
1569398877.775
1569398878.025
1569398878.275
1569398878.525
1569398878.775
1569398879.025
1569398879.275
1569398879.525
1569398879.775
1569398880.025
1569398880.275
1569398880.525
1569398880.775
1569398881.025
1569398881.275
1569398881.525
1569398881.775
1569398882.025
1569398882.275
1569398882.525
1569398882.775
1569398883.025
1569398883.275
1569398883.525
1569398883.775
1569398884.025
1569398884.275
1569398884.525
1569398884.775
1569398885.025
1569398885.275
1569398885.525
1569398885.775
1569398886.025
1569398886.275
1569398886.525
1569398886.775
1569398887.025
1569398887.275
1569398887.525
1569398887.775
1569398888.025
1569398888.275
1569398888.525
1569398888.775
1569398889.025
1569398889.275
1569398889.525
1569398889.775
1569398890.025
1569398890.275
1569398890.525
1569398890.775
1569398891.025
1569398891.275
1569398891.525
1569398891.775
1569398892.025
1569398892.275
1569398892.525
1569398892.775
1569398893.025
1569398893.275
1569398893.525
1569398893.775
1569398894.025
1569398894.275
1569398894.525
1569398894.775
1569398895.025
1569398895.275
1569398895.525
1569398895.775
1569398896.025
1569398896.275
1569398896.525
1569398896.775
1569398897.025
1569398897.275
1569398897.525
1569398897.775
1569398898.025
1569398898.275
1569398898.525
1569398898.775
1569398899.025
1569398899.275
1569398899.525
1569398899.775
1569398900.025
1569398900.275
1569398900.525
1569398900.775
1569398901.025
1569398901.275
1569398901.525
1569398901.775
1569398902.025
1569398902.275
1569398902.525
1569398902.775
1569398903.025
1569398903.275
1569398903.525
1569398903.775
1569398904.025
1569398904.275
1569398904.525
1569398904.775
1569398905.025
1569398905.275
1569398905.525
1569398905.775
1569398906.025
1569398906.275
1569398906.525
1569398906.775
1569398907.025
1569398907.275
1569398907.525
1569398907.775
1569398908.025
1569398908.275
1569398908.525
1569398908.775
1569398909.025
1569398909.275
1569398909.525
1569398909.775
1569398910.025
1569398910.275
1569398910.525
1569398910.775
1569398911.025
1569398911.275
1569398911.525
1569398911.775
1569398912.025
1569398912.275
1569398912.525
1569398912.775
1569398913.025
1569398913.275
1569398913.525
1569398913.775
1569398914.025
1569398914.275
1569398914.525
1569398914.775
1569398915.025
1569398915.275
1569398915.525
1569398915.775
1569398916.025
1569398916.275
1569398916.525
1569398916.775
1569398917.025
1569398917.275
1569398917.525
1569398917.775
1569398918.025
1569398918.275
1569398918.525
1569398918.775
1569398919.025
1569398919.275
1569398919.525
1569398919.775
1569398920.025
1569398920.275
1569398920.525
1569398920.775
1569398921.025
1569398921.275
1569398921.525
1569398921.775
1569398922.025
1569398922.275
1569398922.525
1569398922.775
1569398923.025
1569398923.275
1569398923.525
1569398923.775
1569398924.025
1569398924.275
1569398924.525
1569398924.775
1569398925.025
1569398925.275
1569398925.525
1569398925.775
1569398926.025
1569398926.275
1569398926.525
1569398926.775
1569398927.025
1569398927.275
1569398927.525
1569398927.775
1569398928.025
1569398928.275
1569398928.525
1569398928.775
1569398929.025
1569398929.275
1569398929.525
1569398929.775
1569398930.025
1569398930.275
1569398930.525
1569398930.775
1569398931.025
1569398931.275
1569398931.525
1569398931.775
1569398932.025
1569398932.275
1569398932.525
1569398932.775
1569398933.025
1569398933.275
1569398933.525
1569398933.775
1569398934.025
1569398934.275
1569398934.525
1569398934.775
1569398935.025
1569398935.275
1569398935.525
1569398935.775
1569398936.025
1569398936.275
1569398936.525
1569398936.775
1569398937.025
1569398937.275
1569398937.525
1569398937.775
1569398938.025
1569398938.275
1569398938.525
1569398938.775
1569398939.025
1569398939.275
1569398939.525
1569398939.775
1569398940.025
1569398940.275
1569398940.525
1569398940.775
1569398941.025
1569398941.275
1569398941.525
1569398941.775
1569398942.025
1569398942.275
1569398942.525
1569398942.775
1569398943.025
1569398943.275
1569398943.525
1569398943.775
1569398944.025
1569398944.275
1569398944.525
1569398944.775
1569398945.025
1569398945.275
1569398945.525
1569398945.775
1569398946.025
1569398946.275
1569398946.525
1569398946.775
1569398947.025
1569398947.275
1569398947.525
1569398947.775
1569398948.025
1569398948.275
1569398948.525
1569398948.775
1569398949.025
1569398949.275
1569398949.525
1569398949.775
1569398950.025
1569398950.275
1569398950.525
1569398950.775
1569398951.025
1569398951.275
1569398951.525
1569398951.775
1569398952.025
1569398952.275
1569398952.525
1569398952.775
1569398953.025
1569398953.275
1569398953.525
1569398953.775
1569398954.025
1569398954.275
1569398954.525
1569398954.775
1569398955.025
1569398955.275
1569398955.525
1569398955.775
1569398956.025
1569398956.275
1569398956.525
1569398956.775
1569398957.025
1569398957.275
1569398957.525
1569398957.775
1569398958.025
1569398958.275
1569398958.525
1569398958.775
1569398959.025
1569398959.275
1569398959.525
1569398959.775
1569398960.025
1569398960.275
1569398960.525
1569398960.775
1569398961.025
1569398961.275
1569398961.525
1569398961.775
1569398962.025
1569398962.275
1569398962.525
1569398962.775
1569398963.025
1569398963.275
1569398963.525
1569398963.775
1569398964.025
1569398964.275
1569398964.525
1569398964.775
1569398965.025
1569398965.275
1569398965.525
1569398965.775
1569398966.025
1569398966.275
1569398966.525
1569398966.775
1569398967.025
1569398967.275
1569398967.525
1569398967.775
1569398968.025
1569398968.275
1569398968.525
1569398968.775
1569398969.025
1569398969.275
1569398969.525
1569398969.775
1569398970.025
1569398970.275
1569398970.525
1569398970.775
1569398971.025
1569398971.275
1569398971.525
1569398971.775
1569398972.025
1569398972.275
1569398972.525
1569398972.775
1569398973.025
1569398973.275
1569398973.525
1569398973.775
1569398974.025
1569398974.275
1569398974.525
1569398974.775
1569398975.025
1569398975.275
1569398975.525
1569398975.775
1569398976.025
1569398976.275
1569398976.525
1569398976.775
1569398977.025
1569398977.275
1569398977.525
1569398977.775
1569398978.025
1569398978.275
1569398978.525
1569398978.775
1569398979.025
1569398979.275
1569398979.525
1569398979.775
1569398980.025
1569398980.275
1569398980.525
1569398980.775
1569398981.025
1569398981.275
1569398981.525
1569398981.775
1569398982.025
1569398982.275
1569398982.525
1569398982.775
1569398983.025
1569398983.275
1569398983.525
1569398983.775
1569398984.025
1569398984.275
1569398984.525
1569398984.775
1569398985.025
1569398985.275
1569398985.525
1569398985.775
1569398986.025
1569398986.275
1569398986.525
1569398986.775
1569398987.025
1569398987.275
1569398987.525
1569398987.775
1569398988.025
1569398988.275
1569398988.525
1569398988.775
1569398989.025
1569398989.275
1569398989.525
1569398989.775
1569398990.025
1569398990.275
1569398990.525
1569398990.775
1569398991.025
1569398991.275
1569398991.525
1569398991.775
1569398992.025
1569398992.275
1569398992.525
1569398992.775
1569398993.025
1569398993.275
1569398993.525
1569398993.775
1569398994.025
1569398994.275
1569398994.525
1569398994.775
1569398995.025
1569398995.275
1569398995.525
1569398995.775
1569398996.025
1569398996.275
1569398996.525
1569398996.775
1569398997.025
1569398997.275
1569398997.525
1569398997.775
1569398998.025
1569398998.275
1569398998.525
1569398998.775
1569398999.025
1569398999.275
1569398999.525
1569398999.775
1569399000.025
1569399000.275
1569399000.525
1569399000.775
1569399001.025
1569399001.275
1569399001.525
1569399001.775
1569399002.025
1569399002.275
1569399002.525
1569399002.775
1569399003.025
1569399003.275
1569399003.525
1569399003.775
1569399004.025
1569399004.275
1569399004.525
1569399004.775
1569399005.025
1569399005.275
1569399005.525
1569399005.775
1569399006.025
1569399006.275
1569399006.525
1569399006.775
1569399007.025
1569399007.275
1569399007.525
1569399007.775
1569399008.025
1569399008.275
1569399008.525
1569399008.775
1569399009.025
1569399009.275
1569399009.525
1569399009.775
1569399010.025
1569399010.275
1569399010.525
1569399010.775
1569399011.025
1569399011.275
1569399011.525
1569399011.775
1569399012.025
1569399012.275
1569399012.525
1569399012.775
1569399013.025
1569399013.275
1569399013.525
1569399013.775
1569399014.025
1569399014.275
1569399014.525
1569399014.775
1569399015.025
1569399015.275
1569399015.525
1569399015.775
1569399016.025
1569399016.275
1569399016.525
1569399016.775
1569399017.025
1569399017.275
1569399017.525
1569399017.775
1569399018.025
1569399018.275
1569399018.525
