1569399574.775
1569399575.025
1569399575.275
1569399575.525
1569399575.775
1569399576.025
1569399576.275
1569399576.525
1569399576.775
1569399577.025
1569399577.275
1569399577.525
1569399577.775
1569399578.025
1569399578.275
1569399578.525
1569399578.775
1569399579.025
1569399579.275
1569399579.525
1569399579.775
1569399580.025
1569399580.275
1569399580.525
1569399580.775
1569399581.025
1569399581.275
1569399581.525
1569399581.775
1569399582.025
1569399582.275
1569399582.525
1569399582.775
1569399583.025
1569399583.275
1569399583.525
1569399583.775
1569399584.025
1569399584.275
1569399584.525
1569399584.775
1569399585.025
1569399585.275
1569399585.525
1569399585.775
1569399586.025
1569399586.275
1569399586.525
1569399586.775
1569399587.025
1569399587.275
1569399587.525
1569399587.775
1569399588.025
1569399588.275
1569399588.525
1569399588.775
1569399589.025
1569399589.275
1569399589.525
1569399589.775
1569399590.025
1569399590.275
1569399590.525
1569399590.775
1569399591.025
1569399591.275
1569399591.525
1569399591.775
1569399592.025
1569399592.275
1569399592.525
1569399592.775
1569399593.025
1569399593.275
1569399593.525
1569399593.775
1569399594.025
1569399594.275
1569399594.525
1569399594.775
1569399595.025
1569399595.275
1569399595.525
1569399595.775
1569399596.025
1569399596.275
1569399596.525
1569399596.775
1569399597.025
1569399597.275
1569399597.525
1569399597.775
1569399598.025
1569399598.275
1569399598.525
1569399598.775
1569399599.025
1569399599.275
1569399599.525
1569399599.775
1569399600.025
1569399600.275
1569399600.525
1569399600.775
1569399601.025
1569399601.275
1569399601.525
1569399601.775
1569399602.025
1569399602.275
1569399602.525
1569399602.775
1569399603.025
1569399603.275
1569399603.525
1569399603.775
1569399604.025
1569399604.275
1569399604.525
1569399604.775
1569399605.025
1569399605.275
1569399605.525
1569399605.775
1569399606.025
1569399606.275
1569399606.525
1569399606.775
1569399607.025
1569399607.275
1569399607.525
1569399607.775
1569399608.025
1569399608.275
1569399608.525
1569399608.775
1569399609.025
1569399609.275
1569399609.525
1569399609.775
1569399610.025
1569399610.275
1569399610.525
1569399610.775
1569399611.025
1569399611.275
1569399611.525
1569399611.775
1569399612.025
1569399612.275
1569399612.525
1569399612.775
1569399613.025
1569399613.275
1569399613.525
1569399613.775
1569399614.025
1569399614.275
1569399614.525
1569399614.775
1569399615.025
1569399615.275
1569399615.525
1569399615.775
1569399616.025
1569399616.275
1569399616.525
1569399616.775
1569399617.025
1569399617.275
1569399617.525
1569399617.775
1569399618.025
1569399618.275
1569399618.525
1569399618.775
1569399619.025
1569399619.275
1569399619.525
1569399619.775
1569399620.025
1569399620.275
1569399620.525
1569399620.775
1569399621.025
1569399621.275
1569399621.525
1569399621.775
1569399622.025
1569399622.275
1569399622.525
1569399622.775
1569399623.025
1569399623.275
1569399623.525
1569399623.775
1569399624.025
1569399624.275
1569399624.525
1569399624.775
1569399625.025
1569399625.275
1569399625.525
1569399625.775
1569399626.025
1569399626.275
1569399626.525
1569399626.775
1569399627.025
1569399627.275
1569399627.525
1569399627.775
1569399628.025
1569399628.275
1569399628.525
1569399628.775
1569399629.025
1569399629.275
1569399629.525
1569399629.775
1569399630.025
1569399630.275
1569399630.525
1569399630.775
1569399631.025
1569399631.275
1569399631.525
1569399631.775
1569399632.025
1569399632.275
1569399632.525
1569399632.775
1569399633.025
1569399633.275
1569399633.525
1569399633.775
1569399634.025
1569399634.275
1569399634.525
1569399634.775
1569399635.025
1569399635.275
1569399635.525
1569399635.775
1569399636.025
1569399636.275
1569399636.525
1569399636.775
1569399637.025
1569399637.275
1569399637.525
1569399637.775
1569399638.025
1569399638.275
1569399638.525
1569399638.775
1569399639.025
1569399639.275
1569399639.525
1569399639.775
1569399640.025
1569399640.275
1569399640.525
1569399640.775
1569399641.025
1569399641.275
1569399641.525
1569399641.775
1569399642.025
1569399642.275
1569399642.525
1569399642.775
1569399643.025
1569399643.275
1569399643.525
1569399643.775
1569399644.025
1569399644.275
1569399644.525
1569399644.775
1569399645.025
1569399645.275
1569399645.525
1569399645.775
1569399646.025
1569399646.275
1569399646.525
1569399646.775
1569399647.025
1569399647.275
1569399647.525
1569399647.775
1569399648.025
1569399648.275
1569399648.525
1569399648.775
1569399649.025
1569399649.275
1569399649.525
1569399649.775
1569399650.025
1569399650.275
1569399650.525
1569399650.775
1569399651.025
1569399651.275
1569399651.525
1569399651.775
1569399652.025
1569399652.275
1569399652.525
1569399652.775
1569399653.025
1569399653.275
1569399653.525
1569399653.775
1569399654.025
1569399654.275
1569399654.525
1569399654.775
1569399655.025
1569399655.275
1569399655.525
1569399655.775
1569399656.025
1569399656.275
1569399656.525
1569399656.775
1569399657.025
1569399657.275
1569399657.525
1569399657.775
1569399658.025
1569399658.275
1569399658.525
1569399658.775
1569399659.025
1569399659.275
1569399659.525
1569399659.775
1569399660.025
1569399660.275
1569399660.525
1569399660.775
1569399661.025
1569399661.275
1569399661.525
1569399661.775
1569399662.025
1569399662.275
1569399662.525
1569399662.775
1569399663.025
1569399663.275
1569399663.525
1569399663.775
1569399664.025
1569399664.275
1569399664.525
1569399664.775
1569399665.025
1569399665.275
1569399665.525
1569399665.775
1569399666.025
1569399666.275
1569399666.525
1569399666.775
1569399667.025
1569399667.275
1569399667.525
1569399667.775
1569399668.025
1569399668.275
1569399668.525
1569399668.775
1569399669.025
1569399669.275
1569399669.525
1569399669.775
1569399670.025
1569399670.275
1569399670.525
1569399670.775
1569399671.025
1569399671.275
1569399671.525
1569399671.775
1569399672.025
1569399672.275
1569399672.525
1569399672.775
1569399673.025
1569399673.275
1569399673.525
1569399673.775
1569399674.025
1569399674.275
1569399674.525
1569399674.775
1569399675.025
1569399675.275
1569399675.525
1569399675.775
1569399676.025
1569399676.275
1569399676.525
1569399676.775
1569399677.025
1569399677.275
1569399677.525
1569399677.775
1569399678.025
1569399678.275
1569399678.525
1569399678.775
1569399679.025
1569399679.275
1569399679.525
1569399679.775
1569399680.025
1569399680.275
1569399680.525
1569399680.775
1569399681.025
1569399681.275
1569399681.525
1569399681.775
1569399682.025
1569399682.275
1569399682.525
1569399682.775
1569399683.025
1569399683.275
1569399683.525
1569399683.775
1569399684.025
1569399684.275
1569399684.525
1569399684.775
1569399685.025
1569399685.275
1569399685.525
1569399685.775
1569399686.025
1569399686.275
1569399686.525
1569399686.775
1569399687.025
1569399687.275
1569399687.525
1569399687.775
1569399688.025
1569399688.275
1569399688.525
1569399688.775
1569399689.025
1569399689.275
1569399689.525
1569399689.775
1569399690.025
1569399690.275
1569399690.525
1569399690.775
1569399691.025
1569399691.275
1569399691.525
1569399691.775
1569399692.025
1569399692.275
1569399692.525
1569399692.775
1569399693.025
1569399693.275
1569399693.525
1569399693.775
1569399694.025
1569399694.275
1569399694.525
1569399694.775
1569399695.025
1569399695.275
1569399695.525
1569399695.775
1569399696.025
1569399696.275
1569399696.525
1569399696.775
1569399697.025
1569399697.275
1569399697.525
1569399697.775
1569399698.025
1569399698.275
1569399698.525
1569399698.775
1569399699.025
1569399699.275
1569399699.525
1569399699.775
1569399700.025
1569399700.275
1569399700.525
1569399700.775
1569399701.025
1569399701.275
1569399701.525
1569399701.775
1569399702.025
1569399702.275
1569399702.525
1569399702.775
1569399703.025
1569399703.275
1569399703.525
1569399703.775
1569399704.025
1569399704.275
1569399704.525
1569399704.775
1569399705.025
1569399705.275
1569399705.525
1569399705.775
1569399706.025
1569399706.275
1569399706.525
1569399706.775
1569399707.025
1569399707.275
1569399707.525
1569399707.775
1569399708.025
1569399708.275
1569399708.525
1569399708.775
1569399709.025
1569399709.275
1569399709.525
1569399709.775
1569399710.025
1569399710.275
1569399710.525
1569399710.775
1569399711.025
1569399711.275
1569399711.525
1569399711.775
1569399712.025
1569399712.275
1569399712.525
1569399712.775
1569399713.025
1569399713.275
1569399713.525
1569399713.775
1569399714.025
1569399714.275
1569399714.525
1569399714.775
1569399715.025
1569399715.275
1569399715.525
1569399715.775
1569399716.025
1569399716.275
1569399716.525
1569399716.775
1569399717.025
1569399717.275
1569399717.525
1569399717.775
1569399718.025
1569399718.275
1569399718.525
1569399718.775
1569399719.025
1569399719.275
1569399719.525
1569399719.775
1569399720.025
1569399720.275
1569399720.525
1569399720.775
1569399721.025
1569399721.275
1569399721.525
1569399721.775
1569399722.025
1569399722.275
1569399722.525
1569399722.775
1569399723.025
1569399723.275
1569399723.525
1569399723.775
1569399724.025
1569399724.275
1569399724.525
1569399724.775
1569399725.025
1569399725.275
1569399725.525
1569399725.775
1569399726.025
1569399726.275
1569399726.525
1569399726.775
1569399727.025
1569399727.275
1569399727.525
1569399727.775
1569399728.025
1569399728.275
1569399728.525
1569399728.775
1569399729.025
1569399729.275
1569399729.525
1569399729.775
1569399730.025
1569399730.275
1569399730.525
1569399730.775
1569399731.025
1569399731.275
1569399731.525
1569399731.775
1569399732.025
1569399732.275
1569399732.525
1569399732.775
1569399733.025
1569399733.275
1569399733.525
1569399733.775
1569399734.025
1569399734.275
1569399734.525
1569399734.775
1569399735.025
1569399735.275
1569399735.525
1569399735.775
1569399736.025
1569399736.275
1569399736.525
1569399736.775
1569399737.025
1569399737.275
1569399737.525
1569399737.775
1569399738.025
1569399738.275
1569399738.525
1569399738.775
1569399739.025
1569399739.275
1569399739.525
1569399739.775
1569399740.025
1569399740.275
1569399740.525
1569399740.775
1569399741.025
1569399741.275
1569399741.525
1569399741.775
1569399742.025
1569399742.275
1569399742.525
1569399742.775
1569399743.025
1569399743.275
1569399743.525
1569399743.775
1569399744.025
1569399744.275
1569399744.525
1569399744.775
1569399745.025
1569399745.275
1569399745.525
1569399745.775
1569399746.025
1569399746.275
1569399746.525
1569399746.775
1569399747.025
1569399747.275
1569399747.525
1569399747.775
1569399748.025
1569399748.275
1569399748.525
1569399748.775
1569399749.025
1569399749.275
1569399749.525
1569399749.775
1569399750.025
1569399750.275
1569399750.525
1569399750.775
1569399751.025
1569399751.275
1569399751.525
1569399751.775
1569399752.025
1569399752.275
1569399752.525
1569399752.775
1569399753.025
1569399753.275
1569399753.525
1569399753.775
1569399754.025
1569399754.275
1569399754.525
1569399754.775
1569399755.025
1569399755.275
1569399755.525
1569399755.775
1569399756.025
1569399756.275
1569399756.525
1569399756.775
1569399757.025
1569399757.275
1569399757.525
1569399757.775
1569399758.025
1569399758.275
1569399758.525
1569399758.775
1569399759.025
1569399759.275
1569399759.525
1569399759.775
1569399760.025
1569399760.275
1569399760.525
1569399760.775
1569399761.025
1569399761.275
1569399761.525
1569399761.775
1569399762.025
1569399762.275
1569399762.525
1569399762.775
1569399763.025
1569399763.275
1569399763.525
1569399763.775
1569399764.025
1569399764.275
1569399764.525
1569399764.775
1569399765.025
1569399765.275
1569399765.525
1569399765.775
1569399766.025
1569399766.275
1569399766.525
1569399766.775
1569399767.025
1569399767.275
1569399767.525
1569399767.775
1569399768.025
1569399768.275
1569399768.525
1569399768.775
1569399769.025
1569399769.275
1569399769.525
1569399769.775
1569399770.025
1569399770.275
1569399770.525
1569399770.775
1569399771.025
1569399771.275
1569399771.525
1569399771.775
1569399772.025
1569399772.275
1569399772.525
1569399772.775
1569399773.025
1569399773.275
1569399773.525
1569399773.775
1569399774.025
1569399774.275
1569399774.525
1569399774.775
1569399775.025
1569399775.275
1569399775.525
1569399775.775
1569399776.025
1569399776.275
1569399776.525
1569399776.775
1569399777.025
1569399777.275
1569399777.525
1569399777.775
1569399778.025
1569399778.275
1569399778.525
1569399778.775
1569399779.025
1569399779.275
1569399779.525
1569399779.775
1569399780.025
1569399780.275
1569399780.525
1569399780.775
1569399781.025
1569399781.275
1569399781.525
1569399781.775
1569399782.025
1569399782.275
1569399782.525
1569399782.775
1569399783.025
1569399783.275
1569399783.525
1569399783.775
1569399784.025
1569399784.275
1569399784.525
1569399784.775
1569399785.025
1569399785.275
1569399785.525
1569399785.775
1569399786.025
1569399786.275
1569399786.525
1569399786.775
1569399787.025
1569399787.275
1569399787.525
1569399787.775
1569399788.025
1569399788.275
1569399788.525
1569399788.775
1569399789.025
1569399789.275
1569399789.525
1569399789.775
1569399790.025
1569399790.275
1569399790.525
1569399790.775
1569399791.025
1569399791.275
1569399791.525
1569399791.775
1569399792.025
1569399792.275
1569399792.525
1569399792.775
1569399793.025
1569399793.275
1569399793.525
1569399793.775
1569399794.025
1569399794.275
1569399794.525
1569399794.775
1569399795.025
1569399795.275
1569399795.525
1569399795.775
1569399796.025
1569399796.275
1569399796.525
1569399796.775
1569399797.025
1569399797.275
1569399797.525
1569399797.775
1569399798.025
1569399798.275
1569399798.525
1569399798.775
1569399799.025
1569399799.275
1569399799.525
1569399799.775
1569399800.025
1569399800.275
1569399800.525
1569399800.775
1569399801.025
1569399801.275
1569399801.525
1569399801.775
1569399802.025
1569399802.275
1569399802.525
1569399802.775
1569399803.025
1569399803.275
1569399803.525
1569399803.775
1569399804.025
1569399804.275
1569399804.525
1569399804.775
1569399805.025
1569399805.275
1569399805.525
1569399805.775
1569399806.025
1569399806.275
1569399806.525
1569399806.775
1569399807.025
1569399807.275
1569399807.525
1569399807.775
1569399808.025
1569399808.275
1569399808.525
1569399808.775
1569399809.025
1569399809.275
1569399809.525
1569399809.775
1569399810.025
1569399810.275
1569399810.525
1569399810.775
1569399811.025
1569399811.275
1569399811.525
1569399811.775
1569399812.025
1569399812.275
1569399812.525
1569399812.775
1569399813.025
1569399813.275
1569399813.525
1569399813.775
1569399814.025
1569399814.275
1569399814.525
1569399814.775
1569399815.025
1569399815.275
1569399815.525
1569399815.775
1569399816.025
1569399816.275
1569399816.525
1569399816.775
1569399817.025
1569399817.275
1569399817.525
1569399817.775
1569399818.025
1569399818.275
1569399818.525
1569399818.775
1569399819.025
1569399819.275
1569399819.525
1569399819.775
1569399820.025
1569399820.275
1569399820.525
1569399820.775
1569399821.025
1569399821.275
1569399821.525
1569399821.775
1569399822.025
1569399822.275
1569399822.525
1569399822.775
1569399823.025
1569399823.275
1569399823.525
1569399823.775
1569399824.025
1569399824.275
1569399824.525
1569399824.775
1569399825.025
1569399825.275
1569399825.525
1569399825.775
1569399826.025
1569399826.275
1569399826.525
1569399826.775
1569399827.025
1569399827.275
1569399827.525
1569399827.775
1569399828.025
1569399828.275
1569399828.525
1569399828.775
1569399829.025
1569399829.275
1569399829.525
1569399829.775
1569399830.025
1569399830.275
1569399830.525
1569399830.775
1569399831.025
1569399831.275
1569399831.525
1569399831.775
1569399832.025
1569399832.275
1569399832.525
1569399832.775
1569399833.025
1569399833.275
1569399833.525
1569399833.775
1569399834.025
1569399834.275
1569399834.525
1569399834.775
1569399835.025
1569399835.275
1569399835.525
1569399835.775
1569399836.025
1569399836.275
1569399836.525
1569399836.775
1569399837.025
1569399837.275
1569399837.525
1569399837.775
1569399838.025
1569399838.275
1569399838.525
1569399838.775
1569399839.025
1569399839.275
1569399839.525
1569399839.775
1569399840.025
1569399840.275
1569399840.525
1569399840.775
1569399841.025
1569399841.275
1569399841.525
1569399841.775
1569399842.025
1569399842.275
1569399842.525
1569399842.775
1569399843.025
1569399843.275
1569399843.525
1569399843.775
1569399844.025
1569399844.275
1569399844.525
1569399844.775
1569399845.025
1569399845.275
1569399845.525
1569399845.775
1569399846.025
1569399846.275
1569399846.525
1569399846.775
1569399847.025
1569399847.275
1569399847.525
1569399847.775
1569399848.025
1569399848.275
1569399848.525
1569399848.775
1569399849.025
1569399849.275
1569399849.525
1569399849.775
1569399850.025
1569399850.275
1569399850.525
1569399850.775
1569399851.025
1569399851.275
1569399851.525
1569399851.775
1569399852.025
1569399852.275
1569399852.525
1569399852.775
1569399853.025
1569399853.275
1569399853.525
1569399853.775
1569399854.025
1569399854.275
1569399854.525
1569399854.775
1569399855.025
1569399855.275
1569399855.525
1569399855.775
1569399856.025
1569399856.275
1569399856.525
1569399856.775
1569399857.025
1569399857.275
1569399857.525
1569399857.775
1569399858.025
1569399858.275
1569399858.525
1569399858.775
1569399859.025
1569399859.275
1569399859.525
1569399859.775
1569399860.025
1569399860.275
1569399860.525
1569399860.775
1569399861.025
1569399861.275
1569399861.525
1569399861.775
1569399862.025
1569399862.275
1569399862.525
1569399862.775
1569399863.025
1569399863.275
1569399863.525
1569399863.775
1569399864.025
1569399864.275
1569399864.525
1569399864.775
1569399865.025
1569399865.275
1569399865.525
1569399865.775
1569399866.025
1569399866.275
1569399866.525
1569399866.775
1569399867.025
1569399867.275
1569399867.525
1569399867.775
1569399868.025
1569399868.275
1569399868.525
1569399868.775
1569399869.025
1569399869.275
1569399869.525
1569399869.775
1569399870.025
1569399870.275
1569399870.525
1569399870.775
1569399871.025
1569399871.275
1569399871.525
1569399871.775
1569399872.025
1569399872.275
1569399872.525
1569399872.775
1569399873.025
1569399873.275
1569399873.525
1569399873.775
1569399874.025
1569399874.275
1569399874.525
1569399874.775
1569399875.025
1569399875.275
1569399875.525
1569399875.775
1569399876.025
1569399876.275
1569399876.525
1569399876.775
1569399877.025
1569399877.275
1569399877.525
1569399877.775
1569399878.025
1569399878.275
1569399878.525
1569399878.775
1569399879.025
1569399879.275
1569399879.525
1569399879.775
1569399880.025
1569399880.275
1569399880.525
1569399880.775
1569399881.025
1569399881.275
1569399881.525
1569399881.775
1569399882.025
1569399882.275
1569399882.525
1569399882.775
1569399883.025
1569399883.275
1569399883.525
1569399883.775
1569399884.025
1569399884.275
1569399884.525
1569399884.775
1569399885.025
1569399885.275
1569399885.525
1569399885.775
1569399886.025
1569399886.275
1569399886.525
1569399886.775
1569399887.025
1569399887.275
1569399887.525
1569399887.775
1569399888.025
1569399888.275
1569399888.525
1569399888.775
1569399889.025
1569399889.275
1569399889.525
1569399889.775
1569399890.025
1569399890.275
1569399890.525
1569399890.775
1569399891.025
1569399891.275
1569399891.525
1569399891.775
1569399892.025
1569399892.275
1569399892.525
1569399892.775
1569399893.025
1569399893.275
1569399893.525
1569399893.775
1569399894.025
1569399894.275
1569399894.525
1569399894.775
1569399895.025
1569399895.275
1569399895.525
