0.5461469
0.5448654
0.5423026
0.5397398
0.5384584
0.5397398
0.537177
0.537177
0.5346141
0.5358956
0.5346141
0.5346141
0.5320513
0.5320513
0.5294886
0.5320513
0.5282071
0.5294886
0.5269257
0.5256443
0.5205187
0.5218001
0.5205187
0.5179558
0.5205187
0.515393
0.5179558
0.5179558
0.5192373
0.5128303
0.5141116
0.5141116
0.5141116
0.5179558
0.515393
0.5141116
0.5115488
0.5128303
0.5115488
0.5115488
0.5102674
0.5051418
0.5064232
0.5051418
0.5077046
0.5077046
0.5051418
0.5012975
0.5038604
0.5012975
0.5038604
0.5012975
0.502579
0.5000162
0.5000162
0.4987347
0.5000162
0.4987347
0.4974533
0.4987347
0.5012975
0.4948905
0.4961719
0.4961719
0.4961719
0.4974533
0.4948905
0.4948905
0.4910463
0.4897649
0.4910463
0.4923277
0.4936091
0.4897649
0.4884835
0.4897649
0.4897649
0.4859207
0.4859207
0.4884835
0.4846393
0.4872021
0.4846393
0.4859207
0.4897649
0.4884835
0.4910463
0.4910463
0.4910463
0.4910463
0.4897649
0.4846393
0.4859207
0.4872021
0.4846393
0.4820764
0.4820764
0.480795
0.480795
0.4820764
0.4820764
0.4795136
0.4769508
0.4769508
0.4769508
0.4756694
0.4731066
0.467981
0.4718252
0.4705438
0.4731066
0.4692624
0.4692624
0.4666995
0.4641367
0.4654181
0.4641367
0.4654181
0.4641367
0.4654181
0.4641367
0.4641367
0.4628553
0.4628553
0.4654181
0.4692624
0.4705438
0.4705438
0.4692624
0.4692624
0.4692624
0.4641367
0.4769508
0.4654181
0.4666995
0.4654181
0.4628553
0.4641367
0.4654181
0.4666995
0.4666995
0.4666995
0.467981
0.4692624
0.4705438
0.4705438
0.4666995
0.4654181
0.4666995
0.4641367
0.4641367
0.4628553
0.4615739
0.4615739
0.4628553
0.4577297
0.4551668
0.4538855
0.4551668
0.4500412
0.4564483
0.4538855
0.4551668
0.4577297
0.4577297
0.4628553
0.4654181
0.4641367
0.4641367
0.4692624
0.4641367
0.4615739
0.4615739
0.4577297
0.4577297
0.4538855
0.4500412
0.4449156
0.4487598
0.4410714
0.446197
0.4423528
0.4449156
0.4410714
0.4410714
0.4423528
0.4423528
0.4423528
0.4436342
0.4436342
0.4423528
0.4436342
0.4436342
0.4423528
0.43979
0.43979
0.4410714
0.4423528
0.4423528
0.446197
0.4474784
0.4436342
0.4449156
0.4410714
0.4385085
0.4385085
0.4359457
0.4359457
0.4346643
0.4321015
0.4308201
0.4295387
0.4308201
0.4295387
0.4269759
0.4308201
0.4282573
0.4256945
0.4269759
0.4256945
0.4269759
0.4256945
0.4256945
0.4205689
0.4244131
0.4244131
0.4192874
0.418006
0.4192874
0.4205689
0.4192874
0.4192874
0.4192874
0.418006
0.4167246
0.4167246
0.418006
0.4154432
0.4154432
0.4141618
0.4141618
0.4128804
0.4141618
0.4128804
0.4103176
0.4064733
0.4077547
0.4090362
0.4064733
0.4064733
0.4077547
0.4077547
0.4077547
0.4077547
0.4077547
0.4090362
0.4051919
0.4103176
0.411599
0.411599
0.4090362
0.4077547
0.4090362
0.4064733
0.4077547
0.4064733
0.4090362
0.4103176
0.4077547
0.4077547
0.4077547
0.4064733
0.4051919
0.4051919
0.4051919
0.3987849
0.4013477
0.4000663
0.3975035
0.4013477
0.3987849
0.3975035
0.3962221
0.3923779
0.3923779
0.3910964
0.3910964
0.3910964
0.3885336
0.3872522
0.3872522
0.389815
0.3885336
0.389815
0.3885336
0.3885336
0.3872522
0.3872522
0.3859708
0.3859708
0.3846894
0.3846894
0.3846894
0.3808452
0.383408
0.3808452
0.3821266
0.3808452
0.3795638
0.383408
0.377001
0.377001
0.377001
0.3795638
0.377001
0.3795638
0.3782824
0.3757195
0.3782824
0.3757195
0.3782824
0.3731567
0.3693125
0.3718753
0.3680311
0.3718753
0.3705939
0.3718753
0.3718753
0.3731567
0.377001
0.3744381
0.3731567
0.3693125
0.3705939
0.3693125
0.3705939
0.3693125
0.3667497
0.3667497
0.3667497
0.3641869
0.3654683
0.3616241
0.3577798
0.3590612
0.3590612
0.3590612
0.3641869
0.3577798
0.3616241
0.3590612
0.3590612
0.3564984
0.3564984
0.3539356
0.3564984
0.3564984
0.3564984
0.355217
0.3513728
0.3513728
0.3513728
0.3539356
0.3539356
0.3526542
0.3526542
0.3526542
0.355217
0.3539356
0.355217
0.3539356
0.3526542
0.3513728
0.3513728
0.3526542
0.3526542
0.3513728
0.3539356
0.355217
0.34881
0.34881
0.34881
0.3475286
0.34881
0.3462472
0.3449658
0.3475286
0.3436843
0.3449658
0.3424029
0.3436843
0.3436843
0.3449658
0.3411215
0.3411215
0.3398401
0.3398401
0.3398401
0.3372773
0.3372773
0.3359959
0.3372773
0.3359959
0.3347145
0.3359959
0.3359959
0.3359959
0.3347145
0.3347145
0.3347145
0.3359959
0.3347145
0.3334331
0.3359959
0.3398401
0.3359959
0.3372773
0.3372773
0.3372773
0.3359959
0.3321517
0.3359959
0.3347145
0.3334331
0.3334331
0.3308703
0.3321517
0.3308703
0.3283074
0.3295889
0.3283074
0.327026
0.3257446
0.327026
0.3231818
0.3219004
0.3231818
0.3219004
0.3219004
0.320619
0.3244632
0.320619
0.3193376
0.3231818
0.320619
0.3180562
0.3193376
0.320619
0.3180562
0.3219004
0.3154934
0.314212
0.3154934
0.3129306
0.3167748
0.3167748
0.3116491
0.3154934
0.3129306
0.3116491
0.3116491
0.3129306
0.3116491
0.314212
0.3103677
0.3116491
0.3103677
0.3090863
0.3052421
0.3052421
0.3052421
0.3052421
0.3039607
0.3039607
0.3052421
0.3026793
0.3039607
0.3052421
0.3039607
0.3078049
0.3026793
0.3026793
0.3039607
0.3039607
0.3039607
0.3026793
0.2975537
0.2988351
0.2962722
0.3001165
0.2975537
0.2975537
0.2988351
0.2988351
0.3001165
0.3001165
0.2988351
0.2949908
0.2975537
0.2975537
0.2962722
0.2975537
0.2962722
0.2975537
0.2949908
0.2962722
0.2975537
0.2949908
0.2937094
0.2962722
0.2962722
0.2962722
0.2949908
0.2949908
0.2975537
0.2962722
0.292428
0.2937094
0.292428
0.2898652
0.2885838
0.292428
0.2911466
0.2898652
0.2885838
0.2911466
0.286021
0.2847396
0.2834582
0.2834582
0.2834582
0.2847396
0.2847396
0.286021
0.2847396
0.2847396
0.286021
0.2873024
0.2898652
0.2911466
0.292428
0.2885838
0.2898652
0.292428
0.2873024
0.2873024
0.2847396
0.2847396
0.2808954
0.2808954
0.2796139
0.2796139
0.2783325
0.2834582
0.2821768
0.2821768
0.2821768
0.2821768
0.2808954
0.2770511
0.2757697
0.2719255
0.2744883
0.2732069
0.2732069
0.2719255
0.2719255
0.2719255
0.2719255
0.2732069
0.2719255
0.2719255
0.2706441
0.2706441
0.2693627
0.2706441
0.2719255
0.2667998
0.2719255
0.2706441
0.2693627
0.2693627
0.2706441
0.2680812
0.2680812
0.264237
0.2680812
0.2629556
0.264237
0.264237
0.2667998
0.264237
0.264237
0.264237
0.2655185
0.2667998
0.2591114
0.2655185
0.264237
0.264237
0.2655185
0.2629556
0.2629556
0.25783
0.2591114
0.25783
0.2565486
0.2539858
0.25783
0.2591114
0.2603928
0.25783
0.25783
0.2591114
0.2603928
0.2591114
0.2591114
0.2591114
0.2565486
0.2565486
0.2603928
0.2591114
0.2514229
0.2527044
0.2501415
0.2527044
0.2501415
0.2514229
0.2501415
0.2488601
0.2514229
0.2527044
0.2539858
0.2527044
0.2527044
0.2527044
0.2527044
0.2539858
0.2527044
0.2514229
0.2488601
0.2488601
0.2488601
0.2475787
0.2450159
0.2475787
0.2488601
0.2488601
0.2450159
0.2475787
0.2475787
0.2437345
0.2462973
0.2462973
0.2462973
0.2462973
0.2462973
0.2462973
0.2462973
0.2424531
0.2450159
0.2386089
0.2398903
0.2411717
0.2411717
0.2398903
0.2398903
0.2373275
0.2411717
0.2424531
0.2411717
0.2386089
0.2386089
0.2322018
0.2386089
0.2398903
0.2386089
0.2334832
0.2398903
0.2373275
0.2373275
0.2347647
0.2347647
0.2334832
0.229639
0.2373275
0.2334832
0.2347647
0.2373275
0.2360461
0.2347647
0.2334832
0.2322018
0.2322018
0.2360461
0.2309204
0.2322018
0.2347647
0.2347647
0.2309204
0.229639
0.229639
0.229639
0.2283576
0.2309204
0.2322018
0.229639
0.2309204
0.2322018
0.2283576
0.229639
0.2322018
0.2322018
0.2322018
0.2437345
0.2322018
0.2309204
0.2245134
0.2257948
0.2283576
0.2270762
0.2245134
0.2245134
0.229639
0.2270762
0.2245134
0.2245134
0.2257948
0.2245134
0.2270762
0.2257948
0.2270762
0.2219506
0.223232
0.2219506
0.2219506
0.2245134
0.2245134
0.2193877
0.2168249
0.2206692
0.223232
0.2219506
0.2219506
0.2219506
0.2193877
0.2193877
0.2181063
0.2155435
0.2168249
0.2129807
0.2168249
0.2168249
0.2181063
0.2193877
0.2193877
0.2168249
0.2193877
0.2193877
0.2193877
0.2155435
0.2104179
0.2129807
0.2129807
0.2142621
0.2142621
0.2155435
0.2193877
0.2142621
0.2155435
0.2155435
0.2116993
0.2065737
0.2129807
0.2129807
0.2129807
0.2091365
0.2078551
0.2129807
0.2104179
0.2116993
0.2078551
0.2091365
0.2065737
0.2129807
0.2065737
0.2091365
0.2116993
0.2116993
0.2104179
0.2129807
0.2129807
0.2065737
0.2078551
0.2052923
0.2065737
0.2078551
0.2052923
0.2091365
0.2078551
0.2052923
0.2078551
0.2091365
0.2078551
0.2040108
0.2065737
0.2078551
0.2040108
0.2027294
0.2040108
0.2052923
0.201448
0.2027294
0.2065737
0.2027294
0.2027294
0.1976038
0.2027294
0.2065737
0.201448
0.2027294
0.2027294
0.2027294
0.2001666
0.1988852
0.2001666
0.1988852
0.1988852
0.1976038
0.2052923
0.2040108
0.2040108
0.201448
0.2052923
0.2052923
0.2027294
0.2040108
0.2027294
0.1963224
0.1976038
0.1976038
0.1963224
0.1963224
0.195041
0.195041
0.195041
0.1988852
0.195041
0.195041
0.1924782
0.1988852
0.1976038
0.1988852
0.1976038
0.1988852
0.195041
0.1937596
0.1937596
0.1924782
0.1937596
0.1911968
0.195041
0.195041
0.195041
0.1937596
0.1924782
0.1924782
0.1886339
0.195041
0.195041
0.1911968
0.1899154
0.1911968
0.1937596
0.1899154
0.1924782
0.1937596
0.1924782
0.195041
0.195041
0.1911968
0.1924782
0.1873525
0.1937596
0.1937596
0.1924782
0.1924782
0.1911968
0.1873525
0.1860711
0.1860711
0.1860711
0.1873525
0.1860711
0.1899154
0.1886339
0.1886339
0.1886339
0.1899154
0.1899154
0.1911968
0.1899154
0.1886339
0.1886339
0.1860711
0.1873525
0.1847897
0.1847897
0.1822269
0.1835083
0.1835083
0.1847897
0.1860711
0.1873525
0.1847897
0.1796641
0.1860711
0.1847897
0.1873525
0.1847897
0.1860711
0.1847897
0.1835083
0.1835083
0.1809455
0.1796641
0.1783827
0.1783827
0.1783827
0.1783827
0.1796641
0.1835083
0.1809455
0.1835083
0.1822269
0.1809455
0.1809455
0.1809455
0.1822269
0.1822269
0.1809455
0.1796641
0.1796641
0.1771013
0.1796641
0.1771013
0.1771013
0.1783827
0.1783827
0.1783827
0.1809455
0.1771013
0.1771013
0.1796641
0.1822269
0.1783827
0.1796641
0.1758199
0.1758199
0.1732571
0.1745385
0.1771013
0.1745385
0.1745385
0.1758199
0.1771013
0.1822269
0.1796641
0.1796641
0.1783827
0.1783827
0.1783827
0.1796641
0.1732571
0.1758199
0.1771013
0.1732571
0.1745385
0.1783827
0.1745385
0.1732571
0.1732571
0.1758199
0.1783827
0.1758199
0.1745385
0.1758199
0.1745385
0.1732571
0.1694128
0.1681314
0.1681314
0.1681314
0.1706942
0.1719756
0.1719756
0.1706942
0.1719756
0.1706942
0.1681314
0.1719756
0.1719756
0.16685
0.16685
0.1642872
0.1681314
0.16685
0.16685
0.1706942
0.1719756
0.1694128
0.1719756
0.1745385
0.1719756
0.16685
0.1694128
0.1642872
0.1655686
0.1655686
0.1642872
0.1642872
0.1655686
0.1655686
0.1681314
0.16685
0.1617244
0.1655686
0.16685
0.16685
0.1630058
0.16685
0.16685
0.1617244
0.1630058
0.1630058
0.1617244
0.1578802
0.1617244
0.1655686
0.1655686
0.1617244
0.16685
0.1655686
0.1655686
0.1642872
0.1642872
0.1642872
0.1578802
0.1591616
0.1565987
0.160443
0.160443
0.1591616
0.1630058
0.1630058
0.1630058
0.1642872
0.1642872
0.1591616
0.1630058
0.1642872
0.1642872
0.1578802
0.1578802
0.1578802
0.1591616
0.1617244
0.160443
0.1630058
0.1565987
0.160443
0.160443
0.160443
0.1642872
0.1630058
0.1591616
0.160443
0.1553173
0.1553173
0.1553173
0.1501917
0.1553173
0.1578802
0.1553173
0.1565987
0.1591616
0.1591616
0.1591616
0.1565987
0.1578802
0.1565987
0.1476289
0.1527545
0.1540359
0.1553173
0.1540359
0.1565987
0.1565987
0.1553173
0.1565987
0.1565987
0.1578802
0.1540359
0.1591616
0.1565987
0.1527545
0.1514731
0.1527545
0.1514731
0.1540359
0.1553173
0.1553173
0.1540359
0.1501917
0.1565987
0.1553173
0.1553173
0.1527545
0.1553173
0.1501917
0.1501917
0.1527545
0.1501917
0.1514731
0.1463475
0.1514731
0.1514731
0.1540359
0.1553173
0.1540359
0.1540359
0.1514731
0.1540359
0.1527545
0.1514731
0.1463475
0.1463475
0.1489103
0.1476289
0.1476289
0.1476289
0.1501917
0.1476289
0.1489103
0.1476289
0.1501917
0.1476289
0.1489103
0.1501917
0.1514731
0.1501917
0.1489103
0.1450661
0.1476289
0.1476289
0.1476289
0.1450661
0.1463475
0.1489103
0.1501917
0.1489103
0.1489103
0.1489103
0.1476289
0.1489103
0.1476289
0.1476289
0.1489103
0.1399404
0.1450661
0.1437847
0.1425032
0.1437847
0.1437847
0.1450661
0.1463475
0.1463475
0.1463475
0.1463475
0.1437847
0.1450661
0.1450661
0.1463475
0.1476289
0.1463475
0.1476289
0.1450661
0.1553173
0.1437847
0.1437847
0.1412219
0.1412219
0.1425032
0.1412219
0.1412219
0.1412219
0.138659
0.1399404
0.1425032
