1569399102.775
1569399103.025
1569399103.275
1569399103.525
1569399103.775
1569399104.025
1569399104.275
1569399104.525
1569399104.775
1569399105.025
1569399105.275
1569399105.525
1569399105.775
1569399106.025
1569399106.275
1569399106.525
1569399106.775
1569399107.025
1569399107.275
1569399107.525
1569399107.775
1569399108.025
1569399108.275
1569399108.525
1569399108.775
1569399109.025
1569399109.275
1569399109.525
1569399109.775
1569399110.025
1569399110.275
1569399110.525
1569399110.775
1569399111.025
1569399111.275
1569399111.525
1569399111.775
1569399112.025
1569399112.275
1569399112.525
1569399112.775
1569399113.025
1569399113.275
1569399113.525
1569399113.775
1569399114.025
1569399114.275
1569399114.525
1569399114.775
1569399115.025
1569399115.275
1569399115.525
1569399115.775
1569399116.025
1569399116.275
1569399116.525
1569399116.775
1569399117.025
1569399117.275
1569399117.525
1569399117.775
1569399118.025
1569399118.275
1569399118.525
1569399118.775
1569399119.025
1569399119.275
1569399119.525
1569399119.775
1569399120.025
1569399120.275
1569399120.525
1569399120.775
1569399121.025
1569399121.275
1569399121.525
1569399121.775
1569399122.025
1569399122.275
1569399122.525
1569399122.775
1569399123.025
1569399123.275
1569399123.525
1569399123.775
1569399124.025
1569399124.275
1569399124.525
1569399124.775
1569399125.025
1569399125.275
1569399125.525
1569399125.775
1569399126.025
1569399126.275
1569399126.525
1569399126.775
1569399127.025
1569399127.275
1569399127.525
1569399127.775
1569399128.025
1569399128.275
1569399128.525
1569399128.775
1569399129.025
1569399129.275
1569399129.525
1569399129.775
1569399130.025
1569399130.275
1569399130.525
1569399130.775
1569399131.025
1569399131.275
1569399131.525
1569399131.775
1569399132.025
1569399132.275
1569399132.525
1569399132.775
1569399133.025
1569399133.275
1569399133.525
1569399133.775
1569399134.025
1569399134.275
1569399134.525
1569399134.775
1569399135.025
1569399135.275
1569399135.525
1569399135.775
1569399136.025
1569399136.275
1569399136.525
1569399136.775
1569399137.025
1569399137.275
1569399137.525
1569399137.775
1569399138.025
1569399138.275
1569399138.525
1569399138.775
1569399139.025
1569399139.275
1569399139.525
1569399139.775
1569399140.025
1569399140.275
1569399140.525
1569399140.775
1569399141.025
1569399141.275
1569399141.525
1569399141.775
1569399142.025
1569399142.275
1569399142.525
1569399142.775
1569399143.025
1569399143.275
1569399143.525
1569399143.775
1569399144.025
1569399144.275
1569399144.525
1569399144.775
1569399145.025
1569399145.275
1569399145.525
1569399145.775
1569399146.025
1569399146.275
1569399146.525
1569399146.775
1569399147.025
1569399147.275
1569399147.525
1569399147.775
1569399148.025
1569399148.275
1569399148.525
1569399148.775
1569399149.025
1569399149.275
1569399149.525
1569399149.775
1569399150.025
1569399150.275
1569399150.525
1569399150.775
1569399151.025
1569399151.275
1569399151.525
1569399151.775
1569399152.025
1569399152.275
1569399152.525
1569399152.775
1569399153.025
1569399153.275
1569399153.525
1569399153.775
1569399154.025
1569399154.275
1569399154.525
1569399154.775
1569399155.025
1569399155.275
1569399155.525
1569399155.775
1569399156.025
1569399156.275
1569399156.525
1569399156.775
1569399157.025
1569399157.275
1569399157.525
1569399157.775
1569399158.025
1569399158.275
1569399158.525
1569399158.775
1569399159.025
1569399159.275
1569399159.525
1569399159.775
1569399160.025
1569399160.275
1569399160.525
1569399160.775
1569399161.025
1569399161.275
1569399161.525
1569399161.775
1569399162.025
1569399162.275
1569399162.525
1569399162.775
1569399163.025
1569399163.275
1569399163.525
1569399163.775
1569399164.025
1569399164.275
1569399164.525
1569399164.775
1569399165.025
1569399165.275
1569399165.525
1569399165.775
1569399166.025
1569399166.275
1569399166.525
1569399166.775
1569399167.025
1569399167.275
1569399167.525
1569399167.775
1569399168.025
1569399168.275
1569399168.525
1569399168.775
1569399169.025
1569399169.275
1569399169.525
1569399169.775
1569399170.025
1569399170.275
1569399170.525
1569399170.775
1569399171.025
1569399171.275
1569399171.525
1569399171.775
1569399172.025
1569399172.275
1569399172.525
1569399172.775
1569399173.025
1569399173.275
1569399173.525
1569399173.775
1569399174.025
1569399174.275
1569399174.525
1569399174.775
1569399175.025
1569399175.275
1569399175.525
1569399175.775
1569399176.025
1569399176.275
1569399176.525
1569399176.775
1569399177.025
1569399177.275
1569399177.525
1569399177.775
1569399178.025
1569399178.275
1569399178.525
1569399178.775
1569399179.025
1569399179.275
1569399179.525
1569399179.775
1569399180.025
1569399180.275
1569399180.525
1569399180.775
1569399181.025
1569399181.275
1569399181.525
1569399181.775
1569399182.025
1569399182.275
1569399182.525
1569399182.775
1569399183.025
1569399183.275
1569399183.525
1569399183.775
1569399184.025
1569399184.275
1569399184.525
1569399184.775
1569399185.025
1569399185.275
1569399185.525
1569399185.775
1569399186.025
1569399186.275
1569399186.525
1569399186.775
1569399187.025
1569399187.275
1569399187.525
1569399187.775
1569399188.025
1569399188.275
1569399188.525
1569399188.775
1569399189.025
1569399189.275
1569399189.525
1569399189.775
1569399190.025
1569399190.275
1569399190.525
1569399190.775
1569399191.025
1569399191.275
1569399191.525
1569399191.775
1569399192.025
1569399192.275
1569399192.525
1569399192.775
1569399193.025
1569399193.275
1569399193.525
1569399193.775
1569399194.025
1569399194.275
1569399194.525
1569399194.775
1569399195.025
1569399195.275
1569399195.525
1569399195.775
1569399196.025
1569399196.275
1569399196.525
1569399196.775
1569399197.025
1569399197.275
1569399197.525
1569399197.775
1569399198.025
1569399198.275
1569399198.525
1569399198.775
1569399199.025
1569399199.275
1569399199.525
1569399199.775
1569399200.025
1569399200.275
1569399200.525
1569399200.775
1569399201.025
1569399201.275
1569399201.525
1569399201.775
1569399202.025
1569399202.275
1569399202.525
1569399202.775
1569399203.025
1569399203.275
1569399203.525
1569399203.775
1569399204.025
1569399204.275
1569399204.525
1569399204.775
1569399205.025
1569399205.275
1569399205.525
1569399205.775
1569399206.025
1569399206.275
1569399206.525
1569399206.775
1569399207.025
1569399207.275
1569399207.525
1569399207.775
1569399208.025
1569399208.275
1569399208.525
1569399208.775
1569399209.025
1569399209.275
1569399209.525
1569399209.775
1569399210.025
1569399210.275
1569399210.525
1569399210.775
1569399211.025
1569399211.275
1569399211.525
1569399211.775
1569399212.025
1569399212.275
1569399212.525
1569399212.775
1569399213.025
1569399213.275
1569399213.525
1569399213.775
1569399214.025
1569399214.275
1569399214.525
1569399214.775
1569399215.025
1569399215.275
1569399215.525
1569399215.775
1569399216.025
1569399216.275
1569399216.525
1569399216.775
1569399217.025
1569399217.275
1569399217.525
1569399217.775
1569399218.025
1569399218.275
1569399218.525
1569399218.775
1569399219.025
1569399219.275
1569399219.525
1569399219.775
1569399220.025
1569399220.275
1569399220.525
1569399220.775
1569399221.025
1569399221.275
1569399221.525
1569399221.775
1569399222.025
1569399222.275
1569399222.525
1569399222.775
1569399223.025
1569399223.275
1569399223.525
1569399223.775
1569399224.025
1569399224.275
1569399224.525
1569399224.775
1569399225.025
1569399225.275
1569399225.525
1569399225.775
1569399226.025
1569399226.275
1569399226.525
1569399226.775
1569399227.025
1569399227.275
1569399227.525
1569399227.775
1569399228.025
1569399228.275
1569399228.525
1569399228.775
1569399229.025
1569399229.275
1569399229.525
1569399229.775
1569399230.025
1569399230.275
1569399230.525
1569399230.775
1569399231.025
1569399231.275
1569399231.525
1569399231.775
1569399232.025
1569399232.275
1569399232.525
1569399232.775
1569399233.025
1569399233.275
1569399233.525
1569399233.775
1569399234.025
1569399234.275
1569399234.525
1569399234.775
1569399235.025
1569399235.275
1569399235.525
1569399235.775
1569399236.025
1569399236.275
1569399236.525
1569399236.775
1569399237.025
1569399237.275
1569399237.525
1569399237.775
1569399238.025
1569399238.275
1569399238.525
1569399238.775
1569399239.025
1569399239.275
1569399239.525
1569399239.775
1569399240.025
1569399240.275
1569399240.525
1569399240.775
1569399241.025
1569399241.275
1569399241.525
1569399241.775
1569399242.025
1569399242.275
1569399242.525
1569399242.775
1569399243.025
1569399243.275
1569399243.525
1569399243.775
1569399244.025
1569399244.275
1569399244.525
1569399244.775
1569399245.025
1569399245.275
1569399245.525
1569399245.775
1569399246.025
1569399246.275
1569399246.525
1569399246.775
1569399247.025
1569399247.275
1569399247.525
1569399247.775
1569399248.025
1569399248.275
1569399248.525
1569399248.775
1569399249.025
1569399249.275
1569399249.525
1569399249.775
1569399250.025
1569399250.275
1569399250.525
1569399250.775
1569399251.025
1569399251.275
1569399251.525
1569399251.775
1569399252.025
1569399252.275
1569399252.525
1569399252.775
1569399253.025
1569399253.275
1569399253.525
1569399253.775
1569399254.025
1569399254.275
1569399254.525
1569399254.775
1569399255.025
1569399255.275
1569399255.525
1569399255.775
1569399256.025
1569399256.275
1569399256.525
1569399256.775
1569399257.025
1569399257.275
1569399257.525
1569399257.775
1569399258.025
1569399258.275
1569399258.525
1569399258.775
1569399259.025
1569399259.275
1569399259.525
1569399259.775
1569399260.025
1569399260.275
1569399260.525
1569399260.775
1569399261.025
1569399261.275
1569399261.525
1569399261.775
1569399262.025
1569399262.275
1569399262.525
1569399262.775
1569399263.025
1569399263.275
1569399263.525
1569399263.775
1569399264.025
1569399264.275
1569399264.525
1569399264.775
1569399265.025
1569399265.275
1569399265.525
1569399265.775
1569399266.025
1569399266.275
1569399266.525
1569399266.775
1569399267.025
1569399267.275
1569399267.525
1569399267.775
1569399268.025
1569399268.275
1569399268.525
1569399268.775
1569399269.025
1569399269.275
1569399269.525
1569399269.775
1569399270.025
1569399270.275
1569399270.525
1569399270.775
1569399271.025
1569399271.275
1569399271.525
1569399271.775
1569399272.025
1569399272.275
1569399272.525
1569399272.775
1569399273.025
1569399273.275
1569399273.525
1569399273.775
1569399274.025
1569399274.275
1569399274.525
1569399274.775
1569399275.025
1569399275.275
1569399275.525
1569399275.775
1569399276.025
1569399276.275
1569399276.525
1569399276.775
1569399277.025
1569399277.275
1569399277.525
1569399277.775
1569399278.025
1569399278.275
1569399278.525
1569399278.775
1569399279.025
1569399279.275
1569399279.525
1569399279.775
1569399280.025
1569399280.275
1569399280.525
1569399280.775
1569399281.025
1569399281.275
1569399281.525
1569399281.775
1569399282.025
1569399282.275
1569399282.525
1569399282.775
1569399283.025
1569399283.275
1569399283.525
1569399283.775
1569399284.025
1569399284.275
1569399284.525
1569399284.775
1569399285.025
1569399285.275
1569399285.525
1569399285.775
1569399286.025
1569399286.275
1569399286.525
1569399286.775
1569399287.025
1569399287.275
1569399287.525
1569399287.775
1569399288.025
1569399288.275
1569399288.525
1569399288.775
1569399289.025
1569399289.275
1569399289.525
1569399289.775
1569399290.025
1569399290.275
1569399290.525
1569399290.775
1569399291.025
1569399291.275
1569399291.525
1569399291.775
1569399292.025
1569399292.275
1569399292.525
1569399292.775
1569399293.025
1569399293.275
1569399293.525
1569399293.775
1569399294.025
1569399294.275
1569399294.525
1569399294.775
1569399295.025
1569399295.275
1569399295.525
1569399295.775
1569399296.025
1569399296.275
1569399296.525
1569399296.775
1569399297.025
1569399297.275
1569399297.525
1569399297.775
1569399298.025
1569399298.275
1569399298.525
1569399298.775
1569399299.025
1569399299.275
1569399299.525
1569399299.775
1569399300.025
1569399300.275
1569399300.525
1569399300.775
1569399301.025
1569399301.275
1569399301.525
1569399301.775
1569399302.025
1569399302.275
1569399302.525
1569399302.775
1569399303.025
1569399303.275
1569399303.525
1569399303.775
1569399304.025
1569399304.275
1569399304.525
1569399304.775
1569399305.025
1569399305.275
1569399305.525
1569399305.775
1569399306.025
1569399306.275
1569399306.525
1569399306.775
1569399307.025
1569399307.275
1569399307.525
1569399307.775
1569399308.025
1569399308.275
1569399308.525
1569399308.775
1569399309.025
1569399309.275
1569399309.525
1569399309.775
1569399310.025
1569399310.275
1569399310.525
1569399310.775
1569399311.025
1569399311.275
1569399311.525
1569399311.775
1569399312.025
1569399312.275
1569399312.525
1569399312.775
1569399313.025
1569399313.275
1569399313.525
1569399313.775
1569399314.025
1569399314.275
1569399314.525
1569399314.775
1569399315.025
1569399315.275
1569399315.525
1569399315.775
1569399316.025
1569399316.275
1569399316.525
1569399316.775
1569399317.025
1569399317.275
1569399317.525
1569399317.775
1569399318.025
1569399318.275
1569399318.525
1569399318.775
1569399319.025
1569399319.275
1569399319.525
1569399319.775
1569399320.025
1569399320.275
1569399320.525
1569399320.775
1569399321.025
1569399321.275
1569399321.525
1569399321.775
1569399322.025
1569399322.275
1569399322.525
1569399322.775
1569399323.025
1569399323.275
1569399323.525
1569399323.775
1569399324.025
1569399324.275
1569399324.525
1569399324.775
1569399325.025
1569399325.275
1569399325.525
1569399325.775
1569399326.025
1569399326.275
1569399326.525
1569399326.775
1569399327.025
1569399327.275
1569399327.525
1569399327.775
1569399328.025
1569399328.275
1569399328.525
1569399328.775
1569399329.025
1569399329.275
1569399329.525
1569399329.775
1569399330.025
1569399330.275
1569399330.525
1569399330.775
1569399331.025
1569399331.275
1569399331.525
1569399331.775
1569399332.025
1569399332.275
1569399332.525
1569399332.775
1569399333.025
1569399333.275
1569399333.525
1569399333.775
1569399334.025
1569399334.275
1569399334.525
1569399334.775
1569399335.025
1569399335.275
1569399335.525
1569399335.775
1569399336.025
1569399336.275
1569399336.525
1569399336.775
1569399337.025
1569399337.275
1569399337.525
1569399337.775
1569399338.025
1569399338.275
1569399338.525
1569399338.775
1569399339.025
1569399339.275
1569399339.525
1569399339.775
1569399340.025
1569399340.275
1569399340.525
1569399340.775
1569399341.025
1569399341.275
1569399341.525
1569399341.775
1569399342.025
1569399342.275
1569399342.525
1569399342.775
1569399343.025
1569399343.275
1569399343.525
1569399343.775
1569399344.025
1569399344.275
1569399344.525
1569399344.775
1569399345.025
1569399345.275
1569399345.525
1569399345.775
1569399346.025
1569399346.275
1569399346.525
1569399346.775
1569399347.025
1569399347.275
1569399347.525
1569399347.775
1569399348.025
1569399348.275
1569399348.525
1569399348.775
1569399349.025
1569399349.275
1569399349.525
1569399349.775
1569399350.025
1569399350.275
1569399350.525
1569399350.775
1569399351.025
1569399351.275
1569399351.525
1569399351.775
1569399352.025
1569399352.275
1569399352.525
1569399352.775
1569399353.025
1569399353.275
1569399353.525
1569399353.775
1569399354.025
1569399354.275
1569399354.525
1569399354.775
1569399355.025
1569399355.275
1569399355.525
1569399355.775
1569399356.025
1569399356.275
1569399356.525
1569399356.775
1569399357.025
1569399357.275
1569399357.525
1569399357.775
1569399358.025
1569399358.275
1569399358.525
1569399358.775
1569399359.025
1569399359.275
1569399359.525
1569399359.775
1569399360.025
1569399360.275
1569399360.525
1569399360.775
1569399361.025
1569399361.275
1569399361.525
1569399361.775
1569399362.025
1569399362.275
1569399362.525
1569399362.775
1569399363.025
1569399363.275
1569399363.525
1569399363.775
1569399364.025
1569399364.275
1569399364.525
1569399364.775
1569399365.025
1569399365.275
1569399365.525
1569399365.775
1569399366.025
1569399366.275
1569399366.525
1569399366.775
1569399367.025
1569399367.275
1569399367.525
1569399367.775
1569399368.025
1569399368.275
1569399368.525
1569399368.775
1569399369.025
1569399369.275
1569399369.525
1569399369.775
1569399370.025
1569399370.275
1569399370.525
1569399370.775
1569399371.025
1569399371.275
1569399371.525
1569399371.775
1569399372.025
1569399372.275
1569399372.525
1569399372.775
1569399373.025
1569399373.275
1569399373.525
1569399373.775
1569399374.025
1569399374.275
1569399374.525
1569399374.775
1569399375.025
1569399375.275
1569399375.525
1569399375.775
1569399376.025
1569399376.275
1569399376.525
1569399376.775
1569399377.025
1569399377.275
1569399377.525
1569399377.775
1569399378.025
1569399378.275
1569399378.525
1569399378.775
1569399379.025
1569399379.275
1569399379.525
1569399379.775
1569399380.025
1569399380.275
1569399380.525
1569399380.775
1569399381.025
1569399381.275
1569399381.525
1569399381.775
1569399382.025
1569399382.275
1569399382.525
1569399382.775
1569399383.025
1569399383.275
1569399383.525
1569399383.775
1569399384.025
1569399384.275
1569399384.525
1569399384.775
1569399385.025
1569399385.275
1569399385.525
1569399385.775
1569399386.025
1569399386.275
1569399386.525
1569399386.775
1569399387.025
1569399387.275
1569399387.525
1569399387.775
1569399388.025
1569399388.275
1569399388.525
1569399388.775
1569399389.025
1569399389.275
1569399389.525
1569399389.775
1569399390.025
1569399390.275
1569399390.525
1569399390.775
1569399391.025
1569399391.275
1569399391.525
1569399391.775
1569399392.025
1569399392.275
1569399392.525
1569399392.775
1569399393.025
1569399393.275
1569399393.525
1569399393.775
1569399394.025
1569399394.275
1569399394.525
1569399394.775
1569399395.025
1569399395.275
1569399395.525
1569399395.775
1569399396.025
1569399396.275
1569399396.525
1569399396.775
1569399397.025
1569399397.275
1569399397.525
1569399397.775
1569399398.025
1569399398.275
1569399398.525
1569399398.775
1569399399.025
1569399399.275
1569399399.525
1569399399.775
1569399400.025
1569399400.275
1569399400.525
1569399400.775
1569399401.025
1569399401.275
1569399401.525
1569399401.775
1569399402.025
1569399402.275
1569399402.525
