0.07688452
0.07688452
0.07816593
0.07944734
0.07816593
0.07944734
0.08072875
0.08072875
0.08201016
0.08201016
0.08072875
0.08072875
0.08329156
0.08329156
0.08457297
0.08072875
0.08329156
0.08713578
0.08072875
0.07816593
0.07816593
0.08457297
0.09098001
0.09098001
0.09226142
0.08969861
0.08969861
0.08969861
0.08713578
0.08713578
0.08713578
0.08713578
0.08841719
0.08969861
0.09098001
0.09098001
0.09226142
0.08969861
0.08969861
0.08969861
0.08969861
0.08969861
0.09226142
0.09354283
0.09482424
0.09610564
0.09738705
0.09610564
0.09226142
0.09482424
0.09482424
0.09482424
0.09482424
0.09482424
0.09482424
0.09482424
0.09354283
0.09482424
0.09098001
0.08969861
0.09098001
0.09098001
0.09226142
0.09226142
0.09354283
0.09354283
0.09354283
0.09482424
0.09226142
0.09226142
0.08969861
0.09226142
0.09482424
0.09354283
0.09226142
0.09482424
0.09354283
0.09098001
0.09226142
0.09482424
0.09226142
0.09226142
0.09354283
0.09610564
0.09482424
0.09098001
0.09482424
0.09226142
0.09226142
0.09226142
0.09226142
0.09482424
0.09226142
0.09482424
0.09738705
0.09738705
0.09738705
0.09738705
0.09738705
0.09738705
0.09738705
0.09738705
0.09738705
0.09738705
0.09738705
0.09738705
0.09738705
0.09738705
0.09738705
0.09738705
0.09738705
0.09738705
0.09738705
0.09866846
0.09738705
0.09866846
0.09994987
0.09866846
0.09610564
0.09610564
0.09610564
0.1012313
0.09994987
0.1050755
0.1012313
0.09866846
0.1012313
0.1025127
0.1025127
0.1281409
0.125578
0.1281409
0.1319851
0.1371107
0.1396735
0.1409549
0.1396735
0.1422363
0.1396735
0.1396735
0.1396735
0.1409549
0.1486434
0.1499248
0.1524876
0.1512062
0.1512062
0.1486434
0.1499248
0.1486434
0.147362
0.147362
0.1460806
0.1486434
0.1447992
0.1460806
0.147362
0.1460806
0.147362
0.1460806
0.1447992
0.1447992
0.1447992
0.1460806
0.147362
0.1486434
0.1486434
0.1486434
0.1499248
0.1447992
0.1447992
0.1422363
0.1435177
0.1447992
0.1447992
0.1435177
0.1447992
0.1435177
0.1447992
0.1447992
0.1396735
0.1422363
0.1435177
0.1422363
0.1435177
0.1447992
0.147362
0.1486434
0.1499248
0.1486434
0.1460806
0.1447992
0.1447992
0.1460806
0.1614575
0.1665831
0.1678645
0.1678645
0.1678645
0.1704273
0.1691459
0.1691459
0.1665831
0.1665831
0.1653017
0.1640203
0.1627389
0.1627389
0.1678645
0.1896484
0.1806786
0.1768344
0.1729901
0.1704273
0.1717087
0.18196
0.1793972
0.1768344
0.1755529
0.1742716
0.1691459
0.1665831
0.1653017
0.1627389
0.1614575
0.1640203
0.1665831
0.1678645
0.1717087
0.1717087
0.1742716
0.1704273
0.1781158
0.1973369
0.2088696
0.210151
0.2139952
0.216558
0.216558
0.216558
0.2178394
0.2139952
0.2127138
0.2114324
0.2088696
0.2075882
0.2024625
0.2011811
0.2011811
0.1998997
0.2011811
0.2024625
0.2011811
0.2011811
0.2011811
0.2050253
0.2075882
0.2127138
0.216558
0.216558
0.2293721
0.2485932
0.2588445
0.2485932
0.2421862
0.2537189
0.2601259
0.2614073
0.2601259
0.2626887
0.2601259
0.2678143
0.2652515
0.2588445
0.2562817
0.2562817
0.2562817
0.2960053
0.2998495
0.301131
0.3049752
0.2998495
0.2998495
0.3024124
0.3101008
0.3280405
0.3229149
0.3152265
0.3113822
0.3049752
0.2972867
0.2960053
0.2921611
0.2908797
0.2870355
0.2857541
0.2934425
0.2921611
0.3344476
0.3331662
0.3203521
0.3113822
0.3152265
0.3203521
0.3229149
0.335729
0.3370104
0.3728898
0.3780155
0.3754526
0.3690456
0.3626386
0.3562315
0.3485431
0.3600757
0.3575129
0.3523873
0.3446988
0.3434174
0.3434174
0.3472617
0.3472617
0.3446988
0.3395732
0.3472617
0.3395732
0.335729
0.329322
0.3267591
0.3241963
0.3254777
0.3306034
0.335729
0.3370104
0.335729
0.3370104
0.3331662
0.3306034
0.3280405
0.3267591
0.3229149
0.3190707
0.3139451
0.3088194
0.3049752
0.3049752
0.3049752
0.3049752
0.3049752
0.3062566
0.3254777
0.329322
0.3101008
0.3101008
0.3229149
0.329322
0.3434174
0.3575129
0.3562315
0.3549501
0.3511059
0.3446988
0.3446988
0.3459803
0.3459803
0.3549501
0.3741712
0.3780155
0.3831411
0.3818597
0.3805783
0.3754526
0.3882667
0.3792969
0.3728898
0.3652014
0.3600757
0.3549501
0.3485431
0.3331662
0.2588445
0.2537189
0.3101008
0.3165078
0.3139451
0.3190707
0.3306034
0.3434174
0.3549501
0.3587943
0.376734
0.4023622
0.4254276
0.4241461
0.4138949
0.4074878
0.4010808
0.398518
0.4010808
0.4087692
0.4113321
0.4151763
0.4126135
0.4113321
0.4164577
0.439523
0.4382416
0.4420859
0.4343974
0.4279904
0.4228647
0.4138949
0.4113321
0.4087692
0.4100507
0.4292718
0.4343974
0.439523
0.4446487
0.4510557
0.4548999
0.4792467
0.4792467
0.4766839
0.4741211
0.4754025
0.4818095
0.495905
0.5087191
0.5484427
0.5753523
0.5817593
0.5894478
0.6086689
0.6022619
0.5932921
0.5894478
0.5881664
0.5894478
0.586885
0.5843222
0.6009805
0.6009805
0.6407042
0.6573625
0.649674
0.6381413
0.6304529
0.6381413
0.6304529
0.6163574
0.6112317
0.615076
0.621483
0.6394227
0.6624881
0.6919605
0.6050916
0.5192373
0.5128303
0.5192373
0.5269257
0.5307699
0.5333328
0.537177
0.5397398
0.5410212
0.5474283
0.5487097
0.5525539
0.5538353
0.5487097
0.5474283
0.5448654
0.5346141
0.5230815
0.5192373
0.5102674
0.5077046
0.508986
0.5102674
0.5128303
0.5192373
0.5282071
0.5294886
0.5294886
0.5384584
0.5358956
0.5256443
0.5192373
0.5205187
0.5230815
0.5269257
0.5294886
0.5282071
0.5294886
0.537177
0.543584
0.5499911
0.5461469
0.5384584
0.5346141
0.5269257
0.5218001
0.5192373
0.5115488
0.5115488
0.508986
0.5012975
0.5064232
0.5064232
0.508986
0.5077046
0.5038604
0.5064232
0.5051418
0.508986
0.5128303
0.5166745
0.5282071
0.5410212
0.5474283
0.5589609
0.5640866
0.5730564
0.578182
0.5730564
0.5833077
0.5769007
0.5692122
0.5666494
0.5628052
0.5589609
0.5948403
0.5961218
0.606373
0.6127801
0.6127801
0.6179057
0.6230313
0.6268756
0.6255941
0.6179057
0.599966
0.6025288
0.6025288
0.5333328
0.5410212
0.578182
0.5807449
0.5769007
0.5628052
0.5538353
0.5333328
0.5179558
0.508986
0.4974533
0.4961719
0.5051418
0.5141116
0.5205187
0.5256443
0.537177
0.5461469
0.5499911
0.5474283
0.5487097
0.5525539
0.5538353
0.5499911
0.5551167
0.5666494
0.5756192
0.5884333
0.6294384
0.6294384
0.6294384
0.6294384
0.6294384
0.6294384
0.6294384
0.6294384
0.6294384
0.6294384
0.6294384
0.6294384
0.6294384
0.6294384
0.6294384
0.6294384
0.6294384
0.6294384
0.6294384
0.6396896
0.6384082
0.6422524
0.6473781
0.6422524
0.634564
0.6320012
0.6255941
0.6255941
0.6230313
0.6217499
0.6140615
0.6114987
0.6102173
0.6076545
0.606373
0.6038102
0.6050916
0.606373
0.6050916
0.6038102
0.6179057
0.634564
0.6819761
0.719137
0.7434837
0.7486094
0.7511722
0.7511722
0.7434837
0.7319511
0.7204183
0.7088857
0.6947902
0.6806947
0.6730062
0.662755
0.6550665
0.6448153
0.6601922
0.6563479
0.662755
0.6665992
0.6806947
0.7011973
0.7216998
0.7383581
0.7473279
0.7498907
0.7562978
0.7639862
0.7562978
0.7524536
0.7396395
0.7486094
0.7357953
0.725544
0.7178556
0.7114485
0.7011973
0.697353
0.7101671
0.7140113
0.725544
0.7370767
0.7447651
0.7562978
0.7703933
0.7896144
0.7960215
0.7973028
0.7934586
0.7870516
0.781926
0.7755189
0.8024285
0.7934586
0.7832074
0.7729561
0.760142
0.753735
0.7460465
0.7396395
0.7447651
0.7524536
0.7652677
0.7793632
0.7844888
0.7934586
0.8139611
0.8280566
0.8383079
0.8421521
0.8459964
0.8652175
0.8652175
0.8524034
0.8383079
0.8242124
0.8139611
0.8267753
0.8549662
0.8882828
0.9254437
0.9395392
0.942102
0.9459462
0.9497904
0.9408206
0.9344136
0.9280065
0.9254437
0.9228809
0.9215994
0.9164738
0.9151924
0.9010969
0.8998155
0.8959713
0.88572
0.8767502
0.8677803
0.857529
0.851122
0.8703431
0.8831572
0.8767502
0.872906
0.8716245
0.8652175
0.8677803
0.8844386
0.9049411
0.9151924
0.9215994
0.9356949
0.9356949
0.9356949
0.9292879
0.9203181
0.9100668
0.8985341
0.8908457
0.8908457
0.9023783
0.9215994
0.9305693
0.9446648
0.9587603
0.970293
0.9741372
0.9728558
0.9690115
0.9613231
0.9523532
0.948509
0.9600417
0.9728558
0.9792628
0.9843885
0.9869513
0.983107
0.9754186
0.9626045
0.9459462
0.9331321
0.9190366
0.913911
0.9126296
0.9126296
0.9151924
0.9190366
0.9177552
0.9190366
0.913911
0.9113482
0.9062226
0.9010969
0.8934085
0.8946899
0.8908457
0.8844386
0.8767502
0.8741874
0.8754687
0.9049411
0.9472276
0.9754186
0.9997653
1.012579
1.017705
0.9472967
0.9408897
0.929357
0.9191058
0.9024475
0.8921962
0.8845077
0.8806635
0.8716936
0.8678494
0.8652866
0.8588796
0.8550353
0.8409398
0.8460655
0.8575981
0.8575981
0.8691308
0.8845077
0.8909147
0.901166
0.9126987
0.907573
0.9050102
0.9037288
0.8998846
0.901166
0.9101359
0.9152615
0.9216685
0.9306384
0.9280756
0.9267942
0.9114173
0.9024475
0.8832263
0.8742564
0.866568
0.8588796
0.866568
0.8691308
0.8742564
0.8793821
0.8716936
0.8704122
0.8729751
0.8691308
0.8755379
0.8832263
0.894759
0.9037288
0.9037288
0.8998846
0.8986032
0.9165429
0.9460153
0.9383268
0.9370455
0.9485781
0.963955
0.9677992
0.9767691
0.9844576
0.9947088
1.012649
1.030588
1.054935
1.071593
1.081845
1.117724
1.120287
1.130538
1.139508
1.148478
1.162573
1.188201
1.217674
1.238176
1.258679
1.285589
1.284307
1.274056
1.25996
1.247146
1.240739
1.236895
1.249709
1.254835
1.254835
1.256116
1.253553
1.245865
1.236895
1.249709
1.258679
1.270212
1.280463
1.283026
1.298403
1.309935
1.329156
1.329156
1.325312
1.309935
1.294558
1.2779
1.254835
1.235614
1.230488
1.220237
1.21383
1.199734
1.19589
1.19589
1.206141
1.21383
1.2228
1.229207
1.234332
1.235614
1.231769
1.227925
1.2228
1.215111
1.206141
1.203578
1.201016
1.20486
1.2228
1.243302
1.267649
1.28687
1.306091
1.322749
1.312498
1.307372
1.284307
1.266367
1.248428
1.240739
1.225362
1.216392
1.20486
1.198453
1.193327
1.201016
1.218955
1.247146
1.267649
1.289433
1.303528
1.300965
1.293277
1.284307
1.271493
1.258679
1.253553
1.253553
1.265086
1.275337
1.280463
1.2779
1.276619
1.270212
1.262523
1.248428
1.236895
1.227925
1.227925
1.2228
1.226644
1.230488
1.240739
1.256116
1.265086
1.270212
1.275337
1.281744
1.297121
1.321468
1.362473
1.38682
1.390664
1.38682
1.370161
1.358629
1.347096
1.340689
1.334282
1.331719
1.325312
1.326594
1.325312
1.331719
1.336845
1.344533
1.343252
1.343252
1.333001
1.322749
1.316342
1.303528
1.29584
1.293277
1.290714
1.28687
1.288151
1.297121
1.313779
1.334282
1.376568
1.391945
1.39579
1.389383
1.38682
1.380413
1.366317
1.35991
1.35094
1.358629
1.358629
1.353503
1.349659
1.343252
1.339408
1.326594
1.325312
1.365036
1.411167
1.430388
1.439358
1.431669
1.438076
1.434232
1.407322
1.380413
1.35094
1.334282
1.322749
1.29584
1.284307
1.285589
1.291996
1.288151
1.307372
1.334282
1.343252
1.343252
1.335563
1.339408
1.349659
1.382975
1.409885
1.434232
1.452172
1.426643
1.436894
1.435612
1.442019
1.440738
1.444582
1.430487
1.413828
1.385637
1.372823
1.347195
1.339507
1.3331
1.344632
1.37923
1.402296
1.41511
1.411266
1.398452
1.3882
1.381793
1.380512
1.390763
1.395889
1.39717
1.393326
1.384356
1.376668
1.381793
1.392044
1.412547
1.420235
1.42408
1.439457
1.445864
1.445864
1.449708
1.444582
1.440738
1.435612
1.429205
1.411266
1.403577
1.401014
1.404859
1.417673
1.427924
1.436894
1.465085
1.489432
1.50609
1.512497
1.49712
1.47918
1.472773
1.467648
1.453552
1.438175
1.417673
1.409984
1.401014
1.411266
1.459959
1.509934
1.559909
1.627824
1.586819
1.658577
1.653452
1.659859
1.636793
1.635512
1.671391
1.711115
1.759809
1.764934
1.763653
1.776467
1.767497
1.791844
1.750839
1.698301
1.634231
1.636793
1.672673
1.722648
1.754683
1.755964
1.753402
1.736743
1.723929
1.708552
1.677799
1.645763
1.629105
1.603477
1.589381
1.5881
1.589381
1.607321
1.59707
1.585537
1.57913
1.56119
1.529155
1.520185
1.529155
1.553502
1.608602
1.627824
1.644482
1.641919
1.638075
1.629105
1.617572
1.608602
1.5881
1.567597
1.553502
1.554783
1.572723
1.5881
1.59707
1.625261
1.612447
1.589381
1.562472
1.581693
1.675236
1.667547
1.650889
1.649608
1.671391
1.700864
1.718804
1.725211
1.729055
1.749557
1.749557
1.758527
1.753402
1.73418
1.714959
1.703427
1.685487
1.668829
1.647045
1.648326
1.657296
1.68805
1.705989
1.709834
1.721366
1.717522
1.713678
1.690613
1.666266
1.641919
1.629105
1.618854
1.609884
1.599633
1.591944
1.609884
1.654733
1.702145
1.740587
1.764934
1.786718
1.795688
1.799532
1.813628
1.804658
1.789281
1.798251
1.816191
1.836693
1.839256
1.839256
1.837975
1.832849
1.831568
1.813628
1.796969
1.77006
1.750839
1.730336
1.720085
1.725211
1.73418
1.738025
1.727773
1.709834
1.718804
1.712397
1.709834
1.716241
1.69702
1.686768
1.675236
1.648326
1.643201
1.647045
1.643201
1.634231
1.631668
1.638075
1.629105
1.630386
1.641919
1.664984
1.653452
1.645763
1.653452
1.653452
1.656015
1.672673
1.698301
1.709834
1.707271
1.709834
1.717522
1.721366
1.723929
1.750839
1.753402
1.721366
1.712397
1.712397
1.720085
1.727773
1.713678
1.703427
1.700864
1.69702
1.690613
1.691894
1.69702
1.677799
1.662422
1.668829
1.662422
1.658577
1.664984
1.662422
1.649608
1.645763
1.681643
1.735462
1.798251
1.871291
1.905889
1.917422
1.903326
1.887949
1.854633
1.83413
1.811065
1.814909
1.766216
1.736743
1.716241
1.705989
1.720085
1.713678
1.704708
1.698301
1.695738
1.693175
1.703427
1.712397
1.711115
1.704708
1.712397
1.740587
1.777748
1.805939
1.831568
1.858477
1.86104
1.821316
1.811065
1.794407
1.768778
1.749557
1.77006
1.750839
1.73418
1.73418
1.736743
1.74315
1.753402
1.781593
1.812346
1.827723
1.841819
1.850789
1.862321
1.875135
1.885387
1.889231
1.884105
1.926392
1.954583
1.950938
1.974003
1.977847
1.965033
1.949656
1.936842
1.932998
1.943249
1.936842
1.921465
1.906088
1.891993
1.881742
1.874053
1.865083
1.874053
1.821516
1.809983
1.80742
1.811264
1.80742
1.818953
1.833048
1.853551
1.863802
1.867646
1.906088
1.932998
1.911214
1.883023
1.865083
1.854832
1.847144
1.858676
1.883023
1.88046
1.911214
1.953501
1.979129
2.008601
2.031667
2.025259
2.009882
1.994506
1.985536
1.958626
1.935561
1.912495
1.904807
1.909933
1.927872
1.941968
1.984254
1.961189
1.977847
2.002194
1.99835
1.966315
1.939405
1.972722
1.968878
1.982973
1.950938
1.931717
1.932998
1.950938
1.982973
1.982973
1.976566
1.976566
1.982973
1.975285
1.966315
1.979129
2.000913
2.034229
2.052169
2.039355
2.057295
2.086767
2.090611
2.08933
2.059857
2.073953
2.099581
2.146993
2.191843
2.270008
2.276416
2.264883
2.259757
2.270008
2.28923
2.309732
2.319983
2.312295
2.296918
2.275134
2.263601
2.249506
2.259757
2.203375
2.19825
2.200812
2.205938
2.225159
2.223878
2.231566
2.199531
2.184154
2.204657
2.205938
2.200812
2.220033
2.194405
2.172621
2.158526
2.136742
2.114958
2.099581
2.079079
2.068827
2.061139
2.056013
2.045762
2.038074
2.041918
2.061139
2.091893
2.145712
2.200812
2.246943
2.28923
2.31742
2.291792
2.264883
2.259757
2.240536
2.259757
2.299481
2.314858
2.36227
2.384054
2.367395
2.384054
2.442999
2.461568
2.44491
2.425689
2.389809
2.389809
2.374432
2.360337
2.346241
2.32702
2.311643
2.268075
2.250136
2.287297
2.302674
2.264231
2.234759
2.209131
2.214256
2.23604
2.232196
2.237322
2.252699
2.26295
2.26295
2.260387
2.256543
2.270638
2.264231
2.248854
2.246291
2.233477
2.224508
2.223226
2.230915
2.178377
2.17197
2.179658
2.175814
2.187347
2.173251
2.151467
2.14506
2.132246
2.125839
2.128402
2.137372
2.163
2.225789
2.284734
2.316769
2.34496
2.33599
2.292422
2.266794
2.250136
2.28089
2.328302
2.37187
2.406467
2.429533
2.433377
2.421844
2.40006
2.365463
2.337271
2.319332
2.319332
2.269357
2.279608
2.297548
2.300111
2.286015
2.257824
2.230915
2.237322
2.214256
2.183502
2.173251
2.169407
2.136091
2.120713
2.111744
2.093804
2.095085
2.119432
2.100211
2.119432
