0.3539356
0.3513728
0.3526542
0.3500914
0.3500914
0.3475286
0.3475286
0.3462472
0.3436843
0.3475286
0.3449658
0.3449658
0.3449658
0.3462472
0.3424029
0.3462472
0.3436843
0.3462472
0.34881
0.3411215
0.3449658
0.3411215
0.3436843
0.3424029
0.3411215
0.3411215
0.3424029
0.3475286
0.3462472
0.3424029
0.3475286
0.3449658
0.3449658
0.3424029
0.3424029
0.3411215
0.3372773
0.3372773
0.3398401
0.3424029
0.3372773
0.3359959
0.3398401
0.3424029
0.3398401
0.3385587
0.3398401
0.3398401
0.3411215
0.3385587
0.3398401
0.3372773
0.3334331
0.3347145
0.3334331
0.3347145
0.3347145
0.3334331
0.3359959
0.3385587
0.34881
0.3359959
0.3347145
0.3334331
0.3359959
0.3321517
0.3321517
0.3347145
0.3359959
0.3321517
0.3321517
0.3308703
0.3359959
0.3334331
0.3308703
0.3347145
0.3308703
0.3347145
0.3334331
0.3308703
0.3308703
0.3308703
0.3308703
0.3295889
0.3308703
0.3283074
0.3283074
0.3308703
0.3321517
0.3308703
0.3295889
0.3308703
0.3283074
0.3257446
0.3283074
0.327026
0.3257446
0.327026
0.327026
0.327026
0.3283074
0.3283074
0.327026
0.3283074
0.3308703
0.3283074
0.3244632
0.3231818
0.3219004
0.3231818
0.3257446
0.3257446
0.3244632
0.3244632
0.3244632
0.327026
0.3231818
0.3244632
0.3257446
0.320619
0.320619
0.320619
0.320619
0.3219004
0.3231818
0.3219004
0.3219004
0.3283074
0.3219004
0.320619
0.3219004
0.3193376
0.320619
0.3180562
0.3167748
0.3180562
0.320619
0.3193376
0.3193376
0.3219004
0.3180562
0.3219004
0.3231818
0.320619
0.3154934
0.3193376
0.3167748
0.3180562
0.3180562
0.3154934
0.3167748
0.3154934
0.3193376
0.3219004
0.3219004
0.320619
0.3219004
0.3193376
0.3193376
0.3193376
0.3193376
0.3193376
0.314212
0.3180562
0.3180562
0.3180562
0.3154934
0.3116491
0.3116491
0.3116491
0.314212
0.3103677
0.3103677
0.3078049
0.3090863
0.3129306
0.3103677
0.3116491
0.3116491
0.3129306
0.3090863
0.3078049
0.3103677
0.3078049
0.3065235
0.3103677
0.3116491
0.3103677
0.3090863
0.3078049
0.3103677
0.3090863
0.3052421
0.3065235
0.3052421
0.3013979
0.3052421
0.3090863
0.3129306
0.3103677
0.3129306
0.3129306
0.3167748
0.3154934
0.3154934
0.3116491
0.3052421
0.3103677
0.3065235
0.3065235
0.3065235
0.3052421
0.3026793
0.3039607
0.3026793
0.3026793
0.3052421
0.3001165
0.3039607
0.2988351
0.2988351
0.2975537
0.2988351
0.3013979
0.2988351
0.2988351
0.3013979
0.2975537
0.2898652
0.2988351
0.3001165
0.2937094
0.2937094
0.2937094
0.2937094
0.2937094
0.2949908
0.2949908
0.2949908
0.2937094
0.2962722
0.2962722
0.2949908
0.292428
0.2885838
0.2885838
0.2873024
0.2885838
0.2885838
0.2898652
0.2885838
0.2885838
0.2898652
0.2898652
0.2873024
0.2885838
0.2885838
0.2834582
0.2937094
0.286021
0.2847396
0.2834582
0.2847396
0.2834582
0.2847396
0.2847396
0.286021
0.2808954
0.2834582
0.2834582
0.2783325
0.2770511
0.2757697
0.2783325
0.2770511
0.2821768
0.2757697
0.2783325
0.2796139
0.2783325
0.2796139
0.2770511
0.2744883
0.2719255
0.2744883
0.2744883
0.2744883
0.2770511
0.2719255
0.2706441
0.2706441
0.2732069
0.2719255
0.2732069
0.2693627
0.2680812
0.2680812
0.2693627
0.2706441
0.2706441
0.2732069
0.2693627
0.2693627
0.2693627
0.2732069
0.264237
0.2706441
0.2680812
0.264237
0.264237
0.2655185
0.2629556
0.2629556
0.2629556
0.2629556
0.264237
0.2591114
0.2616742
0.2655185
0.2667998
0.2667998
0.2629556
0.25783
0.2591114
0.2603928
0.2591114
0.264237
0.2591114
0.2591114
0.2591114
0.25783
0.2591114
0.2603928
0.2616742
0.2565486
0.2565486
0.2552672
0.2552672
0.2514229
0.25783
0.2591114
0.2552672
0.2527044
0.2539858
0.2527044
0.2552672
0.2552672
0.25783
0.2514229
0.2475787
0.2527044
0.2539858
0.2488601
0.2514229
0.2514229
0.2539858
0.2501415
0.2527044
0.2514229
0.2514229
0.2501415
0.2501415
0.2501415
0.2475787
0.2462973
0.2462973
0.2475787
0.2475787
0.2475787
0.2488601
0.2501415
0.2462973
0.2501415
0.2475787
0.2462973
0.2475787
0.2462973
0.2462973
0.2411717
0.2424531
0.2424531
0.2437345
0.2450159
0.2450159
0.2424531
0.2437345
0.2462973
0.2424531
0.2424531
0.2398903
0.2411717
0.2411717
0.2411717
0.2373275
0.2411717
0.2424531
0.2411717
0.2398903
0.2373275
0.2398903
0.2398903
0.2398903
0.2360461
0.2360461
0.2334832
0.2386089
0.2373275
0.2360461
0.2360461
0.2386089
0.2373275
0.2386089
0.2373275
0.2398903
0.2411717
0.2373275
0.2386089
0.2398903
0.2386089
0.2398903
0.2398903
0.2398903
0.2424531
0.2424531
0.2411717
0.2373275
0.2347647
0.2360461
0.2373275
0.2373275
0.2322018
0.2322018
0.2347647
0.2334832
0.2334832
0.2322018
0.2322018
0.229639
0.2334832
0.2322018
0.229639
0.2309204
0.2322018
0.229639
0.2270762
0.2270762
0.229639
0.229639
0.2206692
0.229639
0.2309204
0.2309204
0.229639
0.229639
0.2257948
0.2270762
0.2270762
0.2257948
0.223232
0.2168249
0.2219506
0.2206692
0.223232
0.223232
0.223232
0.2245134
0.2245134
0.2219506
0.223232
0.2219506
0.2206692
0.2193877
0.2168249
0.2181063
0.2181063
0.2193877
0.2206692
0.2193877
0.2193877
0.2206692
0.2219506
0.2193877
0.2193877
0.2219506
0.2219506
0.2142621
0.2155435
0.2142621
0.2129807
0.2283576
0.2142621
0.2155435
0.2168249
0.2181063
0.2142621
0.2168249
0.2168249
0.2155435
0.2142621
0.2104179
0.2104179
0.2116993
0.2091365
0.2078551
0.2129807
0.2116993
0.2142621
0.2142621
0.2142621
0.2078551
0.2129807
0.2168249
0.2091365
0.2065737
0.2052923
0.2065737
0.2091365
0.2104179
0.2091365
0.2116993
0.2104179
0.2078551
0.2091365
0.2052923
0.2091365
0.2040108
0.2065737
0.2027294
0.2040108
0.2040108
0.2027294
0.2052923
0.2052923
0.2065737
0.2065737
0.2040108
0.201448
0.2052923
0.2052923
0.2040108
0.201448
0.201448
0.2001666
0.1988852
0.2001666
0.2027294
0.201448
0.1988852
0.2001666
0.201448
0.201448
0.201448
0.2001666
0.2001666
0.2001666
0.1963224
0.1963224
0.1976038
0.1937596
0.1963224
0.1976038
0.1976038
0.1976038
0.1963224
0.1976038
0.1976038
0.2104179
0.1976038
0.195041
0.1899154
0.195041
0.1911968
0.1937596
0.1911968
0.1937596
0.195041
0.1924782
0.1924782
0.1924782
0.1937596
0.1924782
0.1937596
0.195041
0.1924782
0.1899154
0.1860711
0.1873525
0.1899154
0.1899154
0.1937596
0.1924782
0.1899154
0.1899154
0.1924782
0.1911968
0.1886339
0.1899154
0.1899154
0.1860711
0.1860711
0.1847897
0.1860711
0.1822269
0.1860711
0.1899154
0.1860711
0.1860711
0.1886339
0.1873525
0.1886339
0.1873525
0.1847897
0.1835083
0.1796641
0.1835083
0.1847897
0.1847897
0.1822269
0.1835083
0.1860711
0.1873525
0.1847897
0.1860711
0.1835083
0.1771013
0.1822269
0.1835083
0.1822269
0.1796641
0.1809455
0.1822269
0.1835083
0.1847897
0.1835083
0.1822269
0.1835083
0.1835083
0.1783827
0.1809455
0.1822269
0.1835083
0.1796641
0.1809455
0.1835083
0.1809455
0.1809455
0.1796641
0.1796641
0.1822269
0.1822269
0.1809455
0.1771013
0.1771013
0.1783827
0.1796641
0.1809455
0.1822269
0.1771013
0.1783827
0.1783827
0.1796641
0.1771013
0.1783827
0.1809455
0.1745385
0.1745385
0.1783827
0.1745385
0.1745385
0.1809455
0.1796641
0.1758199
0.1758199
0.1758199
0.1758199
0.1783827
0.1783827
0.1719756
0.1732571
0.1694128
0.1719756
0.1719756
0.1732571
0.1706942
0.1706942
0.1758199
0.1758199
0.1745385
0.1745385
0.1694128
0.1655686
0.1706942
0.1719756
0.1719756
0.1732571
0.1758199
0.1719756
0.1694128
0.1732571
0.1694128
0.1732571
0.1655686
0.16685
0.16685
0.1694128
0.1706942
0.16685
0.1706942
0.1706942
0.1681314
0.1719756
0.1719756
0.1630058
0.1706942
0.1719756
0.16685
0.16685
0.1681314
0.1694128
0.1694128
0.1706942
0.1706942
0.1694128
0.1642872
0.1706942
0.1706942
0.16685
0.1630058
0.1655686
0.1655686
0.1642872
0.16685
0.16685
0.1681314
0.1630058
0.1719756
0.1681314
0.1694128
0.1681314
0.1642872
0.1630058
0.1642872
0.1642872
0.1642872
0.1655686
0.160443
0.1642872
0.1681314
0.16685
0.1642872
0.16685
0.1681314
0.1630058
0.160443
0.1617244
0.160443
0.1540359
0.1617244
0.1630058
0.160443
0.1630058
0.1630058
0.160443
0.1630058
0.160443
0.1655686
0.160443
0.1565987
0.1591616
0.1591616
0.1591616
0.160443
0.160443
0.1591616
0.1617244
0.1630058
0.1578802
0.160443
0.1591616
0.1565987
0.1565987
0.1578802
0.1565987
0.1565987
0.1591616
0.1591616
0.1591616
0.1617244
0.160443
0.1565987
0.160443
0.1617244
0.1540359
0.1540359
0.1553173
0.1565987
0.1540359
0.1578802
0.1578802
0.1591616
0.1540359
0.1578802
0.1591616
0.1591616
0.1565987
0.1591616
0.1527545
0.1527545
0.1540359
0.1565987
0.1540359
0.1540359
0.1540359
0.1553173
0.1578802
0.1565987
0.1540359
0.1553173
0.1565987
0.1514731
0.1527545
0.1514731
0.1553173
0.1553173
0.1540359
0.1540359
0.1540359
0.1501917
0.1527545
0.1565987
0.1540359
0.1540359
0.1501917
0.1463475
0.1501917
0.1489103
0.1489103
0.1527545
0.1501917
0.1501917
0.1527545
0.1514731
0.1527545
0.1527545
0.1489103
0.1527545
0.1514731
0.1463475
0.1489103
0.1476289
0.1476289
0.1514731
0.1514731
0.1514731
0.1501917
0.1476289
0.1501917
0.1527545
0.1514731
0.1514731
0.1463475
0.1463475
0.1489103
0.1450661
0.1476289
0.1476289
0.1425032
0.1501917
0.1476289
0.1463475
0.1450661
0.1476289
0.1489103
0.1450661
0.1450661
0.1450661
0.1450661
0.1437847
0.1450661
0.1450661
0.1476289
0.1463475
0.1489103
0.1463475
0.1463475
0.1501917
0.1489103
0.1450661
0.1437847
0.1425032
0.1412219
0.1425032
0.1450661
0.1425032
0.1425032
0.1450661
0.1476289
0.1463475
0.1450661
0.1425032
0.1450661
0.1450661
0.1425032
0.1463475
0.138659
0.1399404
0.1425032
0.1412219
0.1399404
0.1412219
0.1412219
0.1399404
0.1437847
0.1425032
0.1399404
0.1412219
0.1450661
0.1425032
0.1425032
0.1412219
0.1373776
0.1348148
0.138659
0.1360962
0.1412219
0.1399404
0.1399404
0.1425032
0.1399404
0.1399404
0.1399404
0.1412219
0.1373776
0.1399404
0.1373776
0.1373776
0.1360962
0.138659
0.1360962
0.1373776
0.1399404
0.1399404
0.1425032
0.1360962
0.1399404
0.1348148
0.138659
0.138659
0.1399404
0.138659
0.138659
0.1348148
0.1360962
0.1348148
0.132252
0.1360962
0.1373776
0.1373776
0.1373776
0.138659
0.138659
0.138659
0.1360962
0.132252
0.138659
0.1373776
0.1348148
0.1360962
0.132252
0.132252
0.132252
0.1348148
0.1360962
0.1360962
0.1360962
0.1335334
0.1309706
0.1373776
0.1373776
0.132252
0.132252
0.1309706
0.1348148
0.1335334
0.1309706
0.132252
0.132252
0.132252
0.1348148
0.1335334
0.1360962
0.1335334
0.1348148
0.1360962
0.1296892
0.1296892
0.132252
0.1296892
0.1284078
0.132252
0.1348148
0.1335334
0.1360962
0.1348148
0.1335334
0.132252
0.1335334
0.1335334
0.1296892
0.1271264
0.1284078
0.1296892
0.1296892
0.1309706
0.132252
0.132252
0.1296892
0.1309706
0.132252
0.1296892
0.1258449
0.132252
0.1271264
0.1271264
0.1258449
0.1258449
0.1271264
0.1284078
0.1258449
0.1258449
0.1284078
0.1207193
0.1245635
0.1284078
0.1284078
0.1296892
0.1258449
0.1245635
0.1245635
0.1258449
0.1245635
0.1258449
0.1232821
0.1258449
0.1245635
0.1245635
0.1245635
0.1232821
0.1284078
0.1258449
0.1245635
0.1232821
0.1271264
0.1194379
0.1232821
0.1258449
0.1271264
0.1258449
0.1258449
0.1232821
0.1258449
0.1271264
0.1271264
0.1296892
0.1181565
0.1220007
0.1220007
0.1220007
0.1232821
0.1232821
0.1245635
0.1232821
0.1284078
0.1245635
0.1232821
0.1232821
0.1232821
0.1220007
0.1207193
0.1207193
0.1232821
0.1207193
0.1232821
0.1220007
0.1258449
0.1194379
0.1181565
0.1220007
0.1220007
0.1245635
0.1271264
0.1220007
0.1207193
0.1207193
0.1194379
0.1194379
0.1220007
0.1155937
0.1181565
0.1207193
0.1207193
0.1220007
0.1245635
0.1220007
0.1194379
0.1155937
0.1168751
0.1181565
0.1168751
0.1194379
0.1232821
0.1232821
0.1194379
0.1194379
0.1194379
0.1220007
0.1232821
0.1220007
0.1194379
0.1130309
0.1181565
0.1194379
0.1181565
0.1168751
0.1155937
0.1168751
0.1168751
0.1194379
0.1181565
0.1143123
0.1168751
0.1194379
0.1130309
0.1130309
0.1155937
0.1155937
0.1130309
0.1168751
0.1168751
0.1181565
0.1181565
0.110468
0.1194379
0.1168751
0.1168751
0.1117495
0.1130309
0.1130309
0.1130309
0.1143123
0.1130309
0.1155937
0.1117495
0.1155937
0.1181565
0.1155937
0.1168751
0.1194379
0.1130309
0.1091866
0.110468
0.110468
0.1117495
0.1091866
0.1130309
0.1143123
0.1143123
0.1117495
0.1117495
0.1130309
0.1143123
0.1143123
0.110468
0.110468
0.1091866
0.1091866
0.110468
0.1143123
0.1117495
0.1117495
0.1117495
0.1117495
0.1130309
0.1143123
0.1130309
0.1079052
0.1079052
0.1091866
0.110468
0.110468
0.1091866
0.110468
0.1117495
0.1079052
0.1117495
0.1130309
0.110468
0.1130309
0.1066238
0.1117495
