1569397428.775
1569397429.025
1569397429.275
1569397429.525
1569397429.775
1569397430.025
1569397430.275
1569397430.525
1569397430.775
1569397431.025
1569397431.275
1569397431.525
1569397431.775
1569397432.025
1569397432.275
1569397432.525
1569397432.775
1569397433.025
1569397433.275
1569397433.525
1569397433.775
1569397434.025
1569397434.275
1569397434.525
1569397434.775
1569397435.025
1569397435.275
1569397435.525
1569397435.775
1569397436.025
1569397436.275
1569397436.525
1569397436.775
1569397437.025
1569397437.275
1569397437.525
1569397437.775
1569397438.025
1569397438.275
1569397438.525
1569397438.775
1569397439.025
1569397439.275
1569397439.525
1569397439.775
1569397440.025
1569397440.275
1569397440.525
1569397440.775
1569397441.025
1569397441.275
1569397441.525
1569397441.775
1569397442.025
1569397442.275
1569397442.525
1569397442.775
1569397443.025
1569397443.275
1569397443.525
1569397443.775
1569397444.025
1569397444.275
1569397444.525
1569397444.775
1569397445.025
1569397445.275
1569397445.525
1569397445.775
1569397446.025
1569397446.275
1569397446.525
1569397446.775
1569397447.025
1569397447.275
1569397447.525
1569397447.775
1569397448.025
1569397448.275
1569397448.525
1569397448.775
1569397449.025
1569397449.275
1569397449.525
1569397449.775
1569397450.025
1569397450.275
1569397450.525
1569397450.775
1569397451.025
1569397451.275
1569397451.525
1569397451.775
1569397452.025
1569397452.275
1569397452.525
1569397452.775
1569397453.025
1569397453.275
1569397453.525
1569397453.775
1569397454.025
1569397454.275
1569397454.525
1569397454.775
1569397455.025
1569397455.275
1569397455.525
1569397455.775
1569397456.025
1569397456.275
1569397456.525
1569397456.775
1569397457.025
1569397457.275
1569397457.525
1569397457.775
1569397458.025
1569397458.275
1569397458.525
1569397458.775
1569397459.025
1569397459.275
1569397459.525
1569397459.775
1569397460.025
1569397460.275
1569397460.525
1569397460.775
1569397461.025
1569397461.275
1569397461.525
1569397461.775
1569397462.025
1569397462.275
1569397462.525
1569397462.775
1569397463.025
1569397463.275
1569397463.525
1569397463.775
1569397464.025
1569397464.275
1569397464.525
1569397464.775
1569397465.025
1569397465.275
1569397465.525
1569397465.775
1569397466.025
1569397466.275
1569397466.525
1569397466.775
1569397467.025
1569397467.275
1569397467.525
1569397467.775
1569397468.025
1569397468.275
1569397468.525
1569397468.775
1569397469.025
1569397469.275
1569397469.525
1569397469.775
1569397470.025
1569397470.275
1569397470.525
1569397470.775
1569397471.025
1569397471.275
1569397471.525
1569397471.775
1569397472.025
1569397472.275
1569397472.525
1569397472.775
1569397473.025
1569397473.275
1569397473.525
1569397473.775
1569397474.025
1569397474.275
1569397474.525
1569397474.775
1569397475.025
1569397475.275
1569397475.525
1569397475.775
1569397476.025
1569397476.275
1569397476.525
1569397476.775
1569397477.025
1569397477.275
1569397477.525
1569397477.775
1569397478.025
1569397478.275
1569397478.525
1569397478.775
1569397479.025
1569397479.275
1569397479.525
1569397479.775
1569397480.025
1569397480.275
1569397480.525
1569397480.775
1569397481.025
1569397481.275
1569397481.525
1569397481.775
1569397482.025
1569397482.275
1569397482.525
1569397482.775
1569397483.025
1569397483.275
1569397483.525
1569397483.775
1569397484.025
1569397484.275
1569397484.525
1569397484.775
1569397485.025
1569397485.275
1569397485.525
1569397485.775
1569397486.025
1569397486.275
1569397486.525
1569397486.775
1569397487.025
1569397487.275
1569397487.525
1569397487.775
1569397488.025
1569397488.275
1569397488.525
1569397488.775
1569397489.025
1569397489.275
1569397489.525
1569397489.775
1569397490.025
1569397490.275
1569397490.525
1569397490.775
1569397491.025
1569397491.275
1569397491.525
1569397491.775
1569397492.025
1569397492.275
1569397492.525
1569397492.775
1569397493.025
1569397493.275
1569397493.525
1569397493.775
1569397494.025
1569397494.275
1569397494.525
1569397494.775
1569397495.025
1569397495.275
1569397495.525
1569397495.775
1569397496.025
1569397496.275
1569397496.525
1569397496.775
1569397497.025
1569397497.275
1569397497.525
1569397497.775
1569397498.025
1569397498.275
1569397498.525
1569397498.775
1569397499.025
1569397499.275
1569397499.525
1569397499.775
1569397500.025
1569397500.275
1569397500.525
1569397500.775
1569397501.025
1569397501.275
1569397501.525
1569397501.775
1569397502.025
1569397502.275
1569397502.525
1569397502.775
1569397503.025
1569397503.275
1569397503.525
1569397503.775
1569397504.025
1569397504.275
1569397504.525
1569397504.775
1569397505.025
1569397505.275
1569397505.525
1569397505.775
1569397506.025
1569397506.275
1569397506.525
1569397506.775
1569397507.025
1569397507.275
1569397507.525
1569397507.775
1569397508.025
1569397508.275
1569397508.525
1569397508.775
1569397509.025
1569397509.275
1569397509.525
1569397509.775
1569397510.025
1569397510.275
1569397510.525
1569397510.775
1569397511.025
1569397511.275
1569397511.525
1569397511.775
1569397512.025
1569397512.275
1569397512.525
1569397512.775
1569397513.025
1569397513.275
1569397513.525
1569397513.775
1569397514.025
1569397514.275
1569397514.525
1569397514.775
1569397515.025
1569397515.275
1569397515.525
1569397515.775
1569397516.025
1569397516.275
1569397516.525
1569397516.775
1569397517.025
1569397517.275
1569397517.525
1569397517.775
1569397518.025
1569397518.275
1569397518.525
1569397518.775
1569397519.025
1569397519.275
1569397519.525
1569397519.775
1569397520.025
1569397520.275
1569397520.525
1569397520.775
1569397521.025
1569397521.275
1569397521.525
1569397521.775
1569397522.025
1569397522.275
1569397522.525
1569397522.775
1569397523.025
1569397523.275
1569397523.525
1569397523.775
1569397524.025
1569397524.275
1569397524.525
1569397524.775
1569397525.025
1569397525.275
1569397525.525
1569397525.775
1569397526.025
1569397526.275
1569397526.525
1569397526.775
1569397527.025
1569397527.275
1569397527.525
1569397527.775
1569397528.025
1569397528.275
1569397528.525
1569397528.775
1569397529.025
1569397529.275
1569397529.525
1569397529.775
1569397530.025
1569397530.275
1569397530.525
1569397530.775
1569397531.025
1569397531.275
1569397531.525
1569397531.775
1569397532.025
1569397532.275
1569397532.525
1569397532.775
1569397533.025
1569397533.275
1569397533.525
1569397533.775
1569397534.025
1569397534.275
1569397534.525
1569397534.775
1569397535.025
1569397535.275
1569397535.525
1569397535.775
1569397536.025
1569397536.275
1569397536.525
1569397536.775
1569397537.025
1569397537.275
1569397537.525
1569397537.775
1569397538.025
1569397538.275
1569397538.525
1569397538.775
1569397539.025
1569397539.275
1569397539.525
1569397539.775
1569397540.025
1569397540.275
1569397540.525
1569397540.775
1569397541.025
1569397541.275
1569397541.525
1569397541.775
1569397542.025
1569397542.275
1569397542.525
1569397542.775
1569397543.025
1569397543.275
1569397543.525
1569397543.775
1569397544.025
1569397544.275
1569397544.525
1569397544.775
1569397545.025
1569397545.275
1569397545.525
1569397545.775
1569397546.025
1569397546.275
1569397546.525
1569397546.775
1569397547.025
1569397547.275
1569397547.525
1569397547.775
1569397548.025
1569397548.275
1569397548.525
1569397548.775
1569397549.025
1569397549.275
1569397549.525
1569397549.775
1569397550.025
1569397550.275
1569397550.525
1569397550.775
1569397551.025
1569397551.275
1569397551.525
1569397551.775
1569397552.025
1569397552.275
1569397552.525
1569397552.775
1569397553.025
1569397553.275
1569397553.525
1569397553.775
1569397554.025
1569397554.275
1569397554.525
1569397554.775
1569397555.025
1569397555.275
1569397555.525
1569397555.775
1569397556.025
1569397556.275
1569397556.525
1569397556.775
1569397557.025
1569397557.275
1569397557.525
1569397557.775
1569397558.025
1569397558.275
1569397558.525
1569397558.775
1569397559.025
1569397559.275
1569397559.525
1569397559.775
1569397560.025
1569397560.275
1569397560.525
1569397560.775
1569397561.025
1569397561.275
1569397561.525
1569397561.775
1569397562.025
1569397562.275
1569397562.525
1569397562.775
1569397563.025
1569397563.275
1569397563.525
1569397563.775
1569397564.025
1569397564.275
1569397564.525
1569397564.775
1569397565.025
1569397565.275
1569397565.525
1569397565.775
1569397566.025
1569397566.275
1569397566.525
1569397566.775
1569397567.025
1569397567.275
1569397567.525
1569397567.775
1569397568.025
1569397568.275
1569397568.525
1569397568.775
1569397569.025
1569397569.275
1569397569.525
1569397569.775
1569397570.025
1569397570.275
1569397570.525
1569397570.775
1569397571.025
1569397571.275
1569397571.525
1569397571.775
1569397572.025
1569397572.275
1569397572.525
1569397572.775
1569397573.025
1569397573.275
1569397573.525
1569397573.775
1569397574.025
1569397574.275
1569397574.525
1569397574.775
1569397575.025
1569397575.275
1569397575.525
1569397575.775
1569397576.025
1569397576.275
1569397576.525
1569397576.775
1569397577.025
1569397577.275
1569397577.525
1569397577.775
1569397578.025
1569397578.275
1569397578.525
1569397578.775
1569397579.025
1569397579.275
1569397579.525
1569397579.775
1569397580.025
1569397580.275
1569397580.525
1569397580.775
1569397581.025
1569397581.275
1569397581.525
1569397581.775
1569397582.025
1569397582.275
1569397582.525
1569397582.775
1569397583.025
1569397583.275
1569397583.525
1569397583.775
1569397584.025
1569397584.275
1569397584.525
1569397584.775
1569397585.025
1569397585.275
1569397585.525
1569397585.775
1569397586.025
1569397586.275
1569397586.525
1569397586.775
1569397587.025
1569397587.275
1569397587.525
1569397587.775
1569397588.025
1569397588.275
1569397588.525
1569397588.775
1569397589.025
1569397589.275
1569397589.525
1569397589.775
1569397590.025
1569397590.275
1569397590.525
1569397590.775
1569397591.025
1569397591.275
1569397591.525
1569397591.775
1569397592.025
1569397592.275
1569397592.525
1569397592.775
1569397593.025
1569397593.275
1569397593.525
1569397593.775
1569397594.025
1569397594.275
1569397594.525
1569397594.775
1569397595.025
1569397595.275
1569397595.525
1569397595.775
1569397596.025
1569397596.275
1569397596.525
1569397596.775
1569397597.025
1569397597.275
1569397597.525
1569397597.775
1569397598.025
1569397598.275
1569397598.525
1569397598.775
1569397599.025
1569397599.275
1569397599.525
1569397599.775
1569397600.025
1569397600.275
1569397600.525
1569397600.775
1569397601.025
1569397601.275
1569397601.525
1569397601.775
1569397602.025
1569397602.275
1569397602.525
1569397602.775
1569397603.025
1569397603.275
1569397603.525
1569397603.775
1569397604.025
1569397604.275
1569397604.525
1569397604.775
1569397605.025
1569397605.275
1569397605.525
1569397605.775
1569397606.025
1569397606.275
1569397606.525
1569397606.775
1569397607.025
1569397607.275
1569397607.525
1569397607.775
1569397608.025
1569397608.275
1569397608.525
1569397608.775
1569397609.025
1569397609.275
1569397609.525
1569397609.775
1569397610.025
1569397610.275
1569397610.525
1569397610.775
1569397611.025
1569397611.275
1569397611.525
1569397611.775
1569397612.025
1569397612.275
1569397612.525
1569397612.775
1569397613.025
1569397613.275
1569397613.525
1569397613.775
1569397614.025
1569397614.275
1569397614.525
1569397614.775
1569397615.025
1569397615.275
1569397615.525
1569397615.775
1569397616.025
1569397616.275
1569397616.525
1569397616.775
1569397617.025
1569397617.275
1569397617.525
1569397617.775
1569397618.025
1569397618.275
1569397618.525
1569397618.775
1569397619.025
1569397619.275
1569397619.525
1569397619.775
1569397620.025
1569397620.275
1569397620.525
1569397620.775
1569397621.025
1569397621.275
1569397621.525
1569397621.775
1569397622.025
1569397622.275
1569397622.525
1569397622.775
1569397623.025
1569397623.275
1569397623.525
1569397623.775
1569397624.025
1569397624.275
1569397624.525
1569397624.775
1569397625.025
1569397625.275
1569397625.525
1569397625.775
1569397626.025
1569397626.275
1569397626.525
1569397626.775
1569397627.025
1569397627.275
1569397627.525
1569397627.775
1569397628.025
1569397628.275
1569397628.525
1569397628.775
1569397629.025
1569397629.275
1569397629.525
1569397629.775
1569397630.025
1569397630.275
1569397630.525
1569397630.775
1569397631.025
1569397631.275
1569397631.525
1569397631.775
1569397632.025
1569397632.275
1569397632.525
1569397632.775
1569397633.025
1569397633.275
1569397633.525
1569397633.775
1569397634.025
1569397634.275
1569397634.525
1569397634.775
1569397635.025
1569397635.275
1569397635.525
1569397635.775
1569397636.025
1569397636.275
1569397636.525
1569397636.775
1569397637.025
1569397637.275
1569397637.525
1569397637.775
1569397638.025
1569397638.275
1569397638.525
1569397638.775
1569397639.025
1569397639.275
1569397639.525
1569397639.775
1569397640.025
1569397640.275
1569397640.525
1569397640.775
1569397641.025
1569397641.275
1569397641.525
1569397641.775
1569397642.025
1569397642.275
1569397642.525
1569397642.775
1569397643.025
1569397643.275
1569397643.525
1569397643.775
1569397644.025
1569397644.275
1569397644.525
1569397644.775
1569397645.025
1569397645.275
1569397645.525
1569397645.775
1569397646.025
1569397646.275
1569397646.525
1569397646.775
1569397647.025
1569397647.275
1569397647.525
1569397647.775
1569397648.025
1569397648.275
1569397648.525
1569397648.775
1569397649.025
1569397649.275
1569397649.525
1569397649.775
1569397650.025
1569397650.275
1569397650.525
1569397650.775
1569397651.025
1569397651.275
1569397651.525
1569397651.775
1569397652.025
1569397652.275
1569397652.525
1569397652.775
1569397653.025
1569397653.275
1569397653.525
1569397653.775
1569397654.025
1569397654.275
1569397654.525
1569397654.775
1569397655.025
1569397655.275
1569397655.525
1569397655.775
1569397656.025
1569397656.275
1569397656.525
1569397656.775
1569397657.025
1569397657.275
1569397657.525
1569397657.775
1569397658.025
1569397658.275
1569397658.525
1569397658.775
1569397659.025
1569397659.275
1569397659.525
1569397659.775
1569397660.025
1569397660.275
1569397660.525
1569397660.775
1569397661.025
1569397661.275
1569397661.525
1569397661.775
1569397662.025
1569397662.275
1569397662.525
1569397662.775
1569397663.025
1569397663.275
1569397663.525
1569397663.775
1569397664.025
1569397664.275
1569397664.525
1569397664.775
1569397665.025
1569397665.275
1569397665.525
1569397665.775
1569397666.025
1569397666.275
1569397666.525
1569397666.775
1569397667.025
1569397667.275
1569397667.525
1569397667.775
1569397668.025
1569397668.275
1569397668.525
1569397668.775
1569397669.025
1569397669.275
1569397669.525
1569397669.775
1569397670.025
1569397670.275
1569397670.525
1569397670.775
1569397671.025
1569397671.275
1569397671.525
1569397671.775
1569397672.025
1569397672.275
1569397672.525
1569397672.775
1569397673.025
1569397673.275
1569397673.525
1569397673.775
1569397674.025
1569397674.275
1569397674.525
1569397674.775
1569397675.025
1569397675.275
1569397675.525
1569397675.775
1569397676.025
1569397676.275
1569397676.525
1569397676.775
1569397677.025
1569397677.275
1569397677.525
1569397677.775
1569397678.025
1569397678.275
1569397678.525
1569397678.775
1569397679.025
1569397679.275
1569397679.525
1569397679.775
1569397680.025
1569397680.275
1569397680.525
1569397680.775
1569397681.025
1569397681.275
1569397681.525
1569397681.775
1569397682.025
1569397682.275
1569397682.525
1569397682.775
1569397683.025
1569397683.275
1569397683.525
1569397683.775
1569397684.025
1569397684.275
1569397684.525
1569397684.775
1569397685.025
1569397685.275
1569397685.525
1569397685.775
1569397686.025
1569397686.275
1569397686.525
1569397686.775
1569397687.025
1569397687.275
1569397687.525
1569397687.775
1569397688.025
1569397688.275
1569397688.525
1569397688.775
1569397689.025
1569397689.275
1569397689.525
1569397689.775
1569397690.025
1569397690.275
1569397690.525
1569397690.775
1569397691.025
1569397691.275
1569397691.525
1569397691.775
1569397692.025
1569397692.275
1569397692.525
1569397692.775
1569397693.025
1569397693.275
1569397693.525
1569397693.775
1569397694.025
1569397694.275
1569397694.525
1569397694.775
1569397695.025
1569397695.275
1569397695.525
1569397695.775
1569397696.025
1569397696.275
1569397696.525
1569397696.775
1569397697.025
1569397697.275
1569397697.525
1569397697.775
1569397698.025
1569397698.275
1569397698.525
1569397698.775
1569397699.025
1569397699.275
1569397699.525
1569397699.775
1569397700.025
1569397700.275
1569397700.525
1569397700.775
1569397701.025
1569397701.275
1569397701.525
1569397701.775
1569397702.025
1569397702.275
1569397702.525
1569397702.775
1569397703.025
1569397703.275
1569397703.525
1569397703.775
1569397704.025
1569397704.275
1569397704.525
1569397704.775
1569397705.025
1569397705.275
1569397705.525
1569397705.775
1569397706.025
1569397706.275
1569397706.525
1569397706.775
1569397707.025
1569397707.275
1569397707.525
1569397707.775
1569397708.025
1569397708.275
1569397708.525
1569397708.775
1569397709.025
1569397709.275
1569397709.525
1569397709.775
1569397710.025
1569397710.275
1569397710.525
1569397710.775
1569397711.025
1569397711.275
1569397711.525
1569397711.775
1569397712.025
1569397712.275
1569397712.525
1569397712.775
1569397713.025
1569397713.275
1569397713.525
1569397713.775
1569397714.025
1569397714.275
1569397714.525
1569397714.775
1569397715.025
1569397715.275
1569397715.525
1569397715.775
1569397716.025
1569397716.275
1569397716.525
1569397716.775
1569397717.025
1569397717.275
1569397717.525
1569397717.775
1569397718.025
1569397718.275
1569397718.525
1569397718.775
1569397719.025
1569397719.275
1569397719.525
1569397719.775
1569397720.025
1569397720.275
1569397720.525
1569397720.775
1569397721.025
1569397721.275
1569397721.525
1569397721.775
1569397722.025
1569397722.275
1569397722.525
1569397722.775
1569397723.025
1569397723.275
1569397723.525
1569397723.775
1569397724.025
1569397724.275
1569397724.525
1569397724.775
1569397725.025
1569397725.275
1569397725.525
1569397725.775
1569397726.025
1569397726.275
1569397726.525
1569397726.775
1569397727.025
1569397727.275
1569397727.525
1569397727.775
1569397728.025
1569397728.275
1569397728.525
