2.603864
2.587206
2.578236
2.574392
2.569266
2.557734
2.551327
2.551327
2.559015
2.55389
2.548764
2.541075
2.539794
2.530824
2.524417
2.520573
2.515447
2.511603
2.506477
2.510322
2.505196
2.498789
2.489819
2.488538
2.477005
2.484693
2.478286
2.466754
2.462909
2.461628
2.45394
2.448814
2.470538
2.461568
2.456442
2.443628
2.438503
2.439784
2.434659
2.430814
2.425689
2.421844
2.424407
2.415437
2.416719
2.410312
2.406467
2.410312
2.402623
2.398779
2.398779
2.398779
2.388528
2.383402
2.382121
2.383402
2.376995
2.374432
2.374432
2.37187
2.3629
2.361618
2.364181
2.357774
2.350085
2.347523
2.343678
2.337271
2.328302
2.330864
2.332146
2.329583
2.324457
2.323176
2.323176
2.315488
2.315488
2.315488
2.316769
2.315488
2.328302
2.332146
2.341116
2.348804
2.35393
2.360337
2.360337
2.365463
2.368025
2.3629
2.35393
2.352648
2.342397
2.342397
2.332146
2.325739
2.31805
2.312925
2.303955
2.298829
2.286015
2.28089
2.275764
2.270638
2.268075
2.266794
2.260387
2.259106
2.257824
2.250136
2.246291
2.241166
2.234759
2.229633
2.223226
2.221945
2.218101
2.216819
2.216819
2.207849
2.200161
2.197598
2.192472
2.188628
2.195035
2.186065
2.177095
2.174533
2.177095
2.175814
2.166844
2.168126
2.160437
2.159156
2.155312
2.157874
2.151467
2.143779
2.147623
2.152749
2.160437
2.166844
2.164281
2.17197
2.168126
2.160437
2.168126
2.163
2.155312
2.147623
2.139935
2.133528
2.130965
2.12712
2.119432
2.113025
2.106618
2.104055
2.101492
2.093804
2.092523
2.086116
2.082271
2.08099
2.075864
2.08099
2.08099
2.075864
2.079708
2.077146
2.083553
2.08099
2.082271
2.074583
2.07202
2.070739
2.06305
2.065613
2.052799
2.05408
2.051517
2.04511
2.037422
2.039985
2.029733
2.019482
2.018201
2.011794
2.005387
2.005387
2.006668
2.004105
2.000261
1.996417
2.000261
2.004105
2.013075
2.016919
2.019482
2.028452
2.028452
2.037422
2.033578
2.03614
2.033578
2.024608
2.020764
2.010512
2.006668
2.006668
2.000261
1.987447
1.986166
1.982321
1.978477
1.974633
1.969507
1.9631
1.957975
1.952849
1.951568
1.95413
1.960537
1.964382
1.966944
1.966944
1.966944
1.961819
1.960537
1.95413
1.949005
1.946442
1.956063
1.952219
1.954782
1.956063
1.945812
1.945812
1.944531
1.935561
1.932998
1.931717
1.929154
1.932998
1.934279
1.940686
1.941968
1.943249
1.945812
1.940686
1.936842
1.938124
1.927872
1.926591
1.91634
1.911214
1.911214
1.904807
1.902244
1.899681
1.897119
1.88943
1.886867
1.881742
1.877898
1.87149
1.866365
1.863802
1.859958
1.858676
1.858676
1.852269
1.849707
1.849707
1.849707
1.8433
1.8433
1.836892
1.839455
1.839455
1.847144
1.859958
1.876616
1.894556
1.909933
1.920184
1.922747
1.922747
1.913777
1.911214
1.903526
1.890712
1.884305
1.874053
1.865083
1.861239
1.853551
1.844581
1.840737
1.829204
1.824078
1.818953
1.813827
1.804857
1.799732
1.794606
1.793325
1.788199
1.786918
1.781792
1.772822
1.770259
1.761289
1.763852
1.761289
1.754882
1.749757
1.748475
1.748475
1.742068
1.74335
1.736943
1.73438
1.731817
1.731817
1.730536
1.722847
1.727973
1.722847
1.717721
1.720284
1.719003
1.717721
1.715159
1.711314
1.70747
1.703626
1.702345
1.695938
1.692093
1.683123
1.683123
1.679279
1.676716
1.675435
1.670309
1.670309
1.666465
1.667747
1.662621
1.666465
1.662621
1.654932
1.651088
1.644681
1.648525
1.647244
1.648525
1.647244
1.639556
1.635711
1.63443
1.629304
1.626742
1.626742
1.620335
1.615209
1.610083
1.60752
1.60752
1.604958
1.606239
1.603676
1.599832
1.595988
1.599832
1.585736
1.590862
1.587018
1.581892
1.583174
1.585736
1.593425
1.601113
1.610083
1.611365
1.613927
1.604958
1.608802
1.602395
1.599832
1.597269
1.583174
1.579329
1.575485
1.569078
1.567797
1.562671
1.560108
1.558827
1.554983
1.556264
1.553701
1.553701
1.558827
1.549857
1.55242
1.551138
1.554983
1.554983
1.56139
1.56139
1.553701
1.551138
1.54345
1.539606
1.53448
1.53448
1.526792
1.520385
1.515259
1.513978
1.513978
1.510133
1.507571
1.503726
1.502445
1.502445
1.497319
1.494756
1.487068
1.483224
1.481942
1.47938
1.481942
1.483224
1.478098
1.47938
1.480661
1.474254
1.469128
1.47041
1.464003
1.469128
1.471691
1.480661
1.487068
1.493475
1.498601
1.506289
1.503726
1.501163
1.506289
1.498601
1.498601
1.496038
1.496038
1.489631
1.490912
1.481942
1.476817
1.47041
1.464003
1.460158
1.447344
1.45247
1.455033
1.448626
1.439656
1.435812
1.437093
1.433249
1.42556
1.439457
1.435612
1.427924
1.427924
1.427924
1.42408
1.420235
1.42408
1.418954
1.422798
1.425361
1.425361
1.427924
1.43305
1.43305
1.438175
1.431768
1.430487
1.426643
1.429205
1.420235
1.421517
1.412547
1.404859
1.39717
1.402296
1.399733
1.399733
1.39717
1.399733
1.399733
1.399733
1.399733
1.39717
1.395889
1.393326
1.389482
1.385637
1.384356
1.377949
1.375386
1.368979
1.367698
1.362572
1.362572
1.360009
1.356165
1.356165
1.356165
1.356165
1.349758
1.348477
1.347195
1.34207
1.348477
1.339507
1.3331
1.326693
1.331818
1.329255
1.32413
1.321567
1.325411
1.322848
1.319004
1.316441
1.316441
1.316441
1.308753
1.311316
1.303627
1.30619
1.302346
1.302346
1.298502
1.301064
1.295939
1.29722
1.29722
1.289532
1.294657
1.286969
1.286969
1.281843
1.279281
1.277999
1.279281
1.283125
1.286969
1.290813
1.28825
1.292095
1.290813
1.286969
1.285688
1.284406
1.275436
1.271592
1.271592
1.269029
1.265185
1.257497
1.262622
1.260059
1.254934
1.254934
1.252371
1.245964
1.244683
1.244683
1.240838
1.239557
1.23315
1.235713
1.23315
1.235713
1.234431
1.23315
1.234431
1.230587
1.228024
1.22418
1.222899
1.220336
1.216492
1.212647
1.210085
1.207522
1.208803
1.204959
1.207522
1.207522
1.202396
1.198552
1.199833
1.195989
1.194708
1.187019
1.185738
1.183175
1.184456
1.180612
1.180612
1.178049
1.179331
1.171642
1.174205
1.171642
1.171642
1.166517
1.163954
1.158828
1.161391
1.158828
1.161391
1.158828
1.153702
1.157547
1.157547
1.154984
1.15114
1.144733
1.14217
1.140888
1.138326
1.137044
1.138326
1.129356
1.134481
1.131919
1.134481
1.129356
1.129356
1.129356
1.121667
1.121667
1.120386
1.117823
1.117823
1.119105
1.112697
1.112697
1.107572
1.108853
1.10629
1.107572
1.097321
1.097321
1.098602
1.093476
1.094758
1.093476
1.089632
1.088351
1.092195
1.088351
1.084507
1.084507
1.084507
1.080662
1.075537
1.080662
1.071692
1.071692
1.072974
1.067848
1.06913
1.067848
1.065285
1.064004
1.062723
1.057597
1.053753
1.055034
1.052471
1.052471
1.052471
1.052471
1.052471
1.048627
1.044783
1.038376
1.043501
1.043501
1.03325
1.034532
1.034532
1.034532
1.028125
1.026843
1.026843
1.028125
1.025562
1.022999
1.026843
1.02428
1.020436
1.020436
1.01531
1.012748
1.014029
1.011466
1.010185
1.008903
1.006341
1.006341
1.007622
1.003778
0.9986522
0.9948079
0.9973707
0.9960893
0.9986522
0.9960893
0.9986522
0.9909637
0.9922451
0.9935265
0.9896823
0.9858381
0.9832752
0.9807124
0.9807124
0.9807124
0.9781496
0.9768682
0.9704612
0.9768682
0.9704612
0.9781496
0.9768682
0.9717426
0.9678984
0.9678984
0.9717426
0.9666169
0.9678984
0.9576471
0.9678984
0.9666169
0.9602099
0.9576471
0.9563656
0.9576471
0.9538029
0.9525214
0.9486772
0.9461144
0.944833
0.944833
0.9486772
0.9473958
0.944833
0.9409888
0.9703621
0.9703621
0.9652364
0.9665179
0.9613922
0.9588294
0.9613922
0.957548
0.9549851
0.9588294
0.9524224
0.9524224
0.9511409
0.9537038
0.9498596
0.9498596
0.9434525
0.9421711
0.9421711
0.9370455
0.9383268
0.9370455
0.9370455
0.9383268
0.9370455
0.9344826
0.9332013
0.9280756
0.9267942
0.9255128
0.92295
0.9216685
0.9203871
0.9191058
0.9191058
0.9191058
0.9203871
0.9152615
0.9088545
0.9114173
0.907573
0.907573
0.9062917
0.9062917
0.9088545
0.9088545
0.9037288
0.9050102
0.9037288
0.8998846
0.8986032
0.8986032
0.894759
0.8909147
0.8896334
0.8883519
0.8870705
0.8883519
0.8870705
0.8845077
0.8781007
0.8832263
0.8819449
0.8793821
0.8793821
0.8716936
0.8742564
0.8716936
0.8691308
0.8678494
0.8704122
0.8704122
0.8678494
0.8704122
0.866568
0.8691308
0.866568
0.866568
0.8640052
0.8614424
0.8614424
0.8614424
0.8563167
0.8601609
0.8575981
0.8563167
0.8563167
0.8575981
0.8575981
0.8537539
0.8511911
0.8524725
0.8435026
0.8396584
0.8396584
0.8396584
0.8370956
0.8422213
0.838377
0.8396584
0.8332514
0.8332514
0.83197
0.8332514
0.8294072
0.8294072
0.8242815
0.8242815
0.8242815
0.8230001
0.8268443
0.8242815
0.8230001
0.8230001
0.8230001
0.8217187
0.8217187
0.8191559
0.8165931
0.8153117
0.8127488
0.8076232
0.8076232
0.8076232
0.8024976
0.8063418
0.8012162
0.803779
0.8024976
0.7999348
0.7986534
0.797372
0.7960905
0.7922463
0.7909649
0.7896835
0.7884021
0.7871207
0.7884021
0.7884021
0.7858393
0.7832764
0.7845579
0.7819951
0.7807137
0.7743066
0.7743066
0.775588
0.7678996
0.7768694
0.7717438
0.7704624
0.7704624
0.769181
0.7678996
0.7666181
0.7678996
0.7627739
0.7602111
0.7576483
0.7589297
0.7589297
0.7576483
0.7589297
0.7602111
0.7550855
0.7525226
0.7499598
0.7499598
0.7550855
0.7435528
0.7448342
0.74099
0.74099
0.74099
0.7435528
0.7397086
0.7422714
0.7384272
0.7435528
0.7397086
0.7358643
0.7358643
0.7320201
0.7320201
0.7268945
0.7268945
0.7268945
0.7268945
0.7294573
0.7243317
0.7204875
0.7153618
0.7204875
0.719206
0.7166432
0.7153618
0.7140805
0.712799
0.7115176
0.7115176
0.7102362
0.7102362
0.7076734
0.7076734
0.7102362
0.7089548
0.7076734
0.7038292
0.7012663
0.6987035
0.6948593
0.6974221
0.6974221
0.6948593
0.6935779
0.6948593
0.6922965
0.6922965
0.6922965
0.6922965
0.6858894
0.6820452
0.6871709
0.6807638
0.6807638
0.6807638
0.6807638
0.6794824
0.6820452
0.6820452
0.678201
0.6794824
0.6769196
0.6717939
0.6717939
0.6679497
0.6717939
0.6666683
0.6705126
0.6679497
0.6679497
0.6692311
0.6653869
0.6653869
0.6628241
0.6589799
0.6551356
0.6576985
0.6576985
0.6589799
0.6589799
0.6564171
0.6538543
0.6525728
0.6512914
0.65001
0.6487286
0.6448844
0.6461658
0.6448844
0.6448844
0.6423216
0.6448844
0.6423216
0.6423216
0.6397588
0.6410401
0.6384773
0.6359145
0.6384773
0.6359145
0.6359145
0.6346331
0.6320703
0.6295075
0.6282261
0.6307889
0.6295075
0.6282261
0.6282261
0.6295075
0.6282261
0.6192562
0.6205376
0.6179748
0.6205376
0.6166934
0.6166934
0.615412
0.6166934
0.6141306
0.6179748
0.6192562
0.6192562
0.6102864
0.6077235
0.6077235
0.6051607
0.609005
0.6051607
0.6051607
0.6013165
0.6038793
0.6038793
0.6025979
0.5987537
0.6000351
0.5961909
0.5961909
0.5910652
0.5910652
0.5949094
0.5885024
0.5897838
0.5923467
0.5910652
0.5897838
0.5859396
0.5885024
0.5885024
0.5846582
0.587221
0.587221
0.5782511
0.5820954
0.5782511
0.5782511
0.5731255
0.5795326
0.5756884
0.5744069
0.5782511
0.5731255
0.5718441
0.5705627
0.5692813
0.5641556
0.5654371
0.5692813
0.5679999
0.5628743
0.5679999
0.5615928
0.5667185
0.5628743
0.5590301
0.5615928
0.5615928
0.5603114
0.5551858
0.5551858
0.5551858
0.552623
0.5539044
0.5551858
0.5551858
0.5474973
0.5487788
0.5513416
0.552623
0.552623
0.5487788
0.5423717
0.5449345
0.5474973
0.5449345
0.5436531
0.5398089
0.5436531
0.5410903
0.5436531
0.5423717
0.5410903
0.5385275
0.5372461
0.5410903
0.530839
0.5321205
0.530839
0.5282762
0.5321205
0.5295576
0.5334018
0.530839
0.5295576
0.5269948
0.5282762
0.5282762
0.530839
0.5193064
0.524432
0.5231506
0.5218692
0.5231506
0.5257134
0.5193064
0.5205878
0.518025
0.518025
0.5154622
0.5052109
0.5103365
0.5077737
0.5141807
0.5116179
0.5116179
0.5116179
0.5116179
0.5116179
0.5090551
0.5077737
0.5064923
0.5052109
0.5013667
0.5013667
0.5039295
0.5000852
0.5000852
0.5000852
0.4988039
0.5013667
0.4975224
0.496241
0.4936782
0.4975224
0.4988039
0.4949596
0.4923968
0.489834
0.4911154
0.4911154
0.4923968
