1569397974.775
1569397975.025
1569397975.275
1569397975.525
1569397975.775
1569397976.025
1569397976.275
1569397976.525
1569397976.775
1569397977.025
1569397977.275
1569397977.525
1569397977.775
1569397978.025
1569397978.275
1569397978.525
1569397978.775
1569397979.025
1569397979.275
1569397979.525
1569397979.775
1569397980.025
1569397980.275
1569397980.525
1569397980.775
1569397981.025
1569397981.275
1569397981.525
1569397981.775
1569397982.025
1569397982.275
1569397982.525
1569397982.775
1569397983.025
1569397983.275
1569397983.525
1569397983.775
1569397984.025
1569397984.275
1569397984.525
1569397984.775
1569397985.025
1569397985.275
1569397985.525
1569397985.775
1569397986.025
1569397986.275
1569397986.525
1569397986.775
1569397987.025
1569397987.275
1569397987.525
1569397987.775
1569397988.025
1569397988.275
1569397988.525
1569397988.775
1569397989.025
1569397989.275
1569397989.525
1569397989.775
1569397990.025
1569397990.275
1569397990.525
1569397990.775
1569397991.025
1569397991.275
1569397991.525
1569397991.775
1569397992.025
1569397992.275
1569397992.525
1569397992.775
1569397993.025
1569397993.275
1569397993.525
1569397993.775
1569397994.025
1569397994.275
1569397994.525
1569397994.775
1569397995.025
1569397995.275
1569397995.525
1569397995.775
1569397996.025
1569397996.275
1569397996.525
1569397996.775
1569397997.025
1569397997.275
1569397997.525
1569397997.775
1569397998.025
1569397998.275
1569397998.525
1569397998.775
1569397999.025
1569397999.275
1569397999.525
1569397999.775
1569398000.025
1569398000.275
1569398000.525
1569398000.775
1569398001.025
1569398001.275
1569398001.525
1569398001.775
1569398002.025
1569398002.275
1569398002.525
1569398002.775
1569398003.025
1569398003.275
1569398003.525
1569398003.775
1569398004.025
1569398004.275
1569398004.525
1569398004.775
1569398005.025
1569398005.275
1569398005.525
1569398005.775
1569398006.025
1569398006.275
1569398006.525
1569398006.775
1569398007.025
1569398007.275
1569398007.525
1569398007.775
1569398008.025
1569398008.275
1569398008.525
1569398008.775
1569398009.025
1569398009.275
1569398009.525
1569398009.775
1569398010.025
1569398010.275
1569398010.525
1569398010.775
1569398011.025
1569398011.275
1569398011.525
1569398011.775
1569398012.025
1569398012.275
1569398012.525
1569398012.775
1569398013.025
1569398013.275
1569398013.525
1569398013.775
1569398014.025
1569398014.275
1569398014.525
1569398014.775
1569398015.025
1569398015.275
1569398015.525
1569398015.775
1569398016.025
1569398016.275
1569398016.525
1569398016.775
1569398017.025
1569398017.275
1569398017.525
1569398017.775
1569398018.025
1569398018.275
1569398018.525
1569398018.775
1569398019.025
1569398019.275
1569398019.525
1569398019.775
1569398020.025
1569398020.275
1569398020.525
1569398020.775
1569398021.025
1569398021.275
1569398021.525
1569398021.775
1569398022.025
1569398022.275
1569398022.525
1569398022.775
1569398023.025
1569398023.275
1569398023.525
1569398023.775
1569398024.025
1569398024.275
1569398024.525
1569398024.775
1569398025.025
1569398025.275
1569398025.525
1569398025.775
1569398026.025
1569398026.275
1569398026.525
1569398026.775
1569398027.025
1569398027.275
1569398027.525
1569398027.775
1569398028.025
1569398028.275
1569398028.525
1569398028.775
1569398029.025
1569398029.275
1569398029.525
1569398029.775
1569398030.025
1569398030.275
1569398030.525
1569398030.775
1569398031.025
1569398031.275
1569398031.525
1569398031.775
1569398032.025
1569398032.275
1569398032.525
1569398032.775
1569398033.025
1569398033.275
1569398033.525
1569398033.775
1569398034.025
1569398034.275
1569398034.525
1569398034.775
1569398035.025
1569398035.275
1569398035.525
1569398035.775
1569398036.025
1569398036.275
1569398036.525
1569398036.775
1569398037.025
1569398037.275
1569398037.525
1569398037.775
1569398038.025
1569398038.275
1569398038.525
1569398038.775
1569398039.025
1569398039.275
1569398039.525
1569398039.775
1569398040.025
1569398040.275
1569398040.525
1569398040.775
1569398041.025
1569398041.275
1569398041.525
1569398041.775
1569398042.025
1569398042.275
1569398042.525
1569398042.775
1569398043.025
1569398043.275
1569398043.525
1569398043.775
1569398044.025
1569398044.275
1569398044.525
1569398044.775
1569398045.025
1569398045.275
1569398045.525
1569398045.775
1569398046.025
1569398046.275
1569398046.525
1569398046.775
1569398047.025
1569398047.275
1569398047.525
1569398047.775
1569398048.025
1569398048.275
1569398048.525
1569398048.775
1569398049.025
1569398049.275
1569398049.525
1569398049.775
1569398050.025
1569398050.275
1569398050.525
1569398050.775
1569398051.025
1569398051.275
1569398051.525
1569398051.775
1569398052.025
1569398052.275
1569398052.525
1569398052.775
1569398053.025
1569398053.275
1569398053.525
1569398053.775
1569398054.025
1569398054.275
1569398054.525
1569398054.775
1569398055.025
1569398055.275
1569398055.525
1569398055.775
1569398056.025
1569398056.275
1569398056.525
1569398056.775
1569398057.025
1569398057.275
1569398057.525
1569398057.775
1569398058.025
1569398058.275
1569398058.525
1569398058.775
1569398059.025
1569398059.275
1569398059.525
1569398059.775
1569398060.025
1569398060.275
1569398060.525
1569398060.775
1569398061.025
1569398061.275
1569398061.525
1569398061.775
1569398062.025
1569398062.275
1569398062.525
1569398062.775
1569398063.025
1569398063.275
1569398063.525
1569398063.775
1569398064.025
1569398064.275
1569398064.525
1569398064.775
1569398065.025
1569398065.275
1569398065.525
1569398065.775
1569398066.025
1569398066.275
1569398066.525
1569398066.775
1569398067.025
1569398067.275
1569398067.525
1569398067.775
1569398068.025
1569398068.275
1569398068.525
1569398068.775
1569398069.025
1569398069.275
1569398069.525
1569398069.775
1569398070.025
1569398070.275
1569398070.525
1569398070.775
1569398071.025
1569398071.275
1569398071.525
1569398071.775
1569398072.025
1569398072.275
1569398072.525
1569398072.775
1569398073.025
1569398073.275
1569398073.525
1569398073.775
1569398074.025
1569398074.275
1569398074.525
1569398074.775
1569398075.025
1569398075.275
1569398075.525
1569398075.775
1569398076.025
1569398076.275
1569398076.525
1569398076.775
1569398077.025
1569398077.275
1569398077.525
1569398077.775
1569398078.025
1569398078.275
1569398078.525
1569398078.775
1569398079.025
1569398079.275
1569398079.525
1569398079.775
1569398080.025
1569398080.275
1569398080.525
1569398080.775
1569398081.025
1569398081.275
1569398081.525
1569398081.775
1569398082.025
1569398082.275
1569398082.525
1569398082.775
1569398083.025
1569398083.275
1569398083.525
1569398083.775
1569398084.025
1569398084.275
1569398084.525
1569398084.775
1569398085.025
1569398085.275
1569398085.525
1569398085.775
1569398086.025
1569398086.275
1569398086.525
1569398086.775
1569398087.025
1569398087.275
1569398087.525
1569398087.775
1569398088.025
1569398088.275
1569398088.525
1569398088.775
1569398089.025
1569398089.275
1569398089.525
1569398089.775
1569398090.025
1569398090.275
1569398090.525
1569398090.775
1569398091.025
1569398091.275
1569398091.525
1569398091.775
1569398092.025
1569398092.275
1569398092.525
1569398092.775
1569398093.025
1569398093.275
1569398093.525
1569398093.775
1569398094.025
1569398094.275
1569398094.525
1569398094.775
1569398095.025
1569398095.275
1569398095.525
1569398095.775
1569398096.025
1569398096.275
1569398096.525
1569398096.775
1569398097.025
1569398097.275
1569398097.525
1569398097.775
1569398098.025
1569398098.275
1569398098.525
1569398098.775
1569398099.025
1569398099.275
1569398099.525
1569398099.775
1569398100.025
1569398100.275
1569398100.525
1569398100.775
1569398101.025
1569398101.275
1569398101.525
1569398101.775
1569398102.025
1569398102.275
1569398102.525
1569398102.775
1569398103.025
1569398103.275
1569398103.525
1569398103.775
1569398104.025
1569398104.275
1569398104.525
1569398104.775
1569398105.025
1569398105.275
1569398105.525
1569398105.775
1569398106.025
1569398106.275
1569398106.525
1569398106.775
1569398107.025
1569398107.275
1569398107.525
1569398107.775
1569398108.025
1569398108.275
1569398108.525
1569398108.775
1569398109.025
1569398109.275
1569398109.525
1569398109.775
1569398110.025
1569398110.275
1569398110.525
1569398110.775
1569398111.025
1569398111.275
1569398111.525
1569398111.775
1569398112.025
1569398112.275
1569398112.525
1569398112.775
1569398113.025
1569398113.275
1569398113.525
1569398113.775
1569398114.025
1569398114.275
1569398114.525
1569398114.775
1569398115.025
1569398115.275
1569398115.525
1569398115.775
1569398116.025
1569398116.275
1569398116.525
1569398116.775
1569398117.025
1569398117.275
1569398117.525
1569398117.775
1569398118.025
1569398118.275
1569398118.525
1569398118.775
1569398119.025
1569398119.275
1569398119.525
1569398119.775
1569398120.025
1569398120.275
1569398120.525
1569398120.775
1569398121.025
1569398121.275
1569398121.525
1569398121.775
1569398122.025
1569398122.275
1569398122.525
1569398122.775
1569398123.025
1569398123.275
1569398123.525
1569398123.775
1569398124.025
1569398124.275
1569398124.525
1569398124.775
1569398125.025
1569398125.275
1569398125.525
1569398125.775
1569398126.025
1569398126.275
1569398126.525
1569398126.775
1569398127.025
1569398127.275
1569398127.525
1569398127.775
1569398128.025
1569398128.275
1569398128.525
1569398128.775
1569398129.025
1569398129.275
1569398129.525
1569398129.775
1569398130.025
1569398130.275
1569398130.525
1569398130.775
1569398131.025
1569398131.275
1569398131.525
1569398131.775
1569398132.025
1569398132.275
1569398132.525
1569398132.775
1569398133.025
1569398133.275
1569398133.525
1569398133.775
1569398134.025
1569398134.275
1569398134.525
1569398134.775
1569398135.025
1569398135.275
1569398135.525
1569398135.775
1569398136.025
1569398136.275
1569398136.525
1569398136.775
1569398137.025
1569398137.275
1569398137.525
1569398137.775
1569398138.025
1569398138.275
1569398138.525
1569398138.775
1569398139.025
1569398139.275
1569398139.525
1569398139.775
1569398140.025
1569398140.275
1569398140.525
1569398140.775
1569398141.025
1569398141.275
1569398141.525
1569398141.775
1569398142.025
1569398142.275
1569398142.525
1569398142.775
1569398143.025
1569398143.275
1569398143.525
1569398143.775
1569398144.025
1569398144.275
1569398144.525
1569398144.775
1569398145.025
1569398145.275
1569398145.525
1569398145.775
1569398146.025
1569398146.275
1569398146.525
1569398146.775
1569398147.025
1569398147.275
1569398147.525
1569398147.775
1569398148.025
1569398148.275
1569398148.525
1569398148.775
1569398149.025
1569398149.275
1569398149.525
1569398149.775
1569398150.025
1569398150.275
1569398150.525
1569398150.775
1569398151.025
1569398151.275
1569398151.525
1569398151.775
1569398152.025
1569398152.275
1569398152.525
1569398152.775
1569398153.025
1569398153.275
1569398153.525
1569398153.775
1569398154.025
1569398154.275
1569398154.525
1569398154.775
1569398155.025
1569398155.275
1569398155.525
1569398155.775
1569398156.025
1569398156.275
1569398156.525
1569398156.775
1569398157.025
1569398157.275
1569398157.525
1569398157.775
1569398158.025
1569398158.275
1569398158.525
1569398158.775
1569398159.025
1569398159.275
1569398159.525
1569398159.775
1569398160.025
1569398160.275
1569398160.525
1569398160.775
1569398161.025
1569398161.275
1569398161.525
1569398161.775
1569398162.025
1569398162.275
1569398162.525
1569398162.775
1569398163.025
1569398163.275
1569398163.525
1569398163.775
1569398164.025
1569398164.275
1569398164.525
1569398164.775
1569398165.025
1569398165.275
1569398165.525
1569398165.775
1569398166.025
1569398166.275
1569398166.525
1569398166.775
1569398167.025
1569398167.275
1569398167.525
1569398167.775
1569398168.025
1569398168.275
1569398168.525
1569398168.775
1569398169.025
1569398169.275
1569398169.525
1569398169.775
1569398170.025
1569398170.275
1569398170.525
1569398170.775
1569398171.025
1569398171.275
1569398171.525
1569398171.775
1569398172.025
1569398172.275
1569398172.525
1569398172.775
1569398173.025
1569398173.275
1569398173.525
1569398173.775
1569398174.025
1569398174.275
1569398174.525
1569398174.775
1569398175.025
1569398175.275
1569398175.525
1569398175.775
1569398176.025
1569398176.275
1569398176.525
1569398176.775
1569398177.025
1569398177.275
1569398177.525
1569398177.775
1569398178.025
1569398178.275
1569398178.525
1569398178.775
1569398179.025
1569398179.275
1569398179.525
1569398179.775
1569398180.025
1569398180.275
1569398180.525
1569398180.775
1569398181.025
1569398181.275
1569398181.525
1569398181.775
1569398182.025
1569398182.275
1569398182.525
1569398182.775
1569398183.025
1569398183.275
1569398183.525
1569398183.775
1569398184.025
1569398184.275
1569398184.525
1569398184.775
1569398185.025
1569398185.275
1569398185.525
1569398185.775
1569398186.025
1569398186.275
1569398186.525
1569398186.775
1569398187.025
1569398187.275
1569398187.525
1569398187.775
1569398188.025
1569398188.275
1569398188.525
1569398188.775
1569398189.025
1569398189.275
1569398189.525
1569398189.775
1569398190.025
1569398190.275
1569398190.525
1569398190.775
1569398191.025
1569398191.275
1569398191.525
1569398191.775
1569398192.025
1569398192.275
1569398192.525
1569398192.775
1569398193.025
1569398193.275
1569398193.525
1569398193.775
1569398194.025
1569398194.275
1569398194.525
1569398194.775
1569398195.025
1569398195.275
1569398195.525
1569398195.775
1569398196.025
1569398196.275
1569398196.525
1569398196.775
1569398197.025
1569398197.275
1569398197.525
1569398197.775
1569398198.025
1569398198.275
1569398198.525
1569398198.775
1569398199.025
1569398199.275
1569398199.525
1569398199.775
1569398200.025
1569398200.275
1569398200.525
1569398200.775
1569398201.025
1569398201.275
1569398201.525
1569398201.775
1569398202.025
1569398202.275
1569398202.525
1569398202.775
1569398203.025
1569398203.275
1569398203.525
1569398203.775
1569398204.025
1569398204.275
1569398204.525
1569398204.775
1569398205.025
1569398205.275
1569398205.525
1569398205.775
1569398206.025
1569398206.275
1569398206.525
1569398206.775
1569398207.025
1569398207.275
1569398207.525
1569398207.775
1569398208.025
1569398208.275
1569398208.525
1569398208.775
1569398209.025
1569398209.275
1569398209.525
1569398209.775
1569398210.025
1569398210.275
1569398210.525
1569398210.775
1569398211.025
1569398211.275
1569398211.525
1569398211.775
1569398212.025
1569398212.275
1569398212.525
1569398212.775
1569398213.025
1569398213.275
1569398213.525
1569398213.775
1569398214.025
1569398214.275
1569398214.525
1569398214.775
1569398215.025
1569398215.275
1569398215.525
1569398215.775
1569398216.025
1569398216.275
1569398216.525
1569398216.775
1569398217.025
1569398217.275
1569398217.525
1569398217.775
1569398218.025
1569398218.275
1569398218.525
1569398218.775
1569398219.025
1569398219.275
1569398219.525
1569398219.775
1569398220.025
1569398220.275
1569398220.525
1569398220.775
1569398221.025
1569398221.275
1569398221.525
1569398221.775
1569398222.025
1569398222.275
1569398222.525
1569398222.775
1569398223.025
1569398223.275
1569398223.525
1569398223.775
1569398224.025
1569398224.275
1569398224.525
1569398224.775
1569398225.025
1569398225.275
1569398225.525
1569398225.775
1569398226.025
1569398226.275
1569398226.525
1569398226.775
1569398227.025
1569398227.275
1569398227.525
1569398227.775
1569398228.025
1569398228.275
1569398228.525
1569398228.775
1569398229.025
1569398229.275
1569398229.525
1569398229.775
1569398230.025
1569398230.275
1569398230.525
1569398230.775
1569398231.025
1569398231.275
1569398231.525
1569398231.775
1569398232.025
1569398232.275
1569398232.525
1569398232.775
1569398233.025
1569398233.275
1569398233.525
1569398233.775
1569398234.025
1569398234.275
1569398234.525
1569398234.775
1569398235.025
1569398235.275
1569398235.525
1569398235.775
1569398236.025
1569398236.275
1569398236.525
1569398236.775
1569398237.025
1569398237.275
1569398237.525
1569398237.775
1569398238.025
1569398238.275
1569398238.525
1569398238.775
1569398239.025
1569398239.275
1569398239.525
1569398239.775
1569398240.025
1569398240.275
1569398240.525
1569398240.775
1569398241.025
1569398241.275
1569398241.525
1569398241.775
1569398242.025
1569398242.275
1569398242.525
1569398242.775
1569398243.025
1569398243.275
1569398243.525
1569398243.775
1569398244.025
1569398244.275
1569398244.525
1569398244.775
1569398245.025
1569398245.275
1569398245.525
1569398245.775
1569398246.025
1569398246.275
1569398246.525
1569398246.775
1569398247.025
1569398247.275
1569398247.525
1569398247.775
1569398248.025
1569398248.275
1569398248.525
1569398248.775
1569398249.025
1569398249.275
1569398249.525
1569398249.775
1569398250.025
1569398250.275
1569398250.525
1569398250.775
1569398251.025
1569398251.275
1569398251.525
1569398251.775
1569398252.025
1569398252.275
1569398252.525
1569398252.775
1569398253.025
1569398253.275
1569398253.525
1569398253.775
1569398254.025
1569398254.275
1569398254.525
1569398254.775
1569398255.025
1569398255.275
1569398255.525
1569398255.775
1569398256.025
1569398256.275
1569398256.525
1569398256.775
1569398257.025
1569398257.275
1569398257.525
1569398257.775
1569398258.025
1569398258.275
1569398258.525
1569398258.775
1569398259.025
1569398259.275
1569398259.525
1569398259.775
1569398260.025
1569398260.275
1569398260.525
1569398260.775
1569398261.025
1569398261.275
1569398261.525
1569398261.775
1569398262.025
1569398262.275
1569398262.525
1569398262.775
1569398263.025
1569398263.275
1569398263.525
1569398263.775
1569398264.025
1569398264.275
1569398264.525
1569398264.775
1569398265.025
1569398265.275
1569398265.525
1569398265.775
1569398266.025
1569398266.275
1569398266.525
1569398266.775
1569398267.025
1569398267.275
1569398267.525
1569398267.775
1569398268.025
1569398268.275
1569398268.525
1569398268.775
1569398269.025
1569398269.275
1569398269.525
1569398269.775
1569398270.025
1569398270.275
1569398270.525
1569398270.775
1569398271.025
1569398271.275
1569398271.525
1569398271.775
1569398272.025
1569398272.275
1569398272.525
1569398272.775
1569398273.025
1569398273.275
1569398273.525
1569398273.775
1569398274.025
1569398274.275
1569398274.525
1569398274.775
1569398275.025
1569398275.275
1569398275.525
1569398275.775
1569398276.025
1569398276.275
1569398276.525
1569398276.775
1569398277.025
1569398277.275
1569398277.525
1569398277.775
1569398278.025
1569398278.275
1569398278.525
1569398278.775
1569398279.025
1569398279.275
1569398279.525
1569398279.775
1569398280.025
1569398280.275
1569398280.525
1569398280.775
1569398281.025
1569398281.275
1569398281.525
1569398281.775
1569398282.025
1569398282.275
1569398282.525
1569398282.775
1569398283.025
1569398283.275
1569398283.525
1569398283.775
1569398284.025
1569398284.275
1569398284.525
1569398284.775
1569398285.025
1569398285.275
1569398285.525
1569398285.775
1569398286.025
1569398286.275
1569398286.525
1569398286.775
1569398287.025
1569398287.275
1569398287.525
1569398287.775
1569398288.025
1569398288.275
1569398288.525
1569398288.775
1569398289.025
1569398289.275
1569398289.525
1569398289.775
1569398290.025
1569398290.275
1569398290.525
1569398290.775
1569398291.025
1569398291.275
1569398291.525
1569398291.775
1569398292.025
1569398292.275
1569398292.525
1569398292.775
1569398293.025
1569398293.275
1569398293.525
1569398293.775
1569398294.025
1569398294.275
1569398294.525
1569398294.775
1569398295.025
1569398295.275
1569398295.525
1569398295.775
1569398296.025
1569398296.275
1569398296.525
1569398296.775
1569398297.025
1569398297.275
1569398297.525
1569398297.775
1569398298.025
1569398298.275
1569398298.525
1569398298.775
1569398299.025
1569398299.275
1569398299.525
1569398299.775
1569398300.025
1569398300.275
1569398300.525
1569398300.775
1569398301.025
1569398301.275
1569398301.525
1569398301.775
1569398302.025
1569398302.275
1569398302.525
1569398302.775
1569398303.025
1569398303.275
1569398303.525
1569398303.775
1569398304.025
1569398304.275
1569398304.525
1569398304.775
1569398305.025
1569398305.275
1569398305.525
1569398305.775
1569398306.025
1569398306.275
1569398306.525
1569398306.775
1569398307.025
1569398307.275
1569398307.525
1569398307.775
1569398308.025
1569398308.275
1569398308.525
1569398308.775
1569398309.025
1569398309.275
1569398309.525
1569398309.775
1569398310.025
1569398310.275
1569398310.525
1569398310.775
1569398311.025
1569398311.275
1569398311.525
1569398311.775
1569398312.025
1569398312.275
1569398312.525
1569398312.775
1569398313.025
1569398313.275
1569398313.525
1569398313.775
1569398314.025
1569398314.275
1569398314.525
1569398314.775
1569398315.025
1569398315.275
1569398315.525
1569398315.775
1569398316.025
1569398316.275
1569398316.525
1569398316.775
1569398317.025
1569398317.275
1569398317.525
1569398317.775
1569398318.025
1569398318.275
1569398318.525
1569398318.775
1569398319.025
1569398319.275
1569398319.525
1569398319.775
1569398320.025
1569398320.275
1569398320.525
1569398320.775
1569398321.025
1569398321.275
1569398321.525
1569398321.775
1569398322.025
1569398322.275
1569398322.525
1569398322.775
1569398323.025
1569398323.275
1569398323.525
1569398323.775
1569398324.025
1569398324.275
1569398324.525
1569398324.775
1569398325.025
1569398325.275
1569398325.525
1569398325.775
1569398326.025
1569398326.275
1569398326.525
1569398326.775
1569398327.025
1569398327.275
1569398327.525
1569398327.775
1569398328.025
1569398328.275
1569398328.525
1569398328.775
1569398329.025
1569398329.275
1569398329.525
1569398329.775
1569398330.025
1569398330.275
1569398330.525
1569398330.775
1569398331.025
1569398331.275
1569398331.525
1569398331.775
1569398332.025
1569398332.275
1569398332.525
1569398332.775
1569398333.025
1569398333.275
1569398333.525
1569398333.775
1569398334.025
1569398334.275
1569398334.525
1569398334.775
1569398335.025
1569398335.275
1569398335.525
1569398335.775
1569398336.025
1569398336.275
1569398336.525
1569398336.775
1569398337.025
1569398337.275
1569398337.525
1569398337.775
1569398338.025
1569398338.275
1569398338.525
1569398338.775
1569398339.025
1569398339.275
1569398339.525
1569398339.775
1569398340.025
1569398340.275
1569398340.525
1569398340.775
1569398341.025
1569398341.275
1569398341.525
1569398341.775
1569398342.025
1569398342.275
1569398342.525
1569398342.775
1569398343.025
1569398343.275
1569398343.525
1569398343.775
1569398344.025
1569398344.275
1569398344.525
1569398344.775
1569398345.025
1569398345.275
1569398345.525
1569398345.775
1569398346.025
1569398346.275
1569398346.525
1569398346.775
1569398347.025
1569398347.275
1569398347.525
1569398347.775
1569398348.025
1569398348.275
1569398348.525
1569398348.775
1569398349.025
1569398349.275
1569398349.525
1569398349.775
1569398350.025
1569398350.275
1569398350.525
1569398350.775
1569398351.025
1569398351.275
1569398351.525
1569398351.775
1569398352.025
1569398352.275
1569398352.525
1569398352.775
1569398353.025
1569398353.275
1569398353.525
1569398353.775
1569398354.025
1569398354.275
1569398354.525
1569398354.775
1569398355.025
1569398355.275
1569398355.525
1569398355.775
1569398356.025
1569398356.275
1569398356.525
1569398356.775
1569398357.025
1569398357.275
1569398357.525
1569398357.775
1569398358.025
1569398358.275
1569398358.525
1569398358.775
1569398359.025
1569398359.275
1569398359.525
1569398359.775
1569398360.025
1569398360.275
1569398360.525
1569398360.775
1569398361.025
1569398361.275
1569398361.525
1569398361.775
1569398362.025
1569398362.275
1569398362.525
1569398362.775
1569398363.025
1569398363.275
1569398363.525
1569398363.775
1569398364.025
1569398364.275
1569398364.525
1569398364.775
1569398365.025
1569398365.275
1569398365.525
1569398365.775
1569398366.025
1569398366.275
1569398366.525
1569398366.775
1569398367.025
1569398367.275
1569398367.525
1569398367.775
1569398368.025
1569398368.275
1569398368.525
