1569397427.92011
1569397428.17012
1569397428.42013
1569397428.67014
1569397428.92015
1569397429.17016
1569397429.42017
1569397429.67019
1569397429.9202
1569397430.17021
1569397430.42022
1569397430.67023
1569397430.92024
1569397431.17026
1569397431.42027
1569397431.67028
1569397431.92029
1569397432.1703
1569397432.42031
1569397432.67033
1569397432.92034
1569397433.17035
1569397433.42036
1569397433.67037
1569397433.92038
1569397434.17039
1569397434.42041
1569397434.67042
1569397434.92043
1569397435.17044
1569397435.42045
1569397435.67046
1569397435.92048
1569397436.17049
1569397436.4205
1569397436.67051
1569397436.92052
1569397437.17053
1569397437.42054
1569397437.67056
1569397437.92057
1569397438.17058
1569397438.42059
1569397438.6706
1569397438.92061
1569397439.17063
1569397439.42064
1569397439.67065
1569397439.92066
1569397440.17067
1569397440.42068
1569397440.6707
1569397440.92071
1569397441.17072
1569397441.42073
1569397441.67074
1569397441.92075
1569397442.17076
1569397442.42078
1569397442.67079
1569397442.9208
1569397443.17081
1569397443.42082
1569397443.67083
1569397443.92085
1569397444.17086
1569397444.42087
1569397444.67088
1569397444.92089
1569397445.1709
1569397445.42092
1569397445.67093
1569397445.92094
1569397446.17095
1569397446.42096
1569397446.67097
1569397446.92098
1569397447.171
1569397447.42101
1569397447.67102
1569397447.92103
1569397448.17104
1569397448.42105
1569397448.67107
1569397448.92108
1569397449.17109
1569397449.4211
1569397449.67111
1569397449.92112
1569397450.17114
1569397450.42115
1569397450.67116
1569397450.92117
1569397451.17118
1569397451.42119
1569397451.6712
1569397451.92122
1569397452.17123
1569397452.42124
1569397452.67125
1569397452.92126
1569397453.17127
1569397453.42129
1569397453.6713
1569397453.92131
1569397454.17132
1569397454.42133
1569397454.67134
1569397454.92136
1569397455.17137
1569397455.42138
1569397455.67139
1569397455.9214
1569397456.17141
1569397456.42142
1569397456.67144
1569397456.92145
1569397457.17146
1569397457.42147
1569397457.67148
1569397457.92149
1569397458.17151
1569397458.42152
1569397458.67153
1569397458.92154
1569397459.17155
1569397459.42156
1569397459.67158
1569397459.92159
1569397460.1716
1569397460.42161
1569397460.67162
1569397460.92163
1569397461.17164
1569397461.42166
1569397461.67167
1569397461.92168
1569397462.17169
1569397462.4217
1569397462.67171
1569397462.92173
1569397463.17174
1569397463.42175
1569397463.67176
1569397463.92177
1569397464.17178
1569397464.4218
1569397464.67181
1569397464.92182
1569397465.17183
1569397465.42184
1569397465.67185
1569397465.92186
1569397466.17188
1569397466.42189
1569397466.6719
1569397466.92191
1569397467.17192
1569397467.42193
1569397467.67195
1569397467.92196
1569397468.17197
1569397468.42198
1569397468.67199
1569397468.922
1569397469.17201
1569397469.42203
1569397469.67204
1569397469.92205
1569397470.17206
1569397470.42207
1569397470.67208
1569397470.9221
1569397471.17211
1569397471.42212
1569397471.67213
1569397471.92214
1569397472.17215
1569397472.42217
1569397472.67218
1569397472.92219
1569397473.1722
1569397473.42221
1569397473.67222
1569397473.92223
1569397474.17225
1569397474.42226
1569397474.67227
1569397474.92228
1569397475.17229
1569397475.4223
1569397475.67232
1569397475.92233
1569397476.17234
1569397476.42235
1569397476.67236
1569397476.92237
1569397477.17239
1569397477.4224
1569397477.67241
1569397477.92242
1569397478.17243
1569397478.42244
1569397478.67245
1569397478.92247
1569397479.17248
1569397479.42249
1569397479.6725
1569397479.92251
1569397480.17252
1569397480.42254
1569397480.67255
1569397480.92256
1569397481.17257
1569397481.42258
1569397481.67259
1569397481.92261
1569397482.17262
1569397482.42263
1569397482.67264
1569397482.92265
1569397483.17266
1569397483.42267
1569397483.67269
1569397483.9227
1569397484.17271
1569397484.42272
1569397484.67273
1569397484.92274
1569397485.17276
1569397485.42277
1569397485.67278
1569397485.92279
1569397486.1728
1569397486.42281
1569397486.67283
1569397486.92284
1569397487.17285
1569397487.42286
1569397487.67287
1569397487.92288
1569397488.17289
1569397488.42291
1569397488.67292
1569397488.92293
1569397489.17294
1569397489.42295
1569397489.67296
1569397489.92298
1569397490.17299
1569397490.423
1569397490.67301
1569397490.92302
1569397491.17303
1569397491.42305
1569397491.67306
1569397491.92307
1569397492.17308
1569397492.42309
1569397492.6731
1569397492.92311
1569397493.17313
1569397493.42314
1569397493.67315
1569397493.92316
1569397494.17317
1569397494.42318
1569397494.6732
1569397494.92321
1569397495.17322
1569397495.42323
1569397495.67324
1569397495.92325
1569397496.17326
1569397496.42328
1569397496.67329
1569397496.9233
1569397497.17331
1569397497.42332
1569397497.67333
1569397497.92335
1569397498.17336
1569397498.42337
1569397498.67338
1569397498.92339
1569397499.1734
1569397499.42342
1569397499.67343
1569397499.92344
1569397500.17345
1569397500.42346
1569397500.67347
1569397500.92349
1569397501.1735
1569397501.42351
1569397501.67352
1569397501.92353
1569397502.17354
1569397502.42355
1569397502.67357
1569397502.92358
1569397503.17359
1569397503.4236
1569397503.67361
1569397503.92362
1569397504.17364
1569397504.42365
1569397504.67366
1569397504.92367
1569397505.17368
1569397505.42369
1569397505.6737
1569397505.92372
1569397506.17373
1569397506.42374
1569397506.67375
1569397506.92376
1569397507.17377
1569397507.42379
1569397507.6738
1569397507.92381
1569397508.17382
1569397508.42383
1569397508.67384
1569397508.92386
1569397509.17387
1569397509.42388
1569397509.67389
1569397509.9239
1569397510.17391
1569397510.42392
1569397510.67394
1569397510.92395
1569397511.17396
1569397511.42397
1569397511.67398
1569397511.92399
1569397512.17401
1569397512.42402
1569397512.67403
1569397512.92404
1569397513.17405
1569397513.42406
1569397513.67408
1569397513.92409
1569397514.1741
1569397514.42411
1569397514.67412
1569397514.92413
1569397515.17414
1569397515.42416
1569397515.67417
1569397515.92418
1569397516.17419
1569397516.4242
1569397516.67421
1569397516.92423
1569397517.17424
1569397517.42425
1569397517.67426
1569397517.92427
1569397518.17428
1569397518.4243
1569397518.67431
1569397518.92432
1569397519.17433
1569397519.42434
1569397519.67435
1569397519.92436
1569397520.17438
1569397520.42439
1569397520.6744
1569397520.92441
1569397521.17442
1569397521.42443
1569397521.67445
1569397521.92446
1569397522.17447
1569397522.42448
1569397522.67449
1569397522.9245
1569397523.17452
1569397523.42453
1569397523.67454
1569397523.92455
1569397524.17456
1569397524.42457
1569397524.67458
1569397524.9246
1569397525.17461
1569397525.42462
1569397525.67463
1569397525.92464
1569397526.17465
1569397526.42467
1569397526.67468
1569397526.92469
1569397527.1747
1569397527.42471
1569397527.67472
1569397527.92474
1569397528.17475
1569397528.42476
1569397528.67477
1569397528.92478
1569397529.17479
1569397529.4248
1569397529.67482
1569397529.92483
1569397530.17484
1569397530.42485
1569397530.67486
1569397530.92487
1569397531.17489
1569397531.4249
1569397531.67491
1569397531.92492
1569397532.17493
1569397532.42494
1569397532.67495
1569397532.92497
1569397533.17498
1569397533.42499
1569397533.675
1569397533.92501
1569397534.17502
1569397534.42504
1569397534.67505
1569397534.92506
1569397535.17507
1569397535.42508
1569397535.67509
1569397535.92511
1569397536.17512
1569397536.42513
1569397536.67514
1569397536.92515
1569397537.17516
1569397537.42517
1569397537.67519
1569397537.9252
1569397538.17521
1569397538.42522
1569397538.67523
1569397538.92524
1569397539.17526
1569397539.42527
1569397539.67528
1569397539.92529
1569397540.1753
1569397540.42531
1569397540.67533
1569397540.92534
1569397541.17535
1569397541.42536
1569397541.67537
1569397541.92538
1569397542.17539
1569397542.42541
1569397542.67542
1569397542.92543
1569397543.17544
1569397543.42545
1569397543.67546
1569397543.92548
1569397544.17549
1569397544.4255
1569397544.67551
1569397544.92552
1569397545.17553
1569397545.42555
1569397545.67556
1569397545.92557
1569397546.17558
1569397546.42559
1569397546.6756
1569397546.92561
1569397547.17563
1569397547.42564
1569397547.67565
1569397547.92566
1569397548.17567
1569397548.42568
1569397548.6757
1569397548.92571
1569397549.17572
1569397549.42573
1569397549.67574
1569397549.92575
1569397550.17577
1569397550.42578
1569397550.67579
1569397550.9258
1569397551.17581
1569397551.42582
1569397551.67583
1569397551.92585
1569397552.17586
1569397552.42587
1569397552.67588
1569397552.92589
1569397553.1759
1569397553.42592
1569397553.67593
1569397553.92594
1569397554.17595
1569397554.42596
1569397554.67597
1569397554.92599
1569397555.176
1569397555.42601
1569397555.67602
1569397555.92603
1569397556.17604
1569397556.42605
1569397556.67607
1569397556.92608
1569397557.17609
1569397557.4261
1569397557.67611
1569397557.92612
1569397558.17614
1569397558.42615
1569397558.67616
1569397558.92617
1569397559.17618
1569397559.42619
1569397559.6762
1569397559.92622
1569397560.17623
1569397560.42624
1569397560.67625
1569397560.92626
1569397561.17627
1569397561.42629
1569397561.6763
1569397561.92631
1569397562.17632
1569397562.42633
1569397562.67634
1569397562.92636
1569397563.17637
1569397563.42638
1569397563.67639
1569397563.9264
1569397564.17641
1569397564.42642
1569397564.67644
1569397564.92645
1569397565.17646
1569397565.42647
1569397565.67648
1569397565.92649
1569397566.17651
1569397566.42652
1569397566.67653
1569397566.92654
1569397567.17655
1569397567.42656
1569397567.67658
1569397567.92659
1569397568.1766
1569397568.42661
1569397568.67662
1569397568.92663
1569397569.17664
1569397569.42666
1569397569.67667
1569397569.92668
1569397570.17669
1569397570.4267
1569397570.67671
1569397570.92673
1569397571.17674
1569397571.42675
1569397571.67676
1569397571.92677
1569397572.17678
1569397572.4268
1569397572.67681
1569397572.92682
1569397573.17683
1569397573.42684
1569397573.67685
1569397573.92686
1569397574.17688
1569397574.42689
1569397574.6769
1569397574.92691
1569397575.17692
1569397575.42693
1569397575.67695
1569397575.92696
1569397576.17697
1569397576.42698
1569397576.67699
1569397576.927
1569397577.17702
1569397577.42703
1569397577.67704
1569397577.92705
1569397578.17706
1569397578.42707
1569397578.67708
1569397578.9271
1569397579.17711
1569397579.42712
1569397579.67713
1569397579.92714
1569397580.17715
1569397580.42717
1569397580.67718
1569397580.92719
1569397581.1772
1569397581.42721
1569397581.67722
1569397581.92724
1569397582.17725
1569397582.42726
1569397582.67727
1569397582.92728
1569397583.17729
1569397583.4273
1569397583.67732
1569397583.92733
1569397584.17734
1569397584.42735
1569397584.67736
1569397584.92737
1569397585.17739
1569397585.4274
1569397585.67741
1569397585.92742
1569397586.17743
1569397586.42744
1569397586.67746
1569397586.92747
1569397587.17748
1569397587.42749
1569397587.6775
1569397587.92751
1569397588.17752
1569397588.42754
1569397588.67755
1569397588.92756
1569397589.17757
1569397589.42758
1569397589.67759
1569397589.92761
1569397590.17762
1569397590.42763
1569397590.67764
1569397590.92765
1569397591.17766
1569397591.42768
1569397591.67769
1569397591.9277
1569397592.17771
1569397592.42772
1569397592.67773
1569397592.92774
1569397593.17776
1569397593.42777
1569397593.67778
1569397593.92779
1569397594.1778
1569397594.42781
1569397594.67783
1569397594.92784
1569397595.17785
1569397595.42786
1569397595.67787
1569397595.92788
1569397596.17789
1569397596.42791
1569397596.67792
1569397596.92793
1569397597.17794
1569397597.42795
1569397597.67796
1569397597.92798
1569397598.17799
1569397598.428
1569397598.67801
1569397598.92802
1569397599.17803
1569397599.42805
1569397599.67806
1569397599.92807
1569397600.17808
1569397600.42809
1569397600.6781
1569397600.92811
1569397601.17813
1569397601.42814
1569397601.67815
1569397601.92816
1569397602.17817
1569397602.42818
1569397602.6782
1569397602.92821
1569397603.17822
1569397603.42823
1569397603.67824
1569397603.92825
1569397604.17827
1569397604.42828
1569397604.67829
1569397604.9283
1569397605.17831
1569397605.42832
1569397605.67833
1569397605.92835
1569397606.17836
1569397606.42837
1569397606.67838
1569397606.92839
1569397607.1784
1569397607.42842
1569397607.67843
1569397607.92844
1569397608.17845
1569397608.42846
1569397608.67847
1569397608.92849
1569397609.1785
1569397609.42851
1569397609.67852
1569397609.92853
1569397610.17854
1569397610.42855
1569397610.67857
1569397610.92858
1569397611.17859
1569397611.4286
1569397611.67861
1569397611.92862
1569397612.17864
1569397612.42865
1569397612.67866
1569397612.92867
1569397613.17868
1569397613.42869
1569397613.67871
1569397613.92872
1569397614.17873
1569397614.42874
1569397614.67875
1569397614.92876
1569397615.17877
1569397615.42879
1569397615.6788
1569397615.92881
1569397616.17882
1569397616.42883
1569397616.67884
1569397616.92886
1569397617.17887
1569397617.42888
1569397617.67889
1569397617.9289
1569397618.17891
1569397618.42893
1569397618.67894
1569397618.92895
1569397619.17896
1569397619.42897
1569397619.67898
1569397619.92899
1569397620.17901
1569397620.42902
1569397620.67903
1569397620.92904
1569397621.17905
1569397621.42906
1569397621.67908
1569397621.92909
1569397622.1791
1569397622.42911
1569397622.67912
1569397622.92913
1569397623.17915
1569397623.42916
1569397623.67917
1569397623.92918
1569397624.17919
1569397624.4292
1569397624.67921
1569397624.92923
1569397625.17924
1569397625.42925
1569397625.67926
1569397625.92927
1569397626.17928
1569397626.4293
1569397626.67931
1569397626.92932
1569397627.17933
1569397627.42934
1569397627.67935
1569397627.92936
1569397628.17938
1569397628.42939
1569397628.6794
1569397628.92941
1569397629.17942
1569397629.42943
1569397629.67945
1569397629.92946
1569397630.17947
1569397630.42948
1569397630.67949
1569397630.9295
1569397631.17952
1569397631.42953
1569397631.67954
1569397631.92955
1569397632.17956
1569397632.42957
1569397632.67958
1569397632.9296
1569397633.17961
1569397633.42962
1569397633.67963
1569397633.92964
1569397634.17965
1569397634.42967
1569397634.67968
1569397634.92969
1569397635.1797
1569397635.42971
1569397635.67972
1569397635.92974
1569397636.17975
1569397636.42976
1569397636.67977
1569397636.92978
1569397637.17979
1569397637.4298
1569397637.67982
1569397637.92983
1569397638.17984
1569397638.42985
1569397638.67986
1569397638.92987
1569397639.17989
1569397639.4299
1569397639.67991
1569397639.92992
1569397640.17993
1569397640.42994
1569397640.67996
1569397640.92997
1569397641.17998
1569397641.42999
1569397641.68
1569397641.93001
1569397642.18002
1569397642.43004
1569397642.68005
1569397642.93006
1569397643.18007
1569397643.43008
1569397643.68009
1569397643.93011
1569397644.18012
1569397644.43013
1569397644.68014
1569397644.93015
1569397645.18016
1569397645.43018
1569397645.68019
1569397645.9302
1569397646.18021
1569397646.43022
1569397646.68023
1569397646.93024
1569397647.18026
1569397647.43027
1569397647.68028
1569397647.93029
1569397648.1803
1569397648.43031
1569397648.68033
1569397648.93034
1569397649.18035
1569397649.43036
1569397649.68037
1569397649.93038
1569397650.1804
1569397650.43041
1569397650.68042
1569397650.93043
1569397651.18044
1569397651.43045
1569397651.68046
1569397651.93048
1569397652.18049
1569397652.4305
1569397652.68051
1569397652.93052
1569397653.18053
1569397653.43055
1569397653.68056
1569397653.93057
1569397654.18058
1569397654.43059
1569397654.6806
1569397654.93061
1569397655.18063
1569397655.43064
1569397655.68065
1569397655.93066
1569397656.18067
1569397656.43068
1569397656.6807
1569397656.93071
1569397657.18072
1569397657.43073
1569397657.68074
1569397657.93075
1569397658.18077
1569397658.43078
1569397658.68079
1569397658.9308
1569397659.18081
1569397659.43082
1569397659.68084
1569397659.93085
1569397660.18086
1569397660.43087
1569397660.68088
1569397660.93089
1569397661.1809
1569397661.43092
1569397661.68093
1569397661.93094
1569397662.18095
1569397662.43096
1569397662.68097
1569397662.93099
1569397663.181
1569397663.43101
1569397663.68102
1569397663.93103
1569397664.18104
1569397664.43105
1569397664.68107
1569397664.93108
1569397665.18109
1569397665.4311
1569397665.68111
1569397665.93112
1569397666.18114
1569397666.43115
1569397666.68116
1569397666.93117
1569397667.18118
1569397667.43119
1569397667.68121
1569397667.93122
1569397668.18123
1569397668.43124
1569397668.68125
1569397668.93126
1569397669.18127
1569397669.43129
1569397669.6813
1569397669.93131
1569397670.18132
1569397670.43133
1569397670.68134
1569397670.93136
1569397671.18137
1569397671.43138
1569397671.68139
1569397671.9314
1569397672.18141
1569397672.43143
1569397672.68144
1569397672.93145
1569397673.18146
1569397673.43147
1569397673.68148
1569397673.93149
1569397674.18151
1569397674.43152
1569397674.68153
1569397674.93154
1569397675.18155
1569397675.43156
1569397675.68158
1569397675.93159
1569397676.1816
1569397676.43161
1569397676.68162
1569397676.93163
1569397677.18165
1569397677.43166
1569397677.68167
1569397677.93168
1569397678.18169
1569397678.4317
1569397678.68171
1569397678.93173
1569397679.18174
1569397679.43175
1569397679.68176
1569397679.93177
1569397680.18178
1569397680.4318
1569397680.68181
1569397680.93182
1569397681.18183
1569397681.43184
1569397681.68185
1569397681.93186
1569397682.18188
1569397682.43189
1569397682.6819
1569397682.93191
1569397683.18192
1569397683.43193
1569397683.68195
1569397683.93196
1569397684.18197
1569397684.43198
1569397684.68199
1569397684.932
1569397685.18202
1569397685.43203
1569397685.68204
1569397685.93205
1569397686.18206
1569397686.43207
1569397686.68209
1569397686.9321
1569397687.18211
1569397687.43212
1569397687.68213
1569397687.93214
1569397688.18215
1569397688.43217
1569397688.68218
1569397688.93219
1569397689.1822
1569397689.43221
1569397689.68222
1569397689.93224
1569397690.18225
1569397690.43226
1569397690.68227
1569397690.93228
1569397691.18229
1569397691.4323
1569397691.68232
1569397691.93233
1569397692.18234
1569397692.43235
1569397692.68236
1569397692.93237
1569397693.18239
1569397693.4324
1569397693.68241
1569397693.93242
1569397694.18243
1569397694.43244
1569397694.68246
1569397694.93247
1569397695.18248
1569397695.43249
1569397695.6825
1569397695.93251
1569397696.18252
1569397696.43254
1569397696.68255
1569397696.93256
1569397697.18257
1569397697.43258
1569397697.68259
1569397697.93261
1569397698.18262
1569397698.43263
1569397698.68264
1569397698.93265
1569397699.18266
1569397699.43268
1569397699.68269
1569397699.9327
1569397700.18271
1569397700.43272
1569397700.68273
1569397700.93274
1569397701.18276
1569397701.43277
1569397701.68278
1569397701.93279
1569397702.1828
1569397702.43281
1569397702.68283
1569397702.93284
1569397703.18285
1569397703.43286
1569397703.68287
1569397703.93288
1569397704.1829
1569397704.43291
1569397704.68292
1569397704.93293
1569397705.18294
1569397705.43295
1569397705.68296
1569397705.93298
1569397706.18299
1569397706.433
1569397706.68301
1569397706.93302
1569397707.18303
1569397707.43305
1569397707.68306
1569397707.93307
1569397708.18308
1569397708.43309
1569397708.6831
1569397708.93312
1569397709.18313
1569397709.43314
1569397709.68315
1569397709.93316
1569397710.18317
1569397710.43318
1569397710.6832
1569397710.93321
1569397711.18322
1569397711.43323
1569397711.68324
1569397711.93325
1569397712.18327
1569397712.43328
1569397712.68329
1569397712.9333
1569397713.18331
1569397713.43332
1569397713.68334
1569397713.93335
1569397714.18336
1569397714.43337
1569397714.68338
1569397714.93339
1569397715.1834
1569397715.43342
1569397715.68343
1569397715.93344
1569397716.18345
1569397716.43346
1569397716.68347
1569397716.93349
1569397717.1835
1569397717.43351
1569397717.68352
1569397717.93353
1569397718.18354
1569397718.43355
1569397718.68357
1569397718.93358
1569397719.18359
1569397719.4336
1569397719.68361
1569397719.93362
1569397720.18364
1569397720.43365
1569397720.68366
1569397720.93367
1569397721.18368
1569397721.43369
1569397721.68371
1569397721.93372
1569397722.18373
1569397722.43374
1569397722.68375
1569397722.93376
1569397723.18377
1569397723.43379
1569397723.6838
1569397723.93381
1569397724.18382
1569397724.43383
1569397724.68384
1569397724.93386
1569397725.18387
1569397725.43388
1569397725.68389
1569397725.9339
1569397726.18391
1569397726.43393
1569397726.68394
1569397726.93395
1569397727.18396
1569397727.43397
1569397727.68398
