1569400514.06298
1569400514.313
1569400514.56301
1569400514.81302
1569400515.06303
1569400515.31304
1569400515.56305
1569400515.81306
1569400516.06308
1569400516.31309
1569400516.5631
1569400516.81311
1569400517.06312
1569400517.31313
1569400517.56315
1569400517.81316
1569400518.06317
1569400518.31318
1569400518.56319
1569400518.8132
1569400519.06322
1569400519.31323
1569400519.56324
1569400519.81325
1569400520.06326
1569400520.31327
1569400520.56328
1569400520.8133
1569400521.06331
1569400521.31332
1569400521.56333
1569400521.81334
1569400522.06335
1569400522.31337
1569400522.56338
1569400522.81339
1569400523.0634
1569400523.31341
1569400523.56342
1569400523.81344
1569400524.06345
1569400524.31346
1569400524.56347
1569400524.81348
1569400525.06349
1569400525.3135
1569400525.56352
1569400525.81353
1569400526.06354
1569400526.31355
1569400526.56356
1569400526.81357
1569400527.06359
1569400527.3136
1569400527.56361
1569400527.81362
1569400528.06363
1569400528.31364
1569400528.56366
1569400528.81367
1569400529.06368
1569400529.31369
1569400529.5637
1569400529.81371
1569400530.06372
1569400530.31374
1569400530.56375
1569400530.81376
1569400531.06377
1569400531.31378
1569400531.56379
1569400531.81381
1569400532.06382
1569400532.31383
1569400532.56384
1569400532.81385
1569400533.06386
1569400533.31388
1569400533.56389
1569400533.8139
1569400534.06391
1569400534.31392
1569400534.56393
1569400534.81394
1569400535.06396
1569400535.31397
1569400535.56398
1569400535.81399
1569400536.064
1569400536.31401
1569400536.56403
1569400536.81404
1569400537.06405
1569400537.31406
1569400537.56407
1569400537.81408
1569400538.0641
1569400538.31411
1569400538.56412
1569400538.81413
1569400539.06414
1569400539.31415
1569400539.56416
1569400539.81418
1569400540.06419
1569400540.3142
1569400540.56421
1569400540.81422
1569400541.06423
1569400541.31425
1569400541.56426
1569400541.81427
1569400542.06428
1569400542.31429
1569400542.5643
1569400542.81432
1569400543.06433
1569400543.31434
1569400543.56435
1569400543.81436
1569400544.06437
1569400544.31438
1569400544.5644
1569400544.81441
1569400545.06442
1569400545.31443
1569400545.56444
1569400545.81445
1569400546.06447
1569400546.31448
1569400546.56449
1569400546.8145
1569400547.06451
1569400547.31452
1569400547.56453
1569400547.81455
1569400548.06456
1569400548.31457
1569400548.56458
1569400548.81459
1569400549.0646
1569400549.31462
1569400549.56463
1569400549.81464
1569400550.06465
1569400550.31466
1569400550.56467
1569400550.81469
1569400551.0647
1569400551.31471
1569400551.56472
1569400551.81473
1569400552.06474
1569400552.31475
1569400552.56477
1569400552.81478
1569400553.06479
1569400553.3148
1569400553.56481
1569400553.81482
1569400554.06484
1569400554.31485
1569400554.56486
1569400554.81487
1569400555.06488
1569400555.31489
1569400555.56491
1569400555.81492
1569400556.06493
1569400556.31494
1569400556.56495
1569400556.81496
1569400557.06497
1569400557.31499
1569400557.565
1569400557.81501
1569400558.06502
1569400558.31503
1569400558.56504
1569400558.81506
1569400559.06507
1569400559.31508
1569400559.56509
1569400559.8151
1569400560.06511
1569400560.31513
1569400560.56514
1569400560.81515
1569400561.06516
1569400561.31517
1569400561.56518
1569400561.81519
1569400562.06521
1569400562.31522
1569400562.56523
1569400562.81524
1569400563.06525
1569400563.31526
1569400563.56528
1569400563.81529
1569400564.0653
1569400564.31531
1569400564.56532
1569400564.81533
1569400565.06535
1569400565.31536
1569400565.56537
1569400565.81538
1569400566.06539
1569400566.3154
1569400566.56541
1569400566.81543
1569400567.06544
1569400567.31545
1569400567.56546
1569400567.81547
1569400568.06548
1569400568.3155
1569400568.56551
1569400568.81552
1569400569.06553
1569400569.31554
1569400569.56555
1569400569.81557
1569400570.06558
1569400570.31559
1569400570.5656
1569400570.81561
1569400571.06562
1569400571.31563
1569400571.56565
1569400571.81566
1569400572.06567
1569400572.31568
1569400572.56569
1569400572.8157
1569400573.06572
1569400573.31573
1569400573.56574
1569400573.81575
1569400574.06576
1569400574.31577
1569400574.56578
1569400574.8158
1569400575.06581
1569400575.31582
1569400575.56583
1569400575.81584
1569400576.06585
1569400576.31587
1569400576.56588
1569400576.81589
1569400577.0659
1569400577.31591
1569400577.56592
1569400577.81594
1569400578.06595
1569400578.31596
1569400578.56597
1569400578.81598
1569400579.06599
1569400579.316
1569400579.56602
1569400579.81603
1569400580.06604
1569400580.31605
1569400580.56606
1569400580.81607
1569400581.06609
1569400581.3161
1569400581.56611
1569400581.81612
1569400582.06613
1569400582.31614
1569400582.56616
1569400582.81617
1569400583.06618
1569400583.31619
1569400583.5662
1569400583.81621
1569400584.06622
1569400584.31624
1569400584.56625
1569400584.81626
1569400585.06627
1569400585.31628
1569400585.56629
1569400585.81631
1569400586.06632
1569400586.31633
1569400586.56634
1569400586.81635
1569400587.06636
1569400587.31638
1569400587.56639
1569400587.8164
1569400588.06641
1569400588.31642
1569400588.56643
1569400588.81644
1569400589.06646
1569400589.31647
1569400589.56648
1569400589.81649
1569400590.0665
1569400590.31651
1569400590.56653
1569400590.81654
1569400591.06655
1569400591.31656
1569400591.56657
1569400591.81658
1569400592.0666
1569400592.31661
1569400592.56662
1569400592.81663
1569400593.06664
1569400593.31665
1569400593.56666
1569400593.81668
1569400594.06669
1569400594.3167
1569400594.56671
1569400594.81672
1569400595.06673
1569400595.31675
1569400595.56676
1569400595.81677
1569400596.06678
1569400596.31679
1569400596.5668
1569400596.81682
1569400597.06683
1569400597.31684
1569400597.56685
1569400597.81686
1569400598.06687
1569400598.31688
1569400598.5669
1569400598.81691
1569400599.06692
1569400599.31693
1569400599.56694
1569400599.81695
1569400600.06697
1569400600.31698
1569400600.56699
1569400600.817
1569400601.06701
1569400601.31702
1569400601.56703
1569400601.81705
1569400602.06706
1569400602.31707
1569400602.56708
1569400602.81709
1569400603.0671
1569400603.31712
1569400603.56713
1569400603.81714
1569400604.06715
1569400604.31716
1569400604.56717
1569400604.81719
1569400605.0672
1569400605.31721
1569400605.56722
1569400605.81723
1569400606.06724
1569400606.31726
1569400606.56727
1569400606.81728
1569400607.06729
1569400607.3173
1569400607.56731
1569400607.81732
1569400608.06734
1569400608.31735
1569400608.56736
1569400608.81737
1569400609.06738
1569400609.31739
1569400609.56741
1569400609.81742
1569400610.06743
1569400610.31744
1569400610.56745
1569400610.81746
1569400611.06747
1569400611.31749
1569400611.5675
1569400611.81751
1569400612.06752
1569400612.31753
1569400612.56754
1569400612.81756
1569400613.06757
1569400613.31758
1569400613.56759
1569400613.8176
1569400614.06761
1569400614.31763
1569400614.56764
1569400614.81765
1569400615.06766
1569400615.31767
1569400615.56768
1569400615.81769
1569400616.06771
1569400616.31772
1569400616.56773
1569400616.81774
1569400617.06775
1569400617.31776
1569400617.56778
1569400617.81779
1569400618.0678
1569400618.31781
1569400618.56782
1569400618.81783
1569400619.06785
1569400619.31786
1569400619.56787
1569400619.81788
1569400620.06789
1569400620.3179
1569400620.56791
1569400620.81793
1569400621.06794
1569400621.31795
1569400621.56796
1569400621.81797
1569400622.06798
1569400622.318
1569400622.56801
1569400622.81802
1569400623.06803
1569400623.31804
1569400623.56805
1569400623.81807
1569400624.06808
1569400624.31809
1569400624.5681
1569400624.81811
1569400625.06812
1569400625.31813
1569400625.56815
1569400625.81816
1569400626.06817
1569400626.31818
1569400626.56819
1569400626.8182
1569400627.06822
1569400627.31823
1569400627.56824
1569400627.81825
1569400628.06826
1569400628.31827
1569400628.56829
1569400628.8183
1569400629.06831
1569400629.31832
1569400629.56833
1569400629.81834
1569400630.06835
1569400630.31837
1569400630.56838
1569400630.81839
1569400631.0684
1569400631.31841
1569400631.56842
1569400631.81844
1569400632.06845
1569400632.31846
1569400632.56847
1569400632.81848
1569400633.06849
1569400633.31851
1569400633.56852
1569400633.81853
1569400634.06854
1569400634.31855
1569400634.56856
1569400634.81857
1569400635.06859
1569400635.3186
1569400635.56861
1569400635.81862
1569400636.06863
1569400636.31864
1569400636.56866
1569400636.81867
1569400637.06868
1569400637.31869
1569400637.5687
1569400637.81871
1569400638.06872
1569400638.31874
1569400638.56875
1569400638.81876
1569400639.06877
1569400639.31878
1569400639.56879
1569400639.81881
1569400640.06882
1569400640.31883
1569400640.56884
1569400640.81885
1569400641.06886
1569400641.31888
1569400641.56889
1569400641.8189
1569400642.06891
1569400642.31892
1569400642.56893
1569400642.81894
1569400643.06896
1569400643.31897
1569400643.56898
1569400643.81899
1569400644.069
1569400644.31901
1569400644.56903
1569400644.81904
1569400645.06905
1569400645.31906
1569400645.56907
1569400645.81908
1569400646.0691
1569400646.31911
1569400646.56912
1569400646.81913
1569400647.06914
1569400647.31915
1569400647.56916
1569400647.81918
1569400648.06919
1569400648.3192
1569400648.56921
1569400648.81922
1569400649.06923
1569400649.31925
1569400649.56926
1569400649.81927
1569400650.06928
1569400650.31929
1569400650.5693
1569400650.81932
1569400651.06933
1569400651.31934
1569400651.56935
1569400651.81936
1569400652.06937
1569400652.31938
1569400652.5694
1569400652.81941
1569400653.06942
1569400653.31943
1569400653.56944
1569400653.81945
1569400654.06947
1569400654.31948
1569400654.56949
1569400654.8195
1569400655.06951
1569400655.31952
1569400655.56954
1569400655.81955
1569400656.06956
1569400656.31957
1569400656.56958
1569400656.81959
1569400657.0696
1569400657.31962
1569400657.56963
1569400657.81964
1569400658.06965
1569400658.31966
1569400658.56967
1569400658.81969
1569400659.0697
1569400659.31971
1569400659.56972
1569400659.81973
1569400660.06974
1569400660.31976
1569400660.56977
1569400660.81978
1569400661.06979
1569400661.3198
1569400661.56981
1569400661.81982
1569400662.06984
1569400662.31985
1569400662.56986
1569400662.81987
1569400663.06988
1569400663.31989
1569400663.56991
1569400663.81992
1569400664.06993
1569400664.31994
1569400664.56995
1569400664.81996
1569400665.06998
1569400665.31999
1569400665.57
1569400665.82001
1569400666.07002
1569400666.32003
1569400666.57004
1569400666.82006
1569400667.07007
1569400667.32008
1569400667.57009
1569400667.8201
1569400668.07011
1569400668.32013
1569400668.57014
1569400668.82015
1569400669.07016
1569400669.32017
1569400669.57018
1569400669.82019
1569400670.07021
1569400670.32022
1569400670.57023
1569400670.82024
1569400671.07025
1569400671.32026
1569400671.57028
1569400671.82029
1569400672.0703
1569400672.32031
1569400672.57032
1569400672.82033
1569400673.07035
1569400673.32036
1569400673.57037
1569400673.82038
1569400674.07039
1569400674.3204
1569400674.57041
1569400674.82043
1569400675.07044
1569400675.32045
1569400675.57046
1569400675.82047
1569400676.07048
1569400676.3205
1569400676.57051
1569400676.82052
1569400677.07053
1569400677.32054
1569400677.57055
1569400677.82057
1569400678.07058
1569400678.32059
1569400678.5706
1569400678.82061
1569400679.07062
1569400679.32063
1569400679.57065
1569400679.82066
1569400680.07067
1569400680.32068
1569400680.57069
1569400680.8207
1569400681.07072
1569400681.32073
1569400681.57074
1569400681.82075
1569400682.07076
1569400682.32077
1569400682.57079
1569400682.8208
1569400683.07081
1569400683.32082
1569400683.57083
1569400683.82084
1569400684.07085
1569400684.32087
1569400684.57088
1569400684.82089
1569400685.0709
1569400685.32091
1569400685.57092
1569400685.82094
1569400686.07095
1569400686.32096
1569400686.57097
1569400686.82098
1569400687.07099
1569400687.32101
1569400687.57102
1569400687.82103
1569400688.07104
1569400688.32105
1569400688.57106
1569400688.82107
1569400689.07109
1569400689.3211
1569400689.57111
1569400689.82112
1569400690.07113
1569400690.32114
1569400690.57116
1569400690.82117
1569400691.07118
1569400691.32119
1569400691.5712
1569400691.82121
1569400692.07123
1569400692.32124
1569400692.57125
1569400692.82126
1569400693.07127
1569400693.32128
1569400693.57129
1569400693.82131
1569400694.07132
1569400694.32133
1569400694.57134
1569400694.82135
1569400695.07136
1569400695.32138
1569400695.57139
1569400695.8214
1569400696.07141
1569400696.32142
1569400696.57143
1569400696.82144
1569400697.07146
1569400697.32147
1569400697.57148
1569400697.82149
1569400698.0715
1569400698.32151
1569400698.57153
1569400698.82154
1569400699.07155
1569400699.32156
1569400699.57157
1569400699.82158
1569400700.0716
1569400700.32161
1569400700.57162
1569400700.82163
1569400701.07164
1569400701.32165
1569400701.57167
1569400701.82168
1569400702.07169
1569400702.3217
1569400702.57171
1569400702.82172
1569400703.07173
1569400703.32175
1569400703.57176
1569400703.82177
1569400704.07178
1569400704.32179
1569400704.5718
1569400704.82182
1569400705.07183
1569400705.32184
1569400705.57185
1569400705.82186
1569400706.07187
1569400706.32188
1569400706.5719
1569400706.82191
1569400707.07192
1569400707.32193
1569400707.57194
1569400707.82195
1569400708.07197
1569400708.32198
1569400708.57199
1569400708.822
1569400709.07201
1569400709.32202
1569400709.57204
1569400709.82205
1569400710.07206
1569400710.32207
1569400710.57208
1569400710.82209
1569400711.0721
1569400711.32212
1569400711.57213
1569400711.82214
1569400712.07215
1569400712.32216
1569400712.57217
1569400712.82219
1569400713.0722
1569400713.32221
1569400713.57222
1569400713.82223
1569400714.07224
1569400714.32226
1569400714.57227
1569400714.82228
1569400715.07229
1569400715.3223
1569400715.57231
1569400715.82232
1569400716.07234
1569400716.32235
1569400716.57236
1569400716.82237
1569400717.07238
1569400717.32239
1569400717.57241
1569400717.82242
1569400718.07243
1569400718.32244
1569400718.57245
1569400718.82246
1569400719.07248
1569400719.32249
1569400719.5725
1569400719.82251
1569400720.07252
1569400720.32253
1569400720.57254
1569400720.82256
1569400721.07257
1569400721.32258
1569400721.57259
1569400721.8226
1569400722.07261
1569400722.32263
1569400722.57264
1569400722.82265
1569400723.07266
1569400723.32267
1569400723.57268
1569400723.8227
1569400724.07271
1569400724.32272
1569400724.57273
1569400724.82274
1569400725.07275
1569400725.32276
1569400725.57278
1569400725.82279
1569400726.0728
1569400726.32281
1569400726.57282
1569400726.82283
1569400727.07285
1569400727.32286
1569400727.57287
1569400727.82288
1569400728.07289
1569400728.3229
1569400728.57292
1569400728.82293
1569400729.07294
1569400729.32295
1569400729.57296
1569400729.82297
1569400730.07298
1569400730.323
1569400730.57301
1569400730.82302
1569400731.07303
1569400731.32304
1569400731.57305
1569400731.82307
1569400732.07308
1569400732.32309
1569400732.5731
1569400732.82311
1569400733.07312
1569400733.32313
1569400733.57315
1569400733.82316
1569400734.07317
1569400734.32318
1569400734.57319
1569400734.8232
1569400735.07322
1569400735.32323
1569400735.57324
1569400735.82325
1569400736.07326
1569400736.32327
1569400736.57329
1569400736.8233
1569400737.07331
1569400737.32332
1569400737.57333
1569400737.82334
1569400738.07335
1569400738.32337
1569400738.57338
1569400738.82339
1569400739.0734
1569400739.32341
1569400739.57342
1569400739.82344
1569400740.07345
1569400740.32346
1569400740.57347
1569400740.82348
1569400741.07349
1569400741.32351
1569400741.57352
1569400741.82353
1569400742.07354
1569400742.32355
1569400742.57356
1569400742.82357
1569400743.07359
1569400743.3236
1569400743.57361
1569400743.82362
1569400744.07363
1569400744.32364
1569400744.57366
1569400744.82367
1569400745.07368
1569400745.32369
1569400745.5737
1569400745.82371
1569400746.07373
1569400746.32374
1569400746.57375
1569400746.82376
1569400747.07377
1569400747.32378
1569400747.57379
1569400747.82381
1569400748.07382
1569400748.32383
1569400748.57384
1569400748.82385
1569400749.07386
1569400749.32388
1569400749.57389
1569400749.8239
1569400750.07391
1569400750.32392
1569400750.57393
1569400750.82395
1569400751.07396
1569400751.32397
1569400751.57398
1569400751.82399
1569400752.074
1569400752.32401
1569400752.57403
1569400752.82404
1569400753.07405
1569400753.32406
1569400753.57407
1569400753.82408
1569400754.0741
1569400754.32411
1569400754.57412
1569400754.82413
1569400755.07414
1569400755.32415
1569400755.57417
1569400755.82418
1569400756.07419
1569400756.3242
1569400756.57421
1569400756.82422
1569400757.07423
1569400757.32425
1569400757.57426
1569400757.82427
1569400758.07428
1569400758.32429
1569400758.5743
1569400758.82432
1569400759.07433
1569400759.32434
1569400759.57435
1569400759.82436
1569400760.07437
1569400760.32438
1569400760.5744
1569400760.82441
1569400761.07442
1569400761.32443
1569400761.57444
1569400761.82445
1569400762.07447
1569400762.32448
1569400762.57449
1569400762.8245
1569400763.07451
1569400763.32452
1569400763.57454
1569400763.82455
1569400764.07456
1569400764.32457
1569400764.57458
1569400764.82459
1569400765.0746
1569400765.32462
1569400765.57463
1569400765.82464
1569400766.07465
1569400766.32466
1569400766.57467
1569400766.82469
1569400767.0747
1569400767.32471
1569400767.57472
1569400767.82473
1569400768.07474
1569400768.32476
1569400768.57477
1569400768.82478
1569400769.07479
1569400769.3248
1569400769.57481
1569400769.82482
1569400770.07484
1569400770.32485
1569400770.57486
1569400770.82487
1569400771.07488
1569400771.32489
1569400771.57491
1569400771.82492
1569400772.07493
1569400772.32494
1569400772.57495
1569400772.82496
1569400773.07498
1569400773.32499
1569400773.575
1569400773.82501
1569400774.07502
1569400774.32503
1569400774.57504
1569400774.82506
1569400775.07507
1569400775.32508
1569400775.57509
1569400775.8251
1569400776.07511
1569400776.32513
1569400776.57514
1569400776.82515
1569400777.07516
1569400777.32517
1569400777.57518
1569400777.8252
1569400778.07521
1569400778.32522
1569400778.57523
1569400778.82524
1569400779.07525
1569400779.32526
1569400779.57528
1569400779.82529
1569400780.0753
1569400780.32531
1569400780.57532
1569400780.82533
1569400781.07535
1569400781.32536
1569400781.57537
1569400781.82538
1569400782.07539
1569400782.3254
1569400782.57542
1569400782.82543
1569400783.07544
1569400783.32545
1569400783.57546
1569400783.82547
1569400784.07548
1569400784.3255
1569400784.57551
1569400784.82552
1569400785.07553
1569400785.32554
1569400785.57555
1569400785.82557
1569400786.07558
1569400786.32559
1569400786.5756
1569400786.82561
1569400787.07562
1569400787.32564
1569400787.57565
1569400787.82566
1569400788.07567
1569400788.32568
1569400788.57569
1569400788.8257
1569400789.07572
1569400789.32573
1569400789.57574
1569400789.82575
1569400790.07576
1569400790.32577
1569400790.57579
1569400790.8258
1569400791.07581
1569400791.32582
1569400791.57583
1569400791.82584
1569400792.07586
1569400792.32587
1569400792.57588
1569400792.82589
1569400793.0759
1569400793.32591
1569400793.57592
1569400793.82594
1569400794.07595
1569400794.32596
1569400794.57597
1569400794.82598
1569400795.07599
1569400795.32601
1569400795.57602
1569400795.82603
1569400796.07604
1569400796.32605
1569400796.57606
1569400796.82607
1569400797.07609
1569400797.3261
1569400797.57611
1569400797.82612
1569400798.07613
1569400798.32614
1569400798.57616
1569400798.82617
1569400799.07618
1569400799.32619
1569400799.5762
1569400799.82621
1569400800.07623
1569400800.32624
1569400800.57625
1569400800.82626
1569400801.07627
1569400801.32628
1569400801.57629
1569400801.82631
1569400802.07632
1569400802.32633
1569400802.57634
1569400802.82635
1569400803.07636
1569400803.32638
1569400803.57639
1569400803.8264
1569400804.07641
1569400804.32642
1569400804.57643
1569400804.82645
1569400805.07646
1569400805.32647
1569400805.57648
1569400805.82649
1569400806.0765
1569400806.32651
1569400806.57653
1569400806.82654
1569400807.07655
1569400807.32656
1569400807.57657
1569400807.82658
1569400808.0766
1569400808.32661
1569400808.57662
1569400808.82663
1569400809.07664
1569400809.32665
1569400809.57667
1569400809.82668
1569400810.07669
1569400810.3267
1569400810.57671
1569400810.82672
1569400811.07673
1569400811.32675
1569400811.57676
1569400811.82677
1569400812.07678
1569400812.32679
1569400812.5768
1569400812.82682
1569400813.07683
1569400813.32684
1569400813.57685
1569400813.82686
