1570528343.233
1570528343.483
1570528343.733
1570528343.983
1570528344.233
1570528344.483
1570528344.733
1570528344.983
1570528345.233
1570528345.483
1570528345.733
1570528345.983
1570528346.233
1570528346.483
1570528346.733
1570528346.983
1570528347.233
1570528347.483
1570528347.733
1570528347.983
1570528348.233
1570528348.483
1570528348.733
1570528348.983
1570528349.233
1570528349.483
1570528349.733
1570528349.983
1570528350.233
1570528350.483
1570528350.733
1570528350.983
1570528351.233
1570528351.483
1570528351.733
1570528351.983
1570528352.233
1570528352.483
1570528352.733
1570528352.983
1570528353.233
1570528353.483
1570528353.733
1570528353.983
1570528354.233
1570528354.483
1570528354.733
1570528354.983
1570528355.233
1570528355.483
1570528355.733
1570528355.983
1570528356.233
1570528356.483
1570528356.733
1570528356.983
1570528357.233
1570528357.483
1570528357.733
1570528357.983
1570528358.233
1570528358.483
1570528358.733
1570528358.983
1570528359.233
1570528359.483
1570528359.733
1570528359.983
1570528360.233
1570528360.483
1570528360.733
1570528360.983
1570528361.233
1570528361.483
1570528361.733
1570528361.983
1570528362.233
1570528362.483
1570528362.733
1570528362.983
1570528363.233
1570528363.483
1570528363.733
1570528363.983
1570528364.233
1570528364.483
1570528364.733
1570528364.983
1570528365.233
1570528365.483
1570528365.733
1570528365.983
1570528366.233
1570528366.483
1570528366.733
1570528366.983
1570528367.233
1570528367.483
1570528367.733
1570528367.983
1570528368.233
1570528368.483
1570528368.733
1570528368.983
1570528369.233
1570528369.483
1570528369.733
1570528369.983
1570528370.233
1570528370.483
1570528370.733
1570528370.983
1570528371.233
1570528371.483
1570528371.733
1570528371.983
1570528372.233
1570528372.483
1570528372.733
1570528372.983
1570528373.233
1570528373.483
1570528373.733
1570528373.983
1570528374.233
1570528374.483
1570528374.733
1570528374.983
1570528375.233
1570528375.483
1570528375.733
1570528375.983
1570528376.233
1570528376.483
1570528376.733
1570528376.983
1570528377.233
1570528377.483
1570528377.733
1570528377.983
1570528378.233
1570528378.483
1570528378.733
1570528378.983
1570528379.233
1570528379.483
1570528379.733
1570528379.983
1570528380.233
1570528380.483
1570528380.733
1570528380.983
1570528381.233
1570528381.483
1570528381.733
1570528381.983
1570528382.233
1570528382.483
1570528382.733
1570528382.983
1570528383.233
1570528383.483
1570528383.733
1570528383.983
1570528384.233
1570528384.483
1570528384.733
1570528384.983
1570528385.233
1570528385.483
1570528385.733
1570528385.983
1570528386.233
1570528386.483
1570528386.733
1570528386.983
1570528387.233
1570528387.483
1570528387.733
1570528387.983
1570528388.233
1570528388.483
1570528388.733
1570528388.983
1570528389.233
1570528389.483
1570528389.733
1570528389.983
1570528390.233
1570528390.483
1570528390.733
1570528390.983
1570528391.233
1570528391.483
1570528391.733
1570528391.983
1570528392.233
1570528392.483
1570528392.733
1570528392.983
1570528393.233
1570528393.483
1570528393.733
1570528393.983
1570528394.233
1570528394.483
1570528394.733
1570528394.983
1570528395.233
1570528395.483
1570528395.733
1570528395.983
1570528396.233
1570528396.483
1570528396.733
1570528396.983
1570528397.233
1570528397.483
1570528397.733
1570528397.983
1570528398.233
1570528398.483
1570528398.733
1570528398.983
1570528399.233
1570528399.483
1570528399.733
1570528399.983
1570528400.233
1570528400.483
1570528400.733
1570528400.983
1570528401.233
1570528401.483
1570528401.733
1570528401.983
1570528402.233
1570528402.483
1570528402.733
1570528402.983
1570528403.233
1570528403.483
1570528403.733
1570528403.983
1570528404.233
1570528404.483
1570528404.733
1570528404.983
1570528405.233
1570528405.483
1570528405.733
1570528405.983
1570528406.233
1570528406.483
1570528406.733
1570528406.983
1570528407.233
1570528407.483
1570528407.733
1570528407.983
1570528408.233
1570528408.483
1570528408.733
1570528408.983
1570528409.233
1570528409.483
1570528409.733
1570528409.983
1570528410.233
1570528410.483
1570528410.733
1570528410.983
1570528411.233
1570528411.483
1570528411.733
1570528411.983
1570528412.233
1570528412.483
1570528412.733
1570528412.983
1570528413.233
1570528413.483
1570528413.733
1570528413.983
1570528414.233
1570528414.483
1570528414.733
1570528414.983
1570528415.233
1570528415.483
1570528415.733
1570528415.983
1570528416.233
1570528416.483
1570528416.733
1570528416.983
1570528417.233
1570528417.483
1570528417.733
1570528417.983
1570528418.233
1570528418.483
1570528418.733
1570528418.983
1570528419.233
1570528419.483
1570528419.733
1570528419.983
1570528420.233
1570528420.483
1570528420.733
1570528420.983
1570528421.233
1570528421.483
1570528421.733
1570528421.983
1570528422.233
1570528422.483
1570528422.733
1570528422.983
1570528423.233
1570528423.483
1570528423.733
1570528423.983
1570528424.233
1570528424.483
1570528424.733
1570528424.983
1570528425.233
1570528425.483
1570528425.733
1570528425.983
1570528426.233
1570528426.483
1570528426.733
1570528426.983
1570528427.233
1570528427.483
1570528427.733
1570528427.983
1570528428.233
1570528428.483
1570528428.733
1570528428.983
1570528429.233
1570528429.483
1570528429.733
1570528429.983
1570528430.233
1570528430.483
1570528430.733
1570528430.983
1570528431.233
1570528431.483
1570528431.733
1570528431.983
1570528432.233
1570528432.483
1570528432.733
1570528432.983
1570528433.233
1570528433.483
1570528433.733
1570528433.983
1570528434.233
1570528434.483
1570528434.733
1570528434.983
1570528435.233
1570528435.483
1570528435.733
1570528435.983
1570528436.233
1570528436.483
1570528436.733
1570528436.983
1570528437.233
1570528437.483
1570528437.733
1570528437.983
1570528438.233
1570528438.483
1570528438.733
1570528438.983
1570528439.233
1570528439.483
1570528439.733
1570528439.983
1570528440.233
1570528440.483
1570528440.733
1570528440.983
1570528441.233
1570528441.483
1570528441.733
1570528441.983
1570528442.233
1570528442.483
1570528442.733
1570528442.983
1570528443.233
1570528443.483
1570528443.733
1570528443.983
1570528444.233
1570528444.483
1570528444.733
1570528444.983
1570528445.233
1570528445.483
1570528445.733
1570528445.983
1570528446.233
1570528446.483
1570528446.733
1570528446.983
1570528447.233
1570528447.483
1570528447.733
1570528447.983
1570528448.233
1570528448.483
1570528448.733
1570528448.983
1570528449.233
1570528449.483
1570528449.733
1570528449.983
1570528450.233
1570528450.483
1570528450.733
1570528450.983
1570528451.233
1570528451.483
1570528451.733
1570528451.983
1570528452.233
1570528452.483
1570528452.733
1570528452.983
1570528453.233
1570528453.483
1570528453.733
1570528453.983
1570528454.233
1570528454.483
1570528454.733
1570528454.983
1570528455.233
1570528455.483
1570528455.733
1570528455.983
1570528456.233
1570528456.483
1570528456.733
1570528456.983
1570528457.233
1570528457.483
1570528457.733
1570528457.983
1570528458.233
1570528458.483
1570528458.733
1570528458.983
1570528459.233
1570528459.483
1570528459.733
1570528459.983
1570528460.233
1570528460.483
1570528460.733
1570528460.983
1570528461.233
1570528461.483
1570528461.733
1570528461.983
1570528462.233
1570528462.483
1570528462.733
1570528462.983
1570528463.233
1570528463.483
1570528463.733
1570528463.983
1570528464.233
1570528464.483
1570528464.733
1570528464.983
1570528465.233
1570528465.483
1570528465.733
1570528465.983
1570528466.233
1570528466.483
1570528466.733
1570528466.983
1570528467.233
1570528467.483
1570528467.733
1570528467.983
1570528468.233
1570528468.483
1570528468.733
1570528468.983
1570528469.233
1570528469.483
1570528469.733
1570528469.983
1570528470.233
1570528470.483
1570528470.733
1570528470.983
1570528471.233
1570528471.483
1570528471.733
1570528471.983
1570528472.233
1570528472.483
1570528472.733
1570528472.983
1570528473.233
1570528473.483
1570528473.733
1570528473.983
1570528474.233
1570528474.483
1570528474.733
1570528474.983
1570528475.233
1570528475.483
1570528475.733
1570528475.983
1570528476.233
1570528476.483
1570528476.733
1570528476.983
1570528477.233
1570528477.483
1570528477.733
1570528477.983
1570528478.233
1570528478.483
1570528478.733
1570528478.983
1570528479.233
1570528479.483
1570528479.733
1570528479.983
1570528480.233
1570528480.483
1570528480.733
1570528480.983
1570528481.233
1570528481.483
1570528481.733
1570528481.983
1570528482.233
1570528482.483
1570528482.733
1570528482.983
1570528483.233
1570528483.483
1570528483.733
1570528483.983
1570528484.233
1570528484.483
1570528484.733
1570528484.983
1570528485.233
1570528485.483
1570528485.733
1570528485.983
1570528486.233
1570528486.483
1570528486.733
1570528486.983
1570528487.233
1570528487.483
1570528487.733
1570528487.983
1570528488.233
1570528488.483
1570528488.733
1570528488.983
1570528489.233
1570528489.483
1570528489.733
1570528489.983
1570528490.233
1570528490.483
1570528490.733
1570528490.983
1570528491.233
1570528491.483
1570528491.733
1570528491.983
1570528492.233
1570528492.483
1570528492.733
1570528492.983
1570528493.233
1570528493.483
1570528493.733
1570528493.983
1570528494.233
1570528494.483
1570528494.733
1570528494.983
1570528495.233
1570528495.483
1570528495.733
1570528495.983
1570528496.233
1570528496.483
1570528496.733
1570528496.983
1570528497.233
1570528497.483
1570528497.733
1570528497.983
1570528498.233
1570528498.483
1570528498.733
1570528498.983
1570528499.233
1570528499.483
1570528499.733
1570528499.983
1570528500.233
1570528500.483
1570528500.733
1570528500.983
1570528501.233
1570528501.483
1570528501.733
1570528501.983
1570528502.233
1570528502.483
1570528502.733
1570528502.983
1570528503.233
1570528503.483
1570528503.733
1570528503.983
1570528504.233
1570528504.483
1570528504.733
1570528504.983
1570528505.233
1570528505.483
1570528505.733
1570528505.983
1570528506.233
1570528506.483
1570528506.733
1570528506.983
1570528507.233
1570528507.483
1570528507.733
1570528507.983
1570528508.233
1570528508.483
1570528508.733
1570528508.983
1570528509.233
1570528509.483
1570528509.733
1570528509.983
1570528510.233
1570528510.483
1570528510.733
1570528510.983
1570528511.233
1570528511.483
1570528511.733
1570528511.983
1570528512.233
1570528512.483
1570528512.733
1570528512.983
1570528513.233
1570528513.483
1570528513.733
1570528513.983
1570528514.233
1570528514.483
1570528514.733
1570528514.983
1570528515.233
1570528515.483
1570528515.733
1570528515.983
1570528516.233
1570528516.483
1570528516.733
1570528516.983
1570528517.233
1570528517.483
1570528517.733
1570528517.983
1570528518.233
1570528518.483
1570528518.733
1570528518.983
1570528519.233
1570528519.483
1570528519.733
1570528519.983
1570528520.233
1570528520.483
1570528520.733
1570528520.983
1570528521.233
1570528521.483
1570528521.733
1570528521.983
1570528522.233
1570528522.483
1570528522.733
1570528522.983
1570528523.233
1570528523.483
1570528523.733
1570528523.983
1570528524.233
1570528524.483
1570528524.733
1570528524.983
1570528525.233
1570528525.483
1570528525.733
1570528525.983
1570528526.233
1570528526.483
1570528526.733
1570528526.983
1570528527.233
1570528527.483
1570528527.733
1570528527.983
1570528528.233
1570528528.483
1570528528.733
1570528528.983
1570528529.233
1570528529.483
1570528529.733
1570528529.983
1570528530.233
1570528530.483
1570528530.733
1570528530.983
1570528531.233
1570528531.483
1570528531.733
1570528531.983
1570528532.233
1570528532.483
1570528532.733
1570528532.983
1570528533.233
1570528533.483
1570528533.733
1570528533.983
1570528534.233
1570528534.483
1570528534.733
1570528534.983
1570528535.233
1570528535.483
1570528535.733
1570528535.983
1570528536.233
1570528536.483
1570528536.733
1570528536.983
1570528537.233
1570528537.483
1570528537.733
1570528537.983
1570528538.233
1570528538.483
1570528538.733
1570528538.983
1570528539.233
1570528539.483
1570528539.733
1570528539.983
1570528540.233
1570528540.483
1570528540.733
1570528540.983
1570528541.233
1570528541.483
1570528541.733
1570528541.983
1570528542.233
1570528542.483
1570528542.733
1570528542.983
1570528543.233
1570528543.483
1570528543.733
1570528543.983
1570528544.233
1570528544.483
1570528544.733
1570528544.983
1570528545.233
1570528545.483
1570528545.733
1570528545.983
1570528546.233
1570528546.483
1570528546.733
1570528546.983
1570528547.233
1570528547.483
1570528547.733
1570528547.983
1570528548.233
1570528548.483
1570528548.733
1570528548.983
1570528549.233
1570528549.483
1570528549.733
1570528549.983
1570528550.233
1570528550.483
1570528550.733
1570528550.983
1570528551.233
1570528551.483
1570528551.733
1570528551.983
1570528552.233
1570528552.483
1570528552.733
1570528552.983
1570528553.233
1570528553.483
1570528553.733
1570528553.983
1570528554.233
1570528554.483
1570528554.733
1570528554.983
1570528555.233
1570528555.483
1570528555.733
1570528555.983
1570528556.233
1570528556.483
1570528556.733
1570528556.983
1570528557.233
1570528557.483
1570528557.733
1570528557.983
1570528558.233
1570528558.483
1570528558.733
1570528558.983
1570528559.233
1570528559.483
1570528559.733
1570528559.983
1570528560.233
1570528560.483
1570528560.733
1570528560.983
1570528561.233
1570528561.483
1570528561.733
1570528561.983
1570528562.233
1570528562.483
1570528562.733
1570528562.983
1570528563.233
1570528563.483
1570528563.733
1570528563.983
1570528564.233
1570528564.483
1570528564.733
1570528564.983
1570528565.233
1570528565.483
1570528565.733
1570528565.983
1570528566.233
1570528566.483
1570528566.733
1570528566.983
1570528567.233
1570528567.483
1570528567.733
1570528567.983
1570528568.233
1570528568.483
1570528568.733
1570528568.983
1570528569.233
1570528569.483
1570528569.733
1570528569.983
1570528570.233
1570528570.483
1570528570.733
1570528570.983
1570528571.233
1570528571.483
1570528571.733
1570528571.983
1570528572.233
1570528572.483
1570528572.733
1570528572.983
1570528573.233
1570528573.483
1570528573.733
1570528573.983
1570528574.233
1570528574.483
1570528574.733
1570528574.983
1570528575.233
1570528575.483
1570528575.733
1570528575.983
1570528576.233
1570528576.483
1570528576.733
1570528576.983
1570528577.233
1570528577.483
1570528577.733
1570528577.983
1570528578.233
1570528578.483
1570528578.733
1570528578.983
1570528579.233
1570528579.483
1570528579.733
1570528579.983
1570528580.233
1570528580.483
1570528580.733
1570528580.983
1570528581.233
1570528581.483
1570528581.733
1570528581.983
1570528582.233
1570528582.483
1570528582.733
1570528582.983
1570528583.233
1570528583.483
1570528583.733
1570528583.983
1570528584.233
1570528584.483
1570528584.733
1570528584.983
1570528585.233
1570528585.483
1570528585.733
1570528585.983
1570528586.233
1570528586.483
1570528586.733
1570528586.983
1570528587.233
1570528587.483
1570528587.733
1570528587.983
1570528588.233
1570528588.483
1570528588.733
1570528588.983
1570528589.233
1570528589.483
1570528589.733
1570528589.983
1570528590.233
1570528590.483
1570528590.733
1570528590.983
1570528591.233
1570528591.483
1570528591.733
1570528591.983
1570528592.233
1570528592.483
1570528592.733
1570528592.983
1570528593.233
1570528593.483
1570528593.733
1570528593.983
1570528594.233
1570528594.483
1570528594.733
1570528594.983
1570528595.233
1570528595.483
1570528595.733
1570528595.983
1570528596.233
1570528596.483
1570528596.733
1570528596.983
1570528597.233
1570528597.483
1570528597.733
1570528597.983
1570528598.233
1570528598.483
1570528598.733
1570528598.983
1570528599.233
1570528599.483
1570528599.733
1570528599.983
1570528600.233
1570528600.483
1570528600.733
1570528600.983
1570528601.233
1570528601.483
1570528601.733
1570528601.983
1570528602.233
1570528602.483
1570528602.733
1570528602.983
1570528603.233
1570528603.483
1570528603.733
1570528603.983
1570528604.233
1570528604.483
1570528604.733
1570528604.983
1570528605.233
1570528605.483
1570528605.733
1570528605.983
1570528606.233
1570528606.483
1570528606.733
1570528606.983
1570528607.233
1570528607.483
1570528607.733
1570528607.983
1570528608.233
1570528608.483
1570528608.733
1570528608.983
1570528609.233
1570528609.483
1570528609.733
1570528609.983
1570528610.233
1570528610.483
1570528610.733
1570528610.983
1570528611.233
1570528611.483
1570528611.733
1570528611.983
1570528612.233
1570528612.483
1570528612.733
1570528612.983
1570528613.233
1570528613.483
1570528613.733
1570528613.983
1570528614.233
1570528614.483
1570528614.733
1570528614.983
1570528615.233
1570528615.483
1570528615.733
1570528615.983
1570528616.233
1570528616.483
1570528616.733
1570528616.983
1570528617.233
1570528617.483
1570528617.733
1570528617.983
1570528618.233
1570528618.483
1570528618.733
1570528618.983
1570528619.233
1570528619.483
1570528619.733
1570528619.983
1570528620.233
1570528620.483
1570528620.733
1570528620.983
1570528621.233
1570528621.483
1570528621.733
1570528621.983
1570528622.233
1570528622.483
1570528622.733
1570528622.983
1570528623.233
1570528623.483
1570528623.733
1570528623.983
1570528624.233
1570528624.483
1570528624.733
1570528624.983
1570528625.233
1570528625.483
1570528625.733
1570528625.983
1570528626.233
1570528626.483
1570528626.733
1570528626.983
1570528627.233
1570528627.483
1570528627.733
1570528627.983
1570528628.233
1570528628.483
1570528628.733
1570528628.983
1570528629.233
1570528629.483
1570528629.733
1570528629.983
1570528630.233
1570528630.483
1570528630.733
1570528630.983
1570528631.233
1570528631.483
1570528631.733
1570528631.983
1570528632.233
1570528632.483
1570528632.733
1570528632.983
1570528633.233
1570528633.483
1570528633.733
1570528633.983
1570528634.233
1570528634.483
1570528634.733
1570528634.983
1570528635.233
1570528635.483
1570528635.733
1570528635.983
1570528636.233
1570528636.483
1570528636.733
1570528636.983
1570528637.233
1570528637.483
1570528637.733
1570528637.983
1570528638.233
1570528638.483
1570528638.733
1570528638.983
1570528639.233
1570528639.483
1570528639.733
1570528639.983
1570528640.233
1570528640.483
1570528640.733
1570528640.983
1570528641.233
1570528641.483
1570528641.733
1570528641.983
1570528642.233
1570528642.483
1570528642.733
1570528642.983
1570528643.233
1570528643.483
1570528643.733
1570528643.983
