1570529096.233
1570529096.483
1570529096.733
1570529096.983
1570529097.233
1570529097.483
1570529097.733
1570529097.983
1570529098.233
1570529098.483
1570529098.733
1570529098.983
1570529099.233
1570529099.483
1570529099.733
1570529099.983
1570529100.233
1570529100.483
1570529100.733
1570529100.983
1570529101.233
1570529101.483
1570529101.733
1570529101.983
1570529102.233
1570529102.483
1570529102.733
1570529102.983
1570529103.233
1570529103.483
1570529103.733
1570529103.983
1570529104.233
1570529104.483
1570529104.733
1570529104.983
1570529105.233
1570529105.483
1570529105.733
1570529105.983
1570529106.233
1570529106.483
1570529106.733
1570529106.983
1570529107.233
1570529107.483
1570529107.733
1570529107.983
1570529108.233
1570529108.483
1570529108.733
1570529108.983
1570529109.233
1570529109.483
1570529109.733
1570529109.983
1570529110.233
1570529110.483
1570529110.733
1570529110.983
1570529111.233
1570529111.483
1570529111.733
1570529111.983
1570529112.233
1570529112.483
1570529112.733
1570529112.983
1570529113.233
1570529113.483
1570529113.733
1570529113.983
1570529114.233
1570529114.483
1570529114.733
1570529114.983
1570529115.233
1570529115.483
1570529115.733
1570529115.983
1570529116.233
1570529116.483
1570529116.733
1570529116.983
1570529117.233
1570529117.483
1570529117.733
1570529117.983
1570529118.233
1570529118.483
1570529118.733
1570529118.983
1570529119.233
1570529119.483
1570529119.733
1570529119.983
1570529120.233
1570529120.483
1570529120.733
1570529120.983
1570529121.233
1570529121.483
1570529121.733
1570529121.983
1570529122.233
1570529122.483
1570529122.733
1570529122.983
1570529123.233
1570529123.483
1570529123.733
1570529123.983
1570529124.233
1570529124.483
1570529124.733
1570529124.983
1570529125.233
1570529125.483
1570529125.733
1570529125.983
1570529126.233
1570529126.483
1570529126.733
1570529126.983
1570529127.233
1570529127.483
1570529127.733
1570529127.983
1570529128.233
1570529128.483
1570529128.733
1570529128.983
1570529129.233
1570529129.483
1570529129.733
1570529129.983
1570529130.233
1570529130.483
1570529130.733
1570529130.983
1570529131.233
1570529131.483
1570529131.733
1570529131.983
1570529132.233
1570529132.483
1570529132.733
1570529132.983
1570529133.233
1570529133.483
1570529133.733
1570529133.983
1570529134.233
1570529134.483
1570529134.733
1570529134.983
1570529135.233
1570529135.483
1570529135.733
1570529135.983
1570529136.233
1570529136.483
1570529136.733
1570529136.983
1570529137.233
1570529137.483
1570529137.733
1570529137.983
1570529138.233
1570529138.483
1570529138.733
1570529138.983
1570529139.233
1570529139.483
1570529139.733
1570529139.983
1570529140.233
1570529140.483
1570529140.733
1570529140.983
1570529141.233
1570529141.483
1570529141.733
1570529141.983
1570529142.233
1570529142.483
1570529142.733
1570529142.983
1570529143.233
1570529143.483
1570529143.733
1570529143.983
1570529144.233
1570529144.483
1570529144.733
1570529144.983
1570529145.233
1570529145.483
1570529145.733
1570529145.983
1570529146.233
1570529146.483
1570529146.733
1570529146.983
1570529147.233
1570529147.483
1570529147.733
1570529147.983
1570529148.233
1570529148.483
1570529148.733
1570529148.983
1570529149.233
1570529149.483
1570529149.733
1570529149.983
1570529150.233
1570529150.483
1570529150.733
1570529150.983
1570529151.233
1570529151.483
1570529151.733
1570529151.983
1570529152.233
1570529152.483
1570529152.733
1570529152.983
1570529153.233
1570529153.483
1570529153.733
1570529153.983
1570529154.233
1570529154.483
1570529154.733
1570529154.983
1570529155.233
1570529155.483
1570529155.733
1570529155.983
1570529156.233
1570529156.483
1570529156.733
1570529156.983
1570529157.233
1570529157.483
1570529157.733
1570529157.983
1570529158.233
1570529158.483
1570529158.733
1570529158.983
1570529159.233
1570529159.483
1570529159.733
1570529159.983
1570529160.233
1570529160.483
1570529160.733
1570529160.983
1570529161.233
1570529161.483
1570529161.733
1570529161.983
1570529162.233
1570529162.483
1570529162.733
1570529162.983
1570529163.233
1570529163.483
1570529163.733
1570529163.983
1570529164.233
1570529164.483
1570529164.733
1570529164.983
1570529165.233
1570529165.483
1570529165.733
1570529165.983
1570529166.233
1570529166.483
1570529166.733
1570529166.983
1570529167.233
1570529167.483
1570529167.733
1570529167.983
1570529168.233
1570529168.483
1570529168.733
1570529168.983
1570529169.233
1570529169.483
1570529169.733
1570529169.983
1570529170.233
1570529170.483
1570529170.733
1570529170.983
1570529171.233
1570529171.483
1570529171.733
1570529171.983
1570529172.233
1570529172.483
1570529172.733
1570529172.983
1570529173.233
1570529173.483
1570529173.733
1570529173.983
1570529174.233
1570529174.483
1570529174.733
1570529174.983
1570529175.233
1570529175.483
1570529175.733
1570529175.983
1570529176.233
1570529176.483
1570529176.733
1570529176.983
1570529177.233
1570529177.483
1570529177.733
1570529177.983
1570529178.233
1570529178.483
1570529178.733
1570529178.983
1570529179.233
1570529179.483
1570529179.733
1570529179.983
1570529180.233
1570529180.483
1570529180.733
1570529180.983
1570529181.233
1570529181.483
1570529181.733
1570529181.983
1570529182.233
1570529182.483
1570529182.733
1570529182.983
1570529183.233
1570529183.483
1570529183.733
1570529183.983
1570529184.233
1570529184.483
1570529184.733
1570529184.983
1570529185.233
1570529185.483
1570529185.733
1570529185.983
1570529186.233
1570529186.483
1570529186.733
1570529186.983
1570529187.233
1570529187.483
1570529187.733
1570529187.983
1570529188.233
1570529188.483
1570529188.733
1570529188.983
1570529189.233
1570529189.483
1570529189.733
1570529189.983
1570529190.233
1570529190.483
1570529190.733
1570529190.983
1570529191.233
1570529191.483
1570529191.733
1570529191.983
1570529192.233
1570529192.483
1570529192.733
1570529192.983
1570529193.233
1570529193.483
1570529193.733
1570529193.983
1570529194.233
1570529194.483
1570529194.733
1570529194.983
1570529195.233
1570529195.483
1570529195.733
1570529195.983
1570529196.233
1570529196.483
1570529196.733
1570529196.983
1570529197.233
1570529197.483
1570529197.733
1570529197.983
1570529198.233
1570529198.483
1570529198.733
1570529198.983
1570529199.233
1570529199.483
1570529199.733
1570529199.983
1570529200.233
1570529200.483
1570529200.733
1570529200.983
1570529201.233
1570529201.483
1570529201.733
1570529201.983
1570529202.233
1570529202.483
1570529202.733
1570529202.983
1570529203.233
1570529203.483
1570529203.733
1570529203.983
1570529204.233
1570529204.483
1570529204.733
1570529204.983
1570529205.233
1570529205.483
1570529205.733
1570529205.983
1570529206.233
1570529206.483
1570529206.733
1570529206.983
1570529207.233
1570529207.483
1570529207.733
1570529207.983
1570529208.233
1570529208.483
1570529208.733
1570529208.983
1570529209.233
1570529209.483
1570529209.733
1570529209.983
1570529210.233
1570529210.483
1570529210.733
1570529210.983
1570529211.233
1570529211.483
1570529211.733
1570529211.983
1570529212.233
1570529212.483
1570529212.733
1570529212.983
1570529213.233
1570529213.483
1570529213.733
1570529213.983
1570529214.233
1570529214.483
1570529214.733
1570529214.983
1570529215.233
1570529215.483
1570529215.733
1570529215.983
1570529216.233
1570529216.483
1570529216.733
1570529216.983
1570529217.233
1570529217.483
1570529217.733
1570529217.983
1570529218.233
1570529218.483
1570529218.733
1570529218.983
1570529219.233
1570529219.483
1570529219.733
1570529219.983
1570529220.233
1570529220.483
1570529220.733
1570529220.983
1570529221.233
1570529221.483
1570529221.733
1570529221.983
1570529222.233
1570529222.483
1570529222.733
1570529222.983
1570529223.233
1570529223.483
1570529223.733
1570529223.983
1570529224.233
1570529224.483
1570529224.733
1570529224.983
1570529225.233
1570529225.483
1570529225.733
1570529225.983
1570529226.233
1570529226.483
1570529226.733
1570529226.983
1570529227.233
1570529227.483
1570529227.733
1570529227.983
1570529228.233
1570529228.483
1570529228.733
1570529228.983
1570529229.233
1570529229.483
1570529229.733
1570529229.983
1570529230.233
1570529230.483
1570529230.733
1570529230.983
1570529231.233
1570529231.483
1570529231.733
1570529231.983
1570529232.233
1570529232.483
1570529232.733
1570529232.983
1570529233.233
1570529233.483
1570529233.733
1570529233.983
1570529234.233
1570529234.483
1570529234.733
1570529234.983
1570529235.233
1570529235.483
1570529235.733
1570529235.983
1570529236.233
1570529236.483
1570529236.733
1570529236.983
1570529237.233
1570529237.483
1570529237.733
1570529237.983
1570529238.233
1570529238.483
1570529238.733
1570529238.983
1570529239.233
1570529239.483
1570529239.733
1570529239.983
1570529240.233
1570529240.483
1570529240.733
1570529240.983
1570529241.233
1570529241.483
1570529241.733
1570529241.983
1570529242.233
1570529242.483
1570529242.733
1570529242.983
1570529243.233
1570529243.483
1570529243.733
1570529243.983
1570529244.233
1570529244.483
1570529244.733
1570529244.983
1570529245.233
1570529245.483
1570529245.733
1570529245.983
1570529246.233
1570529246.483
1570529246.733
1570529246.983
1570529247.233
1570529247.483
1570529247.733
1570529247.983
1570529248.233
1570529248.483
1570529248.733
1570529248.983
1570529249.233
1570529249.483
1570529249.733
1570529249.983
1570529250.233
1570529250.483
1570529250.733
1570529250.983
1570529251.233
1570529251.483
1570529251.733
1570529251.983
1570529252.233
1570529252.483
1570529252.733
1570529252.983
1570529253.233
1570529253.483
1570529253.733
1570529253.983
1570529254.233
1570529254.483
1570529254.733
1570529254.983
1570529255.233
1570529255.483
1570529255.733
1570529255.983
1570529256.233
1570529256.483
1570529256.733
1570529256.983
1570529257.233
1570529257.483
1570529257.733
1570529257.983
1570529258.233
1570529258.483
1570529258.733
1570529258.983
1570529259.233
1570529259.483
1570529259.733
1570529259.983
1570529260.233
1570529260.483
1570529260.733
1570529260.983
1570529261.233
1570529261.483
1570529261.733
1570529261.983
1570529262.233
1570529262.483
1570529262.733
1570529262.983
1570529263.233
1570529263.483
1570529263.733
1570529263.983
1570529264.233
1570529264.483
1570529264.733
1570529264.983
1570529265.233
1570529265.483
1570529265.733
1570529265.983
1570529266.233
1570529266.483
1570529266.733
1570529266.983
1570529267.233
1570529267.483
1570529267.733
1570529267.983
1570529268.233
1570529268.483
1570529268.733
1570529268.983
1570529269.233
1570529269.483
1570529269.733
1570529269.983
1570529270.233
1570529270.483
1570529270.733
1570529270.983
1570529271.233
1570529271.483
1570529271.733
1570529271.983
1570529272.233
1570529272.483
1570529272.733
1570529272.983
1570529273.233
1570529273.483
1570529273.733
1570529273.983
1570529274.233
1570529274.483
1570529274.733
1570529274.983
1570529275.233
1570529275.483
1570529275.733
1570529275.983
1570529276.233
1570529276.483
1570529276.733
1570529276.983
1570529277.233
1570529277.483
1570529277.733
1570529277.983
1570529278.233
1570529278.483
1570529278.733
1570529278.983
1570529279.233
1570529279.483
1570529279.733
1570529279.983
1570529280.233
1570529280.483
1570529280.733
1570529280.983
1570529281.233
1570529281.483
1570529281.733
1570529281.983
1570529282.233
1570529282.483
1570529282.733
1570529282.983
1570529283.233
1570529283.483
1570529283.733
1570529283.983
1570529284.233
1570529284.483
1570529284.733
1570529284.983
1570529285.233
1570529285.483
1570529285.733
1570529285.983
1570529286.233
1570529286.483
1570529286.733
1570529286.983
1570529287.233
1570529287.483
1570529287.733
1570529287.983
1570529288.233
1570529288.483
1570529288.733
1570529288.983
1570529289.233
1570529289.483
1570529289.733
1570529289.983
1570529290.233
1570529290.483
1570529290.733
1570529290.983
1570529291.233
1570529291.483
1570529291.733
1570529291.983
1570529292.233
1570529292.483
1570529292.733
1570529292.983
1570529293.233
1570529293.483
1570529293.733
1570529293.983
1570529294.233
1570529294.483
1570529294.733
1570529294.983
1570529295.233
1570529295.483
1570529295.733
1570529295.983
1570529296.233
1570529296.483
1570529296.733
1570529296.983
1570529297.233
1570529297.483
1570529297.733
1570529297.983
1570529298.233
1570529298.483
1570529298.733
1570529298.983
1570529299.233
1570529299.483
1570529299.733
1570529299.983
1570529300.233
1570529300.483
1570529300.733
1570529300.983
1570529301.233
1570529301.483
1570529301.733
1570529301.983
1570529302.233
1570529302.483
1570529302.733
1570529302.983
1570529303.233
1570529303.483
1570529303.733
1570529303.983
1570529304.233
1570529304.483
1570529304.733
1570529304.983
1570529305.233
1570529305.483
1570529305.733
1570529305.983
1570529306.233
1570529306.483
1570529306.733
1570529306.983
1570529307.233
1570529307.483
1570529307.733
1570529307.983
1570529308.233
1570529308.483
1570529308.733
1570529308.983
1570529309.233
1570529309.483
1570529309.733
1570529309.983
1570529310.233
1570529310.483
1570529310.733
1570529310.983
1570529311.233
1570529311.483
1570529311.733
1570529311.983
1570529312.233
1570529312.483
1570529312.733
1570529312.983
1570529313.233
1570529313.483
1570529313.733
1570529313.983
1570529314.233
1570529314.483
1570529314.733
1570529314.983
1570529315.233
1570529315.483
1570529315.733
1570529315.983
1570529316.233
1570529316.483
1570529316.733
1570529316.983
1570529317.233
1570529317.483
1570529317.733
1570529317.983
1570529318.233
1570529318.483
1570529318.733
1570529318.983
1570529319.233
1570529319.483
1570529319.733
1570529319.983
1570529320.233
1570529320.483
1570529320.733
1570529320.983
1570529321.233
1570529321.483
1570529321.733
1570529321.983
1570529322.233
1570529322.483
1570529322.733
1570529322.983
1570529323.233
1570529323.483
1570529323.733
1570529323.983
1570529324.233
1570529324.483
1570529324.733
1570529324.983
1570529325.233
1570529325.483
1570529325.733
1570529325.983
1570529326.233
1570529326.483
1570529326.733
1570529326.983
1570529327.233
1570529327.483
1570529327.733
1570529327.983
1570529328.233
1570529328.483
1570529328.733
1570529328.983
1570529329.233
1570529329.483
1570529329.733
1570529329.983
1570529330.233
1570529330.483
1570529330.733
1570529330.983
1570529331.233
1570529331.483
1570529331.733
1570529331.983
1570529332.233
1570529332.483
1570529332.733
1570529332.983
1570529333.233
1570529333.483
1570529333.733
1570529333.983
1570529334.233
1570529334.483
1570529334.733
1570529334.983
1570529335.233
1570529335.483
1570529335.733
1570529335.983
1570529336.233
1570529336.483
1570529336.733
1570529336.983
1570529337.233
1570529337.483
1570529337.733
1570529337.983
1570529338.233
1570529338.483
1570529338.733
1570529338.983
1570529339.233
1570529339.483
1570529339.733
1570529339.983
1570529340.233
1570529340.483
1570529340.733
1570529340.983
1570529341.233
1570529341.483
1570529341.733
1570529341.983
1570529342.233
1570529342.483
1570529342.733
1570529342.983
1570529343.233
1570529343.483
1570529343.733
1570529343.983
1570529344.233
1570529344.483
1570529344.733
1570529344.983
1570529345.233
1570529345.483
1570529345.733
1570529345.983
1570529346.233
1570529346.483
1570529346.733
1570529346.983
1570529347.233
1570529347.483
1570529347.733
1570529347.983
1570529348.233
1570529348.483
1570529348.733
1570529348.983
1570529349.233
1570529349.483
1570529349.733
1570529349.983
1570529350.233
1570529350.483
1570529350.733
1570529350.983
1570529351.233
1570529351.483
1570529351.733
1570529351.983
1570529352.233
1570529352.483
1570529352.733
1570529352.983
1570529353.233
1570529353.483
1570529353.733
1570529353.983
1570529354.233
1570529354.483
1570529354.733
1570529354.983
1570529355.233
1570529355.483
1570529355.733
1570529355.983
1570529356.233
1570529356.483
1570529356.733
1570529356.983
1570529357.233
1570529357.483
1570529357.733
1570529357.983
1570529358.233
1570529358.483
1570529358.733
1570529358.983
1570529359.233
1570529359.483
1570529359.733
1570529359.983
1570529360.233
1570529360.483
1570529360.733
1570529360.983
1570529361.233
1570529361.483
1570529361.733
1570529361.983
1570529362.233
1570529362.483
1570529362.733
1570529362.983
1570529363.233
1570529363.483
1570529363.733
1570529363.983
1570529364.233
1570529364.483
1570529364.733
1570529364.983
1570529365.233
1570529365.483
1570529365.733
1570529365.983
1570529366.233
1570529366.483
1570529366.733
1570529366.983
1570529367.233
1570529367.483
1570529367.733
1570529367.983
1570529368.233
1570529368.483
1570529368.733
1570529368.983
1570529369.233
1570529369.483
1570529369.733
1570529369.983
1570529370.233
1570529370.483
1570529370.733
1570529370.983
1570529371.233
1570529371.483
1570529371.733
1570529371.983
1570529372.233
1570529372.483
1570529372.733
1570529372.983
1570529373.233
1570529373.483
1570529373.733
1570529373.983
1570529374.233
1570529374.483
1570529374.733
1570529374.983
1570529375.233
1570529375.483
1570529375.733
1570529375.983
1570529376.233
1570529376.483
1570529376.733
1570529376.983
1570529377.233
1570529377.483
1570529377.733
1570529377.983
1570529378.233
1570529378.483
1570529378.733
1570529378.983
1570529379.233
1570529379.483
1570529379.733
1570529379.983
1570529380.233
1570529380.483
1570529380.733
1570529380.983
1570529381.233
1570529381.483
1570529381.733
1570529381.983
1570529382.233
1570529382.483
1570529382.733
1570529382.983
1570529383.233
1570529383.483
1570529383.733
1570529383.983
1570529384.233
1570529384.483
1570529384.733
1570529384.983
1570529385.233
1570529385.483
1570529385.733
1570529385.983
1570529386.233
1570529386.483
1570529386.733
1570529386.983
1570529387.233
1570529387.483
1570529387.733
1570529387.983
1570529388.233
1570529388.483
1570529388.733
1570529388.983
1570529389.233
1570529389.483
1570529389.733
1570529389.983
1570529390.233
1570529390.483
1570529390.733
1570529390.983
1570529391.233
1570529391.483
1570529391.733
1570529391.983
1570529392.233
1570529392.483
1570529392.733
1570529392.983
1570529393.233
1570529393.483
1570529393.733
1570529393.983
1570529394.233
1570529394.483
1570529394.733
1570529394.983
1570529395.233
1570529395.483
1570529395.733
1570529395.983
