11.26214
11.3813
11.52096
11.68425
11.74576
11.87005
12.08531
12.42786
12.54062
12.63756
12.58247
12.48893
12.39283
12.28007
12.134
12.00202
11.88286
11.78848
11.70648
11.62703
11.56425
11.50146
11.46174
11.41774
11.35752
11.32036
11.28704
11.26526
11.26013
11.29345
11.35367
11.38955
11.40108
11.39083
11.36905
11.33317
11.30626
11.25373
11.23835
11.22041
11.21401
11.1935
11.17813
11.16275
11.13969
11.11919
11.1115
11.13456
11.14353
11.1461
11.15891
11.21401
11.29473
11.33445
11.36777
11.36392
11.33317
11.3037
11.29473
11.29729
11.28063
11.2627
11.24732
11.21272
11.1871
11.19222
11.23323
11.29857
11.33061
11.35111
11.33573
11.31011
11.28063
11.2422
11.19991
11.16147
11.13456
11.10381
11.07819
11.0564
11.05896
11.04615
11.04359
11.0359
11.02565
11.01156
11.01027
11.00387
10.98593
10.97312
10.97952
11.02949
10.9808
10.97952
11.00387
11.14866
11.42671
11.77907
12.05072
12.2536
12.29076
12.23951
12.17672
12.08062
11.92943
11.78592
11.65266
11.54246
11.46046
11.3998
11.3588
11.32676
11.28704
11.24988
11.21657
11.21144
11.16403
11.14353
11.14866
11.1461
11.14225
11.12944
11.12944
11.11022
11.091
11.07819
11.06153
11.04359
11.03334
11.02565
11.02949
11.03846
11.06025
11.06537
11.05512
11.05
11.03334
11.01668
10.9949
10.98465
10.96799
10.95205
10.94437
10.93924
10.92899
10.91874
10.92002
10.91233
10.90593
10.88671
10.87646
10.88286
10.88286
10.86749
10.85723
10.85339
10.85339
10.85211
10.85339
10.86108
10.87646
10.87133
10.86877
10.8662
10.84698
10.82776
10.81111
10.79957
10.79829
10.78292
10.78676
10.77779
10.77395
10.76626
10.75729
10.77523
10.82392
10.88799
10.9354
10.9764
10.99818
11.00843
11.01996
10.99818
10.97127
10.93155
10.89311
10.87133
10.8457
10.82264
10.80983
10.78804
10.7701
10.75601
10.75217
10.75601
10.7637
10.75345
10.75089
10.76626
10.78164
10.8393
10.95974
11.09556
11.21985
11.26214
11.27495
11.24163
11.19423
11.13785
11.11094
11.24292
11.50174
11.76882
11.89952
11.95718
11.95633
11.90893
11.81923
11.7116
11.59628
11.48993
11.39255
11.33061
11.28063
11.22938
11.1935
11.16019
11.13328
11.10637
11.07178
11.03846
11.02565
11.00387
10.98465
10.96286
10.9418
10.93155
10.92643
10.91233
10.90977
10.90336
10.89824
10.88799
10.89055
10.89055
10.88414
10.87646
10.8662
10.85339
10.84314
10.83417
10.82264
10.82264
10.80086
10.7842
10.78036
10.76626
10.75089
10.73935
10.7291
10.73038
10.72654
10.7291
10.73038
10.70988
10.71116
10.70732
10.70732
10.69707
10.68682
10.67272
10.66375
10.6535
10.63813
10.62788
10.6266
10.61635
10.60609
10.59841
10.58816
10.58687
10.60225
10.61122
10.61378
10.60609
10.60738
10.60353
10.59072
10.57919
10.5715
10.55612
10.551
10.54331
10.53818
10.52665
10.51896
10.5164
10.50231
10.48949
10.47668
10.46259
10.46006
10.44597
10.45365
10.47928
10.5126
10.5395
10.55232
10.55488
10.5395
10.52925
10.51131
10.48697
10.46519
10.44212
10.41137
10.39599
10.37421
10.37293
10.35499
10.33962
10.33833
10.32808
10.31399
10.30374
10.29605
10.28836
10.28196
10.27939
10.28452
10.27299
10.2653
10.25889
10.26786
10.26658
10.25505
10.23967
10.22173
10.22045
10.21533
10.20379
10.19611
10.18714
10.18842
10.17561
10.16664
10.16023
10.15639
10.16792
10.17048
10.15895
10.16023
10.15895
10.16664
10.17689
10.17561
10.17817
10.16407
10.1551
10.15126
10.13204
10.11666
10.10257
10.08719
10.06925
9.91116
9.91116
9.91116
9.91116
9.91116
9.91116
9.91116
9.91116
9.91116
9.91116
9.91116
9.91116
9.91116
9.91116
9.91116
9.91116
9.91116
9.91116
9.91116
9.899629
9.895785
9.886816
9.884253
9.868877
9.85222
9.839406
9.822749
9.82403
9.820187
9.816342
9.82403
9.853501
9.897066
9.952164
9.986759
9.994448
9.995728
9.984197
9.970102
9.948319
9.925256
9.913724
9.899629
9.885534
9.882972
9.863751
9.849657
9.834281
9.816342
9.798404
9.788153
9.770214
9.748432
9.74587
9.720243
9.713836
9.721524
9.722805
9.734337
9.726649
9.720243
9.716398
9.701022
9.686928
9.674114
9.657457
9.652332
9.634394
9.622862
9.613892
9.597235
9.586984
9.590828
9.578014
9.570327
9.558795
9.540856
9.533168
9.520355
9.504979
9.490884
9.475509
9.461413
9.465081
9.489427
9.563744
9.688033
9.812322
9.899452
9.960957
10.01751
10.01879
9.99701
9.964976
9.916286
9.840688
9.803529
9.757401
9.715117
9.683084
9.656176
9.626705
9.620298
9.590828
9.581859
9.558795
9.544701
9.528043
9.517793
9.499853
9.499853
9.485759
9.471664
9.463976
9.448423
9.443298
9.438173
9.418953
9.411265
9.389482
9.371544
9.368981
9.352324
9.39717
9.598339
9.94558
10.31991
10.55054
10.73427
10.79449
10.77527
10.71761
10.62151
10.48953
10.37165
10.24608
10.14485
10.07182
9.9975
9.93984
9.893222
9.849657
9.806091
9.772778
9.744588
9.711273
9.690772
9.668989
9.647206
9.627987
9.613892
9.598516
9.590828
9.578014
9.566483
9.551106
9.551106
9.547263
9.545981
9.535731
9.521636
9.511386
9.497291
9.479352
9.463976
9.453549
9.450986
9.431767
9.424078
9.404859
9.402296
9.389482
9.375388
9.376669
9.370262
9.349761
9.338229
9.339511
9.324135
9.316446
9.315166
9.302352
9.295945
9.280569
9.274162
9.248536
9.238285
9.231879
9.217784
9.212659
9.197283
9.190876
9.183188
9.178062
9.202408
9.269037
9.349761
9.42536
9.468925
9.486864
9.490707
9.476613
9.449705
9.41639
9.381795
9.344636
9.319009
9.285695
9.256224
9.238285
9.226753
9.20497
9.180626
9.162687
9.156281
9.142185
9.142185
9.138342
9.12681
9.105027
9.094776
9.097339
9.081963
9.064024
9.047367
9.035835
9.026866
9.019177
9.012772
9.003802
8.989707
9.012772
9.058899
9.138342
9.21394
9.272882
9.31004
9.321572
9.312603
9.284413
9.260068
9.221628
9.181907
9.154999
9.120403
9.093495
9.067868
9.046085
9.026866
9.014052
8.994833
8.99227
8.987144
8.993551
8.989707
8.985864
8.975613
8.964081
8.95383
8.935891
8.928057
8.913962
8.899867
8.881928
8.875522
8.858865
8.843489
8.834519
8.820425
8.807611
8.799924
8.794798
8.790955
8.783266
8.785829
8.79608
8.810174
8.817863
8.829394
8.829394
8.819143
8.814018
8.803767
8.783266
8.766609
8.752514
8.743545
8.743545
8.753796
8.756358
8.751233
8.756358
8.756358
8.766609
8.747389
8.734575
8.717918
8.710231
8.688448
8.669228
8.651289
8.634632
8.624381
8.621819
8.611567
8.601317
8.593629
8.574409
8.568003
8.561596
8.548782
8.537251
8.528281
8.524437
8.510343
8.501373
8.487279
8.482154
8.466778
8.461652
8.456527
8.447557
8.437306
8.428337
8.43234
8.43362
8.415682
8.406713
8.395181
8.387493
8.384931
8.373398
8.36571
8.356741
8.347772
8.338802
8.329833
8.319582
8.313176
8.306769
8.288831
8.282424
8.272173
8.263204
8.261923
8.264485
8.313176
8.402869
8.509219
8.593787
8.646322
8.670667
8.671948
8.647603
8.616851
8.57713
8.536127
8.505376
8.465654
8.43362
8.410557
8.388774
8.372117
8.361866
8.354178
8.341365
8.329833
8.314457
8.301643
8.290112
8.276017
8.265766
8.259359
8.238858
8.232451
8.218357
8.205544
8.202981
8.188887
8.177355
8.169666
8.16326
8.15429
8.141478
8.126101
8.120976
8.110725
8.100474
8.096631
8.088943
8.085099
8.077411
8.074848
8.068441
8.05691
8.04794
8.042815
8.030002
8.015907
8.005656
8.003094
7.997968
7.986436
7.978748
7.973623
7.968498
7.955684
7.945434
7.953122
7.937746
7.935183
7.951355
7.980825
8.03336
8.088457
8.12049
8.13971
8.143554
8.143554
8.12049
8.097426
8.073081
8.053861
8.028234
8.011577
7.993638
7.970574
7.950073
7.929572
7.919321
7.907789
7.893694
7.882163
7.878318
7.855255
7.846285
7.837316
7.819377
7.806564
7.787344
7.789907
7.796313
7.778375
7.769405
7.775812
7.770687
7.773249
7.769405
7.775812
7.775812
7.770687
7.769405
7.761717
7.756592
7.747622
7.739935
7.729684
7.720715
7.71559
7.700213
7.695088
7.688682
7.675868
7.672024
7.657929
7.651523
7.647679
7.639991
7.628459
7.623333
7.614364
7.609239
7.60027
7.592582
7.584894
7.577206
7.568236
7.568236
7.564393
7.564393
7.56183
7.56183
7.550298
7.534922
7.538766
7.532359
7.514421
7.499044
7.487513
7.481106
7.470855
7.459323
7.454198
7.436259
7.44336
7.436954
7.435672
7.430547
7.425422
7.467705
7.595839
7.776506
7.989207
8.165337
8.258874
8.296032
8.330628
8.276813
8.208901
8.135866
8.067955
8.009014
7.962886
7.924447
7.889851
7.855255
7.824502
7.793751
7.76428
7.738653
7.720715
7.701495
7.684837
7.672024
7.657929
7.645116
7.642553
7.61949
7.616927
7.606676
7.592582
7.577206
7.583612
7.669461
7.862943
8.13971
8.361381
8.445948
8.455403
8.44259
8.399025
8.331115
8.245265
8.185042
8.131227
8.085099
8.044096
8.003094
7.964653
7.92237
7.902664
7.873193
7.850129
7.857817
7.911633
7.99492
8.111521
8.202496
8.272968
8.328066
8.346004
8.319097
8.278093
8.224277
8.167899
8.138429
8.128178
8.160212
8.192245
8.228122
8.234529
8.211465
8.183275
8.13971
8.099989
8.126897
8.269124
8.451074
8.607882
8.715513
8.753954
8.747547
8.707826
8.628384
8.532284
8.441309
8.372117
8.343927
8.354178
8.390056
8.409276
8.397743
8.37468
8.345209
8.313176
8.267048
8.223482
8.18248
8.151728
8.12482
8.109444
8.103038
8.088943
8.073566
8.063316
8.040253
8.019751
8.001812
7.995406
7.981311
7.96081
7.946715
7.921088
7.932134
7.924447
7.910352
7.90907
7.906507
7.897538
7.892413
7.884725
7.871912
7.857817
7.84116
7.832191
7.823221
7.809126
7.804001
7.861661
8.069237
8.428009
8.764204
8.97178
9.089504
9.120256
9.101036
9.030563
8.915243
8.802486
8.693573
8.60388
8.523156
8.45012
8.393742
8.354178
8.327271
8.304207
8.284986
8.26961
8.246547
8.231171
8.208107
8.186324
8.164541
8.151728
8.133789
8.113288
8.101756
8.087662
8.077411
8.074848
8.078692
8.074848
8.071004
8.058191
8.046659
8.041533
8.026157
8.014626
7.996687
7.987718
7.988999
8.000531
8.012063
8.013344
8.019751
8.026157
8.021032
8.008219
7.996687
8.005656
8.11457
8.363148
8.613008
8.783424
8.856461
8.869273
8.851335
8.791112
8.706544
8.614288
8.534846
8.479749
8.434902
8.392618
8.358023
8.320864
8.282424
8.254234
8.209388
8.179917
8.15429
8.128664
8.104319
8.092787
8.074848
8.062035
8.050503
8.038971
8.032564
8.012063
7.999249
7.978748
7.977467
7.96081
7.956966
7.95184
7.949278
7.942871
7.928776
7.929572
7.920602
7.907789
7.893694
7.886006
7.875756
7.869349
7.859098
7.848848
7.839879
7.838597
7.828347
7.820659
7.804001
7.796313
7.787344
7.778375
7.771968
7.762999
7.760436
7.754029
7.751467
7.743779
7.743779
7.739935
7.733528
7.721996
7.71559
7.70662
7.700213
7.686119
7.678431
7.677149
7.679712
7.666899
7.665617
7.669461
7.659211
7.63871
7.636147
7.636147
7.61949
7.615645
7.611802
7.604114
7.60027
7.611802
7.60027
7.5913
7.584894
7.586175
7.575924
7.565674
7.569518
7.592582
7.639991
7.688682
7.71559
7.71559
7.714308
7.709183
7.716871
7.698932
7.680994
7.661774
7.646398
7.61949
7.598988
7.582331
7.563111
7.551579
7.537484
7.534922
7.52339
7.514421
7.506732
7.495201
7.478543
7.474699
7.461886
7.458042
7.449072
7.434978
7.444642
7.440797
7.431828
7.422859
7.407483
7.398514
7.397232
7.398514
7.408764
7.413889
7.42414
7.444642
7.456173
7.454892
7.447204
7.439516
7.427984
7.415171
7.403639
7.392107
7.384419
7.362636
7.357511
7.339572
7.32804
7.313946
7.299851
7.292163
7.285757
7.278069
7.272943
7.269099
7.253723
7.256286
7.24091
7.242191
7.228096
7.216565
7.203751
7.203751
7.243473
7.376731
7.602245
7.844417
7.9828
8.067955
8.08205
8.075644
8.028234
7.960324
7.89882
7.846285
7.797595
7.756592
7.711745
7.677149
7.641272
7.604114
7.579768
7.565674
7.570799
7.577206
7.575924
7.569518
7.555423
7.546453
7.531078
7.499044
7.470855
7.442666
7.417039
7.411327
7.397232
7.392107
7.386981
7.378012
7.36648
7.361355
7.348542
7.335728
7.330603
7.32804
7.312665
7.304976
7.290882
7.281912
7.27038
7.252442
7.244754
7.234503
7.222971
7.210158
7.201189
7.187094
7.179406
7.172999
7.162749
7.158905
7.146091
7.139685
7.130715
7.124309
7.114058
7.10637
7.090994
7.080743
7.06793
7.066649
7.056398
7.047429
7.035897
7.032053
7.024365
7.015396
7.014114
6.993613
6.984643
6.975674
6.97183
6.984643
6.975674
6.979518
6.975674
6.966705
6.959017
6.947485
6.938516
6.925703
6.919796
6.912108
6.898014
6.889044
6.883919
6.874949
6.863418
6.864699
6.858292
6.848042
6.850604
