1570526327.233
1570526327.483
1570526327.733
1570526327.983
1570526328.233
1570526328.483
1570526328.733
1570526328.983
1570526329.233
1570526329.483
1570526329.733
1570526329.983
1570526330.233
1570526330.483
1570526330.733
1570526330.983
1570526331.233
1570526331.483
1570526331.733
1570526331.983
1570526332.233
1570526332.483
1570526332.733
1570526332.983
1570526333.233
1570526333.483
1570526333.733
1570526333.983
1570526334.233
1570526334.483
1570526334.733
1570526334.983
1570526335.233
1570526335.483
1570526335.733
1570526335.983
1570526336.233
1570526336.483
1570526336.733
1570526336.983
1570526337.233
1570526337.483
1570526337.733
1570526337.983
1570526338.233
1570526338.483
1570526338.733
1570526338.983
1570526339.233
1570526339.483
1570526339.733
1570526339.983
1570526340.233
1570526340.483
1570526340.733
1570526340.983
1570526341.233
1570526341.483
1570526341.733
1570526341.983
1570526342.233
1570526342.483
1570526342.733
1570526342.983
1570526343.233
1570526343.483
1570526343.733
1570526343.983
1570526344.233
1570526344.483
1570526344.733
1570526344.983
1570526345.233
1570526345.483
1570526345.733
1570526345.983
1570526346.233
1570526346.483
1570526346.733
1570526346.983
1570526347.233
1570526347.483
1570526347.733
1570526347.983
1570526348.233
1570526348.483
1570526348.733
1570526348.983
1570526349.233
1570526349.483
1570526349.733
1570526349.983
1570526350.233
1570526350.483
1570526350.733
1570526350.983
1570526351.233
1570526351.483
1570526351.733
1570526351.983
1570526352.233
1570526352.483
1570526352.733
1570526352.983
1570526353.233
1570526353.483
1570526353.733
1570526353.983
1570526354.233
1570526354.483
1570526354.733
1570526354.983
1570526355.233
1570526355.483
1570526355.733
1570526355.983
1570526356.233
1570526356.483
1570526356.733
1570526356.983
1570526357.233
1570526357.483
1570526357.733
1570526357.983
1570526358.233
1570526358.483
1570526358.733
1570526358.983
1570526359.233
1570526359.483
1570526359.733
1570526359.983
1570526360.233
1570526360.483
1570526360.733
1570526360.983
1570526361.233
1570526361.483
1570526361.733
1570526361.983
1570526362.233
1570526362.483
1570526362.733
1570526362.983
1570526363.233
1570526363.483
1570526363.733
1570526363.983
1570526364.233
1570526364.483
1570526364.733
1570526364.983
1570526365.233
1570526365.483
1570526365.733
1570526365.983
1570526366.233
1570526366.483
1570526366.733
1570526366.983
1570526367.233
1570526367.483
1570526367.733
1570526367.983
1570526368.233
1570526368.483
1570526368.733
1570526368.983
1570526369.233
1570526369.483
1570526369.733
1570526369.983
1570526370.233
1570526370.483
1570526370.733
1570526370.983
1570526371.233
1570526371.483
1570526371.733
1570526371.983
1570526372.233
1570526372.483
1570526372.733
1570526372.983
1570526373.233
1570526373.483
1570526373.733
1570526373.983
1570526374.233
1570526374.483
1570526374.733
1570526374.983
1570526375.233
1570526375.483
1570526375.733
1570526375.983
1570526376.233
1570526376.483
1570526376.733
1570526376.983
1570526377.233
1570526377.483
1570526377.733
1570526377.983
1570526378.233
1570526378.483
1570526378.733
1570526378.983
1570526379.233
1570526379.483
1570526379.733
1570526379.983
1570526380.233
1570526380.483
1570526380.733
1570526380.983
1570526381.233
1570526381.483
1570526381.733
1570526381.983
1570526382.233
1570526382.483
1570526382.733
1570526382.983
1570526383.233
1570526383.483
1570526383.733
1570526383.983
1570526384.233
1570526384.483
1570526384.733
1570526384.983
1570526385.233
1570526385.483
1570526385.733
1570526385.983
1570526386.233
1570526386.483
1570526386.733
1570526386.983
1570526387.233
1570526387.483
1570526387.733
1570526387.983
1570526388.233
1570526388.483
1570526388.733
1570526388.983
1570526389.233
1570526389.483
1570526389.733
1570526389.983
1570526390.233
1570526390.483
1570526390.733
1570526390.983
1570526391.233
1570526391.483
1570526391.733
1570526391.983
1570526392.233
1570526392.483
1570526392.733
1570526392.983
1570526393.233
1570526393.483
1570526393.733
1570526393.983
1570526394.233
1570526394.483
1570526394.733
1570526394.983
1570526395.233
1570526395.483
1570526395.733
1570526395.983
1570526396.233
1570526396.483
1570526396.733
1570526396.983
1570526397.233
1570526397.483
1570526397.733
1570526397.983
1570526398.233
1570526398.483
1570526398.733
1570526398.983
1570526399.233
1570526399.483
1570526399.733
1570526399.983
1570526400.233
1570526400.483
1570526400.733
1570526400.983
1570526401.233
1570526401.483
1570526401.733
1570526401.983
1570526402.233
1570526402.483
1570526402.733
1570526402.983
1570526403.233
1570526403.483
1570526403.733
1570526403.983
1570526404.233
1570526404.483
1570526404.733
1570526404.983
1570526405.233
1570526405.483
1570526405.733
1570526405.983
1570526406.233
1570526406.483
1570526406.733
1570526406.983
1570526407.233
1570526407.483
1570526407.733
1570526407.983
1570526408.233
1570526408.483
1570526408.733
1570526408.983
1570526409.233
1570526409.483
1570526409.733
1570526409.983
1570526410.233
1570526410.483
1570526410.733
1570526410.983
1570526411.233
1570526411.483
1570526411.733
1570526411.983
1570526412.233
1570526412.483
1570526412.733
1570526412.983
1570526413.233
1570526413.483
1570526413.733
1570526413.983
1570526414.233
1570526414.483
1570526414.733
1570526414.983
1570526415.233
1570526415.483
1570526415.733
1570526415.983
1570526416.233
1570526416.483
1570526416.733
1570526416.983
1570526417.233
1570526417.483
1570526417.733
1570526417.983
1570526418.233
1570526418.483
1570526418.733
1570526418.983
1570526419.233
1570526419.483
1570526419.733
1570526419.983
1570526420.233
1570526420.483
1570526420.733
1570526420.983
1570526421.233
1570526421.483
1570526421.733
1570526421.983
1570526422.233
1570526422.483
1570526422.733
1570526422.983
1570526423.233
1570526423.483
1570526423.733
1570526423.983
1570526424.233
1570526424.483
1570526424.733
1570526424.983
1570526425.233
1570526425.483
1570526425.733
1570526425.983
1570526426.233
1570526426.483
1570526426.733
1570526426.983
1570526427.233
1570526427.483
1570526427.733
1570526427.983
1570526428.233
1570526428.483
1570526428.733
1570526428.983
1570526429.233
1570526429.483
1570526429.733
1570526429.983
1570526430.233
1570526430.483
1570526430.733
1570526430.983
1570526431.233
1570526431.483
1570526431.733
1570526431.983
1570526432.233
1570526432.483
1570526432.733
1570526432.983
1570526433.233
1570526433.483
1570526433.733
1570526433.983
1570526434.233
1570526434.483
1570526434.733
1570526434.983
1570526435.233
1570526435.483
1570526435.733
1570526435.983
1570526436.233
1570526436.483
1570526436.733
1570526436.983
1570526437.233
1570526437.483
1570526437.733
1570526437.983
1570526438.233
1570526438.483
1570526438.733
1570526438.983
1570526439.233
1570526439.483
1570526439.733
1570526439.983
1570526440.233
1570526440.483
1570526440.733
1570526440.983
1570526441.233
1570526441.483
1570526441.733
1570526441.983
1570526442.233
1570526442.483
1570526442.733
1570526442.983
1570526443.233
1570526443.483
1570526443.733
1570526443.983
1570526444.233
1570526444.483
1570526444.733
1570526444.983
1570526445.233
1570526445.483
1570526445.733
1570526445.983
1570526446.233
1570526446.483
1570526446.733
1570526446.983
1570526447.233
1570526447.483
1570526447.733
1570526447.983
1570526448.233
1570526448.483
1570526448.733
1570526448.983
1570526449.233
1570526449.483
1570526449.733
1570526449.983
1570526450.233
1570526450.483
1570526450.733
1570526450.983
1570526451.233
1570526451.483
1570526451.733
1570526451.983
1570526452.233
1570526452.483
1570526452.733
1570526452.983
1570526453.233
1570526453.483
1570526453.733
1570526453.983
1570526454.233
1570526454.483
1570526454.733
1570526454.983
1570526455.233
1570526455.483
1570526455.733
1570526455.983
1570526456.233
1570526456.483
1570526456.733
1570526456.983
1570526457.233
1570526457.483
1570526457.733
1570526457.983
1570526458.233
1570526458.483
1570526458.733
1570526458.983
1570526459.233
1570526459.483
1570526459.733
1570526459.983
1570526460.233
1570526460.483
1570526460.733
1570526460.983
1570526461.233
1570526461.483
1570526461.733
1570526461.983
1570526462.233
1570526462.483
1570526462.733
1570526462.983
1570526463.233
1570526463.483
1570526463.733
1570526463.983
1570526464.233
1570526464.483
1570526464.733
1570526464.983
1570526465.233
1570526465.483
1570526465.733
1570526465.983
1570526466.233
1570526466.483
1570526466.733
1570526466.983
1570526467.233
1570526467.483
1570526467.733
1570526467.983
1570526468.233
1570526468.483
1570526468.733
1570526468.983
1570526469.233
1570526469.483
1570526469.733
1570526469.983
1570526470.233
1570526470.483
1570526470.733
1570526470.983
1570526471.233
1570526471.483
1570526471.733
1570526471.983
1570526472.233
1570526472.483
1570526472.733
1570526472.983
1570526473.233
1570526473.483
1570526473.733
1570526473.983
1570526474.233
1570526474.483
1570526474.733
1570526474.983
1570526475.233
1570526475.483
1570526475.733
1570526475.983
1570526476.233
1570526476.483
1570526476.733
1570526476.983
1570526477.233
1570526477.483
1570526477.733
1570526477.983
1570526478.233
1570526478.483
1570526478.733
1570526478.983
1570526479.233
1570526479.483
1570526479.733
1570526479.983
1570526480.233
1570526480.483
1570526480.733
1570526480.983
1570526481.233
1570526481.483
1570526481.733
1570526481.983
1570526482.233
1570526482.483
1570526482.733
1570526482.983
1570526483.233
1570526483.483
1570526483.733
1570526483.983
1570526484.233
1570526484.483
1570526484.733
1570526484.983
1570526485.233
1570526485.483
1570526485.733
1570526485.983
1570526486.233
1570526486.483
1570526486.733
1570526486.983
1570526487.233
1570526487.483
1570526487.733
1570526487.983
1570526488.233
1570526488.483
1570526488.733
1570526488.983
1570526489.233
1570526489.483
1570526489.733
1570526489.983
1570526490.233
1570526490.483
1570526490.733
1570526490.983
1570526491.233
1570526491.483
1570526491.733
1570526491.983
1570526492.233
1570526492.483
1570526492.733
1570526492.983
1570526493.233
1570526493.483
1570526493.733
1570526493.983
1570526494.233
1570526494.483
1570526494.733
1570526494.983
1570526495.233
1570526495.483
1570526495.733
1570526495.983
1570526496.233
1570526496.483
1570526496.733
1570526496.983
1570526497.233
1570526497.483
1570526497.733
1570526497.983
1570526498.233
1570526498.483
1570526498.733
1570526498.983
1570526499.233
1570526499.483
1570526499.733
1570526499.983
1570526500.233
1570526500.483
1570526500.733
1570526500.983
1570526501.233
1570526501.483
1570526501.733
1570526501.983
1570526502.233
1570526502.483
1570526502.733
1570526502.983
1570526503.233
1570526503.483
1570526503.733
1570526503.983
1570526504.233
1570526504.483
1570526504.733
1570526504.983
1570526505.233
1570526505.483
1570526505.733
1570526505.983
1570526506.233
1570526506.483
1570526506.733
1570526506.983
1570526507.233
1570526507.483
1570526507.733
1570526507.983
1570526508.233
1570526508.483
1570526508.733
1570526508.983
1570526509.233
1570526509.483
1570526509.733
1570526509.983
1570526510.233
1570526510.483
1570526510.733
1570526510.983
1570526511.233
1570526511.483
1570526511.733
1570526511.983
1570526512.233
1570526512.483
1570526512.733
1570526512.983
1570526513.233
1570526513.483
1570526513.733
1570526513.983
1570526514.233
1570526514.483
1570526514.733
1570526514.983
1570526515.233
1570526515.483
1570526515.733
1570526515.983
1570526516.233
1570526516.483
1570526516.733
1570526516.983
1570526517.233
1570526517.483
1570526517.733
1570526517.983
1570526518.233
1570526518.483
1570526518.733
1570526518.983
1570526519.233
1570526519.483
1570526519.733
1570526519.983
1570526520.233
1570526520.483
1570526520.733
1570526520.983
1570526521.233
1570526521.483
1570526521.733
1570526521.983
1570526522.233
1570526522.483
1570526522.733
1570526522.983
1570526523.233
1570526523.483
1570526523.733
1570526523.983
1570526524.233
1570526524.483
1570526524.733
1570526524.983
1570526525.233
1570526525.483
1570526525.733
1570526525.983
1570526526.233
1570526526.483
1570526526.733
1570526526.983
1570526527.233
1570526527.483
1570526527.733
1570526527.983
1570526528.233
1570526528.483
1570526528.733
1570526528.983
1570526529.233
1570526529.483
1570526529.733
1570526529.983
1570526530.233
1570526530.483
1570526530.733
1570526530.983
1570526531.233
1570526531.483
1570526531.733
1570526531.983
1570526532.233
1570526532.483
1570526532.733
1570526532.983
1570526533.233
1570526533.483
1570526533.733
1570526533.983
1570526534.233
1570526534.483
1570526534.733
1570526534.983
1570526535.233
1570526535.483
1570526535.733
1570526535.983
1570526536.233
1570526536.483
1570526536.733
1570526536.983
1570526537.233
1570526537.483
1570526537.733
1570526537.983
1570526538.233
1570526538.483
1570526538.733
1570526538.983
1570526539.233
1570526539.483
1570526539.733
1570526539.983
1570526540.233
1570526540.483
1570526540.733
1570526540.983
1570526541.233
1570526541.483
1570526541.733
1570526541.983
1570526542.233
1570526542.483
1570526542.733
1570526542.983
1570526543.233
1570526543.483
1570526543.733
1570526543.983
1570526544.233
1570526544.483
1570526544.733
1570526544.983
1570526545.233
1570526545.483
1570526545.733
1570526545.983
1570526546.233
1570526546.483
1570526546.733
1570526546.983
1570526547.233
1570526547.483
1570526547.733
1570526547.983
1570526548.233
1570526548.483
1570526548.733
1570526548.983
1570526549.233
1570526549.483
1570526549.733
1570526549.983
1570526550.233
1570526550.483
1570526550.733
1570526550.983
1570526551.233
1570526551.483
1570526551.733
1570526551.983
1570526552.233
1570526552.483
1570526552.733
1570526552.983
1570526553.233
1570526553.483
1570526553.733
1570526553.983
1570526554.233
1570526554.483
1570526554.733
1570526554.983
1570526555.233
1570526555.483
1570526555.733
1570526555.983
1570526556.233
1570526556.483
1570526556.733
1570526556.983
1570526557.233
1570526557.483
1570526557.733
1570526557.983
1570526558.233
1570526558.483
1570526558.733
1570526558.983
1570526559.233
1570526559.483
1570526559.733
1570526559.983
1570526560.233
1570526560.483
1570526560.733
1570526560.983
1570526561.233
1570526561.483
1570526561.733
1570526561.983
1570526562.233
1570526562.483
1570526562.733
1570526562.983
1570526563.233
1570526563.483
1570526563.733
1570526563.983
1570526564.233
1570526564.483
1570526564.733
1570526564.983
1570526565.233
1570526565.483
1570526565.733
1570526565.983
1570526566.233
1570526566.483
1570526566.733
1570526566.983
1570526567.233
1570526567.483
1570526567.733
1570526567.983
1570526568.233
1570526568.483
1570526568.733
1570526568.983
1570526569.233
1570526569.483
1570526569.733
1570526569.983
1570526570.233
1570526570.483
1570526570.733
1570526570.983
1570526571.233
1570526571.483
1570526571.733
1570526571.983
1570526572.233
1570526572.483
1570526572.733
1570526572.983
1570526573.233
1570526573.483
1570526573.733
1570526573.983
1570526574.233
1570526574.483
1570526574.733
1570526574.983
1570526575.233
1570526575.483
1570526575.733
1570526575.983
1570526576.233
1570526576.483
1570526576.733
1570526576.983
1570526577.233
1570526577.483
1570526577.733
1570526577.983
1570526578.233
1570526578.483
1570526578.733
1570526578.983
1570526579.233
1570526579.483
1570526579.733
1570526579.983
1570526580.233
1570526580.483
1570526580.733
1570526580.983
1570526581.233
1570526581.483
1570526581.733
1570526581.983
1570526582.233
1570526582.483
1570526582.733
1570526582.983
1570526583.233
1570526583.483
1570526583.733
1570526583.983
1570526584.233
1570526584.483
1570526584.733
1570526584.983
1570526585.233
1570526585.483
1570526585.733
1570526585.983
1570526586.233
1570526586.483
1570526586.733
1570526586.983
1570526587.233
1570526587.483
1570526587.733
1570526587.983
1570526588.233
1570526588.483
1570526588.733
1570526588.983
1570526589.233
1570526589.483
1570526589.733
1570526589.983
1570526590.233
1570526590.483
1570526590.733
1570526590.983
1570526591.233
1570526591.483
1570526591.733
1570526591.983
1570526592.233
1570526592.483
1570526592.733
1570526592.983
1570526593.233
1570526593.483
1570526593.733
1570526593.983
1570526594.233
1570526594.483
1570526594.733
1570526594.983
1570526595.233
1570526595.483
1570526595.733
1570526595.983
1570526596.233
1570526596.483
1570526596.733
1570526596.983
1570526597.233
1570526597.483
1570526597.733
1570526597.983
1570526598.233
1570526598.483
1570526598.733
1570526598.983
1570526599.233
1570526599.483
1570526599.733
1570526599.983
1570526600.233
1570526600.483
1570526600.733
1570526600.983
1570526601.233
1570526601.483
1570526601.733
1570526601.983
1570526602.233
1570526602.483
1570526602.733
1570526602.983
1570526603.233
1570526603.483
1570526603.733
1570526603.983
1570526604.233
1570526604.483
1570526604.733
1570526604.983
1570526605.233
1570526605.483
1570526605.733
1570526605.983
1570526606.233
1570526606.483
1570526606.733
1570526606.983
1570526607.233
1570526607.483
1570526607.733
1570526607.983
1570526608.233
1570526608.483
1570526608.733
1570526608.983
1570526609.233
1570526609.483
1570526609.733
1570526609.983
1570526610.233
1570526610.483
1570526610.733
1570526610.983
1570526611.233
1570526611.483
1570526611.733
1570526611.983
1570526612.233
1570526612.483
1570526612.733
1570526612.983
1570526613.233
1570526613.483
1570526613.733
1570526613.983
1570526614.233
1570526614.483
1570526614.733
1570526614.983
1570526615.233
1570526615.483
1570526615.733
1570526615.983
1570526616.233
1570526616.483
1570526616.733
1570526616.983
1570526617.233
1570526617.483
1570526617.733
1570526617.983
1570526618.233
1570526618.483
1570526618.733
1570526618.983
1570526619.233
1570526619.483
1570526619.733
1570526619.983
1570526620.233
1570526620.483
1570526620.733
1570526620.983
1570526621.233
1570526621.483
1570526621.733
1570526621.983
1570526622.233
1570526622.483
1570526622.733
1570526622.983
1570526623.233
1570526623.483
1570526623.733
1570526623.983
1570526624.233
1570526624.483
1570526624.733
1570526624.983
1570526625.233
1570526625.483
1570526625.733
1570526625.983
1570526626.233
1570526626.483
1570526626.733
1570526626.983
1570526627.233
1570526627.483
1570526627.733
1570526627.983
1570526628.233
1570526628.483
1570526628.733
1570526628.983
1570526629.233
1570526629.483
1570526629.733
1570526629.983
1570526630.233
1570526630.483
1570526630.733
1570526630.983
1570526631.233
1570526631.483
1570526631.733
1570526631.983
1570526632.233
1570526632.483
1570526632.733
1570526632.983
1570526633.233
1570526633.483
1570526633.733
1570526633.983
1570526634.233
1570526634.483
1570526634.733
1570526634.983
1570526635.233
1570526635.483
1570526635.733
1570526635.983
1570526636.233
1570526636.483
1570526636.733
1570526636.983
1570526637.233
1570526637.483
1570526637.733
1570526637.983
1570526638.233
1570526638.483
1570526638.733
1570526638.983
1570526639.233
1570526639.483
1570526639.733
1570526639.983
1570526640.233
1570526640.483
1570526640.733
1570526640.983
1570526641.233
1570526641.483
1570526641.733
1570526641.983
1570526642.233
1570526642.483
1570526642.733
1570526642.983
1570526643.233
1570526643.483
1570526643.733
1570526643.983
1570526644.233
1570526644.483
1570526644.733
1570526644.983
1570526645.233
1570526645.483
1570526645.733
1570526645.983
1570526646.233
1570526646.483
1570526646.733
1570526646.983
1570526647.233
1570526647.483
1570526647.733
1570526647.983
1570526648.233
1570526648.483
1570526648.733
1570526648.983
1570526649.233
1570526649.483
1570526649.733
1570526649.983
1570526650.233
1570526650.483
1570526650.733
1570526650.983
1570526651.233
1570526651.483
1570526651.733
1570526651.983
1570526652.233
1570526652.483
1570526652.733
1570526652.983
1570526653.233
1570526653.483
1570526653.733
1570526653.983
