1570525353.233
1570525353.483
1570525353.733
1570525353.983
1570525354.233
1570525354.483
1570525354.733
1570525354.983
1570525355.233
1570525355.483
1570525355.733
1570525355.983
1570525356.233
1570525356.483
1570525356.733
1570525356.983
1570525357.233
1570525357.483
1570525357.733
1570525357.983
1570525358.233
1570525358.483
1570525358.733
1570525358.983
1570525359.233
1570525359.483
1570525359.733
1570525359.983
1570525360.233
1570525360.483
1570525360.733
1570525360.983
1570525361.233
1570525361.483
1570525361.733
1570525361.983
1570525362.233
1570525362.483
1570525362.733
1570525362.983
1570525363.233
1570525363.483
1570525363.733
1570525363.983
1570525364.233
1570525364.483
1570525364.733
1570525364.983
1570525365.233
1570525365.483
1570525365.733
1570525365.983
1570525366.233
1570525366.483
1570525366.733
1570525366.983
1570525367.233
1570525367.483
1570525367.733
1570525367.983
1570525368.233
1570525368.483
1570525368.733
1570525368.983
1570525369.233
1570525369.483
1570525369.733
1570525369.983
1570525370.233
1570525370.483
1570525370.733
1570525370.983
1570525371.233
1570525371.483
1570525371.733
1570525371.983
1570525372.233
1570525372.483
1570525372.733
1570525372.983
1570525373.233
1570525373.483
1570525373.733
1570525373.983
1570525374.233
1570525374.483
1570525374.733
1570525374.983
1570525375.233
1570525375.483
1570525375.733
1570525375.983
1570525376.233
1570525376.483
1570525376.733
1570525376.983
1570525377.233
1570525377.483
1570525377.733
1570525377.983
1570525378.233
1570525378.483
1570525378.733
1570525378.983
1570525379.233
1570525379.483
1570525379.733
1570525379.983
1570525380.233
1570525380.483
1570525380.733
1570525380.983
1570525381.233
1570525381.483
1570525381.733
1570525381.983
1570525382.233
1570525382.483
1570525382.733
1570525382.983
1570525383.233
1570525383.483
1570525383.733
1570525383.983
1570525384.233
1570525384.483
1570525384.733
1570525384.983
1570525385.233
1570525385.483
1570525385.733
1570525385.983
1570525386.233
1570525386.483
1570525386.733
1570525386.983
1570525387.233
1570525387.483
1570525387.733
1570525387.983
1570525388.233
1570525388.483
1570525388.733
1570525388.983
1570525389.233
1570525389.483
1570525389.733
1570525389.983
1570525390.233
1570525390.483
1570525390.733
1570525390.983
1570525391.233
1570525391.483
1570525391.733
1570525391.983
1570525392.233
1570525392.483
1570525392.733
1570525392.983
1570525393.233
1570525393.483
1570525393.733
1570525393.983
1570525394.233
1570525394.483
1570525394.733
1570525394.983
1570525395.233
1570525395.483
1570525395.733
1570525395.983
1570525396.233
1570525396.483
1570525396.733
1570525396.983
1570525397.233
1570525397.483
1570525397.733
1570525397.983
1570525398.233
1570525398.483
1570525398.733
1570525398.983
1570525399.233
1570525399.483
1570525399.733
1570525399.983
1570525400.233
1570525400.483
1570525400.733
1570525400.983
1570525401.233
1570525401.483
1570525401.733
1570525401.983
1570525402.233
1570525402.483
1570525402.733
1570525402.983
1570525403.233
1570525403.483
1570525403.733
1570525403.983
1570525404.233
1570525404.483
1570525404.733
1570525404.983
1570525405.233
1570525405.483
1570525405.733
1570525405.983
1570525406.233
1570525406.483
1570525406.733
1570525406.983
1570525407.233
1570525407.483
1570525407.733
1570525407.983
1570525408.233
1570525408.483
1570525408.733
1570525408.983
1570525409.233
1570525409.483
1570525409.733
1570525409.983
1570525410.233
1570525410.483
1570525410.733
1570525410.983
1570525411.233
1570525411.483
1570525411.733
1570525411.983
1570525412.233
1570525412.483
1570525412.733
1570525412.983
1570525413.233
1570525413.483
1570525413.733
1570525413.983
1570525414.233
1570525414.483
1570525414.733
1570525414.983
1570525415.233
1570525415.483
1570525415.733
1570525415.983
1570525416.233
1570525416.483
1570525416.733
1570525416.983
1570525417.233
1570525417.483
1570525417.733
1570525417.983
1570525418.233
1570525418.483
1570525418.733
1570525418.983
1570525419.233
1570525419.483
1570525419.733
1570525419.983
1570525420.233
1570525420.483
1570525420.733
1570525420.983
1570525421.233
1570525421.483
1570525421.733
1570525421.983
1570525422.233
1570525422.483
1570525422.733
1570525422.983
1570525423.233
1570525423.483
1570525423.733
1570525423.983
1570525424.233
1570525424.483
1570525424.733
1570525424.983
1570525425.233
1570525425.483
1570525425.733
1570525425.983
1570525426.233
1570525426.483
1570525426.733
1570525426.983
1570525427.233
1570525427.483
1570525427.733
1570525427.983
1570525428.233
1570525428.483
1570525428.733
1570525428.983
1570525429.233
1570525429.483
1570525429.733
1570525429.983
1570525430.233
1570525430.483
1570525430.733
1570525430.983
1570525431.233
1570525431.483
1570525431.733
1570525431.983
1570525432.233
1570525432.483
1570525432.733
1570525432.983
1570525433.233
1570525433.483
1570525433.733
1570525433.983
1570525434.233
1570525434.483
1570525434.733
1570525434.983
1570525435.233
1570525435.483
1570525435.733
1570525435.983
1570525436.233
1570525436.483
1570525436.733
1570525436.983
1570525437.233
1570525437.483
1570525437.733
1570525437.983
1570525438.233
1570525438.483
1570525438.733
1570525438.983
1570525439.233
1570525439.483
1570525439.733
1570525439.983
1570525440.233
1570525440.483
1570525440.733
1570525440.983
1570525441.233
1570525441.483
1570525441.733
1570525441.983
1570525442.233
1570525442.483
1570525442.733
1570525442.983
1570525443.233
1570525443.483
1570525443.733
1570525443.983
1570525444.233
1570525444.483
1570525444.733
1570525444.983
1570525445.233
1570525445.483
1570525445.733
1570525445.983
1570525446.233
1570525446.483
1570525446.733
1570525446.983
1570525447.233
1570525447.483
1570525447.733
1570525447.983
1570525448.233
1570525448.483
1570525448.733
1570525448.983
1570525449.233
1570525449.483
1570525449.733
1570525449.983
1570525450.233
1570525450.483
1570525450.733
1570525450.983
1570525451.233
1570525451.483
1570525451.733
1570525451.983
1570525452.233
1570525452.483
1570525452.733
1570525452.983
1570525453.233
1570525453.483
1570525453.733
1570525453.983
1570525454.233
1570525454.483
1570525454.733
1570525454.983
1570525455.233
1570525455.483
1570525455.733
1570525455.983
1570525456.233
1570525456.483
1570525456.733
1570525456.983
1570525457.233
1570525457.483
1570525457.733
1570525457.983
1570525458.233
1570525458.483
1570525458.733
1570525458.983
1570525459.233
1570525459.483
1570525459.733
1570525459.983
1570525460.233
1570525460.483
1570525460.733
1570525460.983
1570525461.233
1570525461.483
1570525461.733
1570525461.983
1570525462.233
1570525462.483
1570525462.733
1570525462.983
1570525463.233
1570525463.483
1570525463.733
1570525463.983
1570525464.233
1570525464.483
1570525464.733
1570525464.983
1570525465.233
1570525465.483
1570525465.733
1570525465.983
1570525466.233
1570525466.483
1570525466.733
1570525466.983
1570525467.233
1570525467.483
1570525467.733
1570525467.983
1570525468.233
1570525468.483
1570525468.733
1570525468.983
1570525469.233
1570525469.483
1570525469.733
1570525469.983
1570525470.233
1570525470.483
1570525470.733
1570525470.983
1570525471.233
1570525471.483
1570525471.733
1570525471.983
1570525472.233
1570525472.483
1570525472.733
1570525472.983
1570525473.233
1570525473.483
1570525473.733
1570525473.983
1570525474.233
1570525474.483
1570525474.733
1570525474.983
1570525475.233
1570525475.483
1570525475.733
1570525475.983
1570525476.233
1570525476.483
1570525476.733
1570525476.983
1570525477.233
1570525477.483
1570525477.733
1570525477.983
1570525478.233
1570525478.483
1570525478.733
1570525478.983
1570525479.233
1570525479.483
1570525479.733
1570525479.983
1570525480.233
1570525480.483
1570525480.733
1570525480.983
1570525481.233
1570525481.483
1570525481.733
1570525481.983
1570525482.233
1570525482.483
1570525482.733
1570525482.983
1570525483.233
1570525483.483
1570525483.733
1570525483.983
1570525484.233
1570525484.483
1570525484.733
1570525484.983
1570525485.233
1570525485.483
1570525485.733
1570525485.983
1570525486.233
1570525486.483
1570525486.733
1570525486.983
1570525487.233
1570525487.483
1570525487.733
1570525487.983
1570525488.233
1570525488.483
1570525488.733
1570525488.983
1570525489.233
1570525489.483
1570525489.733
1570525489.983
1570525490.233
1570525490.483
1570525490.733
1570525490.983
1570525491.233
1570525491.483
1570525491.733
1570525491.983
1570525492.233
1570525492.483
1570525492.733
1570525492.983
1570525493.233
1570525493.483
1570525493.733
1570525493.983
1570525494.233
1570525494.483
1570525494.733
1570525494.983
1570525495.233
1570525495.483
1570525495.733
1570525495.983
1570525496.233
1570525496.483
1570525496.733
1570525496.983
1570525497.233
1570525497.483
1570525497.733
1570525497.983
1570525498.233
1570525498.483
1570525498.733
1570525498.983
1570525499.233
1570525499.483
1570525499.733
1570525499.983
1570525500.233
1570525500.483
1570525500.733
1570525500.983
1570525501.233
1570525501.483
1570525501.733
1570525501.983
1570525502.233
1570525502.483
1570525502.733
1570525502.983
1570525503.233
1570525503.483
1570525503.733
1570525503.983
1570525504.233
1570525504.483
1570525504.733
1570525504.983
1570525505.233
1570525505.483
1570525505.733
1570525505.983
1570525506.233
1570525506.483
1570525506.733
1570525506.983
1570525507.233
1570525507.483
1570525507.733
1570525507.983
1570525508.233
1570525508.483
1570525508.733
1570525508.983
1570525509.233
1570525509.483
1570525509.733
1570525509.983
1570525510.233
1570525510.483
1570525510.733
1570525510.983
1570525511.233
1570525511.483
1570525511.733
1570525511.983
1570525512.233
1570525512.483
1570525512.733
1570525512.983
1570525513.233
1570525513.483
1570525513.733
1570525513.983
1570525514.233
1570525514.483
1570525514.733
1570525514.983
1570525515.233
1570525515.483
1570525515.733
1570525515.983
1570525516.233
1570525516.483
1570525516.733
1570525516.983
1570525517.233
1570525517.483
1570525517.733
1570525517.983
1570525518.233
1570525518.483
1570525518.733
1570525518.983
1570525519.233
1570525519.483
1570525519.733
1570525519.983
1570525520.233
1570525520.483
1570525520.733
1570525520.983
1570525521.233
1570525521.483
1570525521.733
1570525521.983
1570525522.233
1570525522.483
1570525522.733
1570525522.983
1570525523.233
1570525523.483
1570525523.733
1570525523.983
1570525524.233
1570525524.483
1570525524.733
1570525524.983
1570525525.233
1570525525.483
1570525525.733
1570525525.983
1570525526.233
1570525526.483
1570525526.733
1570525526.983
1570525527.233
1570525527.483
1570525527.733
1570525527.983
1570525528.233
1570525528.483
1570525528.733
1570525528.983
1570525529.233
1570525529.483
1570525529.733
1570525529.983
1570525530.233
1570525530.483
1570525530.733
1570525530.983
1570525531.233
1570525531.483
1570525531.733
1570525531.983
1570525532.233
1570525532.483
1570525532.733
1570525532.983
1570525533.233
1570525533.483
1570525533.733
1570525533.983
1570525534.233
1570525534.483
1570525534.733
1570525534.983
1570525535.233
1570525535.483
1570525535.733
1570525535.983
1570525536.233
1570525536.483
1570525536.733
1570525536.983
1570525537.233
1570525537.483
1570525537.733
1570525537.983
1570525538.233
1570525538.483
1570525538.733
1570525538.983
1570525539.233
1570525539.483
1570525539.733
1570525539.983
1570525540.233
1570525540.483
1570525540.733
1570525540.983
1570525541.233
1570525541.483
1570525541.733
1570525541.983
1570525542.233
1570525542.483
1570525542.733
1570525542.983
1570525543.233
1570525543.483
1570525543.733
1570525543.983
1570525544.233
1570525544.483
1570525544.733
1570525544.983
1570525545.233
1570525545.483
1570525545.733
1570525545.983
1570525546.233
1570525546.483
1570525546.733
1570525546.983
1570525547.233
1570525547.483
1570525547.733
1570525547.983
1570525548.233
1570525548.483
1570525548.733
1570525548.983
1570525549.233
1570525549.483
1570525549.733
1570525549.983
1570525550.233
1570525550.483
1570525550.733
1570525550.983
1570525551.233
1570525551.483
1570525551.733
1570525551.983
1570525552.233
1570525552.483
1570525552.733
1570525552.983
1570525553.233
1570525553.483
1570525553.733
1570525553.983
1570525554.233
1570525554.483
1570525554.733
1570525554.983
1570525555.233
1570525555.483
1570525555.733
1570525555.983
1570525556.233
1570525556.483
1570525556.733
1570525556.983
1570525557.233
1570525557.483
1570525557.733
1570525557.983
1570525558.233
1570525558.483
1570525558.733
1570525558.983
1570525559.233
1570525559.483
1570525559.733
1570525559.983
1570525560.233
1570525560.483
1570525560.733
1570525560.983
1570525561.233
1570525561.483
1570525561.733
1570525561.983
1570525562.233
1570525562.483
1570525562.733
1570525562.983
1570525563.233
1570525563.483
1570525563.733
1570525563.983
1570525564.233
1570525564.483
1570525564.733
1570525564.983
1570525565.233
1570525565.483
1570525565.733
1570525565.983
1570525566.233
1570525566.483
1570525566.733
1570525566.983
1570525567.233
1570525567.483
1570525567.733
1570525567.983
1570525568.233
1570525568.483
1570525568.733
1570525568.983
1570525569.233
1570525569.483
1570525569.733
1570525569.983
1570525570.233
1570525570.483
1570525570.733
1570525570.983
1570525571.233
1570525571.483
1570525571.733
1570525571.983
1570525572.233
1570525572.483
1570525572.733
1570525572.983
1570525573.233
1570525573.483
1570525573.733
1570525573.983
1570525574.233
1570525574.483
1570525574.733
1570525574.983
1570525575.233
1570525575.483
1570525575.733
1570525575.983
1570525576.233
1570525576.483
1570525576.733
1570525576.983
1570525577.233
1570525577.483
1570525577.733
1570525577.983
1570525578.233
1570525578.483
1570525578.733
1570525578.983
1570525579.233
1570525579.483
1570525579.733
1570525579.983
1570525580.233
1570525580.483
1570525580.733
1570525580.983
1570525581.233
1570525581.483
1570525581.733
1570525581.983
1570525582.233
1570525582.483
1570525582.733
1570525582.983
1570525583.233
1570525583.483
1570525583.733
1570525583.983
1570525584.233
1570525584.483
1570525584.733
1570525584.983
1570525585.233
1570525585.483
1570525585.733
1570525585.983
1570525586.233
1570525586.483
1570525586.733
1570525586.983
1570525587.233
1570525587.483
1570525587.733
1570525587.983
1570525588.233
1570525588.483
1570525588.733
1570525588.983
1570525589.233
1570525589.483
1570525589.733
1570525589.983
1570525590.233
1570525590.483
1570525590.733
1570525590.983
1570525591.233
1570525591.483
1570525591.733
1570525591.983
1570525592.233
1570525592.483
1570525592.733
1570525592.983
1570525593.233
1570525593.483
1570525593.733
1570525593.983
1570525594.233
1570525594.483
1570525594.733
1570525594.983
1570525595.233
1570525595.483
1570525595.733
1570525595.983
1570525596.233
1570525596.483
1570525596.733
1570525596.983
1570525597.233
1570525597.483
1570525597.733
1570525597.983
1570525598.233
1570525598.483
1570525598.733
1570525598.983
1570525599.233
1570525599.483
1570525599.733
1570525599.983
1570525600.233
1570525600.483
1570525600.733
1570525600.983
1570525601.233
1570525601.483
1570525601.733
1570525601.983
1570525602.233
1570525602.483
1570525602.733
1570525602.983
1570525603.233
1570525603.483
1570525603.733
1570525603.983
1570525604.233
1570525604.483
1570525604.733
1570525604.983
1570525605.233
1570525605.483
1570525605.733
1570525605.983
1570525606.233
1570525606.483
1570525606.733
1570525606.983
1570525607.233
1570525607.483
1570525607.733
1570525607.983
1570525608.233
1570525608.483
1570525608.733
1570525608.983
1570525609.233
1570525609.483
1570525609.733
1570525609.983
1570525610.233
1570525610.483
1570525610.733
1570525610.983
1570525611.233
1570525611.483
1570525611.733
1570525611.983
1570525612.233
1570525612.483
1570525612.733
1570525612.983
1570525613.233
1570525613.483
1570525613.733
1570525613.983
1570525614.233
1570525614.483
1570525614.733
1570525614.983
1570525615.233
1570525615.483
1570525615.733
1570525615.983
1570525616.233
1570525616.483
1570525616.733
1570525616.983
1570525617.233
1570525617.483
1570525617.733
1570525617.983
1570525618.233
1570525618.483
1570525618.733
1570525618.983
1570525619.233
1570525619.483
1570525619.733
1570525619.983
1570525620.233
1570525620.483
1570525620.733
1570525620.983
1570525621.233
1570525621.483
1570525621.733
1570525621.983
1570525622.233
1570525622.483
1570525622.733
1570525622.983
1570525623.233
1570525623.483
1570525623.733
1570525623.983
1570525624.233
1570525624.483
1570525624.733
1570525624.983
1570525625.233
1570525625.483
1570525625.733
1570525625.983
1570525626.233
1570525626.483
1570525626.733
1570525626.983
1570525627.233
1570525627.483
1570525627.733
1570525627.983
1570525628.233
1570525628.483
1570525628.733
1570525628.983
1570525629.233
1570525629.483
1570525629.733
1570525629.983
1570525630.233
1570525630.483
1570525630.733
1570525630.983
1570525631.233
1570525631.483
1570525631.733
1570525631.983
1570525632.233
1570525632.483
1570525632.733
1570525632.983
1570525633.233
1570525633.483
1570525633.733
1570525633.983
1570525634.233
1570525634.483
1570525634.733
1570525634.983
1570525635.233
1570525635.483
1570525635.733
1570525635.983
1570525636.233
1570525636.483
1570525636.733
1570525636.983
1570525637.233
1570525637.483
1570525637.733
1570525637.983
1570525638.233
1570525638.483
1570525638.733
1570525638.983
1570525639.233
1570525639.483
1570525639.733
1570525639.983
1570525640.233
1570525640.483
1570525640.733
1570525640.983
1570525641.233
1570525641.483
1570525641.733
1570525641.983
1570525642.233
1570525642.483
1570525642.733
1570525642.983
1570525643.233
1570525643.483
1570525643.733
1570525643.983
1570525644.233
1570525644.483
1570525644.733
1570525644.983
1570525645.233
1570525645.483
1570525645.733
1570525645.983
1570525646.233
1570525646.483
1570525646.733
1570525646.983
1570525647.233
1570525647.483
1570525647.733
1570525647.983
1570525648.233
1570525648.483
1570525648.733
1570525648.983
1570525649.233
1570525649.483
1570525649.733
1570525649.983
1570525650.233
1570525650.483
1570525650.733
1570525650.983
1570525651.233
1570525651.483
1570525651.733
1570525651.983
1570525652.233
1570525652.483
1570525652.733
1570525652.983
