1570525809.233
1570525809.483
1570525809.733
1570525809.983
1570525810.233
1570525810.483
1570525810.733
1570525810.983
1570525811.233
1570525811.483
1570525811.733
1570525811.983
1570525812.233
1570525812.483
1570525812.733
1570525812.983
1570525813.233
1570525813.483
1570525813.733
1570525813.983
1570525814.233
1570525814.483
1570525814.733
1570525814.983
1570525815.233
1570525815.483
1570525815.733
1570525815.983
1570525816.233
1570525816.483
1570525816.733
1570525816.983
1570525817.233
1570525817.483
1570525817.733
1570525817.983
1570525818.233
1570525818.483
1570525818.733
1570525818.983
1570525819.233
1570525819.483
1570525819.733
1570525819.983
1570525820.233
1570525820.483
1570525820.733
1570525820.983
1570525821.233
1570525821.483
1570525821.733
1570525821.983
1570525822.233
1570525822.483
1570525822.733
1570525822.983
1570525823.233
1570525823.483
1570525823.733
1570525823.983
1570525824.233
1570525824.483
1570525824.733
1570525824.983
1570525825.233
1570525825.483
1570525825.733
1570525825.983
1570525826.233
1570525826.483
1570525826.733
1570525826.983
1570525827.233
1570525827.483
1570525827.733
1570525827.983
1570525828.233
1570525828.483
1570525828.733
1570525828.983
1570525829.233
1570525829.483
1570525829.733
1570525829.983
1570525830.233
1570525830.483
1570525830.733
1570525830.983
1570525831.233
1570525831.483
1570525831.733
1570525831.983
1570525832.233
1570525832.483
1570525832.733
1570525832.983
1570525833.233
1570525833.483
1570525833.733
1570525833.983
1570525834.233
1570525834.483
1570525834.733
1570525834.983
1570525835.233
1570525835.483
1570525835.733
1570525835.983
1570525836.233
1570525836.483
1570525836.733
1570525836.983
1570525837.233
1570525837.483
1570525837.733
1570525837.983
1570525838.233
1570525838.483
1570525838.733
1570525838.983
1570525839.233
1570525839.483
1570525839.733
1570525839.983
1570525840.233
1570525840.483
1570525840.733
1570525840.983
1570525841.233
1570525841.483
1570525841.733
1570525841.983
1570525842.233
1570525842.483
1570525842.733
1570525842.983
1570525843.233
1570525843.483
1570525843.733
1570525843.983
1570525844.233
1570525844.483
1570525844.733
1570525844.983
1570525845.233
1570525845.483
1570525845.733
1570525845.983
1570525846.233
1570525846.483
1570525846.733
1570525846.983
1570525847.233
1570525847.483
1570525847.733
1570525847.983
1570525848.233
1570525848.483
1570525848.733
1570525848.983
1570525849.233
1570525849.483
1570525849.733
1570525849.983
1570525850.233
1570525850.483
1570525850.733
1570525850.983
1570525851.233
1570525851.483
1570525851.733
1570525851.983
1570525852.233
1570525852.483
1570525852.733
1570525852.983
1570525853.233
1570525853.483
1570525853.733
1570525853.983
1570525854.233
1570525854.483
1570525854.733
1570525854.983
1570525855.233
1570525855.483
1570525855.733
1570525855.983
1570525856.233
1570525856.483
1570525856.733
1570525856.983
1570525857.233
1570525857.483
1570525857.733
1570525857.983
1570525858.233
1570525858.483
1570525858.733
1570525858.983
1570525859.233
1570525859.483
1570525859.733
1570525859.983
1570525860.233
1570525860.483
1570525860.733
1570525860.983
1570525861.233
1570525861.483
1570525861.733
1570525861.983
1570525862.233
1570525862.483
1570525862.733
1570525862.983
1570525863.233
1570525863.483
1570525863.733
1570525863.983
1570525864.233
1570525864.483
1570525864.733
1570525864.983
1570525865.233
1570525865.483
1570525865.733
1570525865.983
1570525866.233
1570525866.483
1570525866.733
1570525866.983
1570525867.233
1570525867.483
1570525867.733
1570525867.983
1570525868.233
1570525868.483
1570525868.733
1570525868.983
1570525869.233
1570525869.483
1570525869.733
1570525869.983
1570525870.233
1570525870.483
1570525870.733
1570525870.983
1570525871.233
1570525871.483
1570525871.733
1570525871.983
1570525872.233
1570525872.483
1570525872.733
1570525872.983
1570525873.233
1570525873.483
1570525873.733
1570525873.983
1570525874.233
1570525874.483
1570525874.733
1570525874.983
1570525875.233
1570525875.483
1570525875.733
1570525875.983
1570525876.233
1570525876.483
1570525876.733
1570525876.983
1570525877.233
1570525877.483
1570525877.733
1570525877.983
1570525878.233
1570525878.483
1570525878.733
1570525878.983
1570525879.233
1570525879.483
1570525879.733
1570525879.983
1570525880.233
1570525880.483
1570525880.733
1570525880.983
1570525881.233
1570525881.483
1570525881.733
1570525881.983
1570525882.233
1570525882.483
1570525882.733
1570525882.983
1570525883.233
1570525883.483
1570525883.733
1570525883.983
1570525884.233
1570525884.483
1570525884.733
1570525884.983
1570525885.233
1570525885.483
1570525885.733
1570525885.983
1570525886.233
1570525886.483
1570525886.733
1570525886.983
1570525887.233
1570525887.483
1570525887.733
1570525887.983
1570525888.233
1570525888.483
1570525888.733
1570525888.983
1570525889.233
1570525889.483
1570525889.733
1570525889.983
1570525890.233
1570525890.483
1570525890.733
1570525890.983
1570525891.233
1570525891.483
1570525891.733
1570525891.983
1570525892.233
1570525892.483
1570525892.733
1570525892.983
1570525893.233
1570525893.483
1570525893.733
1570525893.983
1570525894.233
1570525894.483
1570525894.733
1570525894.983
1570525895.233
1570525895.483
1570525895.733
1570525895.983
1570525896.233
1570525896.483
1570525896.733
1570525896.983
1570525897.233
1570525897.483
1570525897.733
1570525897.983
1570525898.233
1570525898.483
1570525898.733
1570525898.983
1570525899.233
1570525899.483
1570525899.733
1570525899.983
1570525900.233
1570525900.483
1570525900.733
1570525900.983
1570525901.233
1570525901.483
1570525901.733
1570525901.983
1570525902.233
1570525902.483
1570525902.733
1570525902.983
1570525903.233
1570525903.483
1570525903.733
1570525903.983
1570525904.233
1570525904.483
1570525904.733
1570525904.983
1570525905.233
1570525905.483
1570525905.733
1570525905.983
1570525906.233
1570525906.483
1570525906.733
1570525906.983
1570525907.233
1570525907.483
1570525907.733
1570525907.983
1570525908.233
1570525908.483
1570525908.733
1570525908.983
1570525909.233
1570525909.483
1570525909.733
1570525909.983
1570525910.233
1570525910.483
1570525910.733
1570525910.983
1570525911.233
1570525911.483
1570525911.733
1570525911.983
1570525912.233
1570525912.483
1570525912.733
1570525912.983
1570525913.233
1570525913.483
1570525913.733
1570525913.983
1570525914.233
1570525914.483
1570525914.733
1570525914.983
1570525915.233
1570525915.483
1570525915.733
1570525915.983
1570525916.233
1570525916.483
1570525916.733
1570525916.983
1570525917.233
1570525917.483
1570525917.733
1570525917.983
1570525918.233
1570525918.483
1570525918.733
1570525918.983
1570525919.233
1570525919.483
1570525919.733
1570525919.983
1570525920.233
1570525920.483
1570525920.733
1570525920.983
1570525921.233
1570525921.483
1570525921.733
1570525921.983
1570525922.233
1570525922.483
1570525922.733
1570525922.983
1570525923.233
1570525923.483
1570525923.733
1570525923.983
1570525924.233
1570525924.483
1570525924.733
1570525924.983
1570525925.233
1570525925.483
1570525925.733
1570525925.983
1570525926.233
1570525926.483
1570525926.733
1570525926.983
1570525927.233
1570525927.483
1570525927.733
1570525927.983
1570525928.233
1570525928.483
1570525928.733
1570525928.983
1570525929.233
1570525929.483
1570525929.733
1570525929.983
1570525930.233
1570525930.483
1570525930.733
1570525930.983
1570525931.233
1570525931.483
1570525931.733
1570525931.983
1570525932.233
1570525932.483
1570525932.733
1570525932.983
1570525933.233
1570525933.483
1570525933.733
1570525933.983
1570525934.233
1570525934.483
1570525934.733
1570525934.983
1570525935.233
1570525935.483
1570525935.733
1570525935.983
1570525936.233
1570525936.483
1570525936.733
1570525936.983
1570525937.233
1570525937.483
1570525937.733
1570525937.983
1570525938.233
1570525938.483
1570525938.733
1570525938.983
1570525939.233
1570525939.483
1570525939.733
1570525939.983
1570525940.233
1570525940.483
1570525940.733
1570525940.983
1570525941.233
1570525941.483
1570525941.733
1570525941.983
1570525942.233
1570525942.483
1570525942.733
1570525942.983
1570525943.233
1570525943.483
1570525943.733
1570525943.983
1570525944.233
1570525944.483
1570525944.733
1570525944.983
1570525945.233
1570525945.483
1570525945.733
1570525945.983
1570525946.233
1570525946.483
1570525946.733
1570525946.983
1570525947.233
1570525947.483
1570525947.733
1570525947.983
1570525948.233
1570525948.483
1570525948.733
1570525948.983
1570525949.233
1570525949.483
1570525949.733
1570525949.983
1570525950.233
1570525950.483
1570525950.733
1570525950.983
1570525951.233
1570525951.483
1570525951.733
1570525951.983
1570525952.233
1570525952.483
1570525952.733
1570525952.983
1570525953.233
1570525953.483
1570525953.733
1570525953.983
1570525954.233
1570525954.483
1570525954.733
1570525954.983
1570525955.233
1570525955.483
1570525955.733
1570525955.983
1570525956.233
1570525956.483
1570525956.733
1570525956.983
1570525957.233
1570525957.483
1570525957.733
1570525957.983
1570525958.233
1570525958.483
1570525958.733
1570525958.983
1570525959.233
1570525959.483
1570525959.733
1570525959.983
1570525960.233
1570525960.483
1570525960.733
1570525960.983
1570525961.233
1570525961.483
1570525961.733
1570525961.983
1570525962.233
1570525962.483
1570525962.733
1570525962.983
1570525963.233
1570525963.483
1570525963.733
1570525963.983
1570525964.233
1570525964.483
1570525964.733
1570525964.983
1570525965.233
1570525965.483
1570525965.733
1570525965.983
1570525966.233
1570525966.483
1570525966.733
1570525966.983
1570525967.233
1570525967.483
1570525967.733
1570525967.983
1570525968.233
1570525968.483
1570525968.733
1570525968.983
1570525969.233
1570525969.483
1570525969.733
1570525969.983
1570525970.233
1570525970.483
1570525970.733
1570525970.983
1570525971.233
1570525971.483
1570525971.733
1570525971.983
1570525972.233
1570525972.483
1570525972.733
1570525972.983
1570525973.233
1570525973.483
1570525973.733
1570525973.983
1570525974.233
1570525974.483
1570525974.733
1570525974.983
1570525975.233
1570525975.483
1570525975.733
1570525975.983
1570525976.233
1570525976.483
1570525976.733
1570525976.983
1570525977.233
1570525977.483
1570525977.733
1570525977.983
1570525978.233
1570525978.483
1570525978.733
1570525978.983
1570525979.233
1570525979.483
1570525979.733
1570525979.983
1570525980.233
1570525980.483
1570525980.733
1570525980.983
1570525981.233
1570525981.483
1570525981.733
1570525981.983
1570525982.233
1570525982.483
1570525982.733
1570525982.983
1570525983.233
1570525983.483
1570525983.733
1570525983.983
1570525984.233
1570525984.483
1570525984.733
1570525984.983
1570525985.233
1570525985.483
1570525985.733
1570525985.983
1570525986.233
1570525986.483
1570525986.733
1570525986.983
1570525987.233
1570525987.483
1570525987.733
1570525987.983
1570525988.233
1570525988.483
1570525988.733
1570525988.983
1570525989.233
1570525989.483
1570525989.733
1570525989.983
1570525990.233
1570525990.483
1570525990.733
1570525990.983
1570525991.233
1570525991.483
1570525991.733
1570525991.983
1570525992.233
1570525992.483
1570525992.733
1570525992.983
1570525993.233
1570525993.483
1570525993.733
1570525993.983
1570525994.233
1570525994.483
1570525994.733
1570525994.983
1570525995.233
1570525995.483
1570525995.733
1570525995.983
1570525996.233
1570525996.483
1570525996.733
1570525996.983
1570525997.233
1570525997.483
1570525997.733
1570525997.983
1570525998.233
1570525998.483
1570525998.733
1570525998.983
1570525999.233
1570525999.483
1570525999.733
1570525999.983
1570526000.233
1570526000.483
1570526000.733
1570526000.983
1570526001.233
1570526001.483
1570526001.733
1570526001.983
1570526002.233
1570526002.483
1570526002.733
1570526002.983
1570526003.233
1570526003.483
1570526003.733
1570526003.983
1570526004.233
1570526004.483
1570526004.733
1570526004.983
1570526005.233
1570526005.483
1570526005.733
1570526005.983
1570526006.233
1570526006.483
1570526006.733
1570526006.983
1570526007.233
1570526007.483
1570526007.733
1570526007.983
1570526008.233
1570526008.483
1570526008.733
1570526008.983
1570526009.233
1570526009.483
1570526009.733
1570526009.983
1570526010.233
1570526010.483
1570526010.733
1570526010.983
1570526011.233
1570526011.483
1570526011.733
1570526011.983
1570526012.233
1570526012.483
1570526012.733
1570526012.983
1570526013.233
1570526013.483
1570526013.733
1570526013.983
1570526014.233
1570526014.483
1570526014.733
1570526014.983
1570526015.233
1570526015.483
1570526015.733
1570526015.983
1570526016.233
1570526016.483
1570526016.733
1570526016.983
1570526017.233
1570526017.483
1570526017.733
1570526017.983
1570526018.233
1570526018.483
1570526018.733
1570526018.983
1570526019.233
1570526019.483
1570526019.733
1570526019.983
1570526020.233
1570526020.483
1570526020.733
1570526020.983
1570526021.233
1570526021.483
1570526021.733
1570526021.983
1570526022.233
1570526022.483
1570526022.733
1570526022.983
1570526023.233
1570526023.483
1570526023.733
1570526023.983
1570526024.233
1570526024.483
1570526024.733
1570526024.983
1570526025.233
1570526025.483
1570526025.733
1570526025.983
1570526026.233
1570526026.483
1570526026.733
1570526026.983
1570526027.233
1570526027.483
1570526027.733
1570526027.983
1570526028.233
1570526028.483
1570526028.733
1570526028.983
1570526029.233
1570526029.483
1570526029.733
1570526029.983
1570526030.233
1570526030.483
1570526030.733
1570526030.983
1570526031.233
1570526031.483
1570526031.733
1570526031.983
1570526032.233
1570526032.483
1570526032.733
1570526032.983
1570526033.233
1570526033.483
1570526033.733
1570526033.983
1570526034.233
1570526034.483
1570526034.733
1570526034.983
1570526035.233
1570526035.483
1570526035.733
1570526035.983
1570526036.233
1570526036.483
1570526036.733
1570526036.983
1570526037.233
1570526037.483
1570526037.733
1570526037.983
1570526038.233
1570526038.483
1570526038.733
1570526038.983
1570526039.233
1570526039.483
1570526039.733
1570526039.983
1570526040.233
1570526040.483
1570526040.733
1570526040.983
1570526041.233
1570526041.483
1570526041.733
1570526041.983
1570526042.233
1570526042.483
1570526042.733
1570526042.983
1570526043.233
1570526043.483
1570526043.733
1570526043.983
1570526044.233
1570526044.483
1570526044.733
1570526044.983
1570526045.233
1570526045.483
1570526045.733
1570526045.983
1570526046.233
1570526046.483
1570526046.733
1570526046.983
1570526047.233
1570526047.483
1570526047.733
1570526047.983
1570526048.233
1570526048.483
1570526048.733
1570526048.983
1570526049.233
1570526049.483
1570526049.733
1570526049.983
1570526050.233
1570526050.483
1570526050.733
1570526050.983
1570526051.233
1570526051.483
1570526051.733
1570526051.983
1570526052.233
1570526052.483
1570526052.733
1570526052.983
1570526053.233
1570526053.483
1570526053.733
1570526053.983
1570526054.233
1570526054.483
1570526054.733
1570526054.983
1570526055.233
1570526055.483
1570526055.733
1570526055.983
1570526056.233
1570526056.483
1570526056.733
1570526056.983
1570526057.233
1570526057.483
1570526057.733
1570526057.983
1570526058.233
1570526058.483
1570526058.733
1570526058.983
1570526059.233
1570526059.483
1570526059.733
1570526059.983
1570526060.233
1570526060.483
1570526060.733
1570526060.983
1570526061.233
1570526061.483
1570526061.733
1570526061.983
1570526062.233
1570526062.483
1570526062.733
1570526062.983
1570526063.233
1570526063.483
1570526063.733
1570526063.983
1570526064.233
1570526064.483
1570526064.733
1570526064.983
1570526065.233
1570526065.483
1570526065.733
1570526065.983
1570526066.233
1570526066.483
1570526066.733
1570526066.983
1570526067.233
1570526067.483
1570526067.733
1570526067.983
1570526068.233
1570526068.483
1570526068.733
1570526068.983
1570526069.233
1570526069.483
1570526069.733
1570526069.983
1570526070.233
1570526070.483
1570526070.733
1570526070.983
1570526071.233
1570526071.483
1570526071.733
1570526071.983
1570526072.233
1570526072.483
1570526072.733
1570526072.983
1570526073.233
1570526073.483
1570526073.733
1570526073.983
1570526074.233
1570526074.483
1570526074.733
1570526074.983
1570526075.233
1570526075.483
1570526075.733
1570526075.983
1570526076.233
1570526076.483
1570526076.733
1570526076.983
1570526077.233
1570526077.483
1570526077.733
1570526077.983
1570526078.233
1570526078.483
1570526078.733
1570526078.983
1570526079.233
1570526079.483
1570526079.733
1570526079.983
1570526080.233
1570526080.483
1570526080.733
1570526080.983
1570526081.233
1570526081.483
1570526081.733
1570526081.983
1570526082.233
1570526082.483
1570526082.733
1570526082.983
1570526083.233
1570526083.483
1570526083.733
1570526083.983
1570526084.233
1570526084.483
1570526084.733
1570526084.983
1570526085.233
1570526085.483
1570526085.733
1570526085.983
1570526086.233
1570526086.483
1570526086.733
1570526086.983
1570526087.233
1570526087.483
1570526087.733
1570526087.983
1570526088.233
1570526088.483
1570526088.733
1570526088.983
1570526089.233
1570526089.483
1570526089.733
1570526089.983
1570526090.233
1570526090.483
1570526090.733
1570526090.983
1570526091.233
1570526091.483
1570526091.733
1570526091.983
1570526092.233
1570526092.483
1570526092.733
1570526092.983
1570526093.233
1570526093.483
1570526093.733
1570526093.983
1570526094.233
1570526094.483
1570526094.733
1570526094.983
1570526095.233
1570526095.483
1570526095.733
1570526095.983
1570526096.233
1570526096.483
1570526096.733
1570526096.983
1570526097.233
1570526097.483
1570526097.733
1570526097.983
1570526098.233
1570526098.483
1570526098.733
1570526098.983
1570526099.233
1570526099.483
1570526099.733
1570526099.983
1570526100.233
1570526100.483
1570526100.733
1570526100.983
1570526101.233
1570526101.483
1570526101.733
1570526101.983
1570526102.233
1570526102.483
1570526102.733
1570526102.983
1570526103.233
1570526103.483
1570526103.733
1570526103.983
1570526104.233
1570526104.483
1570526104.733
1570526104.983
1570526105.233
1570526105.483
1570526105.733
1570526105.983
1570526106.233
1570526106.483
1570526106.733
1570526106.983
1570526107.233
1570526107.483
1570526107.733
1570526107.983
1570526108.233
1570526108.483
1570526108.733
1570526108.983
1570526109.233
1570526109.483
1570526109.733
1570526109.983
1570526110.233
1570526110.483
1570526110.733
1570526110.983
1570526111.233
1570526111.483
1570526111.733
1570526111.983
1570526112.233
1570526112.483
1570526112.733
1570526112.983
1570526113.233
1570526113.483
1570526113.733
1570526113.983
1570526114.233
1570526114.483
1570526114.733
1570526114.983
1570526115.233
1570526115.483
1570526115.733
1570526115.983
1570526116.233
1570526116.483
1570526116.733
1570526116.983
1570526117.233
1570526117.483
1570526117.733
1570526117.983
1570526118.233
1570526118.483
1570526118.733
1570526118.983
1570526119.233
1570526119.483
1570526119.733
1570526119.983
1570526120.233
1570526120.483
1570526120.733
1570526120.983
1570526121.233
1570526121.483
1570526121.733
1570526121.983
1570526122.233
1570526122.483
1570526122.733
1570526122.983
1570526123.233
1570526123.483
1570526123.733
1570526123.983
1570526124.233
1570526124.483
1570526124.733
1570526124.983
1570526125.233
1570526125.483
1570526125.733
1570526125.983
1570526126.233
1570526126.483
1570526126.733
1570526126.983
1570526127.233
1570526127.483
1570526127.733
1570526127.983
1570526128.233
1570526128.483
1570526128.733
1570526128.983
1570526129.233
1570526129.483
1570526129.733
1570526129.983
1570526130.233
1570526130.483
1570526130.733
1570526130.983
1570526131.233
1570526131.483
1570526131.733
1570526131.983
1570526132.233
1570526132.483
1570526132.733
1570526132.983
1570526133.233
1570526133.483
1570526133.733
1570526133.983
1570526134.233
1570526134.483
1570526134.733
1570526134.983
1570526135.233
1570526135.483
1570526135.733
1570526135.983
1570526136.233
1570526136.483
1570526136.733
1570526136.983
1570526137.233
1570526137.483
1570526137.733
1570526137.983
1570526138.233
1570526138.483
1570526138.733
1570526138.983
1570526139.233
1570526139.483
1570526139.733
1570526139.983
1570526140.233
1570526140.483
1570526140.733
1570526140.983
1570526141.233
1570526141.483
1570526141.733
1570526141.983
1570526142.233
1570526142.483
1570526142.733
1570526142.983
1570526143.233
1570526143.483
1570526143.733
1570526143.983
1570526144.233
1570526144.483
1570526144.733
1570526144.983
1570526145.233
1570526145.483
1570526145.733
1570526145.983
1570526146.233
1570526146.483
1570526146.733
1570526146.983
1570526147.233
1570526147.483
1570526147.733
1570526147.983
1570526148.233
1570526148.483
1570526148.733
1570526148.983
1570526149.233
1570526149.483
1570526149.733
1570526149.983
1570526150.233
1570526150.483
1570526150.733
1570526150.983
1570526151.233
1570526151.483
1570526151.733
1570526151.983
1570526152.233
1570526152.483
1570526152.733
1570526152.983
1570526153.233
1570526153.483
1570526153.733
1570526153.983
1570526154.233
1570526154.483
1570526154.733
1570526154.983
1570526155.233
1570526155.483
1570526155.733
1570526155.983
1570526156.233
1570526156.483
1570526156.733
1570526156.983
1570526157.233
1570526157.483
1570526157.733
1570526157.983
1570526158.233
1570526158.483
1570526158.733
1570526158.983
1570526159.233
1570526159.483
1570526159.733
1570526159.983
1570526160.233
1570526160.483
1570526160.733
1570526160.983
1570526161.233
1570526161.483
1570526161.733
1570526161.983
1570526162.233
1570526162.483
1570526162.733
1570526162.983
1570526163.233
1570526163.483
1570526163.733
1570526163.983
1570526164.233
1570526164.483
1570526164.733
1570526164.983
1570526165.233
1570526165.483
1570526165.733
1570526165.983
1570526166.233
1570526166.483
1570526166.733
1570526166.983
1570526167.233
1570526167.483
1570526167.733
1570526167.983
1570526168.233
1570526168.483
1570526168.733
1570526168.983
1570526169.233
1570526169.483
1570526169.733
1570526169.983
1570526170.233
1570526170.483
1570526170.733
1570526170.983
1570526171.233
1570526171.483
1570526171.733
1570526171.983
1570526172.233
1570526172.483
1570526172.733
1570526172.983
1570526173.233
1570526173.483
1570526173.733
1570526173.983
1570526174.233
1570526174.483
1570526174.733
1570526174.983
1570526175.233
1570526175.483
1570526175.733
1570526175.983
1570526176.233
1570526176.483
1570526176.733
1570526176.983
1570526177.233
1570526177.483
1570526177.733
1570526177.983
1570526178.233
1570526178.483
1570526178.733
1570526178.983
1570526179.233
1570526179.483
1570526179.733
1570526179.983
1570526180.233
1570526180.483
1570526180.733
1570526180.983
1570526181.233
1570526181.483
1570526181.733
1570526181.983
1570526182.233
1570526182.483
1570526182.733
1570526182.983
1570526183.233
1570526183.483
1570526183.733
1570526183.983
1570526184.233
1570526184.483
1570526184.733
1570526184.983
1570526185.233
1570526185.483
1570526185.733
1570526185.983
1570526186.233
1570526186.483
1570526186.733
1570526186.983
1570526187.233
1570526187.483
1570526187.733
1570526187.983
1570526188.233
1570526188.483
1570526188.733
1570526188.983
1570526189.233
1570526189.483
1570526189.733
1570526189.983
1570526190.233
1570526190.483
1570526190.733
1570526190.983
1570526191.233
1570526191.483
1570526191.733
1570526191.983
1570526192.233
1570526192.483
1570526192.733
1570526192.983
1570526193.233
1570526193.483
1570526193.733
1570526193.983
1570526194.233
1570526194.483
1570526194.733
1570526194.983
1570526195.233
1570526195.483
1570526195.733
1570526195.983
1570526196.233
1570526196.483
1570526196.733
1570526196.983
1570526197.233
1570526197.483
1570526197.733
1570526197.983
1570526198.233
1570526198.483
1570526198.733
1570526198.983
1570526199.233
1570526199.483
1570526199.733
1570526199.983
1570526200.233
1570526200.483
1570526200.733
1570526200.983
1570526201.233
1570526201.483
1570526201.733
1570526201.983
1570526202.233
1570526202.483
1570526202.733
1570526202.983
