3.440547
3.470018
3.475143
3.458486
3.44311
3.446954
3.495645
3.566118
3.700657
3.801883
3.871074
3.877481
3.842885
3.764724
3.725003
3.658374
3.609683
3.586619
3.590463
3.61609
3.657092
3.672468
3.659655
3.635309
3.600713
3.56868
3.53024
3.493082
3.46233
3.440547
3.425171
3.413639
3.402107
3.403389
3.42389
3.468736
3.531522
3.582775
3.604558
3.599432
3.585338
3.555867
3.532803
3.517427
3.512302
3.531522
3.684
3.962049
4.17522
4.287978
4.321292
4.275164
4.207254
4.11756
4.021461
3.97277
3.971489
3.965082
3.949706
3.926642
3.888202
3.845918
3.813885
3.79979
3.784415
3.765195
3.742131
3.733161
3.73188
3.7511
3.772882
3.77032
3.793384
3.83823
3.903578
3.930486
3.925361
3.899734
3.87667
3.956113
4.149594
4.361013
4.445581
4.451056
4.412616
4.313953
4.178132
4.071782
3.984651
3.910334
3.85745
3.816448
3.860013
4.067589
4.403297
4.592935
4.713728
4.658631
4.592002
4.567657
4.565094
4.495903
4.419023
4.349831
4.278076
4.211447
4.151224
4.120472
4.088439
4.082032
4.065375
4.065375
4.071782
4.088439
4.08972
4.080751
4.071782
4.062812
4.096127
4.235792
4.4549
4.609941
4.662476
4.693227
4.672726
4.576626
4.470276
4.380582
4.354956
4.372895
4.439524
4.481808
4.497184
4.477964
4.466432
4.504872
4.54203
4.559969
4.563813
4.558688
4.525373
4.475401
4.427992
4.390833
4.365207
4.361362
4.367769
4.371613
4.384427
4.406209
4.498465
4.630442
4.71501
4.729105
4.703478
4.644537
4.579189
4.535624
4.57022
4.671445
4.739355
4.75345
4.736793
4.681695
4.624035
4.565094
4.53178
4.48437
4.451056
4.417741
4.407491
4.429273
4.536905
4.75345
4.932836
5.00923
5.045107
5.061765
5.015637
4.932351
4.838813
4.751683
4.678647
4.683772
4.861877
5.063046
5.147614
5.134801
5.079703
4.986166
4.873409
4.764496
4.678647
4.615862
4.578703
4.54667
4.528731
4.568452
4.609455
4.640207
4.638926
4.622268
4.592798
4.555639
4.531294
4.515918
4.504386
4.494135
4.506948
4.555639
4.654302
4.733744
4.781153
4.788841
4.759371
4.740151
4.755527
4.784997
4.809343
4.802936
4.777309
4.746557
4.701711
4.663271
4.636363
4.619706
4.615862
4.617143
4.613299
4.606893
4.605611
4.623549
4.700429
4.838813
4.982322
5.092517
5.178366
5.283435
5.343658
5.33597
5.301374
5.219368
5.115581
5.020762
4.973353
5.007949
5.077141
5.119425
5.125832
5.077141
5.034857
4.992573
4.965665
4.916975
4.891348
4.86444
4.870847
4.924663
4.997698
5.033576
5.038701
5.020762
4.988729
4.945164
4.906724
4.881097
4.851626
4.842657
4.855471
4.868284
4.888785
4.950289
4.977197
4.987448
4.986166
5.002824
5.093798
5.224494
5.323156
5.378253
5.35519
5.280872
5.203993
5.128394
5.092517
5.091236
5.092517
5.098924
5.123269
5.129675
5.159146
5.171959
5.168116
5.146333
5.121987
5.096361
5.148895
5.334688
5.535857
5.641244
5.677121
5.650213
5.613055
5.639963
5.69506
5.720686
5.730937
5.687372
5.589991
5.484921
5.427261
5.465702
5.582303
5.677121
5.745032
5.888541
6.035894
6.09569
6.059813
5.973964
5.861207
5.715135
5.549843
5.420429
5.346538
5.367039
5.563083
5.750157
5.830881
5.830881
5.773221
5.682246
5.574615
5.475952
5.392665
5.332443
5.288878
5.251719
5.244031
5.235062
5.22353
5.214561
5.222249
5.224811
5.236343
5.28119
5.359351
5.451607
5.513111
5.537456
5.534894
5.501579
5.46442
5.428543
5.459295
5.555395
5.687372
5.827037
5.938513
5.981652
6.012404
5.926555
5.824048
5.726667
5.657475
5.574189
5.510122
5.478089
5.471682
5.499872
5.530623
5.561376
5.608785
5.626723
5.606222
5.611347
5.785608
5.997028
6.105941
6.116192
6.13413
6.232793
6.327611
6.341706
6.301985
6.225105
6.118754
6.034186
6.00856
6.017529
6.029061
6.038031
6.07647
6.155913
6.164882
6.125161
6.064939
5.984215
5.903491
5.815079
5.747169
5.702322
5.697196
5.735636
5.772795
5.794578
5.793296
5.772795
5.743324
5.726667
5.721542
5.720261
5.726667
5.756138
5.812516
5.898365
5.936805
5.927836
5.886834
5.847112
5.813797
5.783046
5.808672
5.865051
5.903491
5.932961
5.938087
5.947056
5.982934
6.102097
6.372458
6.587721
6.687172
6.669234
6.609011
6.514193
6.464221
6.506505
6.537257
6.51163
6.48216
6.429625
6.352745
6.229737
6.128512
6.045226
5.988847
5.947845
5.920937
5.93168
5.93168
5.943212
5.945775
5.944493
5.949619
5.952181
5.975245
6.022655
6.064939
6.086721
6.105941
6.113629
6.111066
6.108504
6.102097
6.089284
6.084158
6.088003
6.091846
6.111066
6.176414
6.30711
6.416023
6.453182
6.437313
6.412968
6.403998
6.409123
6.39631
6.371965
6.329681
6.279709
6.237425
6.209236
6.182328
6.192579
6.274584
6.49241
6.732019
6.888341
6.922937
6.889623
6.803773
6.70383
6.585947
6.474472
6.39631
6.359152
6.352745
6.342494
6.337369
6.323274
6.304054
6.292522
6.277146
6.268177
6.255364
6.254083
6.311742
6.483441
6.683328
6.784554
6.819149
6.803773
6.738426
6.661546
6.568008
6.488566
6.438594
6.395029
6.373246
6.359152
6.346338
6.350183
6.350183
6.351464
6.364277
6.37709
6.402717
6.498816
6.673078
6.8294
6.894748
6.896029
6.860152
6.811461
6.803773
6.8294
6.834526
6.81018
6.758927
6.707674
6.652576
6.79096
7.062603
7.238848
7.283694
7.235003
7.161968
7.082525
6.994113
6.873668
6.757067
6.662249
6.593057
6.552054
6.527709
6.522583
6.52899
6.543085
6.562305
6.576399
6.587931
6.602026
6.616121
6.626371
6.639184
6.666092
6.68275
6.696845
6.726315
6.804476
6.921077
7.033834
7.103026
7.13506
7.278569
7.338791
7.323415
7.267037
7.210658
7.133779
7.063305
7.031272
7.00949
6.985144
6.951829
6.922359
6.891607
6.858292
6.845479
6.860855
6.887763
6.905702
6.912108
6.90442
6.899295
6.895451
6.92364
6.986425
7.055617
7.09662
7.108152
7.110714
7.097901
7.069712
7.040241
7.014615
7.005645
7.067149
7.179906
7.258068
7.27985
7.26063
7.224753
7.170937
7.124809
7.101745
7.088932
7.070993
7.070993
7.067149
7.069712
7.064587
7.064587
7.059461
7.165812
7.461799
7.72269
7.814946
7.807258
7.739347
7.639404
7.524084
7.407483
7.353667
7.438235
7.527928
7.549711
7.524084
7.492051
7.419015
7.32804
7.233222
7.137122
7.089713
7.058961
7.064086
7.112777
7.184531
7.243473
7.294726
7.451048
7.697064
7.853386
7.882857
7.870043
7.791882
7.753442
7.667593
7.574056
7.599682
7.794445
7.993051
8.130741
8.157649
8.19737
8.190963
8.171743
8.112803
8.030797
7.953917
7.938541
7.965449
8.071799
8.212746
8.315252
8.35113
8.334473
8.292189
8.234529
8.174306
8.134584
8.12049
8.174306
8.234529
8.271688
8.265281
8.258874
8.243498
8.225559
8.234529
8.248623
8.247342
8.249905
8.242216
8.234529
8.221715
8.207621
8.206339
8.210183
8.211465
8.225559
8.225559
8.231966
8.243498
8.257592
8.2845
8.30372
8.320377
8.338316
8.354974
8.339598
8.328066
8.32294
8.361381
8.507452
8.771893
8.934621
8.974185
8.911399
8.810174
8.697417
8.588504
8.483435
8.424494
8.388774
8.355459
8.324708
8.299081
8.276017
8.255516
8.238858
8.24014
8.235015
8.241421
8.245265
8.260641
8.274735
8.295238
8.320864
8.341365
8.354178
8.361866
8.384931
8.492562
8.656572
8.775736
8.839803
8.828271
8.794956
8.742422
8.693731
8.744985
8.969217
9.217637
9.270172
9.207387
9.118975
9.028001
8.934464
8.835801
8.761483
8.726888
8.742264
8.779422
8.805049
8.810174
8.775578
8.724325
8.696136
8.708949
8.72945
8.725606
8.711512
8.694855
8.675634
8.64232
8.616693
8.598755
8.591066
8.574409
8.569284
8.562878
8.569284
8.593629
8.651289
8.714074
8.752514
8.764047
8.751233
8.758921
8.764047
8.803767
8.897305
9.007499
9.062596
9.066441
9.065159
9.067721
9.072847
9.057471
9.020312
8.97931
8.928057
8.881928
8.843489
8.811456
8.805049
8.799924
8.86399
9.066441
9.253514
9.339364
9.33552
9.281704
9.202262
9.124101
9.063878
9.033126
9.028001
9.011343
8.995967
8.986998
8.974185
8.947277
8.942151
8.945995
8.963934
8.976748
8.990842
8.993404
8.984435
8.988279
8.997249
9.040813
9.138195
9.252234
9.32527
9.347052
9.343208
9.312456
9.286829
9.295798
9.304768
9.308612
9.299643
9.291955
9.276579
9.259921
9.244545
9.238139
9.236857
9.244545
9.254796
9.259921
9.272735
9.27786
9.32655
9.46109
9.63678
9.748255
9.795665
9.794383
9.7726
9.708534
9.64703
9.572713
9.565024
9.745692
9.937892
10.00598
9.952164
9.856064
9.753557
9.626705
9.494728
9.374283
9.275444
9.221628
9.187032
9.178062
9.179344
9.20497
9.239567
9.263912
9.278007
9.293383
9.303634
9.313884
9.330542
9.345918
9.366419
9.377951
9.406139
9.435611
9.459956
9.498396
9.529147
9.535554
9.536836
9.539398
9.57015
9.653437
9.785414
9.902015
9.904577
9.925079
9.946861
9.943194
10.07645
10.36475
10.50954
10.55232
10.47544
10.37934
10.26402
10.14998
10.02185
9.894994
9.812498
9.754839
9.71768
9.703586
9.69846
9.715117
9.734337
9.758682
9.781747
9.804811
9.820187
9.844532
9.850938
9.867596
9.888097
9.916286
9.940632
9.968821
10.0047
10.03801
10.08414
10.10592
10.12386
10.12771
10.14949
10.1623
10.15718
10.18024
10.2033
10.22765
10.24431
10.25071
10.26225
10.26481
10.27506
10.28915
10.29812
10.30837
10.33272
10.32759
10.32631
10.34169
10.38269
10.44676
10.4916
10.54847
10.54847
10.54078
10.53566
10.52285
10.50106
10.47672
10.46134
10.46134
10.48441
10.52285
10.56257
10.5946
10.60101
10.59844
10.5946
10.58819
10.58435
10.59844
10.63176
10.68429
10.80218
10.95337
11.02897
11.08147
11.05584
11.00459
10.94437
10.88799
10.82776
10.77139
10.76114
10.76114
10.74704
10.75473
10.77523
10.81239
10.87005
10.93027
10.98281
11.07506
11.17757
11.24292
11.22498
11.16732
11.12632
11.04687
10.96615
10.92515
10.88927
10.85467
10.84186
10.88927
11.10069
11.33773
11.42358
11.4428
11.40308
11.31851
11.21088
11.09428
11.01484
10.94821
10.91233
10.9008
10.89439
10.89824
10.88286
10.87133
10.86236
10.86364
10.84955
10.85211
10.86877
10.8803
10.89952
10.95462
11.04047
11.10966
11.14938
11.15066
11.14169
11.1276
11.10581
11.08403
11.07378
11.06866
11.07506
11.07122
11.07634
11.07634
11.06994
11.06481
11.06481
11.09428
11.14553
11.21985
11.26982
11.29161
11.28007
11.2647
11.26342
11.25317
11.34927
11.47996
11.60481
11.63556
11.61122
11.5779
11.551
11.52537
11.4818
11.42543
11.38955
11.36008
11.33829
11.30242
11.30114
11.29601
11.29729
11.2896
11.28832
11.29217
11.3037
11.32164
11.37545
11.47155
11.5715
11.63813
11.66375
11.62403
11.58303
11.58687
11.68682
11.92386
12.01356
12.09472
12.07422
11.98581
11.89227
11.87561
11.87177
11.87817
11.86152
11.82948
11.78079
11.7116
11.65394
11.5745
11.47712
11.41433
11.37802
11.45233
11.63172
11.76242
11.79189
11.75729
11.67785
11.59584
11.4959
11.40749
11.33958
11.27679
11.24091
11.22169
11.21016
11.22041
11.25116
11.2832
11.32036
11.37802
11.4549
11.51256
11.52153
11.49462
11.48052
11.46258
11.46002
11.43311
11.41518
11.43439
11.40749
11.41902
11.43055
11.45105
11.47283
11.49205
11.50231
11.50871
11.5164
11.52024
11.52024
11.5369
11.59584
11.65991
11.7086
11.73166
11.73935
11.73038
11.70732
11.69707
11.67272
11.65222
11.6471
11.64069
11.62403
11.65222
11.65606
11.6676
11.68938
11.73038
11.76882
11.87133
12.00202
12.16519
12.19851
12.17544
12.18057
12.23951
12.13444
12.01912
11.96402
11.90508
11.8628
11.89483
11.98196
12.03834
12.08575
12.08703
12.11522
12.16391
12.20491
12.21901
12.19338
12.17544
12.19722
12.2536
12.31639
12.35483
12.35739
12.33689
12.30742
12.28948
12.27282
12.24335
12.20619
12.17032
12.13316
12.10241
12.07294
12.055
12.06012
12.06012
12.06653
12.08703
12.08959
12.08831
12.10112
12.11778
12.11778
12.11906
12.11394
12.10881
12.10241
12.08703
12.08062
12.08575
12.14341
12.27923
12.41505
12.49449
12.57734
12.54274
12.49149
12.42358
12.35311
12.28392
12.24804
12.21472
12.21088
12.2096
12.21985
12.24163
12.27238
12.32107
12.3672
12.3813
12.39155
12.42999
12.45433
12.4838
12.51071
12.53249
12.52865
12.52224
12.51071
12.51071
12.4979
12.48637
12.47483
12.46715
12.46971
12.47868
12.49277
12.51071
12.53634
12.53762
12.52737
12.52737
12.5184
12.50687
12.51712
12.57222
12.70932
12.85795
12.95918
12.99762
13.04185
13.01623
12.97651
12.96369
13.11233
13.34553
13.47751
13.52419
13.45372
13.36146
13.21026
13.05907
12.91812
12.79968
12.81121
12.96497
13.11105
13.15333
13.11233
13.03417
12.93294
12.82787
12.7228
12.6267
12.5511
12.50626
12.47935
12.45116
12.45049
12.49021
12.48508
12.50815
12.51071
12.51968
12.51584
12.51071
12.50943
12.50687
12.54018
12.60681
12.64269
12.66191
12.65422
12.61962
12.6555
12.676
12.66831
12.63884
12.63628
12.67472
12.72341
12.83873
12.95918
13.01171
13.11873
13.15333
13.15077
13.11361
13.08029
13.04185
13.03032
13.0252
12.99829
12.9906
13.0457
13.20074
13.36347
13.44676
13.45957
13.42625
13.35834
13.29428
13.19049
13.10464
13.06236
12.96626
12.93038
12.92782
12.9496
12.97394
13.04698
13.12642
13.17511
13.21227
13.23662
13.2379
13.19049
13.13539
13.07645
13.02776
12.99957
12.93038
12.83556
12.81378
12.82403
12.82275
12.82275
12.82659
12.81634
12.82018
12.80993
12.8189
12.84837
12.9086
12.98163
13.01623
13.07901
13.07517
13.07004
13.07389
13.08158
13.19049
13.36091
13.49032
13.57288
13.57032
13.5716
13.5306
13.47934
13.39478
13.31918
13.27689
13.25639
13.21283
13.16926
13.14235
13.13467
13.11673
13.11545
13.12313
13.09879
13.08341
13.08085
13.00013
12.9194
12.88297
12.85991
12.84966
12.85094
12.84453
12.8394
12.85606
12.86503
12.88425
12.88681
12.90731
12.9496
13.02904
13.11745
13.18408
13.27121
13.40319
13.50057
13.59851
13.57673
13.54982
13.51906
13.47166
13.39093
13.30508
13.23333
13.17311
13.12954
13.10135
13.07829
13.07316
13.05907
13.05907
13.07572
13.10648
13.17567
13.20898
13.23461
13.26792
13.26536
13.25767
13.26921
13.24742
13.24614
13.24742
13.21411
13.20258
13.20001
13.22564
13.27946
13.29996
13.31405
13.3243
13.33455
13.31405
13.32302
13.39606
13.47678
13.53829
13.54854
13.53188
13.51522
13.48191
13.44987
13.39349
13.34224
13.31533
13.3179
13.28971
13.33199
13.50753
13.78302
13.95344
13.99956
14.02582
13.93356
13.82337
13.69908
13.59401
13.5056
13.41206
13.36018
13.33583
13.30765
13.27305
13.25511
13.23717
13.24102
13.24486
13.24614
13.25255
13.26536
13.28586
13.31405
13.39349
13.47166
13.52547
13.53957
13.53188
13.50369
13.47806
13.43834
13.41912
13.40887
13.41528
13.4204
13.41912
13.4345
13.48575
13.56135
13.61388
13.66257
13.69333
13.73945
13.78302
13.81249
13.82658
13.8048
13.80352
13.8048
13.80736
13.75483
13.71383
13.69717
13.67795
13.66129
13.63439
13.65489
13.63439
13.64207
13.70742
13.78943
13.86759
13.92781
13.92653
13.93037
13.90731
13.88809
13.94062
14.10463
14.45378
14.53835
14.60439
14.53392
14.43782
14.33659
14.18796
14.06879
13.93425
13.89384
14.02582
14.28721
14.40125
14.39997
14.32821
14.22699
14.1091
13.98738
13.85284
13.71702
13.61963
13.54147
13.48638
