1570529095.54511
1570529095.79512
1570529096.04513
1570529096.29514
1570529096.54515
1570529096.79516
1570529097.04518
1570529097.29519
1570529097.5452
1570529097.79521
1570529098.04522
1570529098.29523
1570529098.54524
1570529098.79526
1570529099.04527
1570529099.29528
1570529099.54529
1570529099.7953
1570529100.04531
1570529100.29533
1570529100.54534
1570529100.79535
1570529101.04536
1570529101.29537
1570529101.54538
1570529101.79539
1570529102.04541
1570529102.29542
1570529102.54543
1570529102.79544
1570529103.04545
1570529103.29546
1570529103.54548
1570529103.79549
1570529104.0455
1570529104.29551
1570529104.54552
1570529104.79553
1570529105.04555
1570529105.29556
1570529105.54557
1570529105.79558
1570529106.04559
1570529106.2956
1570529106.54561
1570529106.79563
1570529107.04564
1570529107.29565
1570529107.54566
1570529107.79567
1570529108.04568
1570529108.2957
1570529108.54571
1570529108.79572
1570529109.04573
1570529109.29574
1570529109.54575
1570529109.79577
1570529110.04578
1570529110.29579
1570529110.5458
1570529110.79581
1570529111.04582
1570529111.29583
1570529111.54585
1570529111.79586
1570529112.04587
1570529112.29588
1570529112.54589
1570529112.7959
1570529113.04592
1570529113.29593
1570529113.54594
1570529113.79595
1570529114.04596
1570529114.29597
1570529114.54599
1570529114.796
1570529115.04601
1570529115.29602
1570529115.54603
1570529115.79604
1570529116.04605
1570529116.29607
1570529116.54608
1570529116.79609
1570529117.0461
1570529117.29611
1570529117.54612
1570529117.79614
1570529118.04615
1570529118.29616
1570529118.54617
1570529118.79618
1570529119.04619
1570529119.29621
1570529119.54622
1570529119.79623
1570529120.04624
1570529120.29625
1570529120.54626
1570529120.79627
1570529121.04629
1570529121.2963
1570529121.54631
1570529121.79632
1570529122.04633
1570529122.29634
1570529122.54636
1570529122.79637
1570529123.04638
1570529123.29639
1570529123.5464
1570529123.79641
1570529124.04643
1570529124.29644
1570529124.54645
1570529124.79646
1570529125.04647
1570529125.29648
1570529125.54649
1570529125.79651
1570529126.04652
1570529126.29653
1570529126.54654
1570529126.79655
1570529127.04656
1570529127.29658
1570529127.54659
1570529127.7966
1570529128.04661
1570529128.29662
1570529128.54663
1570529128.79665
1570529129.04666
1570529129.29667
1570529129.54668
1570529129.79669
1570529130.0467
1570529130.29671
1570529130.54673
1570529130.79674
1570529131.04675
1570529131.29676
1570529131.54677
1570529131.79678
1570529132.0468
1570529132.29681
1570529132.54682
1570529132.79683
1570529133.04684
1570529133.29685
1570529133.54686
1570529133.79688
1570529134.04689
1570529134.2969
1570529134.54691
1570529134.79692
1570529135.04693
1570529135.29695
1570529135.54696
1570529135.79697
1570529136.04698
1570529136.29699
1570529136.547
1570529136.79702
1570529137.04703
1570529137.29704
1570529137.54705
1570529137.79706
1570529138.04707
1570529138.29708
1570529138.5471
1570529138.79711
1570529139.04712
1570529139.29713
1570529139.54714
1570529139.79715
1570529140.04717
1570529140.29718
1570529140.54719
1570529140.7972
1570529141.04721
1570529141.29722
1570529141.54724
1570529141.79725
1570529142.04726
1570529142.29727
1570529142.54728
1570529142.79729
1570529143.0473
1570529143.29732
1570529143.54733
1570529143.79734
1570529144.04735
1570529144.29736
1570529144.54737
1570529144.79739
1570529145.0474
1570529145.29741
1570529145.54742
1570529145.79743
1570529146.04744
1570529146.29746
1570529146.54747
1570529146.79748
1570529147.04749
1570529147.2975
1570529147.54751
1570529147.79752
1570529148.04754
1570529148.29755
1570529148.54756
1570529148.79757
1570529149.04758
1570529149.29759
1570529149.54761
1570529149.79762
1570529150.04763
1570529150.29764
1570529150.54765
1570529150.79766
1570529151.04768
1570529151.29769
1570529151.5477
1570529151.79771
1570529152.04772
1570529152.29773
1570529152.54774
1570529152.79776
1570529153.04777
1570529153.29778
1570529153.54779
1570529153.7978
1570529154.04781
1570529154.29783
1570529154.54784
1570529154.79785
1570529155.04786
1570529155.29787
1570529155.54788
1570529155.7979
1570529156.04791
1570529156.29792
1570529156.54793
1570529156.79794
1570529157.04795
1570529157.29796
1570529157.54798
1570529157.79799
1570529158.048
1570529158.29801
1570529158.54802
1570529158.79803
1570529159.04805
1570529159.29806
1570529159.54807
1570529159.79808
1570529160.04809
1570529160.2981
1570529160.54812
1570529160.79813
1570529161.04814
1570529161.29815
1570529161.54816
1570529161.79817
1570529162.04818
1570529162.2982
1570529162.54821
1570529162.79822
1570529163.04823
1570529163.29824
1570529163.54825
1570529163.79827
1570529164.04828
1570529164.29829
1570529164.5483
1570529164.79831
1570529165.04832
1570529165.29834
1570529165.54835
1570529165.79836
1570529166.04837
1570529166.29838
1570529166.54839
1570529166.7984
1570529167.04842
1570529167.29843
1570529167.54844
1570529167.79845
1570529168.04846
1570529168.29847
1570529168.54849
1570529168.7985
1570529169.04851
1570529169.29852
1570529169.54853
1570529169.79854
1570529170.04855
1570529170.29857
1570529170.54858
1570529170.79859
1570529171.0486
1570529171.29861
1570529171.54862
1570529171.79864
1570529172.04865
1570529172.29866
1570529172.54867
1570529172.79868
1570529173.04869
1570529173.29871
1570529173.54872
1570529173.79873
1570529174.04874
1570529174.29875
1570529174.54876
1570529174.79877
1570529175.04879
1570529175.2988
1570529175.54881
1570529175.79882
1570529176.04883
1570529176.29884
1570529176.54886
1570529176.79887
1570529177.04888
1570529177.29889
1570529177.5489
1570529177.79891
1570529178.04893
1570529178.29894
1570529178.54895
1570529178.79896
1570529179.04897
1570529179.29898
1570529179.54899
1570529179.79901
1570529180.04902
1570529180.29903
1570529180.54904
1570529180.79905
1570529181.04906
1570529181.29908
1570529181.54909
1570529181.7991
1570529182.04911
1570529182.29912
1570529182.54913
1570529182.79915
1570529183.04916
1570529183.29917
1570529183.54918
1570529183.79919
1570529184.0492
1570529184.29921
1570529184.54923
1570529184.79924
1570529185.04925
1570529185.29926
1570529185.54927
1570529185.79928
1570529186.0493
1570529186.29931
1570529186.54932
1570529186.79933
1570529187.04934
1570529187.29935
1570529187.54937
1570529187.79938
1570529188.04939
1570529188.2994
1570529188.54941
1570529188.79942
1570529189.04943
1570529189.29945
1570529189.54946
1570529189.79947
1570529190.04948
1570529190.29949
1570529190.5495
1570529190.79952
1570529191.04953
1570529191.29954
1570529191.54955
1570529191.79956
1570529192.04957
1570529192.29959
1570529192.5496
1570529192.79961
1570529193.04962
1570529193.29963
1570529193.54964
1570529193.79965
1570529194.04967
1570529194.29968
1570529194.54969
1570529194.7997
1570529195.04971
1570529195.29972
1570529195.54974
1570529195.79975
1570529196.04976
1570529196.29977
1570529196.54978
1570529196.79979
1570529197.0498
1570529197.29982
1570529197.54983
1570529197.79984
1570529198.04985
1570529198.29986
1570529198.54987
1570529198.79989
1570529199.0499
1570529199.29991
1570529199.54992
1570529199.79993
1570529200.04994
1570529200.29996
1570529200.54997
1570529200.79998
1570529201.04999
1570529201.3
1570529201.55001
1570529201.80002
1570529202.05004
1570529202.30005
1570529202.55006
1570529202.80007
1570529203.05008
1570529203.30009
1570529203.55011
1570529203.80012
1570529204.05013
1570529204.30014
1570529204.55015
1570529204.80016
1570529205.05018
1570529205.30019
1570529205.5502
1570529205.80021
1570529206.05022
1570529206.30023
1570529206.55024
1570529206.80026
1570529207.05027
1570529207.30028
1570529207.55029
1570529207.8003
1570529208.05031
1570529208.30033
1570529208.55034
1570529208.80035
1570529209.05036
1570529209.30037
1570529209.55038
1570529209.8004
1570529210.05041
1570529210.30042
1570529210.55043
1570529210.80044
1570529211.05045
1570529211.30046
1570529211.55048
1570529211.80049
1570529212.0505
1570529212.30051
1570529212.55052
1570529212.80053
1570529213.05055
1570529213.30056
1570529213.55057
1570529213.80058
1570529214.05059
1570529214.3006
1570529214.55062
1570529214.80063
1570529215.05064
1570529215.30065
1570529215.55066
1570529215.80067
1570529216.05068
1570529216.3007
1570529216.55071
1570529216.80072
1570529217.05073
1570529217.30074
1570529217.55075
1570529217.80077
1570529218.05078
1570529218.30079
1570529218.5508
1570529218.80081
1570529219.05082
1570529219.30084
1570529219.55085
1570529219.80086
1570529220.05087
1570529220.30088
1570529220.55089
1570529220.8009
1570529221.05092
1570529221.30093
1570529221.55094
1570529221.80095
1570529222.05096
1570529222.30097
1570529222.55099
1570529222.801
1570529223.05101
1570529223.30102
1570529223.55103
1570529223.80104
1570529224.05105
1570529224.30107
1570529224.55108
1570529224.80109
1570529225.0511
1570529225.30111
1570529225.55112
1570529225.80114
1570529226.05115
1570529226.30116
1570529226.55117
1570529226.80118
1570529227.05119
1570529227.30121
1570529227.55122
1570529227.80123
1570529228.05124
1570529228.30125
1570529228.55126
1570529228.80128
1570529229.05129
1570529229.3013
1570529229.55131
1570529229.80132
1570529230.05133
1570529230.30134
1570529230.55136
1570529230.80137
1570529231.05138
1570529231.30139
1570529231.5514
1570529231.80141
1570529232.05143
1570529232.30144
1570529232.55145
1570529232.80146
1570529233.05147
1570529233.30148
1570529233.55149
1570529233.80151
1570529234.05152
1570529234.30153
1570529234.55154
1570529234.80155
1570529235.05156
1570529235.30158
1570529235.55159
1570529235.8016
1570529236.05161
1570529236.30162
1570529236.55163
1570529236.80165
1570529237.05166
1570529237.30167
1570529237.55168
1570529237.80169
1570529238.0517
1570529238.30171
1570529238.55173
1570529238.80174
1570529239.05175
1570529239.30176
1570529239.55177
1570529239.80178
1570529240.0518
1570529240.30181
1570529240.55182
1570529240.80183
1570529241.05184
1570529241.30185
1570529241.55187
1570529241.80188
1570529242.05189
1570529242.3019
1570529242.55191
1570529242.80192
1570529243.05193
1570529243.30195
1570529243.55196
1570529243.80197
1570529244.05198
1570529244.30199
1570529244.552
1570529244.80202
1570529245.05203
1570529245.30204
1570529245.55205
1570529245.80206
1570529246.05207
1570529246.30209
1570529246.5521
1570529246.80211
1570529247.05212
1570529247.30213
1570529247.55214
1570529247.80215
1570529248.05217
1570529248.30218
1570529248.55219
1570529248.8022
1570529249.05221
1570529249.30222
1570529249.55224
1570529249.80225
1570529250.05226
1570529250.30227
1570529250.55228
1570529250.80229
1570529251.05231
1570529251.30232
1570529251.55233
1570529251.80234
1570529252.05235
1570529252.30236
1570529252.55237
1570529252.80239
1570529253.0524
1570529253.30241
1570529253.55242
1570529253.80243
1570529254.05244
1570529254.30246
1570529254.55247
1570529254.80248
1570529255.05249
1570529255.3025
1570529255.55251
1570529255.80253
1570529256.05254
1570529256.30255
1570529256.55256
1570529256.80257
1570529257.05258
1570529257.30259
1570529257.55261
1570529257.80262
1570529258.05263
1570529258.30264
1570529258.55265
1570529258.80266
1570529259.05268
1570529259.30269
1570529259.5527
1570529259.80271
1570529260.05272
1570529260.30273
1570529260.55274
1570529260.80276
1570529261.05277
1570529261.30278
1570529261.55279
1570529261.8028
1570529262.05281
1570529262.30283
1570529262.55284
1570529262.80285
1570529263.05286
1570529263.30287
1570529263.55288
1570529263.8029
1570529264.05291
1570529264.30292
1570529264.55293
1570529264.80294
1570529265.05295
1570529265.30296
1570529265.55298
1570529265.80299
1570529266.053
1570529266.30301
1570529266.55302
1570529266.80303
1570529267.05305
1570529267.30306
1570529267.55307
1570529267.80308
1570529268.05309
1570529268.3031
1570529268.55312
1570529268.80313
1570529269.05314
1570529269.30315
1570529269.55316
1570529269.80317
1570529270.05318
1570529270.3032
1570529270.55321
1570529270.80322
1570529271.05323
1570529271.30324
1570529271.55325
1570529271.80327
1570529272.05328
1570529272.30329
1570529272.5533
1570529272.80331
1570529273.05332
1570529273.30334
1570529273.55335
1570529273.80336
1570529274.05337
1570529274.30338
1570529274.55339
1570529274.8034
1570529275.05342
1570529275.30343
1570529275.55344
1570529275.80345
1570529276.05346
1570529276.30347
1570529276.55349
1570529276.8035
1570529277.05351
1570529277.30352
1570529277.55353
1570529277.80354
1570529278.05356
1570529278.30357
1570529278.55358
1570529278.80359
1570529279.0536
1570529279.30361
1570529279.55362
1570529279.80364
1570529280.05365
1570529280.30366
1570529280.55367
1570529280.80368
1570529281.05369
1570529281.30371
1570529281.55372
1570529281.80373
1570529282.05374
1570529282.30375
1570529282.55376
1570529282.80378
1570529283.05379
1570529283.3038
1570529283.55381
1570529283.80382
1570529284.05383
1570529284.30384
1570529284.55386
1570529284.80387
1570529285.05388
1570529285.30389
1570529285.5539
1570529285.80391
1570529286.05393
1570529286.30394
1570529286.55395
1570529286.80396
1570529287.05397
1570529287.30398
1570529287.554
1570529287.80401
1570529288.05402
1570529288.30403
1570529288.55404
1570529288.80405
1570529289.05406
1570529289.30408
1570529289.55409
1570529289.8041
1570529290.05411
1570529290.30412
1570529290.55413
1570529290.80415
1570529291.05416
1570529291.30417
1570529291.55418
1570529291.80419
1570529292.0542
1570529292.30421
1570529292.55423
1570529292.80424
1570529293.05425
1570529293.30426
1570529293.55427
1570529293.80428
1570529294.0543
1570529294.30431
1570529294.55432
1570529294.80433
1570529295.05434
1570529295.30435
1570529295.55437
1570529295.80438
1570529296.05439
1570529296.3044
1570529296.55441
1570529296.80442
1570529297.05443
1570529297.30445
1570529297.55446
1570529297.80447
1570529298.05448
1570529298.30449
1570529298.5545
1570529298.80452
1570529299.05453
1570529299.30454
1570529299.55455
1570529299.80456
1570529300.05457
1570529300.30459
1570529300.5546
1570529300.80461
1570529301.05462
1570529301.30463
1570529301.55464
1570529301.80465
1570529302.05467
1570529302.30468
1570529302.55469
1570529302.8047
1570529303.05471
1570529303.30472
1570529303.55474
1570529303.80475
1570529304.05476
1570529304.30477
1570529304.55478
1570529304.80479
1570529305.05481
1570529305.30482
1570529305.55483
1570529305.80484
1570529306.05485
1570529306.30486
1570529306.55487
1570529306.80489
1570529307.0549
1570529307.30491
1570529307.55492
1570529307.80493
1570529308.05494
1570529308.30496
1570529308.55497
1570529308.80498
1570529309.05499
1570529309.305
1570529309.55501
1570529309.80503
1570529310.05504
1570529310.30505
1570529310.55506
1570529310.80507
1570529311.05508
1570529311.30509
1570529311.55511
1570529311.80512
1570529312.05513
1570529312.30514
1570529312.55515
1570529312.80516
1570529313.05518
1570529313.30519
1570529313.5552
1570529313.80521
1570529314.05522
1570529314.30523
1570529314.55525
1570529314.80526
1570529315.05527
1570529315.30528
1570529315.55529
1570529315.8053
1570529316.05531
1570529316.30533
1570529316.55534
1570529316.80535
1570529317.05536
1570529317.30537
1570529317.55538
1570529317.8054
1570529318.05541
1570529318.30542
1570529318.55543
1570529318.80544
1570529319.05545
1570529319.30546
1570529319.55548
1570529319.80549
1570529320.0555
1570529320.30551
1570529320.55552
1570529320.80553
1570529321.05555
1570529321.30556
1570529321.55557
1570529321.80558
1570529322.05559
1570529322.3056
1570529322.55562
1570529322.80563
1570529323.05564
1570529323.30565
1570529323.55566
1570529323.80567
1570529324.05569
1570529324.3057
1570529324.55571
1570529324.80572
1570529325.05573
1570529325.30574
1570529325.55575
1570529325.80577
1570529326.05578
1570529326.30579
1570529326.5558
1570529326.80581
1570529327.05582
1570529327.30584
1570529327.55585
1570529327.80586
1570529328.05587
1570529328.30588
1570529328.55589
1570529328.8059
1570529329.05592
1570529329.30593
1570529329.55594
1570529329.80595
1570529330.05596
1570529330.30597
1570529330.55599
1570529330.806
1570529331.05601
1570529331.30602
1570529331.55603
1570529331.80604
1570529332.05606
1570529332.30607
1570529332.55608
1570529332.80609
1570529333.0561
1570529333.30611
1570529333.55612
1570529333.80614
1570529334.05615
1570529334.30616
1570529334.55617
1570529334.80618
1570529335.05619
1570529335.30621
1570529335.55622
1570529335.80623
1570529336.05624
1570529336.30625
1570529336.55626
1570529336.80628
1570529337.05629
1570529337.3063
1570529337.55631
1570529337.80632
1570529338.05633
1570529338.30634
1570529338.55636
1570529338.80637
1570529339.05638
1570529339.30639
1570529339.5564
1570529339.80641
1570529340.05643
1570529340.30644
1570529340.55645
1570529340.80646
1570529341.05647
1570529341.30648
1570529341.5565
1570529341.80651
1570529342.05652
1570529342.30653
1570529342.55654
1570529342.80655
1570529343.05656
1570529343.30658
1570529343.55659
1570529343.8066
1570529344.05661
1570529344.30662
1570529344.55663
1570529344.80665
1570529345.05666
1570529345.30667
1570529345.55668
1570529345.80669
1570529346.0567
1570529346.30672
1570529346.55673
1570529346.80674
1570529347.05675
1570529347.30676
1570529347.55677
1570529347.80678
1570529348.0568
1570529348.30681
1570529348.55682
1570529348.80683
1570529349.05684
1570529349.30685
1570529349.55687
1570529349.80688
1570529350.05689
1570529350.3069
1570529350.55691
1570529350.80692
1570529351.05694
1570529351.30695
1570529351.55696
1570529351.80697
1570529352.05698
1570529352.30699
1570529352.557
1570529352.80702
1570529353.05703
1570529353.30704
1570529353.55705
1570529353.80706
1570529354.05707
1570529354.30709
1570529354.5571
1570529354.80711
1570529355.05712
1570529355.30713
1570529355.55714
1570529355.80715
1570529356.05717
1570529356.30718
1570529356.55719
1570529356.8072
1570529357.05721
1570529357.30722
1570529357.55724
1570529357.80725
1570529358.05726
1570529358.30727
1570529358.55728
1570529358.80729
1570529359.05731
1570529359.30732
1570529359.55733
1570529359.80734
1570529360.05735
1570529360.30736
1570529360.55737
1570529360.80739
1570529361.0574
1570529361.30741
1570529361.55742
1570529361.80743
1570529362.05744
1570529362.30746
1570529362.55747
1570529362.80748
1570529363.05749
1570529363.3075
1570529363.55751
1570529363.80753
1570529364.05754
1570529364.30755
1570529364.55756
1570529364.80757
1570529365.05758
1570529365.30759
1570529365.55761
1570529365.80762
1570529366.05763
1570529366.30764
1570529366.55765
1570529366.80766
1570529367.05768
1570529367.30769
1570529367.5577
1570529367.80771
1570529368.05772
1570529368.30773
1570529368.55775
1570529368.80776
1570529369.05777
1570529369.30778
1570529369.55779
1570529369.8078
1570529370.05781
1570529370.30783
1570529370.55784
1570529370.80785
1570529371.05786
1570529371.30787
1570529371.55788
1570529371.8079
1570529372.05791
1570529372.30792
1570529372.55793
1570529372.80794
1570529373.05795
1570529373.30797
1570529373.55798
1570529373.80799
1570529374.058
1570529374.30801
1570529374.55802
1570529374.80803
1570529375.05805
1570529375.30806
1570529375.55807
1570529375.80808
1570529376.05809
1570529376.3081
1570529376.55812
1570529376.80813
1570529377.05814
1570529377.30815
1570529377.55816
1570529377.80817
1570529378.05819
1570529378.3082
1570529378.55821
1570529378.80822
1570529379.05823
1570529379.30824
1570529379.55825
1570529379.80827
1570529380.05828
1570529380.30829
1570529380.5583
1570529380.80831
1570529381.05832
1570529381.30834
1570529381.55835
1570529381.80836
1570529382.05837
1570529382.30838
1570529382.55839
1570529382.8084
1570529383.05842
1570529383.30843
1570529383.55844
1570529383.80845
1570529384.05846
1570529384.30847
1570529384.55849
1570529384.8085
1570529385.05851
1570529385.30852
1570529385.55853
1570529385.80854
1570529386.05856
1570529386.30857
1570529386.55858
1570529386.80859
1570529387.0586
1570529387.30861
1570529387.55862
1570529387.80864
1570529388.05865
1570529388.30866
1570529388.55867
1570529388.80868
1570529389.05869
1570529389.30871
1570529389.55872
1570529389.80873
1570529390.05874
1570529390.30875
1570529390.55876
1570529390.80878
1570529391.05879
1570529391.3088
1570529391.55881
1570529391.80882
1570529392.05883
1570529392.30884
1570529392.55886
1570529392.80887
1570529393.05888
1570529393.30889
1570529393.5589
1570529393.80891
1570529394.05893
1570529394.30894
1570529394.55895
1570529394.80896
1570529395.05897
1570529395.30898
