31.83
31.83
31.83
31.83
31.83
31.83
31.83
31.83
31.85
31.85
31.85
31.85
31.83
31.83
31.83
31.83
31.83
31.83
31.83
31.83
31.83
31.83
31.83
31.83
31.83
31.83
31.83
31.83
31.83
31.83
31.83
31.83
31.85
31.85
31.85
31.85
31.85
31.85
31.85
31.85
31.81
31.81
31.81
31.81
31.83
31.83
31.83
31.83
31.83
31.83
31.83
31.83
31.83
31.83
31.83
31.83
31.83
31.83
31.83
31.83
31.85
31.85
31.85
31.85
31.83
31.83
31.83
31.83
31.83
31.83
31.83
31.83
31.83
31.83
31.83
31.83
31.83
31.83
31.83
31.83
31.83
31.83
31.83
31.83
31.85
31.85
31.85
31.85
31.85
31.85
31.85
31.85
31.87
31.87
31.87
31.87
31.85
31.85
31.85
31.85
31.85
31.85
31.85
31.85
31.83
31.83
31.83
31.83
31.83
31.83
31.83
31.83
31.85
31.85
31.85
31.85
31.83
31.83
31.83
31.83
31.83
31.83
31.83
31.83
31.81
31.81
31.81
31.81
31.83
31.83
31.83
31.83
31.85
31.85
31.85
31.85
31.81
31.81
31.81
31.81
31.85
31.85
31.85
31.85
31.85
31.85
31.85
31.85
31.83
31.83
31.83
31.83
31.83
31.83
31.83
31.83
31.85
31.85
31.85
31.85
31.83
31.83
31.83
31.83
31.83
31.83
31.83
31.83
31.83
31.83
31.83
31.83
31.85
31.85
31.85
31.85
31.85
31.85
31.85
31.85
31.83
31.83
31.83
31.83
31.83
31.83
31.83
31.83
31.85
31.85
31.85
31.85
31.85
31.85
31.85
31.85
31.85
31.85
31.85
31.85
31.85
31.85
31.85
31.85
31.85
31.85
31.85
31.85
31.83
31.83
31.83
31.83
31.83
31.83
31.83
31.83
31.85
31.85
31.85
31.85
31.85
31.85
31.85
31.85
31.83
31.83
31.83
31.83
31.85
31.85
31.85
31.85
31.85
31.85
31.85
31.85
31.85
31.85
31.85
31.85
31.85
31.85
31.85
31.85
31.85
31.85
31.85
31.85
31.87
31.87
31.87
31.87
31.85
31.85
31.85
31.85
31.83
31.83
31.83
31.83
31.85
31.85
31.85
31.85
31.87
31.87
31.87
31.87
31.85
31.85
31.85
31.85
31.87
31.87
31.87
31.87
31.87
31.87
31.87
31.87
31.85
31.85
31.85
31.85
31.85
31.85
31.85
31.85
31.87
31.87
31.87
31.87
31.87
31.87
31.87
31.87
31.85
31.85
31.85
31.85
31.87
31.87
31.87
31.87
31.85
31.85
31.85
31.85
31.87
31.87
31.87
31.87
31.85
31.85
31.85
31.85
31.87
31.87
31.87
31.87
31.87
31.87
31.87
31.87
31.85
31.85
31.85
31.85
31.87
31.87
31.87
31.87
31.87
31.87
31.87
31.87
31.89
31.89
31.89
31.89
31.87
31.87
31.87
31.87
31.87
31.87
31.87
31.87
31.87
31.87
31.87
31.87
31.87
31.87
31.87
31.87
31.89
31.89
31.89
31.89
31.87
31.87
31.87
31.87
31.87
31.87
31.87
31.87
31.87
31.87
31.87
31.87
31.87
31.87
31.87
31.87
31.89
31.89
31.89
31.89
31.89
31.89
31.89
31.89
31.87
31.87
31.87
31.87
31.89
31.89
31.89
31.89
31.87
31.87
31.87
31.87
31.87
31.87
31.87
31.87
31.87
31.87
31.87
31.87
31.89
31.89
31.89
31.89
31.89
31.89
31.89
31.89
31.89
31.89
31.89
31.89
31.87
31.87
31.87
31.87
31.89
31.89
31.89
31.89
31.87
31.87
31.87
31.87
31.91
31.91
31.91
31.91
31.89
31.89
31.89
31.89
31.91
31.91
31.91
31.91
31.87
31.87
31.87
31.87
31.87
31.87
31.87
31.87
31.91
31.91
31.91
31.91
31.91
31.91
31.91
31.91
31.91
31.91
31.91
31.91
31.93
31.93
31.93
31.93
31.95
31.95
31.95
31.95
31.93
31.93
31.93
31.93
31.93
31.93
31.93
31.93
31.93
31.93
31.93
31.93
31.95
31.95
31.95
31.95
31.93
31.93
31.93
31.93
31.95
31.95
31.95
31.95
31.95
31.95
31.95
31.95
31.99
31.99
31.99
31.99
31.97
31.97
31.97
31.97
31.95
31.95
31.95
31.95
31.99
31.99
31.99
31.99
31.99
31.99
31.99
31.99
31.99
31.99
31.99
31.99
31.99
31.99
31.99
31.99
31.99
31.99
31.99
31.99
32.03
32.03
32.03
32.03
32.01
32.01
32.01
32.01
32.01
32.01
32.01
32.01
32.03
32.03
32.03
32.03
32.01
32.01
32.01
32.01
32.01
32.01
32.01
32.01
32.01
32.01
32.01
32.01
32.01
32.01
32.01
32.01
32.03
32.03
32.03
32.03
32.01
32.01
32.01
32.01
32.03
32.03
32.03
32.03
32.05
32.05
32.05
32.05
32.05
32.05
32.05
32.05
32.05
32.05
32.05
32.05
32.05
32.05
32.05
32.05
32.05
32.05
32.05
32.05
32.07
32.07
32.07
32.07
32.03
32.03
32.03
32.03
32.07
32.07
32.07
32.07
32.07
32.07
32.07
32.07
32.09
32.09
32.09
32.09
32.07
32.07
32.07
32.07
32.09
32.09
32.09
32.09
32.09
32.09
32.09
32.09
32.11
32.11
32.11
32.11
32.09
32.09
32.09
32.09
32.09
32.09
32.09
32.09
32.11
32.11
32.11
32.11
32.09
32.09
32.09
32.09
32.11
32.11
32.11
32.11
32.11
32.11
32.11
32.11
32.13
32.13
32.13
32.13
32.13
32.13
32.13
32.13
32.13
32.13
32.13
32.13
32.15
32.15
32.15
32.15
32.15
32.15
32.15
32.15
32.17
32.17
32.17
32.17
32.17
32.17
32.17
32.17
32.17
32.17
32.17
32.17
32.19
32.19
32.19
32.19
32.19
32.19
32.19
32.19
32.21
32.21
32.21
32.21
32.19
32.19
32.19
32.19
32.21
32.21
32.21
32.21
32.19
32.19
32.19
32.19
32.21
32.21
32.21
32.21
32.21
32.21
32.21
32.21
32.19
32.19
32.19
32.19
32.21
32.21
32.21
32.21
32.23
32.23
32.23
32.23
32.21
32.21
32.21
32.21
32.23
32.23
32.23
32.23
32.23
32.23
32.23
32.23
32.25
32.25
32.25
32.25
32.25
32.25
32.25
32.25
32.23
32.23
32.23
32.23
32.25
32.25
32.25
32.25
32.25
32.25
32.25
32.25
32.25
32.25
32.25
32.25
32.23
32.23
32.23
32.23
32.25
32.25
32.25
32.25
32.27
32.27
32.27
32.27
32.27
32.27
32.27
32.27
32.25
32.25
32.25
32.25
32.23
32.23
32.23
32.23
32.25
32.25
32.25
32.25
32.27
32.27
32.27
32.27
32.27
32.27
32.27
32.27
32.27
32.27
32.27
32.27
32.27
32.27
32.27
32.27
32.27
32.27
32.27
32.27
32.27
32.27
32.27
32.27
32.27
32.27
32.27
32.27
32.27
32.27
32.27
32.27
32.29
32.29
32.29
32.29
32.29
32.29
32.29
32.29
32.29
32.29
32.29
32.29
32.29
32.29
32.29
32.29
32.29
32.29
32.29
32.29
32.29
32.29
32.29
32.29
32.29
32.29
32.29
32.29
32.29
32.29
32.29
32.29
32.31
32.31
32.31
32.31
32.33
32.33
32.33
32.33
32.31
32.31
32.31
32.31
32.33
32.33
32.33
32.33
32.33
32.33
32.33
32.33
32.33
32.33
32.33
32.33
32.33
32.33
32.33
32.33
32.33
32.33
32.33
32.33
32.33
32.33
32.33
32.33
32.31
32.31
32.31
32.31
32.33
32.33
32.33
32.33
32.35
32.35
32.35
32.35
32.35
32.35
32.35
32.35
32.35
32.35
32.35
32.35
32.33
32.33
32.33
32.33
32.33
32.33
32.33
32.33
32.35
32.35
32.35
32.35
32.35
32.35
32.35
32.35
32.37
32.37
32.37
32.37
32.37
32.37
32.37
32.37
32.39
32.39
32.39
32.39
32.37
32.37
32.37
32.37
32.39
32.39
32.39
32.39
32.39
32.39
32.39
32.39
32.39
32.39
32.39
32.39
32.37
32.37
32.37
32.37
32.37
32.37
32.37
32.37
32.35
32.35
32.35
32.35
32.39
32.39
32.39
32.39
32.39
32.39
32.39
32.39
32.37
32.37
32.37
32.37
32.39
32.39
32.39
32.39
32.41
32.41
32.41
32.41
32.39
32.39
32.39
32.39
32.39
32.39
32.39
32.39
32.41
32.41
32.41
32.41
32.41
32.41
32.41
32.41
32.39
32.39
32.39
32.39
32.41
32.41
32.41
32.41
32.41
32.41
32.41
32.41
32.39
32.39
32.39
32.39
32.41
32.41
32.41
32.41
32.39
32.39
32.39
32.39
32.41
32.41
32.41
32.41
32.41
32.41
32.41
32.41
32.37
32.37
32.37
32.37
32.41
32.41
32.41
32.41
32.41
32.41
32.41
32.41
32.41
32.41
32.41
32.41
32.39
32.39
32.39
32.39
32.41
32.41
32.41
32.41
32.43
32.43
32.43
32.43
32.41
32.41
32.41
32.41
32.45
32.45
32.45
32.45
32.43
32.43
32.43
32.43
32.45
32.45
32.45
32.45
32.45
32.45
32.45
32.45
32.43
32.43
32.43
32.43
32.45
32.45
32.45
32.45
32.43
32.43
32.43
32.43
32.45
32.45
32.45
32.45
32.45
32.45
32.45
32.45
32.49
32.49
32.49
32.49
32.47
32.47
32.47
32.47
32.49
32.49
32.49
32.49
32.49
32.49
32.49
32.49
32.53
32.53
32.53
32.53
32.49
32.49
32.49
32.49
32.49
32.49
32.49
32.49
32.53
32.53
32.53
32.53
32.51
32.51
32.51
32.51
32.51
32.51
32.51
32.51
32.53
32.53
32.53
32.53
32.51
32.51
32.51
32.51
32.51
32.51
32.51
32.51
32.51
32.51
32.51
32.51
32.51
32.51
32.51
32.51
32.53
32.53
32.53
32.53
32.51
32.51
32.51
32.51
32.51
32.51
32.51
32.51
32.51
32.51
32.51
32.51
32.53
32.53
32.53
32.53
32.53
32.53
32.53
32.53
32.53
32.53
32.53
32.53
32.55
32.55
32.55
32.55
32.55
32.55
32.55
32.55
