1570527095.45251
1570527095.70252
1570527095.95253
1570527096.20254
1570527096.45255
1570527096.70257
1570527096.95258
1570527097.20259
1570527097.4526
1570527097.70261
1570527097.95262
1570527098.20263
1570527098.45265
1570527098.70266
1570527098.95267
1570527099.20268
1570527099.45269
1570527099.7027
1570527099.95272
1570527100.20273
1570527100.45274
1570527100.70275
1570527100.95276
1570527101.20277
1570527101.45279
1570527101.7028
1570527101.95281
1570527102.20282
1570527102.45283
1570527102.70284
1570527102.95285
1570527103.20287
1570527103.45288
1570527103.70289
1570527103.9529
1570527104.20291
1570527104.45292
1570527104.70294
1570527104.95295
1570527105.20296
1570527105.45297
1570527105.70298
1570527105.95299
1570527106.20301
1570527106.45302
1570527106.70303
1570527106.95304
1570527107.20305
1570527107.45306
1570527107.70307
1570527107.95309
1570527108.2031
1570527108.45311
1570527108.70312
1570527108.95313
1570527109.20314
1570527109.45316
1570527109.70317
1570527109.95318
1570527110.20319
1570527110.4532
1570527110.70321
1570527110.95323
1570527111.20324
1570527111.45325
1570527111.70326
1570527111.95327
1570527112.20328
1570527112.45329
1570527112.70331
1570527112.95332
1570527113.20333
1570527113.45334
1570527113.70335
1570527113.95336
1570527114.20338
1570527114.45339
1570527114.7034
1570527114.95341
1570527115.20342
1570527115.45343
1570527115.70345
1570527115.95346
1570527116.20347
1570527116.45348
1570527116.70349
1570527116.9535
1570527117.20351
1570527117.45353
1570527117.70354
1570527117.95355
1570527118.20356
1570527118.45357
1570527118.70358
1570527118.9536
1570527119.20361
1570527119.45362
1570527119.70363
1570527119.95364
1570527120.20365
1570527120.45367
1570527120.70368
1570527120.95369
1570527121.2037
1570527121.45371
1570527121.70372
1570527121.95373
1570527122.20375
1570527122.45376
1570527122.70377
1570527122.95378
1570527123.20379
1570527123.4538
1570527123.70382
1570527123.95383
1570527124.20384
1570527124.45385
1570527124.70386
1570527124.95387
1570527125.20389
1570527125.4539
1570527125.70391
1570527125.95392
1570527126.20393
1570527126.45394
1570527126.70395
1570527126.95397
1570527127.20398
1570527127.45399
1570527127.704
1570527127.95401
1570527128.20402
1570527128.45404
1570527128.70405
1570527128.95406
1570527129.20407
1570527129.45408
1570527129.70409
1570527129.9541
1570527130.20412
1570527130.45413
1570527130.70414
1570527130.95415
1570527131.20416
1570527131.45417
1570527131.70419
1570527131.9542
1570527132.20421
1570527132.45422
1570527132.70423
1570527132.95424
1570527133.20426
1570527133.45427
1570527133.70428
1570527133.95429
1570527134.2043
1570527134.45431
1570527134.70432
1570527134.95434
1570527135.20435
1570527135.45436
1570527135.70437
1570527135.95438
1570527136.20439
1570527136.45441
1570527136.70442
1570527136.95443
1570527137.20444
1570527137.45445
1570527137.70446
1570527137.95448
1570527138.20449
1570527138.4545
1570527138.70451
1570527138.95452
1570527139.20453
1570527139.45454
1570527139.70456
1570527139.95457
1570527140.20458
1570527140.45459
1570527140.7046
1570527140.95461
1570527141.20463
1570527141.45464
1570527141.70465
1570527141.95466
1570527142.20467
1570527142.45468
1570527142.7047
1570527142.95471
1570527143.20472
1570527143.45473
1570527143.70474
1570527143.95475
1570527144.20476
1570527144.45478
1570527144.70479
1570527144.9548
1570527145.20481
1570527145.45482
1570527145.70483
1570527145.95485
1570527146.20486
1570527146.45487
1570527146.70488
1570527146.95489
1570527147.2049
1570527147.45492
1570527147.70493
1570527147.95494
1570527148.20495
1570527148.45496
1570527148.70497
1570527148.95498
1570527149.205
1570527149.45501
1570527149.70502
1570527149.95503
1570527150.20504
1570527150.45505
1570527150.70507
1570527150.95508
1570527151.20509
1570527151.4551
1570527151.70511
1570527151.95512
1570527152.20514
1570527152.45515
1570527152.70516
1570527152.95517
1570527153.20518
1570527153.45519
1570527153.7052
1570527153.95522
1570527154.20523
1570527154.45524
1570527154.70525
1570527154.95526
1570527155.20527
1570527155.45529
1570527155.7053
1570527155.95531
1570527156.20532
1570527156.45533
1570527156.70534
1570527156.95535
1570527157.20537
1570527157.45538
1570527157.70539
1570527157.9554
1570527158.20541
1570527158.45542
1570527158.70544
1570527158.95545
1570527159.20546
1570527159.45547
1570527159.70548
1570527159.95549
1570527160.20551
1570527160.45552
1570527160.70553
1570527160.95554
1570527161.20555
1570527161.45556
1570527161.70557
1570527161.95559
1570527162.2056
1570527162.45561
1570527162.70562
1570527162.95563
1570527163.20564
1570527163.45566
1570527163.70567
1570527163.95568
1570527164.20569
1570527164.4557
1570527164.70571
1570527164.95573
1570527165.20574
1570527165.45575
1570527165.70576
1570527165.95577
1570527166.20578
1570527166.45579
1570527166.70581
1570527166.95582
1570527167.20583
1570527167.45584
1570527167.70585
1570527167.95586
1570527168.20588
1570527168.45589
1570527168.7059
1570527168.95591
1570527169.20592
1570527169.45593
1570527169.70595
1570527169.95596
1570527170.20597
1570527170.45598
1570527170.70599
1570527170.956
1570527171.20601
1570527171.45603
1570527171.70604
1570527171.95605
1570527172.20606
1570527172.45607
1570527172.70608
1570527172.9561
1570527173.20611
1570527173.45612
1570527173.70613
1570527173.95614
1570527174.20615
1570527174.45617
1570527174.70618
1570527174.95619
1570527175.2062
1570527175.45621
1570527175.70622
1570527175.95623
1570527176.20625
1570527176.45626
1570527176.70627
1570527176.95628
1570527177.20629
1570527177.4563
1570527177.70632
1570527177.95633
1570527178.20634
1570527178.45635
1570527178.70636
1570527178.95637
1570527179.20639
1570527179.4564
1570527179.70641
1570527179.95642
1570527180.20643
1570527180.45644
1570527180.70645
1570527180.95647
1570527181.20648
1570527181.45649
1570527181.7065
1570527181.95651
1570527182.20652
1570527182.45654
1570527182.70655
1570527182.95656
1570527183.20657
1570527183.45658
1570527183.70659
1570527183.9566
1570527184.20662
1570527184.45663
1570527184.70664
1570527184.95665
1570527185.20666
1570527185.45667
1570527185.70669
1570527185.9567
1570527186.20671
1570527186.45672
1570527186.70673
1570527186.95674
1570527187.20676
1570527187.45677
1570527187.70678
1570527187.95679
1570527188.2068
1570527188.45681
1570527188.70683
1570527188.95684
1570527189.20685
1570527189.45686
1570527189.70687
1570527189.95688
1570527190.20689
1570527190.45691
1570527190.70692
1570527190.95693
1570527191.20694
1570527191.45695
1570527191.70696
1570527191.95698
1570527192.20699
1570527192.457
1570527192.70701
1570527192.95702
1570527193.20703
1570527193.45704
1570527193.70706
1570527193.95707
1570527194.20708
1570527194.45709
1570527194.7071
1570527194.95711
1570527195.20713
1570527195.45714
1570527195.70715
1570527195.95716
1570527196.20717
1570527196.45718
1570527196.7072
1570527196.95721
1570527197.20722
1570527197.45723
1570527197.70724
1570527197.95725
1570527198.20726
1570527198.45728
1570527198.70729
1570527198.9573
1570527199.20731
1570527199.45732
1570527199.70733
1570527199.95735
1570527200.20736
1570527200.45737
1570527200.70738
1570527200.95739
1570527201.2074
1570527201.45742
1570527201.70743
1570527201.95744
1570527202.20745
1570527202.45746
1570527202.70747
1570527202.95748
1570527203.2075
1570527203.45751
1570527203.70752
1570527203.95753
1570527204.20754
1570527204.45755
1570527204.70757
1570527204.95758
1570527205.20759
1570527205.4576
1570527205.70761
1570527205.95762
1570527206.20764
1570527206.45765
1570527206.70766
1570527206.95767
1570527207.20768
1570527207.45769
1570527207.7077
1570527207.95772
1570527208.20773
1570527208.45774
1570527208.70775
1570527208.95776
1570527209.20777
1570527209.45779
1570527209.7078
1570527209.95781
1570527210.20782
1570527210.45783
1570527210.70784
1570527210.95786
1570527211.20787
1570527211.45788
1570527211.70789
1570527211.9579
1570527212.20791
1570527212.45792
1570527212.70794
1570527212.95795
1570527213.20796
1570527213.45797
1570527213.70798
1570527213.95799
1570527214.20801
1570527214.45802
1570527214.70803
1570527214.95804
1570527215.20805
1570527215.45806
1570527215.70808
1570527215.95809
1570527216.2081
1570527216.45811
1570527216.70812
1570527216.95813
1570527217.20814
1570527217.45816
1570527217.70817
1570527217.95818
1570527218.20819
1570527218.4582
1570527218.70821
1570527218.95823
1570527219.20824
1570527219.45825
1570527219.70826
1570527219.95827
1570527220.20828
1570527220.45829
1570527220.70831
1570527220.95832
1570527221.20833
1570527221.45834
1570527221.70835
1570527221.95836
1570527222.20838
1570527222.45839
1570527222.7084
1570527222.95841
1570527223.20842
1570527223.45843
1570527223.70845
1570527223.95846
1570527224.20847
1570527224.45848
1570527224.70849
1570527224.9585
1570527225.20851
1570527225.45853
1570527225.70854
1570527225.95855
1570527226.20856
1570527226.45857
1570527226.70858
1570527226.9586
1570527227.20861
1570527227.45862
1570527227.70863
1570527227.95864
1570527228.20865
1570527228.45867
1570527228.70868
1570527228.95869
1570527229.2087
1570527229.45871
1570527229.70872
1570527229.95873
1570527230.20875
1570527230.45876
1570527230.70877
1570527230.95878
1570527231.20879
1570527231.4588
1570527231.70882
1570527231.95883
1570527232.20884
1570527232.45885
1570527232.70886
1570527232.95887
1570527233.20889
1570527233.4589
1570527233.70891
1570527233.95892
1570527234.20893
1570527234.45894
1570527234.70895
1570527234.95897
1570527235.20898
1570527235.45899
1570527235.709
1570527235.95901
1570527236.20902
1570527236.45904
1570527236.70905
1570527236.95906
1570527237.20907
1570527237.45908
1570527237.70909
1570527237.95911
1570527238.20912
1570527238.45913
1570527238.70914
1570527238.95915
1570527239.20916
1570527239.45917
1570527239.70919
1570527239.9592
1570527240.20921
1570527240.45922
1570527240.70923
1570527240.95924
1570527241.20926
1570527241.45927
1570527241.70928
1570527241.95929
1570527242.2093
1570527242.45931
1570527242.70933
1570527242.95934
1570527243.20935
1570527243.45936
1570527243.70937
1570527243.95938
1570527244.20939
1570527244.45941
1570527244.70942
1570527244.95943
1570527245.20944
1570527245.45945
1570527245.70946
1570527245.95948
1570527246.20949
1570527246.4595
1570527246.70951
1570527246.95952
1570527247.20953
1570527247.45955
1570527247.70956
1570527247.95957
1570527248.20958
1570527248.45959
1570527248.7096
1570527248.95961
1570527249.20963
1570527249.45964
1570527249.70965
1570527249.95966
1570527250.20967
1570527250.45968
1570527250.7097
1570527250.95971
1570527251.20972
1570527251.45973
1570527251.70974
1570527251.95975
1570527252.20976
1570527252.45978
1570527252.70979
1570527252.9598
1570527253.20981
1570527253.45982
1570527253.70983
1570527253.95985
1570527254.20986
1570527254.45987
1570527254.70988
1570527254.95989
1570527255.2099
1570527255.45992
1570527255.70993
1570527255.95994
1570527256.20995
1570527256.45996
1570527256.70997
1570527256.95998
1570527257.21
1570527257.46001
1570527257.71002
1570527257.96003
1570527258.21004
1570527258.46005
1570527258.71007
1570527258.96008
1570527259.21009
1570527259.4601
1570527259.71011
1570527259.96012
1570527260.21014
1570527260.46015
1570527260.71016
1570527260.96017
1570527261.21018
1570527261.46019
1570527261.7102
1570527261.96022
1570527262.21023
1570527262.46024
1570527262.71025
1570527262.96026
1570527263.21027
1570527263.46029
1570527263.7103
1570527263.96031
1570527264.21032
1570527264.46033
1570527264.71034
1570527264.96036
1570527265.21037
1570527265.46038
1570527265.71039
1570527265.9604
1570527266.21041
1570527266.46042
1570527266.71044
1570527266.96045
1570527267.21046
1570527267.46047
1570527267.71048
1570527267.96049
1570527268.21051
1570527268.46052
1570527268.71053
1570527268.96054
1570527269.21055
1570527269.46056
1570527269.71058
1570527269.96059
1570527270.2106
1570527270.46061
1570527270.71062
1570527270.96063
1570527271.21064
1570527271.46066
1570527271.71067
1570527271.96068
1570527272.21069
1570527272.4607
1570527272.71071
1570527272.96073
1570527273.21074
1570527273.46075
1570527273.71076
1570527273.96077
1570527274.21078
1570527274.4608
1570527274.71081
1570527274.96082
1570527275.21083
1570527275.46084
1570527275.71085
1570527275.96086
1570527276.21088
1570527276.46089
1570527276.7109
1570527276.96091
1570527277.21092
1570527277.46093
1570527277.71095
1570527277.96096
1570527278.21097
1570527278.46098
1570527278.71099
1570527278.961
1570527279.21101
1570527279.46103
1570527279.71104
1570527279.96105
1570527280.21106
1570527280.46107
1570527280.71108
1570527280.9611
1570527281.21111
1570527281.46112
1570527281.71113
1570527281.96114
1570527282.21115
1570527282.46117
1570527282.71118
1570527282.96119
1570527283.2112
1570527283.46121
1570527283.71122
1570527283.96124
1570527284.21125
1570527284.46126
1570527284.71127
1570527284.96128
1570527285.21129
1570527285.4613
1570527285.71132
1570527285.96133
1570527286.21134
1570527286.46135
1570527286.71136
1570527286.96137
1570527287.21139
1570527287.4614
1570527287.71141
1570527287.96142
1570527288.21143
1570527288.46144
1570527288.71145
1570527288.96147
1570527289.21148
1570527289.46149
1570527289.7115
1570527289.96151
1570527290.21152
1570527290.46154
1570527290.71155
1570527290.96156
1570527291.21157
1570527291.46158
1570527291.71159
1570527291.96161
1570527292.21162
1570527292.46163
1570527292.71164
1570527292.96165
1570527293.21166
1570527293.46167
1570527293.71169
1570527293.9617
1570527294.21171
1570527294.46172
1570527294.71173
1570527294.96174
1570527295.21176
1570527295.46177
1570527295.71178
1570527295.96179
1570527296.2118
1570527296.46181
1570527296.71183
1570527296.96184
1570527297.21185
1570527297.46186
1570527297.71187
1570527297.96188
1570527298.21189
1570527298.46191
1570527298.71192
1570527298.96193
1570527299.21194
1570527299.46195
1570527299.71196
1570527299.96198
1570527300.21199
1570527300.462
1570527300.71201
1570527300.96202
1570527301.21203
1570527301.46205
1570527301.71206
1570527301.96207
1570527302.21208
1570527302.46209
1570527302.7121
1570527302.96211
1570527303.21213
1570527303.46214
1570527303.71215
1570527303.96216
1570527304.21217
1570527304.46218
1570527304.7122
1570527304.96221
1570527305.21222
1570527305.46223
1570527305.71224
1570527305.96225
1570527306.21227
1570527306.46228
1570527306.71229
1570527306.9623
1570527307.21231
1570527307.46232
1570527307.71233
1570527307.96235
1570527308.21236
1570527308.46237
1570527308.71238
1570527308.96239
1570527309.2124
1570527309.46242
1570527309.71243
1570527309.96244
1570527310.21245
1570527310.46246
1570527310.71247
1570527310.96249
1570527311.2125
1570527311.46251
1570527311.71252
1570527311.96253
1570527312.21254
1570527312.46255
1570527312.71257
1570527312.96258
1570527313.21259
1570527313.4626
1570527313.71261
1570527313.96262
1570527314.21264
1570527314.46265
1570527314.71266
1570527314.96267
1570527315.21268
1570527315.46269
1570527315.7127
1570527315.96272
1570527316.21273
1570527316.46274
1570527316.71275
1570527316.96276
1570527317.21277
1570527317.46279
1570527317.7128
1570527317.96281
1570527318.21282
1570527318.46283
1570527318.71284
1570527318.96286
1570527319.21287
1570527319.46288
1570527319.71289
1570527319.9629
1570527320.21291
1570527320.46292
1570527320.71294
1570527320.96295
1570527321.21296
1570527321.46297
1570527321.71298
1570527321.96299
1570527322.21301
1570527322.46302
1570527322.71303
1570527322.96304
1570527323.21305
1570527323.46306
1570527323.71308
1570527323.96309
1570527324.2131
1570527324.46311
1570527324.71312
1570527324.96313
1570527325.21314
1570527325.46316
1570527325.71317
1570527325.96318
1570527326.21319
1570527326.4632
1570527326.71321
1570527326.96323
1570527327.21324
1570527327.46325
1570527327.71326
1570527327.96327
1570527328.21328
1570527328.4633
1570527328.71331
1570527328.96332
1570527329.21333
1570527329.46334
1570527329.71335
1570527329.96336
1570527330.21338
1570527330.46339
1570527330.7134
1570527330.96341
1570527331.21342
1570527331.46343
1570527331.71345
1570527331.96346
1570527332.21347
1570527332.46348
1570527332.71349
1570527332.9635
1570527333.21352
1570527333.46353
1570527333.71354
1570527333.96355
1570527334.21356
1570527334.46357
1570527334.71358
1570527334.9636
1570527335.21361
1570527335.46362
1570527335.71363
1570527335.96364
1570527336.21365
1570527336.46367
1570527336.71368
1570527336.96369
1570527337.2137
1570527337.46371
1570527337.71372
1570527337.96374
1570527338.21375
1570527338.46376
1570527338.71377
1570527338.96378
1570527339.21379
1570527339.4638
1570527339.71382
1570527339.96383
1570527340.21384
1570527340.46385
1570527340.71386
1570527340.96387
1570527341.21389
1570527341.4639
1570527341.71391
1570527341.96392
1570527342.21393
1570527342.46394
1570527342.71395
1570527342.96397
1570527343.21398
1570527343.46399
1570527343.714
1570527343.96401
1570527344.21402
1570527344.46404
1570527344.71405
1570527344.96406
1570527345.21407
1570527345.46408
1570527345.71409
1570527345.96411
1570527346.21412
1570527346.46413
1570527346.71414
1570527346.96415
1570527347.21416
1570527347.46417
1570527347.71419
1570527347.9642
1570527348.21421
1570527348.46422
1570527348.71423
1570527348.96424
1570527349.21426
1570527349.46427
1570527349.71428
1570527349.96429
1570527350.2143
1570527350.46431
1570527350.71433
1570527350.96434
1570527351.21435
1570527351.46436
1570527351.71437
1570527351.96438
1570527352.21439
1570527352.46441
1570527352.71442
1570527352.96443
1570527353.21444
1570527353.46445
1570527353.71446
1570527353.96448
1570527354.21449
1570527354.4645
1570527354.71451
1570527354.96452
1570527355.21453
1570527355.46455
1570527355.71456
1570527355.96457
1570527356.21458
1570527356.46459
1570527356.7146
1570527356.96461
1570527357.21463
1570527357.46464
1570527357.71465
1570527357.96466
1570527358.21467
1570527358.46468
1570527358.7147
1570527358.96471
1570527359.21472
1570527359.46473
1570527359.71474
1570527359.96475
1570527360.21477
1570527360.46478
1570527360.71479
1570527360.9648
1570527361.21481
1570527361.46482
1570527361.71483
1570527361.96485
1570527362.21486
1570527362.46487
1570527362.71488
1570527362.96489
1570527363.2149
1570527363.46492
1570527363.71493
1570527363.96494
1570527364.21495
1570527364.46496
1570527364.71497
1570527364.96499
1570527365.215
1570527365.46501
1570527365.71502
1570527365.96503
1570527366.21504
1570527366.46505
1570527366.71507
1570527366.96508
1570527367.21509
1570527367.4651
1570527367.71511
1570527367.96512
1570527368.21514
1570527368.46515
1570527368.71516
1570527368.96517
1570527369.21518
1570527369.46519
1570527369.71521
1570527369.96522
1570527370.21523
1570527370.46524
1570527370.71525
1570527370.96526
1570527371.21527
1570527371.46529
1570527371.7153
1570527371.96531
1570527372.21532
1570527372.46533
1570527372.71534
1570527372.96536
1570527373.21537
1570527373.46538
1570527373.71539
1570527373.9654
1570527374.21541
1570527374.46543
1570527374.71544
1570527374.96545
1570527375.21546
1570527375.46547
1570527375.71548
1570527375.96549
1570527376.21551
1570527376.46552
1570527376.71553
1570527376.96554
1570527377.21555
1570527377.46556
1570527377.71558
1570527377.96559
1570527378.2156
1570527378.46561
1570527378.71562
1570527378.96563
1570527379.21564
1570527379.46566
1570527379.71567
1570527379.96568
1570527380.21569
1570527380.4657
1570527380.71571
1570527380.96573
1570527381.21574
1570527381.46575
1570527381.71576
1570527381.96577
1570527382.21578
1570527382.4658
1570527382.71581
1570527382.96582
1570527383.21583
1570527383.46584
1570527383.71585
1570527383.96586
1570527384.21588
1570527384.46589
1570527384.7159
1570527384.96591
1570527385.21592
1570527385.46593
1570527385.71595
1570527385.96596
1570527386.21597
1570527386.46598
1570527386.71599
1570527386.966
1570527387.21602
1570527387.46603
1570527387.71604
1570527387.96605
1570527388.21606
1570527388.46607
1570527388.71608
1570527388.9661
1570527389.21611
1570527389.46612
1570527389.71613
1570527389.96614
1570527390.21615
1570527390.46617
1570527390.71618
1570527390.96619
1570527391.2162
1570527391.46621
1570527391.71622
1570527391.96624
1570527392.21625
1570527392.46626
1570527392.71627
1570527392.96628
1570527393.21629
1570527393.4663
1570527393.71632
1570527393.96633
1570527394.21634
1570527394.46635
1570527394.71636
1570527394.96637
1570527395.21639
1570527395.4664
1570527395.71641
1570527395.96642
1570527396.21643
1570527396.46644
1570527396.71646
1570527396.96647
1570527397.21648
1570527397.46649
1570527397.7165
1570527397.96651
1570527398.21652
1570527398.46654
1570527398.71655
1570527398.96656
1570527399.21657
1570527399.46658
1570527399.71659
1570527399.96661
1570527400.21662
1570527400.46663
1570527400.71664
1570527400.96665
1570527401.21666
1570527401.46668
1570527401.71669
1570527401.9667
1570527402.21671
1570527402.46672
1570527402.71673
1570527402.96674
1570527403.21676
1570527403.46677
1570527403.71678
1570527403.96679
1570527404.2168
1570527404.46681
1570527404.71683
1570527404.96684
1570527405.21685
1570527405.46686
1570527405.71687
1570527405.96688
1570527406.2169
1570527406.46691
1570527406.71692
1570527406.96693
1570527407.21694
1570527407.46695
1570527407.71696
1570527407.96698
1570527408.21699
1570527408.467
1570527408.71701
1570527408.96702
1570527409.21703
1570527409.46705
1570527409.71706
1570527409.96707
1570527410.21708
1570527410.46709
1570527410.7171
1570527410.96711
1570527411.21713
1570527411.46714
1570527411.71715
1570527411.96716
1570527412.21717
1570527412.46718
1570527412.7172
1570527412.96721
1570527413.21722
1570527413.46723
1570527413.71724
1570527413.96725
1570527414.21727
1570527414.46728
1570527414.71729
1570527414.9673
1570527415.21731
1570527415.46732
1570527415.71733
1570527415.96735
1570527416.21736
