1570526326.4169
1570526326.66692
1570526326.91693
1570526327.16694
1570526327.41695
1570526327.66696
1570526327.91697
1570526328.16698
1570526328.417
1570526328.66701
1570526328.91702
1570526329.16703
1570526329.41704
1570526329.66705
1570526329.91707
1570526330.16708
1570526330.41709
1570526330.6671
1570526330.91711
1570526331.16712
1570526331.41714
1570526331.66715
1570526331.91716
1570526332.16717
1570526332.41718
1570526332.66719
1570526332.9172
1570526333.16722
1570526333.41723
1570526333.66724
1570526333.91725
1570526334.16726
1570526334.41727
1570526334.66729
1570526334.9173
1570526335.16731
1570526335.41732
1570526335.66733
1570526335.91734
1570526336.16736
1570526336.41737
1570526336.66738
1570526336.91739
1570526337.1674
1570526337.41741
1570526337.66742
1570526337.91744
1570526338.16745
1570526338.41746
1570526338.66747
1570526338.91748
1570526339.16749
1570526339.41751
1570526339.66752
1570526339.91753
1570526340.16754
1570526340.41755
1570526340.66756
1570526340.91757
1570526341.16759
1570526341.4176
1570526341.66761
1570526341.91762
1570526342.16763
1570526342.41764
1570526342.66766
1570526342.91767
1570526343.16768
1570526343.41769
1570526343.6677
1570526343.91771
1570526344.16773
1570526344.41774
1570526344.66775
1570526344.91776
1570526345.16777
1570526345.41778
1570526345.66779
1570526345.91781
1570526346.16782
1570526346.41783
1570526346.66784
1570526346.91785
1570526347.16786
1570526347.41788
1570526347.66789
1570526347.9179
1570526348.16791
1570526348.41792
1570526348.66793
1570526348.91795
1570526349.16796
1570526349.41797
1570526349.66798
1570526349.91799
1570526350.168
1570526350.41801
1570526350.66803
1570526350.91804
1570526351.16805
1570526351.41806
1570526351.66807
1570526351.91808
1570526352.1681
1570526352.41811
1570526352.66812
1570526352.91813
1570526353.16814
1570526353.41815
1570526353.66817
1570526353.91818
1570526354.16819
1570526354.4182
1570526354.66821
1570526354.91822
1570526355.16823
1570526355.41825
1570526355.66826
1570526355.91827
1570526356.16828
1570526356.41829
1570526356.6683
1570526356.91832
1570526357.16833
1570526357.41834
1570526357.66835
1570526357.91836
1570526358.16837
1570526358.41839
1570526358.6684
1570526358.91841
1570526359.16842
1570526359.41843
1570526359.66844
1570526359.91845
1570526360.16847
1570526360.41848
1570526360.66849
1570526360.9185
1570526361.16851
1570526361.41852
1570526361.66854
1570526361.91855
1570526362.16856
1570526362.41857
1570526362.66858
1570526362.91859
1570526363.16861
1570526363.41862
1570526363.66863
1570526363.91864
1570526364.16865
1570526364.41866
1570526364.66867
1570526364.91869
1570526365.1687
1570526365.41871
1570526365.66872
1570526365.91873
1570526366.16874
1570526366.41876
1570526366.66877
1570526366.91878
1570526367.16879
1570526367.4188
1570526367.66881
1570526367.91883
1570526368.16884
1570526368.41885
1570526368.66886
1570526368.91887
1570526369.16888
1570526369.41889
1570526369.66891
1570526369.91892
1570526370.16893
1570526370.41894
1570526370.66895
1570526370.91896
1570526371.16898
1570526371.41899
1570526371.669
1570526371.91901
1570526372.16902
1570526372.41903
1570526372.66904
1570526372.91906
1570526373.16907
1570526373.41908
1570526373.66909
1570526373.9191
1570526374.16911
1570526374.41913
1570526374.66914
1570526374.91915
1570526375.16916
1570526375.41917
1570526375.66918
1570526375.9192
1570526376.16921
1570526376.41922
1570526376.66923
1570526376.91924
1570526377.16925
1570526377.41926
1570526377.66928
1570526377.91929
1570526378.1693
1570526378.41931
1570526378.66932
1570526378.91933
1570526379.16935
1570526379.41936
1570526379.66937
1570526379.91938
1570526380.16939
1570526380.4194
1570526380.66942
1570526380.91943
1570526381.16944
1570526381.41945
1570526381.66946
1570526381.91947
1570526382.16948
1570526382.4195
1570526382.66951
1570526382.91952
1570526383.16953
1570526383.41954
1570526383.66955
1570526383.91957
1570526384.16958
1570526384.41959
1570526384.6696
1570526384.91961
1570526385.16962
1570526385.41964
1570526385.66965
1570526385.91966
1570526386.16967
1570526386.41968
1570526386.66969
1570526386.9197
1570526387.16972
1570526387.41973
1570526387.66974
1570526387.91975
1570526388.16976
1570526388.41977
1570526388.66979
1570526388.9198
1570526389.16981
1570526389.41982
1570526389.66983
1570526389.91984
1570526390.16986
1570526390.41987
1570526390.66988
1570526390.91989
1570526391.1699
1570526391.41991
1570526391.66992
1570526391.91994
1570526392.16995
1570526392.41996
1570526392.66997
1570526392.91998
1570526393.16999
1570526393.42001
1570526393.67002
1570526393.92003
1570526394.17004
1570526394.42005
1570526394.67006
1570526394.92008
1570526395.17009
1570526395.4201
1570526395.67011
1570526395.92012
1570526396.17013
1570526396.42014
1570526396.67016
1570526396.92017
1570526397.17018
1570526397.42019
1570526397.6702
1570526397.92021
1570526398.17023
1570526398.42024
1570526398.67025
1570526398.92026
1570526399.17027
1570526399.42028
1570526399.6703
1570526399.92031
1570526400.17032
1570526400.42033
1570526400.67034
1570526400.92035
1570526401.17036
1570526401.42038
1570526401.67039
1570526401.9204
1570526402.17041
1570526402.42042
1570526402.67043
1570526402.92045
1570526403.17046
1570526403.42047
1570526403.67048
1570526403.92049
1570526404.1705
1570526404.42052
1570526404.67053
1570526404.92054
1570526405.17055
1570526405.42056
1570526405.67057
1570526405.92058
1570526406.1706
1570526406.42061
1570526406.67062
1570526406.92063
1570526407.17064
1570526407.42065
1570526407.67067
1570526407.92068
1570526408.17069
1570526408.4207
1570526408.67071
1570526408.92072
1570526409.17073
1570526409.42075
1570526409.67076
1570526409.92077
1570526410.17078
1570526410.42079
1570526410.6708
1570526410.92082
1570526411.17083
1570526411.42084
1570526411.67085
1570526411.92086
1570526412.17087
1570526412.42089
1570526412.6709
1570526412.92091
1570526413.17092
1570526413.42093
1570526413.67094
1570526413.92095
1570526414.17097
1570526414.42098
1570526414.67099
1570526414.921
1570526415.17101
1570526415.42102
1570526415.67104
1570526415.92105
1570526416.17106
1570526416.42107
1570526416.67108
1570526416.92109
1570526417.17111
1570526417.42112
1570526417.67113
1570526417.92114
1570526418.17115
1570526418.42116
1570526418.67117
1570526418.92119
1570526419.1712
1570526419.42121
1570526419.67122
1570526419.92123
1570526420.17124
1570526420.42126
1570526420.67127
1570526420.92128
1570526421.17129
1570526421.4213
1570526421.67131
1570526421.92133
1570526422.17134
1570526422.42135
1570526422.67136
1570526422.92137
1570526423.17138
1570526423.42139
1570526423.67141
1570526423.92142
1570526424.17143
1570526424.42144
1570526424.67145
1570526424.92146
1570526425.17148
1570526425.42149
1570526425.6715
1570526425.92151
1570526426.17152
1570526426.42153
1570526426.67155
1570526426.92156
1570526427.17157
1570526427.42158
1570526427.67159
1570526427.9216
1570526428.17161
1570526428.42163
1570526428.67164
1570526428.92165
1570526429.17166
1570526429.42167
1570526429.67168
1570526429.9217
1570526430.17171
1570526430.42172
1570526430.67173
1570526430.92174
1570526431.17175
1570526431.42177
1570526431.67178
1570526431.92179
1570526432.1718
1570526432.42181
1570526432.67182
1570526432.92183
1570526433.17185
1570526433.42186
1570526433.67187
1570526433.92188
1570526434.17189
1570526434.4219
1570526434.67192
1570526434.92193
1570526435.17194
1570526435.42195
1570526435.67196
1570526435.92197
1570526436.17198
1570526436.422
1570526436.67201
1570526436.92202
1570526437.17203
1570526437.42204
1570526437.67205
1570526437.92207
1570526438.17208
1570526438.42209
1570526438.6721
1570526438.92211
1570526439.17212
1570526439.42214
1570526439.67215
1570526439.92216
1570526440.17217
1570526440.42218
1570526440.67219
1570526440.9222
1570526441.17222
1570526441.42223
1570526441.67224
1570526441.92225
1570526442.17226
1570526442.42227
1570526442.67229
1570526442.9223
1570526443.17231
1570526443.42232
1570526443.67233
1570526443.92234
1570526444.17236
1570526444.42237
1570526444.67238
1570526444.92239
1570526445.1724
1570526445.42241
1570526445.67242
1570526445.92244
1570526446.17245
1570526446.42246
1570526446.67247
1570526446.92248
1570526447.17249
1570526447.42251
1570526447.67252
1570526447.92253
1570526448.17254
1570526448.42255
1570526448.67256
1570526448.92258
1570526449.17259
1570526449.4226
1570526449.67261
1570526449.92262
1570526450.17263
1570526450.42264
1570526450.67266
1570526450.92267
1570526451.17268
1570526451.42269
1570526451.6727
1570526451.92271
1570526452.17273
1570526452.42274
1570526452.67275
1570526452.92276
1570526453.17277
1570526453.42278
1570526453.6728
1570526453.92281
1570526454.17282
1570526454.42283
1570526454.67284
1570526454.92285
1570526455.17286
1570526455.42288
1570526455.67289
1570526455.9229
1570526456.17291
1570526456.42292
1570526456.67293
1570526456.92295
1570526457.17296
1570526457.42297
1570526457.67298
1570526457.92299
1570526458.173
1570526458.42302
1570526458.67303
1570526458.92304
1570526459.17305
1570526459.42306
1570526459.67307
1570526459.92308
1570526460.1731
1570526460.42311
1570526460.67312
1570526460.92313
1570526461.17314
1570526461.42315
1570526461.67317
1570526461.92318
1570526462.17319
1570526462.4232
1570526462.67321
1570526462.92322
1570526463.17323
1570526463.42325
1570526463.67326
1570526463.92327
1570526464.17328
1570526464.42329
1570526464.6733
1570526464.92332
1570526465.17333
1570526465.42334
1570526465.67335
1570526465.92336
1570526466.17337
1570526466.42339
1570526466.6734
1570526466.92341
1570526467.17342
1570526467.42343
1570526467.67344
1570526467.92346
1570526468.17347
1570526468.42348
1570526468.67349
1570526468.9235
1570526469.17351
1570526469.42352
1570526469.67354
1570526469.92355
1570526470.17356
1570526470.42357
1570526470.67358
1570526470.92359
1570526471.17361
1570526471.42362
1570526471.67363
1570526471.92364
1570526472.17365
1570526472.42366
1570526472.67367
1570526472.92369
1570526473.1737
1570526473.42371
1570526473.67372
1570526473.92373
1570526474.17374
1570526474.42376
1570526474.67377
1570526474.92378
1570526475.17379
1570526475.4238
1570526475.67381
1570526475.92383
1570526476.17384
1570526476.42385
1570526476.67386
1570526476.92387
1570526477.17388
1570526477.42389
1570526477.67391
1570526477.92392
1570526478.17393
1570526478.42394
1570526478.67395
1570526478.92396
1570526479.17398
1570526479.42399
1570526479.674
1570526479.92401
1570526480.17402
1570526480.42403
1570526480.67405
1570526480.92406
1570526481.17407
1570526481.42408
1570526481.67409
1570526481.9241
1570526482.17411
1570526482.42413
1570526482.67414
1570526482.92415
1570526483.17416
1570526483.42417
1570526483.67418
1570526483.9242
1570526484.17421
1570526484.42422
1570526484.67423
1570526484.92424
1570526485.17425
1570526485.42427
1570526485.67428
1570526485.92429
1570526486.1743
1570526486.42431
1570526486.67432
1570526486.92433
1570526487.17435
1570526487.42436
1570526487.67437
1570526487.92438
1570526488.17439
1570526488.4244
1570526488.67442
1570526488.92443
1570526489.17444
1570526489.42445
1570526489.67446
1570526489.92447
1570526490.17449
1570526490.4245
1570526490.67451
1570526490.92452
1570526491.17453
1570526491.42454
1570526491.67455
1570526491.92457
1570526492.17458
1570526492.42459
1570526492.6746
1570526492.92461
1570526493.17462
1570526493.42464
1570526493.67465
1570526493.92466
1570526494.17467
1570526494.42468
1570526494.67469
1570526494.92471
1570526495.17472
1570526495.42473
1570526495.67474
1570526495.92475
1570526496.17476
1570526496.42477
1570526496.67479
1570526496.9248
1570526497.17481
1570526497.42482
1570526497.67483
1570526497.92484
1570526498.17486
1570526498.42487
1570526498.67488
1570526498.92489
1570526499.1749
1570526499.42491
1570526499.67492
1570526499.92494
1570526500.17495
1570526500.42496
1570526500.67497
1570526500.92498
1570526501.17499
1570526501.42501
1570526501.67502
1570526501.92503
1570526502.17504
1570526502.42505
1570526502.67506
1570526502.92508
1570526503.17509
1570526503.4251
1570526503.67511
1570526503.92512
1570526504.17513
1570526504.42514
1570526504.67516
1570526504.92517
1570526505.17518
1570526505.42519
1570526505.6752
1570526505.92521
1570526506.17523
1570526506.42524
1570526506.67525
1570526506.92526
1570526507.17527
1570526507.42528
1570526507.6753
1570526507.92531
1570526508.17532
1570526508.42533
1570526508.67534
1570526508.92535
1570526509.17536
1570526509.42538
1570526509.67539
1570526509.9254
1570526510.17541
1570526510.42542
1570526510.67543
1570526510.92545
1570526511.17546
1570526511.42547
1570526511.67548
1570526511.92549
1570526512.1755
1570526512.42552
1570526512.67553
1570526512.92554
1570526513.17555
1570526513.42556
1570526513.67557
1570526513.92558
1570526514.1756
1570526514.42561
1570526514.67562
1570526514.92563
1570526515.17564
1570526515.42565
1570526515.67567
1570526515.92568
1570526516.17569
1570526516.4257
1570526516.67571
1570526516.92572
1570526517.17574
1570526517.42575
1570526517.67576
1570526517.92577
1570526518.17578
1570526518.42579
1570526518.6758
1570526518.92582
1570526519.17583
1570526519.42584
1570526519.67585
1570526519.92586
1570526520.17587
1570526520.42589
1570526520.6759
1570526520.92591
1570526521.17592
1570526521.42593
1570526521.67594
1570526521.92596
1570526522.17597
1570526522.42598
1570526522.67599
1570526522.926
1570526523.17601
1570526523.42602
1570526523.67604
1570526523.92605
1570526524.17606
1570526524.42607
1570526524.67608
1570526524.92609
1570526525.17611
1570526525.42612
1570526525.67613
1570526525.92614
1570526526.17615
1570526526.42616
1570526526.67618
1570526526.92619
1570526527.1762
1570526527.42621
1570526527.67622
1570526527.92623
1570526528.17624
1570526528.42626
1570526528.67627
1570526528.92628
1570526529.17629
1570526529.4263
1570526529.67631
1570526529.92633
1570526530.17634
1570526530.42635
1570526530.67636
1570526530.92637
1570526531.17638
1570526531.42639
1570526531.67641
1570526531.92642
1570526532.17643
1570526532.42644
1570526532.67645
1570526532.92646
1570526533.17648
1570526533.42649
1570526533.6765
1570526533.92651
1570526534.17652
1570526534.42653
1570526534.67655
1570526534.92656
1570526535.17657
1570526535.42658
1570526535.67659
1570526535.9266
1570526536.17661
1570526536.42663
1570526536.67664
1570526536.92665
1570526537.17666
1570526537.42667
1570526537.67668
1570526537.9267
1570526538.17671
1570526538.42672
1570526538.67673
1570526538.92674
1570526539.17675
1570526539.42677
1570526539.67678
1570526539.92679
1570526540.1768
1570526540.42681
1570526540.67682
1570526540.92683
1570526541.17685
1570526541.42686
1570526541.67687
1570526541.92688
1570526542.17689
1570526542.4269
1570526542.67692
1570526542.92693
1570526543.17694
1570526543.42695
1570526543.67696
1570526543.92697
1570526544.17699
1570526544.427
1570526544.67701
1570526544.92702
1570526545.17703
1570526545.42704
1570526545.67705
1570526545.92707
1570526546.17708
1570526546.42709
1570526546.6771
1570526546.92711
1570526547.17712
1570526547.42714
1570526547.67715
1570526547.92716
1570526548.17717
1570526548.42718
1570526548.67719
1570526548.92721
1570526549.17722
1570526549.42723
1570526549.67724
1570526549.92725
1570526550.17726
1570526550.42727
1570526550.67729
1570526550.9273
1570526551.17731
1570526551.42732
1570526551.67733
1570526551.92734
1570526552.17736
1570526552.42737
1570526552.67738
1570526552.92739
1570526553.1774
1570526553.42741
1570526553.67743
1570526553.92744
1570526554.17745
1570526554.42746
1570526554.67747
1570526554.92748
1570526555.17749
1570526555.42751
1570526555.67752
1570526555.92753
1570526556.17754
1570526556.42755
1570526556.67756
1570526556.92758
1570526557.17759
1570526557.4276
1570526557.67761
1570526557.92762
1570526558.17763
1570526558.42764
1570526558.67766
1570526558.92767
1570526559.17768
1570526559.42769
1570526559.6777
1570526559.92771
1570526560.17773
1570526560.42774
1570526560.67775
1570526560.92776
1570526561.17777
1570526561.42778
1570526561.6778
1570526561.92781
1570526562.17782
1570526562.42783
1570526562.67784
1570526562.92785
1570526563.17787
1570526563.42788
1570526563.67789
1570526563.9279
1570526564.17791
1570526564.42792
1570526564.67793
1570526564.92795
1570526565.17796
1570526565.42797
1570526565.67798
1570526565.92799
1570526566.178
1570526566.42802
1570526566.67803
1570526566.92804
1570526567.17805
1570526567.42806
1570526567.67807
1570526567.92808
1570526568.1781
1570526568.42811
1570526568.67812
1570526568.92813
1570526569.17814
1570526569.42815
1570526569.67817
1570526569.92818
1570526570.17819
1570526570.4282
1570526570.67821
1570526570.92822
1570526571.17824
1570526571.42825
1570526571.67826
1570526571.92827
1570526572.17828
1570526572.42829
1570526572.6783
1570526572.92832
1570526573.17833
1570526573.42834
1570526573.67835
1570526573.92836
1570526574.17837
1570526574.42839
1570526574.6784
1570526574.92841
1570526575.17842
1570526575.42843
1570526575.67844
1570526575.92846
1570526576.17847
1570526576.42848
1570526576.67849
1570526576.9285
1570526577.17851
1570526577.42852
1570526577.67854
1570526577.92855
1570526578.17856
1570526578.42857
1570526578.67858
1570526578.92859
1570526579.17861
1570526579.42862
1570526579.67863
1570526579.92864
1570526580.17865
1570526580.42866
1570526580.67868
1570526580.92869
1570526581.1787
1570526581.42871
1570526581.67872
1570526581.92873
1570526582.17874
1570526582.42876
1570526582.67877
1570526582.92878
1570526583.17879
1570526583.4288
1570526583.67881
1570526583.92883
1570526584.17884
1570526584.42885
1570526584.67886
1570526584.92887
1570526585.17888
1570526585.4289
1570526585.67891
1570526585.92892
1570526586.17893
1570526586.42894
1570526586.67895
1570526586.92896
1570526587.17898
1570526587.42899
1570526587.679
1570526587.92901
1570526588.17902
1570526588.42903
1570526588.67905
1570526588.92906
1570526589.17907
1570526589.42908
1570526589.67909
1570526589.9291
1570526590.17912
1570526590.42913
1570526590.67914
1570526590.92915
1570526591.17916
1570526591.42917
1570526591.67918
1570526591.9292
1570526592.17921
1570526592.42922
1570526592.67923
1570526592.92924
1570526593.17925
1570526593.42927
1570526593.67928
1570526593.92929
1570526594.1793
1570526594.42931
1570526594.67932
1570526594.92933
1570526595.17935
1570526595.42936
1570526595.67937
1570526595.92938
1570526596.17939
1570526596.4294
1570526596.67942
1570526596.92943
1570526597.17944
1570526597.42945
1570526597.67946
1570526597.92947
1570526598.17949
1570526598.4295
1570526598.67951
1570526598.92952
1570526599.17953
1570526599.42954
1570526599.67955
1570526599.92957
1570526600.17958
1570526600.42959
1570526600.6796
1570526600.92961
1570526601.17962
1570526601.42964
1570526601.67965
1570526601.92966
1570526602.17967
1570526602.42968
1570526602.67969
1570526602.92971
1570526603.17972
1570526603.42973
1570526603.67974
1570526603.92975
1570526604.17976
1570526604.42977
1570526604.67979
1570526604.9298
1570526605.17981
1570526605.42982
1570526605.67983
1570526605.92984
1570526606.17986
1570526606.42987
1570526606.67988
1570526606.92989
1570526607.1799
1570526607.42991
1570526607.67993
1570526607.92994
1570526608.17995
1570526608.42996
1570526608.67997
1570526608.92998
1570526609.17999
1570526609.43001
1570526609.68002
1570526609.93003
1570526610.18004
1570526610.43005
1570526610.68006
1570526610.93008
1570526611.18009
1570526611.4301
1570526611.68011
1570526611.93012
1570526612.18013
1570526612.43015
1570526612.68016
1570526612.93017
1570526613.18018
1570526613.43019
1570526613.6802
1570526613.93021
1570526614.18023
1570526614.43024
1570526614.68025
1570526614.93026
1570526615.18027
1570526615.43028
1570526615.6803
1570526615.93031
1570526616.18032
1570526616.43033
1570526616.68034
1570526616.93035
1570526617.18037
1570526617.43038
1570526617.68039
1570526617.9304
1570526618.18041
1570526618.43042
1570526618.68043
1570526618.93045
1570526619.18046
1570526619.43047
1570526619.68048
1570526619.93049
1570526620.1805
1570526620.43052
1570526620.68053
1570526620.93054
1570526621.18055
1570526621.43056
1570526621.68057
1570526621.93058
1570526622.1806
1570526622.43061
1570526622.68062
1570526622.93063
1570526623.18064
1570526623.43065
1570526623.68067
1570526623.93068
1570526624.18069
1570526624.4307
1570526624.68071
1570526624.93072
1570526625.18074
1570526625.43075
1570526625.68076
1570526625.93077
1570526626.18078
1570526626.43079
1570526626.6808
1570526626.93082
1570526627.18083
1570526627.43084
1570526627.68085
1570526627.93086
1570526628.18087
1570526628.43089
1570526628.6809
1570526628.93091
1570526629.18092
1570526629.43093
1570526629.68094
1570526629.93096
1570526630.18097
1570526630.43098
1570526630.68099
1570526630.931
1570526631.18101
1570526631.43102
1570526631.68104
1570526631.93105
1570526632.18106
1570526632.43107
1570526632.68108
1570526632.93109
1570526633.18111
1570526633.43112
1570526633.68113
1570526633.93114
1570526634.18115
1570526634.43116
1570526634.68118
1570526634.93119
1570526635.1812
1570526635.43121
1570526635.68122
1570526635.93123
1570526636.18124
1570526636.43126
1570526636.68127
1570526636.93128
1570526637.18129
1570526637.4313
1570526637.68131
1570526637.93133
1570526638.18134
1570526638.43135
1570526638.68136
1570526638.93137
1570526639.18138
1570526639.4314
1570526639.68141
1570526639.93142
1570526640.18143
1570526640.43144
1570526640.68145
1570526640.93146
1570526641.18148
1570526641.43149
1570526641.6815
1570526641.93151
1570526642.18152
1570526642.43153
1570526642.68155
1570526642.93156
1570526643.18157
1570526643.43158
1570526643.68159
1570526643.9316
1570526644.18162
1570526644.43163
1570526644.68164
1570526644.93165
1570526645.18166
1570526645.43167
1570526645.68168
1570526645.9317
1570526646.18171
1570526646.43172
1570526646.68173
1570526646.93174
1570526647.18175
1570526647.43177
1570526647.68178
1570526647.93179
1570526648.1818
1570526648.43181
1570526648.68182
1570526648.93184
1570526649.18185
1570526649.43186
1570526649.68187
1570526649.93188
1570526650.18189
1570526650.4319
1570526650.68192
1570526650.93193
1570526651.18194
1570526651.43195
1570526651.68196
1570526651.93197
1570526652.18199
1570526652.432
1570526652.68201
1570526652.93202
1570526653.18203
