1570528342.51024
1570528342.76025
1570528343.01027
1570528343.26028
1570528343.51029
1570528343.7603
1570528344.01031
1570528344.26032
1570528344.51033
1570528344.76035
1570528345.01036
1570528345.26037
1570528345.51038
1570528345.76039
1570528346.0104
1570528346.26042
1570528346.51043
1570528346.76044
1570528347.01045
1570528347.26046
1570528347.51047
1570528347.76049
1570528348.0105
1570528348.26051
1570528348.51052
1570528348.76053
1570528349.01054
1570528349.26056
1570528349.51057
1570528349.76058
1570528350.01059
1570528350.2606
1570528350.51061
1570528350.76062
1570528351.01064
1570528351.26065
1570528351.51066
1570528351.76067
1570528352.01068
1570528352.26069
1570528352.51071
1570528352.76072
1570528353.01073
1570528353.26074
1570528353.51075
1570528353.76076
1570528354.01077
1570528354.26079
1570528354.5108
1570528354.76081
1570528355.01082
1570528355.26083
1570528355.51084
1570528355.76086
1570528356.01087
1570528356.26088
1570528356.51089
1570528356.7609
1570528357.01091
1570528357.26093
1570528357.51094
1570528357.76095
1570528358.01096
1570528358.26097
1570528358.51098
1570528358.76099
1570528359.01101
1570528359.26102
1570528359.51103
1570528359.76104
1570528360.01105
1570528360.26106
1570528360.51108
1570528360.76109
1570528361.0111
1570528361.26111
1570528361.51112
1570528361.76113
1570528362.01115
1570528362.26116
1570528362.51117
1570528362.76118
1570528363.01119
1570528363.2612
1570528363.51121
1570528363.76123
1570528364.01124
1570528364.26125
1570528364.51126
1570528364.76127
1570528365.01128
1570528365.2613
1570528365.51131
1570528365.76132
1570528366.01133
1570528366.26134
1570528366.51135
1570528366.76137
1570528367.01138
1570528367.26139
1570528367.5114
1570528367.76141
1570528368.01142
1570528368.26143
1570528368.51145
1570528368.76146
1570528369.01147
1570528369.26148
1570528369.51149
1570528369.7615
1570528370.01152
1570528370.26153
1570528370.51154
1570528370.76155
1570528371.01156
1570528371.26157
1570528371.51159
1570528371.7616
1570528372.01161
1570528372.26162
1570528372.51163
1570528372.76164
1570528373.01165
1570528373.26167
1570528373.51168
1570528373.76169
1570528374.0117
1570528374.26171
1570528374.51172
1570528374.76174
1570528375.01175
1570528375.26176
1570528375.51177
1570528375.76178
1570528376.01179
1570528376.26181
1570528376.51182
1570528376.76183
1570528377.01184
1570528377.26185
1570528377.51186
1570528377.76187
1570528378.01189
1570528378.2619
1570528378.51191
1570528378.76192
1570528379.01193
1570528379.26194
1570528379.51196
1570528379.76197
1570528380.01198
1570528380.26199
1570528380.512
1570528380.76201
1570528381.01202
1570528381.26204
1570528381.51205
1570528381.76206
1570528382.01207
1570528382.26208
1570528382.51209
1570528382.76211
1570528383.01212
1570528383.26213
1570528383.51214
1570528383.76215
1570528384.01216
1570528384.26218
1570528384.51219
1570528384.7622
1570528385.01221
1570528385.26222
1570528385.51223
1570528385.76224
1570528386.01226
1570528386.26227
1570528386.51228
1570528386.76229
1570528387.0123
1570528387.26231
1570528387.51233
1570528387.76234
1570528388.01235
1570528388.26236
1570528388.51237
1570528388.76238
1570528389.0124
1570528389.26241
1570528389.51242
1570528389.76243
1570528390.01244
1570528390.26245
1570528390.51246
1570528390.76248
1570528391.01249
1570528391.2625
1570528391.51251
1570528391.76252
1570528392.01253
1570528392.26255
1570528392.51256
1570528392.76257
1570528393.01258
1570528393.26259
1570528393.5126
1570528393.76262
1570528394.01263
1570528394.26264
1570528394.51265
1570528394.76266
1570528395.01267
1570528395.26268
1570528395.5127
1570528395.76271
1570528396.01272
1570528396.26273
1570528396.51274
1570528396.76275
1570528397.01277
1570528397.26278
1570528397.51279
1570528397.7628
1570528398.01281
1570528398.26282
1570528398.51284
1570528398.76285
1570528399.01286
1570528399.26287
1570528399.51288
1570528399.76289
1570528400.0129
1570528400.26292
1570528400.51293
1570528400.76294
1570528401.01295
1570528401.26296
1570528401.51297
1570528401.76299
1570528402.013
1570528402.26301
1570528402.51302
1570528402.76303
1570528403.01304
1570528403.26306
1570528403.51307
1570528403.76308
1570528404.01309
1570528404.2631
1570528404.51311
1570528404.76312
1570528405.01314
1570528405.26315
1570528405.51316
1570528405.76317
1570528406.01318
1570528406.26319
1570528406.51321
1570528406.76322
1570528407.01323
1570528407.26324
1570528407.51325
1570528407.76326
1570528408.01328
1570528408.26329
1570528408.5133
1570528408.76331
1570528409.01332
1570528409.26333
1570528409.51334
1570528409.76336
1570528410.01337
1570528410.26338
1570528410.51339
1570528410.7634
1570528411.01341
1570528411.26343
1570528411.51344
1570528411.76345
1570528412.01346
1570528412.26347
1570528412.51348
1570528412.76349
1570528413.01351
1570528413.26352
1570528413.51353
1570528413.76354
1570528414.01355
1570528414.26356
1570528414.51358
1570528414.76359
1570528415.0136
1570528415.26361
1570528415.51362
1570528415.76363
1570528416.01365
1570528416.26366
1570528416.51367
1570528416.76368
1570528417.01369
1570528417.2637
1570528417.51371
1570528417.76373
1570528418.01374
1570528418.26375
1570528418.51376
1570528418.76377
1570528419.01378
1570528419.2638
1570528419.51381
1570528419.76382
1570528420.01383
1570528420.26384
1570528420.51385
1570528420.76387
1570528421.01388
1570528421.26389
1570528421.5139
1570528421.76391
1570528422.01392
1570528422.26393
1570528422.51395
1570528422.76396
1570528423.01397
1570528423.26398
1570528423.51399
1570528423.764
1570528424.01402
1570528424.26403
1570528424.51404
1570528424.76405
1570528425.01406
1570528425.26407
1570528425.51409
1570528425.7641
1570528426.01411
1570528426.26412
1570528426.51413
1570528426.76414
1570528427.01415
1570528427.26417
1570528427.51418
1570528427.76419
1570528428.0142
1570528428.26421
1570528428.51422
1570528428.76424
1570528429.01425
1570528429.26426
1570528429.51427
1570528429.76428
1570528430.01429
1570528430.26431
1570528430.51432
1570528430.76433
1570528431.01434
1570528431.26435
1570528431.51436
1570528431.76437
1570528432.01439
1570528432.2644
1570528432.51441
1570528432.76442
1570528433.01443
1570528433.26444
1570528433.51446
1570528433.76447
1570528434.01448
1570528434.26449
1570528434.5145
1570528434.76451
1570528435.01453
1570528435.26454
1570528435.51455
1570528435.76456
1570528436.01457
1570528436.26458
1570528436.51459
1570528436.76461
1570528437.01462
1570528437.26463
1570528437.51464
1570528437.76465
1570528438.01466
1570528438.26468
1570528438.51469
1570528438.7647
1570528439.01471
1570528439.26472
1570528439.51473
1570528439.76475
1570528440.01476
1570528440.26477
1570528440.51478
1570528440.76479
1570528441.0148
1570528441.26481
1570528441.51483
1570528441.76484
1570528442.01485
1570528442.26486
1570528442.51487
1570528442.76488
1570528443.0149
1570528443.26491
1570528443.51492
1570528443.76493
1570528444.01494
1570528444.26495
1570528444.51497
1570528444.76498
1570528445.01499
1570528445.265
1570528445.51501
1570528445.76502
1570528446.01503
1570528446.26505
1570528446.51506
1570528446.76507
1570528447.01508
1570528447.26509
1570528447.5151
1570528447.76512
1570528448.01513
1570528448.26514
1570528448.51515
1570528448.76516
1570528449.01517
1570528449.26518
1570528449.5152
1570528449.76521
1570528450.01522
1570528450.26523
1570528450.51524
1570528450.76525
1570528451.01527
1570528451.26528
1570528451.51529
1570528451.7653
1570528452.01531
1570528452.26532
1570528452.51534
1570528452.76535
1570528453.01536
1570528453.26537
1570528453.51538
1570528453.76539
1570528454.0154
1570528454.26542
1570528454.51543
1570528454.76544
1570528455.01545
1570528455.26546
1570528455.51547
1570528455.76549
1570528456.0155
1570528456.26551
1570528456.51552
1570528456.76553
1570528457.01554
1570528457.26556
1570528457.51557
1570528457.76558
1570528458.01559
1570528458.2656
1570528458.51561
1570528458.76562
1570528459.01564
1570528459.26565
1570528459.51566
1570528459.76567
1570528460.01568
1570528460.26569
1570528460.51571
1570528460.76572
1570528461.01573
1570528461.26574
1570528461.51575
1570528461.76576
1570528462.01578
1570528462.26579
1570528462.5158
1570528462.76581
1570528463.01582
1570528463.26583
1570528463.51584
1570528463.76586
1570528464.01587
1570528464.26588
1570528464.51589
1570528464.7659
1570528465.01591
1570528465.26593
1570528465.51594
1570528465.76595
1570528466.01596
1570528466.26597
1570528466.51598
1570528466.766
1570528467.01601
1570528467.26602
1570528467.51603
1570528467.76604
1570528468.01605
1570528468.26606
1570528468.51608
1570528468.76609
1570528469.0161
1570528469.26611
1570528469.51612
1570528469.76613
1570528470.01615
1570528470.26616
1570528470.51617
1570528470.76618
1570528471.01619
1570528471.2662
1570528471.51622
1570528471.76623
1570528472.01624
1570528472.26625
1570528472.51626
1570528472.76627
1570528473.01628
1570528473.2663
1570528473.51631
1570528473.76632
1570528474.01633
1570528474.26634
1570528474.51635
1570528474.76637
1570528475.01638
1570528475.26639
1570528475.5164
1570528475.76641
1570528476.01642
1570528476.26643
1570528476.51645
1570528476.76646
1570528477.01647
1570528477.26648
1570528477.51649
1570528477.7665
1570528478.01652
1570528478.26653
1570528478.51654
1570528478.76655
1570528479.01656
1570528479.26657
1570528479.51659
1570528479.7666
1570528480.01661
1570528480.26662
1570528480.51663
1570528480.76664
1570528481.01665
1570528481.26667
1570528481.51668
1570528481.76669
1570528482.0167
1570528482.26671
1570528482.51672
1570528482.76674
1570528483.01675
1570528483.26676
1570528483.51677
1570528483.76678
1570528484.01679
1570528484.26681
1570528484.51682
1570528484.76683
1570528485.01684
1570528485.26685
1570528485.51686
1570528485.76687
1570528486.01689
1570528486.2669
1570528486.51691
1570528486.76692
1570528487.01693
1570528487.26694
1570528487.51696
1570528487.76697
1570528488.01698
1570528488.26699
1570528488.517
1570528488.76701
1570528489.01703
1570528489.26704
1570528489.51705
1570528489.76706
1570528490.01707
1570528490.26708
1570528490.51709
1570528490.76711
1570528491.01712
1570528491.26713
1570528491.51714
1570528491.76715
1570528492.01716
1570528492.26718
1570528492.51719
1570528492.7672
1570528493.01721
1570528493.26722
1570528493.51723
1570528493.76725
1570528494.01726
1570528494.26727
1570528494.51728
1570528494.76729
1570528495.0173
1570528495.26731
1570528495.51733
1570528495.76734
1570528496.01735
1570528496.26736
1570528496.51737
1570528496.76738
1570528497.0174
1570528497.26741
1570528497.51742
1570528497.76743
1570528498.01744
1570528498.26745
1570528498.51747
1570528498.76748
1570528499.01749
1570528499.2675
1570528499.51751
1570528499.76752
1570528500.01753
1570528500.26755
1570528500.51756
1570528500.76757
1570528501.01758
1570528501.26759
1570528501.5176
1570528501.76762
1570528502.01763
1570528502.26764
1570528502.51765
1570528502.76766
1570528503.01767
1570528503.26768
1570528503.5177
1570528503.76771
1570528504.01772
1570528504.26773
1570528504.51774
1570528504.76775
1570528505.01777
1570528505.26778
1570528505.51779
1570528505.7678
1570528506.01781
1570528506.26782
1570528506.51784
1570528506.76785
1570528507.01786
1570528507.26787
1570528507.51788
1570528507.76789
1570528508.01791
1570528508.26792
1570528508.51793
1570528508.76794
1570528509.01795
1570528509.26796
1570528509.51797
1570528509.76799
1570528510.018
1570528510.26801
1570528510.51802
1570528510.76803
1570528511.01804
1570528511.26806
1570528511.51807
1570528511.76808
1570528512.01809
1570528512.2681
1570528512.51811
1570528512.76812
1570528513.01814
1570528513.26815
1570528513.51816
1570528513.76817
1570528514.01818
1570528514.26819
1570528514.51821
1570528514.76822
1570528515.01823
1570528515.26824
1570528515.51825
1570528515.76826
1570528516.01828
1570528516.26829
1570528516.5183
1570528516.76831
1570528517.01832
1570528517.26833
1570528517.51834
1570528517.76836
1570528518.01837
1570528518.26838
1570528518.51839
1570528518.7684
1570528519.01841
1570528519.26843
1570528519.51844
1570528519.76845
1570528520.01846
1570528520.26847
1570528520.51848
1570528520.7685
1570528521.01851
1570528521.26852
1570528521.51853
1570528521.76854
1570528522.01855
1570528522.26856
1570528522.51858
1570528522.76859
1570528523.0186
1570528523.26861
1570528523.51862
1570528523.76863
1570528524.01865
1570528524.26866
1570528524.51867
1570528524.76868
1570528525.01869
1570528525.2687
1570528525.51872
1570528525.76873
1570528526.01874
1570528526.26875
1570528526.51876
1570528526.76877
1570528527.01878
1570528527.2688
1570528527.51881
1570528527.76882
1570528528.01883
1570528528.26884
1570528528.51885
1570528528.76887
1570528529.01888
1570528529.26889
1570528529.5189
1570528529.76891
1570528530.01892
1570528530.26894
1570528530.51895
1570528530.76896
1570528531.01897
1570528531.26898
1570528531.51899
1570528531.769
1570528532.01902
1570528532.26903
1570528532.51904
1570528532.76905
1570528533.01906
1570528533.26907
1570528533.51909
1570528533.7691
1570528534.01911
1570528534.26912
1570528534.51913
1570528534.76914
1570528535.01916
1570528535.26917
1570528535.51918
1570528535.76919
1570528536.0192
1570528536.26921
1570528536.51922
1570528536.76924
1570528537.01925
1570528537.26926
1570528537.51927
1570528537.76928
1570528538.01929
1570528538.26931
1570528538.51932
1570528538.76933
1570528539.01934
1570528539.26935
1570528539.51936
1570528539.76937
1570528540.01939
1570528540.2694
1570528540.51941
1570528540.76942
1570528541.01943
1570528541.26944
1570528541.51946
1570528541.76947
1570528542.01948
1570528542.26949
1570528542.5195
1570528542.76951
1570528543.01953
1570528543.26954
1570528543.51955
1570528543.76956
1570528544.01957
1570528544.26958
1570528544.51959
1570528544.76961
1570528545.01962
1570528545.26963
1570528545.51964
1570528545.76965
1570528546.01966
1570528546.26968
1570528546.51969
1570528546.7697
1570528547.01971
1570528547.26972
1570528547.51973
1570528547.76975
1570528548.01976
1570528548.26977
1570528548.51978
1570528548.76979
1570528549.0198
1570528549.26981
1570528549.51983
1570528549.76984
1570528550.01985
1570528550.26986
1570528550.51987
1570528550.76988
1570528551.0199
1570528551.26991
1570528551.51992
1570528551.76993
1570528552.01994
1570528552.26995
1570528552.51997
1570528552.76998
1570528553.01999
1570528553.27
1570528553.52001
1570528553.77002
1570528554.02003
1570528554.27005
1570528554.52006
1570528554.77007
1570528555.02008
1570528555.27009
1570528555.5201
1570528555.77012
1570528556.02013
1570528556.27014
1570528556.52015
1570528556.77016
1570528557.02017
1570528557.27019
1570528557.5202
1570528557.77021
1570528558.02022
1570528558.27023
1570528558.52024
1570528558.77025
1570528559.02027
1570528559.27028
1570528559.52029
1570528559.7703
1570528560.02031
1570528560.27032
1570528560.52034
1570528560.77035
1570528561.02036
1570528561.27037
1570528561.52038
1570528561.77039
1570528562.02041
1570528562.27042
1570528562.52043
1570528562.77044
1570528563.02045
1570528563.27046
1570528563.52047
1570528563.77049
1570528564.0205
1570528564.27051
1570528564.52052
1570528564.77053
1570528565.02054
1570528565.27056
1570528565.52057
1570528565.77058
1570528566.02059
1570528566.2706
1570528566.52061
1570528566.77063
1570528567.02064
1570528567.27065
1570528567.52066
1570528567.77067
1570528568.02068
1570528568.27069
1570528568.52071
1570528568.77072
1570528569.02073
1570528569.27074
1570528569.52075
1570528569.77076
1570528570.02078
1570528570.27079
1570528570.5208
1570528570.77081
1570528571.02082
1570528571.27083
1570528571.52084
1570528571.77086
1570528572.02087
1570528572.27088
1570528572.52089
1570528572.7709
1570528573.02091
1570528573.27093
1570528573.52094
1570528573.77095
1570528574.02096
1570528574.27097
1570528574.52098
1570528574.771
1570528575.02101
1570528575.27102
1570528575.52103
1570528575.77104
1570528576.02105
1570528576.27106
1570528576.52108
1570528576.77109
1570528577.0211
1570528577.27111
1570528577.52112
1570528577.77113
1570528578.02115
1570528578.27116
1570528578.52117
1570528578.77118
1570528579.02119
1570528579.2712
1570528579.52122
1570528579.77123
1570528580.02124
1570528580.27125
1570528580.52126
1570528580.77127
1570528581.02128
1570528581.2713
1570528581.52131
1570528581.77132
1570528582.02133
1570528582.27134
1570528582.52135
1570528582.77137
1570528583.02138
1570528583.27139
1570528583.5214
1570528583.77141
1570528584.02142
1570528584.27144
1570528584.52145
1570528584.77146
1570528585.02147
1570528585.27148
1570528585.52149
1570528585.7715
1570528586.02152
1570528586.27153
1570528586.52154
1570528586.77155
1570528587.02156
1570528587.27157
1570528587.52159
1570528587.7716
1570528588.02161
1570528588.27162
1570528588.52163
1570528588.77164
1570528589.02166
1570528589.27167
1570528589.52168
1570528589.77169
1570528590.0217
1570528590.27171
1570528590.52172
1570528590.77174
1570528591.02175
1570528591.27176
1570528591.52177
1570528591.77178
1570528592.02179
1570528592.27181
1570528592.52182
1570528592.77183
1570528593.02184
1570528593.27185
1570528593.52186
1570528593.77188
1570528594.02189
1570528594.2719
1570528594.52191
1570528594.77192
1570528595.02193
1570528595.27194
1570528595.52196
1570528595.77197
1570528596.02198
1570528596.27199
1570528596.522
1570528596.77201
1570528597.02203
1570528597.27204
1570528597.52205
1570528597.77206
1570528598.02207
1570528598.27208
1570528598.52209
1570528598.77211
1570528599.02212
1570528599.27213
1570528599.52214
1570528599.77215
1570528600.02216
1570528600.27218
1570528600.52219
1570528600.7722
1570528601.02221
1570528601.27222
1570528601.52223
1570528601.77225
1570528602.02226
1570528602.27227
1570528602.52228
1570528602.77229
1570528603.0223
1570528603.27232
1570528603.52233
1570528603.77234
1570528604.02235
1570528604.27236
1570528604.52237
1570528604.77238
1570528605.0224
1570528605.27241
1570528605.52242
1570528605.77243
1570528606.02244
1570528606.27245
1570528606.52247
1570528606.77248
1570528607.02249
1570528607.2725
1570528607.52251
1570528607.77252
1570528608.02253
1570528608.27255
1570528608.52256
1570528608.77257
1570528609.02258
1570528609.27259
1570528609.5226
1570528609.77262
1570528610.02263
1570528610.27264
1570528610.52265
1570528610.77266
1570528611.02267
1570528611.27269
1570528611.5227
1570528611.77271
1570528612.02272
1570528612.27273
1570528612.52274
1570528612.77275
1570528613.02277
1570528613.27278
1570528613.52279
1570528613.7728
1570528614.02281
1570528614.27282
1570528614.52284
1570528614.77285
1570528615.02286
1570528615.27287
1570528615.52288
1570528615.77289
1570528616.02291
1570528616.27292
1570528616.52293
1570528616.77294
1570528617.02295
1570528617.27296
1570528617.52297
1570528617.77299
1570528618.023
1570528618.27301
1570528618.52302
1570528618.77303
1570528619.02304
1570528619.27306
1570528619.52307
1570528619.77308
1570528620.02309
1570528620.2731
1570528620.52311
1570528620.77313
1570528621.02314
1570528621.27315
1570528621.52316
1570528621.77317
1570528622.02318
1570528622.27319
1570528622.52321
1570528622.77322
1570528623.02323
1570528623.27324
1570528623.52325
1570528623.77326
1570528624.02328
1570528624.27329
1570528624.5233
1570528624.77331
1570528625.02332
1570528625.27333
1570528625.52334
1570528625.77336
1570528626.02337
1570528626.27338
1570528626.52339
1570528626.7734
1570528627.02341
1570528627.27343
1570528627.52344
1570528627.77345
1570528628.02346
1570528628.27347
1570528628.52348
1570528628.7735
1570528629.02351
1570528629.27352
1570528629.52353
1570528629.77354
1570528630.02355
1570528630.27357
1570528630.52358
1570528630.77359
1570528631.0236
1570528631.27361
1570528631.52362
1570528631.77363
1570528632.02365
1570528632.27366
1570528632.52367
1570528632.77368
1570528633.02369
1570528633.2737
1570528633.52372
1570528633.77373
1570528634.02374
1570528634.27375
1570528634.52376
1570528634.77377
1570528635.02378
1570528635.2738
1570528635.52381
1570528635.77382
1570528636.02383
1570528636.27384
1570528636.52385
1570528636.77387
1570528637.02388
1570528637.27389
1570528637.5239
1570528637.77391
1570528638.02392
1570528638.27394
1570528638.52395
1570528638.77396
1570528639.02397
1570528639.27398
1570528639.52399
1570528639.774
1570528640.02402
1570528640.27403
1570528640.52404
1570528640.77405
1570528641.02406
1570528641.27407
1570528641.52409
1570528641.7741
1570528642.02411
1570528642.27412
1570528642.52413
1570528642.77414
1570528643.02416
1570528643.27417
