1570528006.49469
1570528006.7447
1570528006.99471
1570528007.24472
1570528007.49473
1570528007.74474
1570528007.99476
1570528008.24477
1570528008.49478
1570528008.74479
1570528008.9948
1570528009.24481
1570528009.49482
1570528009.74484
1570528009.99485
1570528010.24486
1570528010.49487
1570528010.74488
1570528010.99489
1570528011.24491
1570528011.49492
1570528011.74493
1570528011.99494
1570528012.24495
1570528012.49496
1570528012.74498
1570528012.99499
1570528013.245
1570528013.49501
1570528013.74502
1570528013.99503
1570528014.24504
1570528014.49506
1570528014.74507
1570528014.99508
1570528015.24509
1570528015.4951
1570528015.74511
1570528015.99513
1570528016.24514
1570528016.49515
1570528016.74516
1570528016.99517
1570528017.24518
1570528017.4952
1570528017.74521
1570528017.99522
1570528018.24523
1570528018.49524
1570528018.74525
1570528018.99526
1570528019.24528
1570528019.49529
1570528019.7453
1570528019.99531
1570528020.24532
1570528020.49533
1570528020.74535
1570528020.99536
1570528021.24537
1570528021.49538
1570528021.74539
1570528021.9954
1570528022.24542
1570528022.49543
1570528022.74544
1570528022.99545
1570528023.24546
1570528023.49547
1570528023.74548
1570528023.9955
1570528024.24551
1570528024.49552
1570528024.74553
1570528024.99554
1570528025.24555
1570528025.49557
1570528025.74558
1570528025.99559
1570528026.2456
1570528026.49561
1570528026.74562
1570528026.99564
1570528027.24565
1570528027.49566
1570528027.74567
1570528027.99568
1570528028.24569
1570528028.4957
1570528028.74572
1570528028.99573
1570528029.24574
1570528029.49575
1570528029.74576
1570528029.99577
1570528030.24579
1570528030.4958
1570528030.74581
1570528030.99582
1570528031.24583
1570528031.49584
1570528031.74586
1570528031.99587
1570528032.24588
1570528032.49589
1570528032.7459
1570528032.99591
1570528033.24592
1570528033.49594
1570528033.74595
1570528033.99596
1570528034.24597
1570528034.49598
1570528034.74599
1570528034.99601
1570528035.24602
1570528035.49603
1570528035.74604
1570528035.99605
1570528036.24606
1570528036.49607
1570528036.74609
1570528036.9961
1570528037.24611
1570528037.49612
1570528037.74613
1570528037.99614
1570528038.24616
1570528038.49617
1570528038.74618
1570528038.99619
1570528039.2462
1570528039.49621
1570528039.74623
1570528039.99624
1570528040.24625
1570528040.49626
1570528040.74627
1570528040.99628
1570528041.24629
1570528041.49631
1570528041.74632
1570528041.99633
1570528042.24634
1570528042.49635
1570528042.74636
1570528042.99638
1570528043.24639
1570528043.4964
1570528043.74641
1570528043.99642
1570528044.24643
1570528044.49645
1570528044.74646
1570528044.99647
1570528045.24648
1570528045.49649
1570528045.7465
1570528045.99651
1570528046.24653
1570528046.49654
1570528046.74655
1570528046.99656
1570528047.24657
1570528047.49658
1570528047.7466
1570528047.99661
1570528048.24662
1570528048.49663
1570528048.74664
1570528048.99665
1570528049.24667
1570528049.49668
1570528049.74669
1570528049.9967
1570528050.24671
1570528050.49672
1570528050.74673
1570528050.99675
1570528051.24676
1570528051.49677
1570528051.74678
1570528051.99679
1570528052.2468
1570528052.49682
1570528052.74683
1570528052.99684
1570528053.24685
1570528053.49686
1570528053.74687
1570528053.99689
1570528054.2469
1570528054.49691
1570528054.74692
1570528054.99693
1570528055.24694
1570528055.49695
1570528055.74697
1570528055.99698
1570528056.24699
1570528056.497
1570528056.74701
1570528056.99702
1570528057.24704
1570528057.49705
1570528057.74706
1570528057.99707
1570528058.24708
1570528058.49709
1570528058.74711
1570528058.99712
1570528059.24713
1570528059.49714
1570528059.74715
1570528059.99716
1570528060.24717
1570528060.49719
1570528060.7472
1570528060.99721
1570528061.24722
1570528061.49723
1570528061.74724
1570528061.99726
1570528062.24727
1570528062.49728
1570528062.74729
1570528062.9973
1570528063.24731
1570528063.49732
1570528063.74734
1570528063.99735
1570528064.24736
1570528064.49737
1570528064.74738
1570528064.99739
1570528065.24741
1570528065.49742
1570528065.74743
1570528065.99744
1570528066.24745
1570528066.49746
1570528066.74748
1570528066.99749
1570528067.2475
1570528067.49751
1570528067.74752
1570528067.99753
1570528068.24755
1570528068.49756
1570528068.74757
1570528068.99758
1570528069.24759
1570528069.4976
1570528069.74761
1570528069.99763
1570528070.24764
1570528070.49765
1570528070.74766
1570528070.99767
1570528071.24768
1570528071.4977
1570528071.74771
1570528071.99772
1570528072.24773
1570528072.49774
1570528072.74775
1570528072.99776
1570528073.24778
1570528073.49779
1570528073.7478
1570528073.99781
1570528074.24782
1570528074.49783
1570528074.74785
1570528074.99786
1570528075.24787
1570528075.49788
1570528075.74789
1570528075.9979
1570528076.24792
1570528076.49793
1570528076.74794
1570528076.99795
1570528077.24796
1570528077.49797
1570528077.74798
1570528077.998
1570528078.24801
1570528078.49802
1570528078.74803
1570528078.99804
1570528079.24805
1570528079.49807
1570528079.74808
1570528079.99809
1570528080.2481
1570528080.49811
1570528080.74812
1570528080.99814
1570528081.24815
1570528081.49816
1570528081.74817
1570528081.99818
1570528082.24819
1570528082.4982
1570528082.74822
1570528082.99823
1570528083.24824
1570528083.49825
1570528083.74826
1570528083.99827
1570528084.24829
1570528084.4983
1570528084.74831
1570528084.99832
1570528085.24833
1570528085.49834
1570528085.74836
1570528085.99837
1570528086.24838
1570528086.49839
1570528086.7484
1570528086.99841
1570528087.24842
1570528087.49844
1570528087.74845
1570528087.99846
1570528088.24847
1570528088.49848
1570528088.74849
1570528088.99851
1570528089.24852
1570528089.49853
1570528089.74854
1570528089.99855
1570528090.24856
1570528090.49858
1570528090.74859
1570528090.9986
1570528091.24861
1570528091.49862
1570528091.74863
1570528091.99864
1570528092.24866
1570528092.49867
1570528092.74868
1570528092.99869
1570528093.2487
1570528093.49871
1570528093.74873
1570528093.99874
1570528094.24875
1570528094.49876
1570528094.74877
1570528094.99878
1570528095.2488
1570528095.49881
1570528095.74882
1570528095.99883
1570528096.24884
1570528096.49885
1570528096.74886
1570528096.99888
1570528097.24889
1570528097.4989
1570528097.74891
1570528097.99892
1570528098.24893
1570528098.49895
1570528098.74896
1570528098.99897
1570528099.24898
1570528099.49899
1570528099.749
1570528099.99901
1570528100.24903
1570528100.49904
1570528100.74905
1570528100.99906
1570528101.24907
1570528101.49908
1570528101.7491
1570528101.99911
1570528102.24912
1570528102.49913
1570528102.74914
1570528102.99915
1570528103.24917
1570528103.49918
1570528103.74919
1570528103.9992
1570528104.24921
1570528104.49922
1570528104.74923
1570528104.99925
1570528105.24926
1570528105.49927
1570528105.74928
1570528105.99929
1570528106.2493
1570528106.49932
1570528106.74933
1570528106.99934
1570528107.24935
1570528107.49936
1570528107.74937
1570528107.99939
1570528108.2494
1570528108.49941
1570528108.74942
1570528108.99943
1570528109.24944
1570528109.49945
1570528109.74947
1570528109.99948
1570528110.24949
1570528110.4995
1570528110.74951
1570528110.99952
1570528111.24954
1570528111.49955
1570528111.74956
1570528111.99957
1570528112.24958
1570528112.49959
1570528112.74961
1570528112.99962
1570528113.24963
1570528113.49964
1570528113.74965
1570528113.99966
1570528114.24967
1570528114.49969
1570528114.7497
1570528114.99971
1570528115.24972
1570528115.49973
1570528115.74974
1570528115.99976
1570528116.24977
1570528116.49978
1570528116.74979
1570528116.9998
1570528117.24981
1570528117.49983
1570528117.74984
1570528117.99985
1570528118.24986
1570528118.49987
1570528118.74988
1570528118.99989
1570528119.24991
1570528119.49992
1570528119.74993
1570528119.99994
1570528120.24995
1570528120.49996
1570528120.74998
1570528120.99999
1570528121.25
1570528121.50001
1570528121.75002
1570528122.00003
1570528122.25005
1570528122.50006
1570528122.75007
1570528123.00008
1570528123.25009
1570528123.5001
1570528123.75011
1570528124.00013
1570528124.25014
1570528124.50015
1570528124.75016
1570528125.00017
1570528125.25018
1570528125.5002
1570528125.75021
1570528126.00022
1570528126.25023
1570528126.50024
1570528126.75025
1570528127.00027
1570528127.25028
1570528127.50029
1570528127.7503
1570528128.00031
1570528128.25032
1570528128.50033
1570528128.75035
1570528129.00036
1570528129.25037
1570528129.50038
1570528129.75039
1570528130.0004
1570528130.25042
1570528130.50043
1570528130.75044
1570528131.00045
1570528131.25046
1570528131.50047
1570528131.75048
1570528132.0005
1570528132.25051
1570528132.50052
1570528132.75053
1570528133.00054
1570528133.25055
1570528133.50057
1570528133.75058
1570528134.00059
1570528134.2506
1570528134.50061
1570528134.75062
1570528135.00064
1570528135.25065
1570528135.50066
1570528135.75067
1570528136.00068
1570528136.25069
1570528136.5007
1570528136.75072
1570528137.00073
1570528137.25074
1570528137.50075
1570528137.75076
1570528138.00077
1570528138.25079
1570528138.5008
1570528138.75081
1570528139.00082
1570528139.25083
1570528139.50084
1570528139.75086
1570528140.00087
1570528140.25088
1570528140.50089
1570528140.7509
1570528141.00091
1570528141.25092
1570528141.50094
1570528141.75095
1570528142.00096
1570528142.25097
1570528142.50098
1570528142.75099
1570528143.00101
1570528143.25102
1570528143.50103
1570528143.75104
1570528144.00105
1570528144.25106
1570528144.50108
1570528144.75109
1570528145.0011
1570528145.25111
1570528145.50112
1570528145.75113
1570528146.00114
1570528146.25116
1570528146.50117
1570528146.75118
1570528147.00119
1570528147.2512
1570528147.50121
1570528147.75123
1570528148.00124
1570528148.25125
1570528148.50126
1570528148.75127
1570528149.00128
1570528149.2513
1570528149.50131
1570528149.75132
1570528150.00133
1570528150.25134
1570528150.50135
1570528150.75136
1570528151.00138
1570528151.25139
1570528151.5014
1570528151.75141
1570528152.00142
1570528152.25143
1570528152.50145
1570528152.75146
1570528153.00147
1570528153.25148
1570528153.50149
1570528153.7515
1570528154.00152
1570528154.25153
1570528154.50154
1570528154.75155
1570528155.00156
1570528155.25157
1570528155.50158
1570528155.7516
1570528156.00161
1570528156.25162
1570528156.50163
1570528156.75164
1570528157.00165
1570528157.25167
1570528157.50168
1570528157.75169
1570528158.0017
1570528158.25171
1570528158.50172
1570528158.75173
1570528159.00175
1570528159.25176
1570528159.50177
1570528159.75178
1570528160.00179
1570528160.2518
1570528160.50182
1570528160.75183
1570528161.00184
1570528161.25185
1570528161.50186
1570528161.75187
1570528162.00189
1570528162.2519
1570528162.50191
1570528162.75192
1570528163.00193
1570528163.25194
1570528163.50196
1570528163.75197
1570528164.00198
1570528164.25199
1570528164.502
1570528164.75201
1570528165.00202
1570528165.25204
1570528165.50205
1570528165.75206
1570528166.00207
1570528166.25208
1570528166.50209
1570528166.75211
1570528167.00212
1570528167.25213
1570528167.50214
1570528167.75215
1570528168.00216
1570528168.25217
1570528168.50219
1570528168.7522
1570528169.00221
1570528169.25222
1570528169.50223
1570528169.75224
1570528170.00226
1570528170.25227
1570528170.50228
1570528170.75229
1570528171.0023
1570528171.25231
1570528171.50233
1570528171.75234
1570528172.00235
1570528172.25236
1570528172.50237
1570528172.75238
1570528173.00239
1570528173.25241
1570528173.50242
1570528173.75243
1570528174.00244
1570528174.25245
1570528174.50246
1570528174.75248
1570528175.00249
1570528175.2525
1570528175.50251
1570528175.75252
1570528176.00253
1570528176.25255
1570528176.50256
1570528176.75257
1570528177.00258
1570528177.25259
1570528177.5026
1570528177.75261
1570528178.00263
1570528178.25264
1570528178.50265
1570528178.75266
1570528179.00267
1570528179.25268
1570528179.5027
1570528179.75271
1570528180.00272
1570528180.25273
1570528180.50274
1570528180.75275
1570528181.00277
1570528181.25278
1570528181.50279
1570528181.7528
1570528182.00281
1570528182.25282
1570528182.50283
1570528182.75285
1570528183.00286
1570528183.25287
1570528183.50288
1570528183.75289
1570528184.0029
1570528184.25292
1570528184.50293
1570528184.75294
1570528185.00295
1570528185.25296
1570528185.50297
1570528185.75299
1570528186.003
1570528186.25301
1570528186.50302
1570528186.75303
1570528187.00304
1570528187.25305
1570528187.50307
1570528187.75308
1570528188.00309
1570528188.2531
1570528188.50311
1570528188.75312
1570528189.00314
1570528189.25315
1570528189.50316
1570528189.75317
1570528190.00318
1570528190.25319
1570528190.50321
1570528190.75322
1570528191.00323
1570528191.25324
1570528191.50325
1570528191.75326
1570528192.00327
1570528192.25329
1570528192.5033
1570528192.75331
1570528193.00332
1570528193.25333
1570528193.50334
1570528193.75336
1570528194.00337
1570528194.25338
1570528194.50339
1570528194.7534
1570528195.00341
1570528195.25342
1570528195.50344
1570528195.75345
1570528196.00346
1570528196.25347
1570528196.50348
1570528196.75349
1570528197.00351
1570528197.25352
1570528197.50353
1570528197.75354
1570528198.00355
1570528198.25356
1570528198.50358
1570528198.75359
1570528199.0036
1570528199.25361
1570528199.50362
1570528199.75363
1570528200.00364
1570528200.25366
1570528200.50367
1570528200.75368
1570528201.00369
1570528201.2537
1570528201.50371
1570528201.75373
1570528202.00374
1570528202.25375
1570528202.50376
1570528202.75377
1570528203.00378
1570528203.2538
1570528203.50381
1570528203.75382
1570528204.00383
1570528204.25384
1570528204.50385
1570528204.75386
1570528205.00388
1570528205.25389
1570528205.5039
1570528205.75391
1570528206.00392
1570528206.25393
1570528206.50395
1570528206.75396
1570528207.00397
1570528207.25398
1570528207.50399
1570528207.754
1570528208.00402
1570528208.25403
1570528208.50404
1570528208.75405
1570528209.00406
1570528209.25407
1570528209.50408
1570528209.7541
1570528210.00411
1570528210.25412
1570528210.50413
1570528210.75414
1570528211.00415
1570528211.25417
1570528211.50418
1570528211.75419
1570528212.0042
1570528212.25421
1570528212.50422
1570528212.75424
1570528213.00425
1570528213.25426
1570528213.50427
1570528213.75428
1570528214.00429
1570528214.2543
1570528214.50432
1570528214.75433
1570528215.00434
1570528215.25435
1570528215.50436
1570528215.75437
1570528216.00439
1570528216.2544
1570528216.50441
1570528216.75442
1570528217.00443
1570528217.25444
1570528217.50446
1570528217.75447
1570528218.00448
1570528218.25449
1570528218.5045
1570528218.75451
1570528219.00452
1570528219.25454
1570528219.50455
1570528219.75456
1570528220.00457
1570528220.25458
1570528220.50459
1570528220.75461
1570528221.00462
1570528221.25463
1570528221.50464
1570528221.75465
1570528222.00466
1570528222.25467
1570528222.50469
1570528222.7547
1570528223.00471
1570528223.25472
1570528223.50473
1570528223.75474
1570528224.00476
1570528224.25477
1570528224.50478
1570528224.75479
1570528225.0048
1570528225.25481
1570528225.50483
1570528225.75484
1570528226.00485
1570528226.25486
1570528226.50487
1570528226.75488
1570528227.00489
1570528227.25491
1570528227.50492
1570528227.75493
1570528228.00494
1570528228.25495
1570528228.50496
1570528228.75498
1570528229.00499
1570528229.255
1570528229.50501
1570528229.75502
1570528230.00503
1570528230.25505
1570528230.50506
1570528230.75507
1570528231.00508
1570528231.25509
1570528231.5051
1570528231.75511
1570528232.00513
1570528232.25514
1570528232.50515
1570528232.75516
1570528233.00517
1570528233.25518
1570528233.5052
1570528233.75521
1570528234.00522
1570528234.25523
1570528234.50524
1570528234.75525
1570528235.00527
1570528235.25528
1570528235.50529
1570528235.7553
1570528236.00531
1570528236.25532
1570528236.50533
1570528236.75535
1570528237.00536
1570528237.25537
1570528237.50538
1570528237.75539
1570528238.0054
1570528238.25542
1570528238.50543
1570528238.75544
1570528239.00545
1570528239.25546
1570528239.50547
1570528239.75549
1570528240.0055
1570528240.25551
1570528240.50552
1570528240.75553
1570528241.00554
1570528241.25555
1570528241.50557
1570528241.75558
1570528242.00559
1570528242.2556
1570528242.50561
1570528242.75562
1570528243.00564
1570528243.25565
1570528243.50566
1570528243.75567
1570528244.00568
1570528244.25569
1570528244.50571
1570528244.75572
1570528245.00573
1570528245.25574
1570528245.50575
1570528245.75576
1570528246.00577
1570528246.25579
1570528246.5058
1570528246.75581
1570528247.00582
1570528247.25583
1570528247.50584
1570528247.75586
1570528248.00587
1570528248.25588
1570528248.50589
1570528248.7559
1570528249.00591
1570528249.25593
1570528249.50594
1570528249.75595
1570528250.00596
1570528250.25597
1570528250.50598
1570528250.75599
1570528251.00601
1570528251.25602
1570528251.50603
1570528251.75604
1570528252.00605
1570528252.25606
1570528252.50608
1570528252.75609
1570528253.0061
1570528253.25611
1570528253.50612
1570528253.75613
1570528254.00615
1570528254.25616
1570528254.50617
1570528254.75618
1570528255.00619
1570528255.2562
1570528255.50621
1570528255.75623
1570528256.00624
1570528256.25625
1570528256.50626
1570528256.75627
1570528257.00628
1570528257.2563
1570528257.50631
1570528257.75632
1570528258.00633
1570528258.25634
1570528258.50635
1570528258.75636
1570528259.00638
1570528259.25639
1570528259.5064
1570528259.75641
1570528260.00642
1570528260.25643
1570528260.50645
1570528260.75646
1570528261.00647
1570528261.25648
1570528261.50649
1570528261.7565
1570528262.00652
1570528262.25653
1570528262.50654
1570528262.75655
1570528263.00656
1570528263.25657
1570528263.50658
1570528263.7566
1570528264.00661
1570528264.25662
1570528264.50663
1570528264.75664
1570528265.00665
1570528265.25667
1570528265.50668
1570528265.75669
1570528266.0067
1570528266.25671
1570528266.50672
1570528266.75674
1570528267.00675
1570528267.25676
1570528267.50677
1570528267.75678
1570528268.00679
1570528268.2568
1570528268.50682
1570528268.75683
1570528269.00684
1570528269.25685
1570528269.50686
1570528269.75687
1570528270.00689
1570528270.2569
1570528270.50691
1570528270.75692
1570528271.00693
1570528271.25694
1570528271.50696
1570528271.75697
1570528272.00698
1570528272.25699
1570528272.507
1570528272.75701
1570528273.00702
1570528273.25704
1570528273.50705
1570528273.75706
1570528274.00707
1570528274.25708
1570528274.50709
1570528274.75711
1570528275.00712
1570528275.25713
1570528275.50714
1570528275.75715
1570528276.00716
1570528276.25718
1570528276.50719
1570528276.7572
1570528277.00721
1570528277.25722
1570528277.50723
1570528277.75724
1570528278.00726
1570528278.25727
1570528278.50728
1570528278.75729
1570528279.0073
1570528279.25731
1570528279.50733
1570528279.75734
1570528280.00735
1570528280.25736
1570528280.50737
1570528280.75738
1570528281.0074
1570528281.25741
1570528281.50742
1570528281.75743
1570528282.00744
1570528282.25745
1570528282.50746
1570528282.75748
1570528283.00749
1570528283.2575
1570528283.50751
1570528283.75752
1570528284.00753
1570528284.25755
1570528284.50756
1570528284.75757
1570528285.00758
1570528285.25759
1570528285.5076
1570528285.75762
1570528286.00763
1570528286.25764
1570528286.50765
1570528286.75766
1570528287.00767
1570528287.25768
1570528287.5077
1570528287.75771
1570528288.00772
1570528288.25773
1570528288.50774
1570528288.75775
1570528289.00777
1570528289.25778
1570528289.50779
1570528289.7578
1570528290.00781
1570528290.25782
1570528290.50783
1570528290.75785
1570528291.00786
1570528291.25787
1570528291.50788
1570528291.75789
1570528292.0079
1570528292.25792
1570528292.50793
1570528292.75794
1570528293.00795
1570528293.25796
1570528293.50797
1570528293.75799
1570528294.008
1570528294.25801
1570528294.50802
1570528294.75803
1570528295.00804
1570528295.25805
1570528295.50807
1570528295.75808
1570528296.00809
1570528296.2581
1570528296.50811
1570528296.75812
1570528297.00814
1570528297.25815
1570528297.50816
1570528297.75817
1570528298.00818
1570528298.25819
1570528298.50821
1570528298.75822
1570528299.00823
1570528299.25824
1570528299.50825
1570528299.75826
1570528300.00827
1570528300.25829
1570528300.5083
1570528300.75831
1570528301.00832
1570528301.25833
1570528301.50834
1570528301.75836
1570528302.00837
1570528302.25838
1570528302.50839
1570528302.7584
1570528303.00841
1570528303.25843
1570528303.50844
1570528303.75845
1570528304.00846
1570528304.25847
1570528304.50848
1570528304.75849
1570528305.00851
1570528305.25852
1570528305.50853
1570528305.75854
1570528306.00855
1570528306.25856
