1570525352.37181
1570525352.62182
1570525352.87183
1570525353.12184
1570525353.37185
1570525353.62187
1570525353.87188
1570525354.12189
1570525354.3719
1570525354.62191
1570525354.87192
1570525355.12194
1570525355.37195
1570525355.62196
1570525355.87197
1570525356.12198
1570525356.37199
1570525356.62201
1570525356.87202
1570525357.12203
1570525357.37204
1570525357.62205
1570525357.87206
1570525358.12207
1570525358.37209
1570525358.6221
1570525358.87211
1570525359.12212
1570525359.37213
1570525359.62214
1570525359.87216
1570525360.12217
1570525360.37218
1570525360.62219
1570525360.8722
1570525361.12221
1570525361.37223
1570525361.62224
1570525361.87225
1570525362.12226
1570525362.37227
1570525362.62228
1570525362.87229
1570525363.12231
1570525363.37232
1570525363.62233
1570525363.87234
1570525364.12235
1570525364.37236
1570525364.62238
1570525364.87239
1570525365.1224
1570525365.37241
1570525365.62242
1570525365.87243
1570525366.12245
1570525366.37246
1570525366.62247
1570525366.87248
1570525367.12249
1570525367.3725
1570525367.62251
1570525367.87253
1570525368.12254
1570525368.37255
1570525368.62256
1570525368.87257
1570525369.12258
1570525369.3726
1570525369.62261
1570525369.87262
1570525370.12263
1570525370.37264
1570525370.62265
1570525370.87266
1570525371.12268
1570525371.37269
1570525371.6227
1570525371.87271
1570525372.12272
1570525372.37273
1570525372.62275
1570525372.87276
1570525373.12277
1570525373.37278
1570525373.62279
1570525373.8728
1570525374.12282
1570525374.37283
1570525374.62284
1570525374.87285
1570525375.12286
1570525375.37287
1570525375.62288
1570525375.8729
1570525376.12291
1570525376.37292
1570525376.62293
1570525376.87294
1570525377.12295
1570525377.37297
1570525377.62298
1570525377.87299
1570525378.123
1570525378.37301
1570525378.62302
1570525378.87304
1570525379.12305
1570525379.37306
1570525379.62307
1570525379.87308
1570525380.12309
1570525380.3731
1570525380.62312
1570525380.87313
1570525381.12314
1570525381.37315
1570525381.62316
1570525381.87317
1570525382.12319
1570525382.3732
1570525382.62321
1570525382.87322
1570525383.12323
1570525383.37324
1570525383.62326
1570525383.87327
1570525384.12328
1570525384.37329
1570525384.6233
1570525384.87331
1570525385.12332
1570525385.37334
1570525385.62335
1570525385.87336
1570525386.12337
1570525386.37338
1570525386.62339
1570525386.87341
1570525387.12342
1570525387.37343
1570525387.62344
1570525387.87345
1570525388.12346
1570525388.37348
1570525388.62349
1570525388.8735
1570525389.12351
1570525389.37352
1570525389.62353
1570525389.87354
1570525390.12356
1570525390.37357
1570525390.62358
1570525390.87359
1570525391.1236
1570525391.37361
1570525391.62363
1570525391.87364
1570525392.12365
1570525392.37366
1570525392.62367
1570525392.87368
1570525393.1237
1570525393.37371
1570525393.62372
1570525393.87373
1570525394.12374
1570525394.37375
1570525394.62376
1570525394.87378
1570525395.12379
1570525395.3738
1570525395.62381
1570525395.87382
1570525396.12383
1570525396.37385
1570525396.62386
1570525396.87387
1570525397.12388
1570525397.37389
1570525397.6239
1570525397.87391
1570525398.12393
1570525398.37394
1570525398.62395
1570525398.87396
1570525399.12397
1570525399.37398
1570525399.624
1570525399.87401
1570525400.12402
1570525400.37403
1570525400.62404
1570525400.87405
1570525401.12407
1570525401.37408
1570525401.62409
1570525401.8741
1570525402.12411
1570525402.37412
1570525402.62414
1570525402.87415
1570525403.12416
1570525403.37417
1570525403.62418
1570525403.87419
1570525404.1242
1570525404.37422
1570525404.62423
1570525404.87424
1570525405.12425
1570525405.37426
1570525405.62427
1570525405.87429
1570525406.1243
1570525406.37431
1570525406.62432
1570525406.87433
1570525407.12434
1570525407.37435
1570525407.62437
1570525407.87438
1570525408.12439
1570525408.3744
1570525408.62441
1570525408.87442
1570525409.12444
1570525409.37445
1570525409.62446
1570525409.87447
1570525410.12448
1570525410.37449
1570525410.62451
1570525410.87452
1570525411.12453
1570525411.37454
1570525411.62455
1570525411.87456
1570525412.12457
1570525412.37459
1570525412.6246
1570525412.87461
1570525413.12462
1570525413.37463
1570525413.62464
1570525413.87466
1570525414.12467
1570525414.37468
1570525414.62469
1570525414.8747
1570525415.12471
1570525415.37473
1570525415.62474
1570525415.87475
1570525416.12476
1570525416.37477
1570525416.62478
1570525416.87479
1570525417.12481
1570525417.37482
1570525417.62483
1570525417.87484
1570525418.12485
1570525418.37486
1570525418.62488
1570525418.87489
1570525419.1249
1570525419.37491
1570525419.62492
1570525419.87493
1570525420.12495
1570525420.37496
1570525420.62497
1570525420.87498
1570525421.12499
1570525421.375
1570525421.62501
1570525421.87503
1570525422.12504
1570525422.37505
1570525422.62506
1570525422.87507
1570525423.12508
1570525423.3751
1570525423.62511
1570525423.87512
1570525424.12513
1570525424.37514
1570525424.62515
1570525424.87516
1570525425.12518
1570525425.37519
1570525425.6252
1570525425.87521
1570525426.12522
1570525426.37523
1570525426.62525
1570525426.87526
1570525427.12527
1570525427.37528
1570525427.62529
1570525427.8753
1570525428.12532
1570525428.37533
1570525428.62534
1570525428.87535
1570525429.12536
1570525429.37537
1570525429.62539
1570525429.8754
1570525430.12541
1570525430.37542
1570525430.62543
1570525430.87544
1570525431.12545
1570525431.37547
1570525431.62548
1570525431.87549
1570525432.1255
1570525432.37551
1570525432.62552
1570525432.87554
1570525433.12555
1570525433.37556
1570525433.62557
1570525433.87558
1570525434.12559
1570525434.3756
1570525434.62562
1570525434.87563
1570525435.12564
1570525435.37565
1570525435.62566
1570525435.87567
1570525436.12569
1570525436.3757
1570525436.62571
1570525436.87572
1570525437.12573
1570525437.37574
1570525437.62576
1570525437.87577
1570525438.12578
1570525438.37579
1570525438.6258
1570525438.87581
1570525439.12582
1570525439.37584
1570525439.62585
1570525439.87586
1570525440.12587
1570525440.37588
1570525440.62589
1570525440.87591
1570525441.12592
1570525441.37593
1570525441.62594
1570525441.87595
1570525442.12596
1570525442.37598
1570525442.62599
1570525442.876
1570525443.12601
1570525443.37602
1570525443.62603
1570525443.87604
1570525444.12606
1570525444.37607
1570525444.62608
1570525444.87609
1570525445.1261
1570525445.37611
1570525445.62613
1570525445.87614
1570525446.12615
1570525446.37616
1570525446.62617
1570525446.87618
1570525447.1262
1570525447.37621
1570525447.62622
1570525447.87623
1570525448.12624
1570525448.37625
1570525448.62626
1570525448.87628
1570525449.12629
1570525449.3763
1570525449.62631
1570525449.87632
1570525450.12633
1570525450.37635
1570525450.62636
1570525450.87637
1570525451.12638
1570525451.37639
1570525451.6264
1570525451.87642
1570525452.12643
1570525452.37644
1570525452.62645
1570525452.87646
1570525453.12647
1570525453.37648
1570525453.6265
1570525453.87651
1570525454.12652
1570525454.37653
1570525454.62654
1570525454.87655
1570525455.12657
1570525455.37658
1570525455.62659
1570525455.8766
1570525456.12661
1570525456.37662
1570525456.62664
1570525456.87665
1570525457.12666
1570525457.37667
1570525457.62668
1570525457.87669
1570525458.1267
1570525458.37672
1570525458.62673
1570525458.87674
1570525459.12675
1570525459.37676
1570525459.62677
1570525459.87679
1570525460.1268
1570525460.37681
1570525460.62682
1570525460.87683
1570525461.12684
1570525461.37685
1570525461.62687
1570525461.87688
1570525462.12689
1570525462.3769
1570525462.62691
1570525462.87692
1570525463.12694
1570525463.37695
1570525463.62696
1570525463.87697
1570525464.12698
1570525464.37699
1570525464.62701
1570525464.87702
1570525465.12703
1570525465.37704
1570525465.62705
1570525465.87706
1570525466.12707
1570525466.37709
1570525466.6271
1570525466.87711
1570525467.12712
1570525467.37713
1570525467.62714
1570525467.87716
1570525468.12717
1570525468.37718
1570525468.62719
1570525468.8772
1570525469.12721
1570525469.37723
1570525469.62724
1570525469.87725
1570525470.12726
1570525470.37727
1570525470.62728
1570525470.87729
1570525471.12731
1570525471.37732
1570525471.62733
1570525471.87734
1570525472.12735
1570525472.37736
1570525472.62738
1570525472.87739
1570525473.1274
1570525473.37741
1570525473.62742
1570525473.87743
1570525474.12745
1570525474.37746
1570525474.62747
1570525474.87748
1570525475.12749
1570525475.3775
1570525475.62751
1570525475.87753
1570525476.12754
1570525476.37755
1570525476.62756
1570525476.87757
1570525477.12758
1570525477.3776
1570525477.62761
1570525477.87762
1570525478.12763
1570525478.37764
1570525478.62765
1570525478.87767
1570525479.12768
1570525479.37769
1570525479.6277
1570525479.87771
1570525480.12772
1570525480.37773
1570525480.62775
1570525480.87776
1570525481.12777
1570525481.37778
1570525481.62779
1570525481.8778
1570525482.12782
1570525482.37783
1570525482.62784
1570525482.87785
1570525483.12786
1570525483.37787
1570525483.62789
1570525483.8779
1570525484.12791
1570525484.37792
1570525484.62793
1570525484.87794
1570525485.12795
1570525485.37797
1570525485.62798
1570525485.87799
1570525486.128
1570525486.37801
1570525486.62802
1570525486.87804
1570525487.12805
1570525487.37806
1570525487.62807
1570525487.87808
1570525488.12809
1570525488.37811
1570525488.62812
1570525488.87813
1570525489.12814
1570525489.37815
1570525489.62816
1570525489.87817
1570525490.12819
1570525490.3782
1570525490.62821
1570525490.87822
1570525491.12823
1570525491.37824
1570525491.62826
1570525491.87827
1570525492.12828
1570525492.37829
1570525492.6283
1570525492.87831
1570525493.12832
1570525493.37834
1570525493.62835
1570525493.87836
1570525494.12837
1570525494.37838
1570525494.62839
1570525494.87841
1570525495.12842
1570525495.37843
1570525495.62844
1570525495.87845
1570525496.12846
1570525496.37848
1570525496.62849
1570525496.8785
1570525497.12851
1570525497.37852
1570525497.62853
1570525497.87854
1570525498.12856
1570525498.37857
1570525498.62858
1570525498.87859
1570525499.1286
1570525499.37861
1570525499.62863
1570525499.87864
1570525500.12865
1570525500.37866
1570525500.62867
1570525500.87868
1570525501.1287
1570525501.37871
1570525501.62872
1570525501.87873
1570525502.12874
1570525502.37875
1570525502.62876
1570525502.87878
1570525503.12879
1570525503.3788
1570525503.62881
1570525503.87882
1570525504.12883
1570525504.37885
1570525504.62886
1570525504.87887
1570525505.12888
1570525505.37889
1570525505.6289
1570525505.87892
1570525506.12893
1570525506.37894
1570525506.62895
1570525506.87896
1570525507.12897
1570525507.37898
1570525507.629
1570525507.87901
1570525508.12902
1570525508.37903
1570525508.62904
1570525508.87905
1570525509.12907
1570525509.37908
1570525509.62909
1570525509.8791
1570525510.12911
1570525510.37912
1570525510.62914
1570525510.87915
1570525511.12916
1570525511.37917
1570525511.62918
1570525511.87919
1570525512.1292
1570525512.37922
1570525512.62923
1570525512.87924
1570525513.12925
1570525513.37926
1570525513.62927
1570525513.87929
1570525514.1293
1570525514.37931
1570525514.62932
1570525514.87933
1570525515.12934
1570525515.37936
1570525515.62937
1570525515.87938
1570525516.12939
1570525516.3794
1570525516.62941
1570525516.87942
1570525517.12944
1570525517.37945
1570525517.62946
1570525517.87947
1570525518.12948
1570525518.37949
1570525518.62951
1570525518.87952
1570525519.12953
1570525519.37954
1570525519.62955
1570525519.87956
1570525520.12958
1570525520.37959
1570525520.6296
1570525520.87961
1570525521.12962
1570525521.37963
1570525521.62964
1570525521.87966
1570525522.12967
1570525522.37968
1570525522.62969
1570525522.8797
1570525523.12971
1570525523.37973
1570525523.62974
1570525523.87975
1570525524.12976
1570525524.37977
1570525524.62978
1570525524.8798
1570525525.12981
1570525525.37982
1570525525.62983
1570525525.87984
1570525526.12985
1570525526.37986
1570525526.62988
1570525526.87989
1570525527.1299
1570525527.37991
1570525527.62992
1570525527.87993
1570525528.12995
1570525528.37996
1570525528.62997
1570525528.87998
1570525529.12999
1570525529.38
1570525529.63001
1570525529.88003
1570525530.13004
1570525530.38005
1570525530.63006
1570525530.88007
1570525531.13008
1570525531.3801
1570525531.63011
1570525531.88012
1570525532.13013
1570525532.38014
1570525532.63015
1570525532.88017
1570525533.13018
1570525533.38019
1570525533.6302
1570525533.88021
1570525534.13022
1570525534.38023
1570525534.63025
1570525534.88026
1570525535.13027
1570525535.38028
1570525535.63029
1570525535.8803
1570525536.13032
1570525536.38033
1570525536.63034
1570525536.88035
1570525537.13036
1570525537.38037
1570525537.63039
1570525537.8804
1570525538.13041
1570525538.38042
1570525538.63043
1570525538.88044
1570525539.13045
1570525539.38047
1570525539.63048
1570525539.88049
1570525540.1305
1570525540.38051
1570525540.63052
1570525540.88054
1570525541.13055
1570525541.38056
1570525541.63057
1570525541.88058
1570525542.13059
1570525542.38061
1570525542.63062
1570525542.88063
1570525543.13064
1570525543.38065
1570525543.63066
1570525543.88067
1570525544.13069
1570525544.3807
1570525544.63071
1570525544.88072
1570525545.13073
1570525545.38074
1570525545.63076
1570525545.88077
1570525546.13078
1570525546.38079
1570525546.6308
1570525546.88081
1570525547.13083
1570525547.38084
1570525547.63085
1570525547.88086
1570525548.13087
1570525548.38088
1570525548.63089
1570525548.88091
1570525549.13092
1570525549.38093
1570525549.63094
1570525549.88095
1570525550.13096
1570525550.38098
1570525550.63099
1570525550.881
1570525551.13101
1570525551.38102
1570525551.63103
1570525551.88105
1570525552.13106
1570525552.38107
1570525552.63108
1570525552.88109
1570525553.1311
1570525553.38111
1570525553.63113
1570525553.88114
1570525554.13115
1570525554.38116
1570525554.63117
1570525554.88118
1570525555.1312
1570525555.38121
1570525555.63122
1570525555.88123
1570525556.13124
1570525556.38125
1570525556.63126
1570525556.88128
1570525557.13129
1570525557.3813
1570525557.63131
1570525557.88132
1570525558.13133
1570525558.38135
1570525558.63136
1570525558.88137
1570525559.13138
1570525559.38139
1570525559.6314
1570525559.88142
1570525560.13143
1570525560.38144
1570525560.63145
1570525560.88146
1570525561.13147
1570525561.38148
1570525561.6315
1570525561.88151
1570525562.13152
1570525562.38153
1570525562.63154
1570525562.88155
1570525563.13157
1570525563.38158
1570525563.63159
1570525563.8816
1570525564.13161
1570525564.38162
1570525564.63164
1570525564.88165
1570525565.13166
1570525565.38167
1570525565.63168
1570525565.88169
1570525566.1317
1570525566.38172
1570525566.63173
1570525566.88174
1570525567.13175
1570525567.38176
1570525567.63177
1570525567.88179
1570525568.1318
1570525568.38181
1570525568.63182
1570525568.88183
1570525569.13184
1570525569.38186
1570525569.63187
1570525569.88188
1570525570.13189
1570525570.3819
1570525570.63191
1570525570.88192
1570525571.13194
1570525571.38195
1570525571.63196
1570525571.88197
1570525572.13198
1570525572.38199
1570525572.63201
1570525572.88202
1570525573.13203
1570525573.38204
1570525573.63205
1570525573.88206
1570525574.13208
1570525574.38209
1570525574.6321
1570525574.88211
1570525575.13212
1570525575.38213
1570525575.63214
1570525575.88216
1570525576.13217
1570525576.38218
1570525576.63219
1570525576.8822
1570525577.13221
1570525577.38223
1570525577.63224
1570525577.88225
1570525578.13226
1570525578.38227
1570525578.63228
1570525578.8823
1570525579.13231
1570525579.38232
1570525579.63233
1570525579.88234
1570525580.13235
1570525580.38236
1570525580.63238
1570525580.88239
1570525581.1324
1570525581.38241
1570525581.63242
1570525581.88243
1570525582.13245
1570525582.38246
1570525582.63247
1570525582.88248
1570525583.13249
1570525583.3825
1570525583.63251
1570525583.88253
1570525584.13254
1570525584.38255
1570525584.63256
1570525584.88257
1570525585.13258
1570525585.3826
1570525585.63261
1570525585.88262
1570525586.13263
1570525586.38264
1570525586.63265
1570525586.88267
1570525587.13268
1570525587.38269
1570525587.6327
1570525587.88271
1570525588.13272
1570525588.38274
1570525588.63275
1570525588.88276
1570525589.13277
1570525589.38278
1570525589.63279
1570525589.8828
1570525590.13282
1570525590.38283
1570525590.63284
1570525590.88285
1570525591.13286
1570525591.38287
1570525591.63289
1570525591.8829
1570525592.13291
1570525592.38292
1570525592.63293
1570525592.88294
1570525593.13295
1570525593.38297
1570525593.63298
1570525593.88299
1570525594.133
1570525594.38301
1570525594.63302
1570525594.88304
1570525595.13305
1570525595.38306
1570525595.63307
1570525595.88308
1570525596.13309
1570525596.38311
1570525596.63312
1570525596.88313
1570525597.13314
1570525597.38315
1570525597.63316
1570525597.88317
1570525598.13319
1570525598.3832
1570525598.63321
1570525598.88322
1570525599.13323
1570525599.38324
1570525599.63326
1570525599.88327
1570525600.13328
1570525600.38329
1570525600.6333
1570525600.88331
1570525601.13333
1570525601.38334
1570525601.63335
1570525601.88336
1570525602.13337
1570525602.38338
1570525602.63339
1570525602.88341
1570525603.13342
1570525603.38343
1570525603.63344
1570525603.88345
1570525604.13346
1570525604.38348
1570525604.63349
1570525604.8835
1570525605.13351
1570525605.38352
1570525605.63353
1570525605.88355
1570525606.13356
1570525606.38357
1570525606.63358
1570525606.88359
1570525607.1336
1570525607.38361
1570525607.63363
1570525607.88364
1570525608.13365
1570525608.38366
1570525608.63367
1570525608.88368
1570525609.1337
1570525609.38371
1570525609.63372
1570525609.88373
1570525610.13374
1570525610.38375
1570525610.63377
1570525610.88378
1570525611.13379
1570525611.3838
1570525611.63381
1570525611.88382
1570525612.13383
1570525612.38385
1570525612.63386
1570525612.88387
1570525613.13388
1570525613.38389
1570525613.6339
1570525613.88392
1570525614.13393
1570525614.38394
1570525614.63395
1570525614.88396
1570525615.13397
1570525615.38399
1570525615.634
1570525615.88401
1570525616.13402
1570525616.38403
1570525616.63404
1570525616.88405
1570525617.13407
1570525617.38408
1570525617.63409
1570525617.8841
1570525618.13411
1570525618.38412
1570525618.63414
1570525618.88415
1570525619.13416
1570525619.38417
1570525619.63418
1570525619.88419
1570525620.1342
1570525620.38422
1570525620.63423
1570525620.88424
1570525621.13425
1570525621.38426
1570525621.63427
1570525621.88429
1570525622.1343
1570525622.38431
1570525622.63432
1570525622.88433
1570525623.13434
1570525623.38436
1570525623.63437
1570525623.88438
1570525624.13439
1570525624.3844
1570525624.63441
1570525624.88442
1570525625.13444
1570525625.38445
1570525625.63446
1570525625.88447
1570525626.13448
1570525626.38449
1570525626.63451
1570525626.88452
1570525627.13453
1570525627.38454
1570525627.63455
1570525627.88456
1570525628.13458
1570525628.38459
1570525628.6346
1570525628.88461
1570525629.13462
1570525629.38463
1570525629.63464
1570525629.88466
1570525630.13467
1570525630.38468
1570525630.63469
1570525630.8847
1570525631.13471
1570525631.38473
1570525631.63474
1570525631.88475
1570525632.13476
1570525632.38477
1570525632.63478
1570525632.8848
1570525633.13481
1570525633.38482
1570525633.63483
1570525633.88484
1570525634.13485
1570525634.38486
1570525634.63488
1570525634.88489
1570525635.1349
1570525635.38491
1570525635.63492
1570525635.88493
1570525636.13495
1570525636.38496
1570525636.63497
1570525636.88498
1570525637.13499
1570525637.385
1570525637.63502
1570525637.88503
1570525638.13504
1570525638.38505
1570525638.63506
1570525638.88507
1570525639.13508
1570525639.3851
1570525639.63511
1570525639.88512
1570525640.13513
1570525640.38514
1570525640.63515
1570525640.88517
1570525641.13518
1570525641.38519
1570525641.6352
1570525641.88521
1570525642.13522
1570525642.38524
1570525642.63525
1570525642.88526
1570525643.13527
1570525643.38528
1570525643.63529
1570525643.8853
1570525644.13532
1570525644.38533
1570525644.63534
1570525644.88535
1570525645.13536
1570525645.38537
1570525645.63539
1570525645.8854
1570525646.13541
1570525646.38542
1570525646.63543
1570525646.88544
1570525647.13546
1570525647.38547
1570525647.63548
1570525647.88549
1570525648.1355
1570525648.38551
1570525648.63552
1570525648.88554
1570525649.13555
1570525649.38556
1570525649.63557
1570525649.88558
1570525650.13559
1570525650.38561
1570525650.63562
1570525650.88563
1570525651.13564
1570525651.38565
1570525651.63566
1570525651.88567
1570525652.13569
