1569593698.588
1569593698.838
1569593699.088
1569593699.338
1569593699.588
1569593699.838
1569593700.088
1569593700.338
1569593700.588
1569593700.838
1569593701.088
1569593701.338
1569593701.588
1569593701.838
1569593702.088
1569593702.338
1569593702.588
1569593702.838
1569593703.088
1569593703.338
1569593703.588
1569593703.838
1569593704.088
1569593704.338
1569593704.588
1569593704.838
1569593705.088
1569593705.338
1569593705.588
1569593705.838
1569593706.088
1569593706.338
1569593706.588
1569593706.838
1569593707.088
1569593707.338
1569593707.588
1569593707.838
1569593708.088
1569593708.338
1569593708.588
1569593708.838
1569593709.088
1569593709.338
1569593709.588
1569593709.838
1569593710.088
1569593710.338
1569593710.588
1569593710.838
1569593711.088
1569593711.338
1569593711.588
1569593711.838
1569593712.088
1569593712.338
1569593712.588
1569593712.838
1569593713.088
1569593713.338
1569593713.588
1569593713.838
1569593714.088
1569593714.338
1569593714.588
1569593714.838
1569593715.088
1569593715.338
1569593715.588
1569593715.838
1569593716.088
1569593716.338
1569593716.588
1569593716.838
1569593717.088
1569593717.338
1569593717.588
1569593717.838
1569593718.088
1569593718.338
1569593718.588
1569593718.838
1569593719.088
1569593719.338
1569593719.588
1569593719.838
1569593720.088
1569593720.338
1569593720.588
1569593720.838
1569593721.088
1569593721.338
1569593721.588
1569593721.838
1569593722.088
1569593722.338
1569593722.588
1569593722.838
1569593723.088
1569593723.338
1569593723.588
1569593723.838
1569593724.088
1569593724.338
1569593724.588
1569593724.838
1569593725.088
1569593725.338
1569593725.588
1569593725.838
1569593726.088
1569593726.338
1569593726.588
1569593726.838
1569593727.088
1569593727.338
1569593727.588
1569593727.838
1569593728.088
1569593728.338
1569593728.588
1569593728.838
1569593729.088
1569593729.338
1569593729.588
1569593729.838
1569593730.088
1569593730.338
1569593730.588
1569593730.838
1569593731.088
1569593731.338
1569593731.588
1569593731.838
1569593732.088
1569593732.338
1569593732.588
1569593732.838
1569593733.088
1569593733.338
1569593733.588
1569593733.838
1569593734.088
1569593734.338
1569593734.588
1569593734.838
1569593735.088
1569593735.338
1569593735.588
1569593735.838
1569593736.088
1569593736.338
1569593736.588
1569593736.838
1569593737.088
1569593737.338
1569593737.588
1569593737.838
1569593738.088
1569593738.338
1569593738.588
1569593738.838
1569593739.088
1569593739.338
1569593739.588
1569593739.838
1569593740.088
1569593740.338
1569593740.588
1569593740.838
1569593741.088
1569593741.338
1569593741.588
1569593741.838
1569593742.088
1569593742.338
1569593742.588
1569593742.838
1569593743.088
1569593743.338
1569593743.588
1569593743.838
1569593744.088
1569593744.338
1569593744.588
1569593744.838
1569593745.088
1569593745.338
1569593745.588
1569593745.838
1569593746.088
1569593746.338
1569593746.588
1569593746.838
1569593747.088
1569593747.338
1569593747.588
1569593747.838
1569593748.088
1569593748.338
1569593748.588
1569593748.838
1569593749.088
1569593749.338
1569593749.588
1569593749.838
1569593750.088
1569593750.338
1569593750.588
1569593750.838
1569593751.088
1569593751.338
1569593751.588
1569593751.838
1569593752.088
1569593752.338
1569593752.588
1569593752.838
1569593753.088
1569593753.338
1569593753.588
1569593753.838
1569593754.088
1569593754.338
1569593754.588
1569593754.838
1569593755.088
1569593755.338
1569593755.588
1569593755.838
1569593756.088
1569593756.338
1569593756.588
1569593756.838
1569593757.088
1569593757.338
1569593757.588
1569593757.838
1569593758.088
1569593758.338
1569593758.588
1569593758.838
1569593759.088
1569593759.338
1569593759.588
1569593759.838
1569593760.088
1569593760.338
1569593760.588
1569593760.838
1569593761.088
1569593761.338
1569593761.588
1569593761.838
1569593762.088
1569593762.338
1569593762.588
1569593762.838
1569593763.088
1569593763.338
1569593763.588
1569593763.838
1569593764.088
1569593764.338
1569593764.588
1569593764.838
1569593765.088
1569593765.338
1569593765.588
1569593765.838
1569593766.088
1569593766.338
1569593766.588
1569593766.838
1569593767.088
1569593767.338
1569593767.588
1569593767.838
1569593768.088
1569593768.338
1569593768.588
1569593768.838
1569593769.088
1569593769.338
1569593769.588
1569593769.838
1569593770.088
1569593770.338
1569593770.588
1569593770.838
1569593771.088
1569593771.338
1569593771.588
1569593771.838
1569593772.088
1569593772.338
1569593772.588
1569593772.838
1569593773.088
1569593773.338
1569593773.588
1569593773.838
1569593774.088
1569593774.338
1569593774.588
1569593774.838
1569593775.088
1569593775.338
1569593775.588
1569593775.838
1569593776.088
1569593776.338
1569593776.588
1569593776.838
1569593777.088
1569593777.338
1569593777.588
1569593777.838
1569593778.088
1569593778.338
1569593778.588
1569593778.838
1569593779.088
1569593779.338
1569593779.588
1569593779.838
1569593780.088
1569593780.338
1569593780.588
1569593780.838
1569593781.088
1569593781.338
1569593781.588
1569593781.838
1569593782.088
1569593782.338
1569593782.588
1569593782.838
1569593783.088
1569593783.338
1569593783.588
1569593783.838
1569593784.088
1569593784.338
1569593784.588
1569593784.838
1569593785.088
1569593785.338
1569593785.588
1569593785.838
1569593786.088
1569593786.338
1569593786.588
1569593786.838
1569593787.088
1569593787.338
1569593787.588
1569593787.838
1569593788.088
1569593788.338
1569593788.588
1569593788.838
1569593789.088
1569593789.338
1569593789.588
1569593789.838
1569593790.088
1569593790.338
1569593790.588
1569593790.838
1569593791.088
1569593791.338
1569593791.588
1569593791.838
1569593792.088
1569593792.338
1569593792.588
1569593792.838
1569593793.088
1569593793.338
1569593793.588
1569593793.838
1569593794.088
1569593794.338
1569593794.588
1569593794.838
1569593795.088
1569593795.338
1569593795.588
1569593795.838
1569593796.088
1569593796.338
1569593796.588
1569593796.838
1569593797.088
1569593797.338
1569593797.588
1569593797.838
1569593798.088
1569593798.338
1569593798.588
1569593798.838
1569593799.088
1569593799.338
1569593799.588
1569593799.838
1569593800.088
1569593800.338
1569593800.588
1569593800.838
1569593801.088
1569593801.338
1569593801.588
1569593801.838
1569593802.088
1569593802.338
1569593802.588
1569593802.838
1569593803.088
1569593803.338
1569593803.588
1569593803.838
1569593804.088
1569593804.338
1569593804.588
1569593804.838
1569593805.088
1569593805.338
1569593805.588
1569593805.838
1569593806.088
1569593806.338
1569593806.588
1569593806.838
1569593807.088
1569593807.338
1569593807.588
1569593807.838
1569593808.088
1569593808.338
1569593808.588
1569593808.838
1569593809.088
1569593809.338
1569593809.588
1569593809.838
1569593810.088
1569593810.338
1569593810.588
1569593810.838
1569593811.088
1569593811.338
1569593811.588
1569593811.838
1569593812.088
1569593812.338
1569593812.588
1569593812.838
1569593813.088
1569593813.338
1569593813.588
1569593813.838
1569593814.088
1569593814.338
1569593814.588
1569593814.838
1569593815.088
1569593815.338
1569593815.588
1569593815.838
1569593816.088
1569593816.338
1569593816.588
1569593816.838
1569593817.088
1569593817.338
1569593817.588
1569593817.838
1569593818.088
1569593818.338
1569593818.588
1569593818.838
1569593819.088
1569593819.338
1569593819.588
1569593819.838
1569593820.088
1569593820.338
1569593820.588
1569593820.838
1569593821.088
1569593821.338
1569593821.588
1569593821.838
1569593822.088
1569593822.338
1569593822.588
1569593822.838
1569593823.088
1569593823.338
1569593823.588
1569593823.838
1569593824.088
1569593824.338
1569593824.588
1569593824.838
1569593825.088
1569593825.338
1569593825.588
1569593825.838
1569593826.088
1569593826.338
1569593826.588
1569593826.838
1569593827.088
1569593827.338
1569593827.588
1569593827.838
1569593828.088
1569593828.338
1569593828.588
1569593828.838
1569593829.088
1569593829.338
1569593829.588
1569593829.838
1569593830.088
1569593830.338
1569593830.588
1569593830.838
1569593831.088
1569593831.338
1569593831.588
1569593831.838
1569593832.088
1569593832.338
1569593832.588
1569593832.838
1569593833.088
1569593833.338
1569593833.588
1569593833.838
1569593834.088
1569593834.338
1569593834.588
1569593834.838
1569593835.088
1569593835.338
1569593835.588
1569593835.838
1569593836.088
1569593836.338
1569593836.588
1569593836.838
1569593837.088
1569593837.338
1569593837.588
1569593837.838
1569593838.088
1569593838.338
1569593838.588
1569593838.838
1569593839.088
1569593839.338
1569593839.588
1569593839.838
1569593840.088
1569593840.338
1569593840.588
1569593840.838
1569593841.088
1569593841.338
1569593841.588
1569593841.838
1569593842.088
1569593842.338
1569593842.588
1569593842.838
1569593843.088
1569593843.338
1569593843.588
1569593843.838
1569593844.088
1569593844.338
1569593844.588
1569593844.838
1569593845.088
1569593845.338
1569593845.588
1569593845.838
1569593846.088
1569593846.338
1569593846.588
1569593846.838
1569593847.088
1569593847.338
1569593847.588
1569593847.838
1569593848.088
1569593848.338
1569593848.588
1569593848.838
1569593849.088
1569593849.338
1569593849.588
1569593849.838
1569593850.088
1569593850.338
1569593850.588
1569593850.838
1569593851.088
1569593851.338
1569593851.588
1569593851.838
1569593852.088
1569593852.338
1569593852.588
1569593852.838
1569593853.088
1569593853.338
1569593853.588
1569593853.838
1569593854.088
1569593854.338
1569593854.588
1569593854.838
1569593855.088
1569593855.338
1569593855.588
1569593855.838
1569593856.088
1569593856.338
1569593856.588
1569593856.838
1569593857.088
1569593857.338
1569593857.588
1569593857.838
1569593858.088
1569593858.338
1569593858.588
1569593858.838
1569593859.088
1569593859.338
1569593859.588
1569593859.838
1569593860.088
1569593860.338
1569593860.588
1569593860.838
1569593861.088
1569593861.338
1569593861.588
1569593861.838
1569593862.088
1569593862.338
1569593862.588
1569593862.838
1569593863.088
1569593863.338
1569593863.588
1569593863.838
1569593864.088
1569593864.338
1569593864.588
1569593864.838
1569593865.088
1569593865.338
1569593865.588
1569593865.838
1569593866.088
1569593866.338
1569593866.588
1569593866.838
1569593867.088
1569593867.338
1569593867.588
1569593867.838
1569593868.088
1569593868.338
1569593868.588
1569593868.838
1569593869.088
1569593869.338
1569593869.588
1569593869.838
1569593870.088
1569593870.338
1569593870.588
1569593870.838
1569593871.088
1569593871.338
1569593871.588
1569593871.838
1569593872.088
1569593872.338
1569593872.588
1569593872.838
1569593873.088
1569593873.338
1569593873.588
1569593873.838
1569593874.088
1569593874.338
1569593874.588
1569593874.838
1569593875.088
1569593875.338
1569593875.588
1569593875.838
1569593876.088
1569593876.338
1569593876.588
1569593876.838
1569593877.088
1569593877.338
1569593877.588
1569593877.838
1569593878.088
1569593878.338
1569593878.588
1569593878.838
1569593879.088
1569593879.338
1569593879.588
1569593879.838
1569593880.088
1569593880.338
1569593880.588
1569593880.838
1569593881.088
1569593881.338
1569593881.588
1569593881.838
1569593882.088
1569593882.338
1569593882.588
1569593882.838
1569593883.088
1569593883.338
1569593883.588
1569593883.838
1569593884.088
1569593884.338
1569593884.588
1569593884.838
1569593885.088
1569593885.338
1569593885.588
1569593885.838
1569593886.088
1569593886.338
1569593886.588
1569593886.838
1569593887.088
1569593887.338
1569593887.588
1569593887.838
1569593888.088
1569593888.338
1569593888.588
1569593888.838
1569593889.088
1569593889.338
1569593889.588
1569593889.838
1569593890.088
1569593890.338
1569593890.588
1569593890.838
1569593891.088
1569593891.338
1569593891.588
1569593891.838
1569593892.088
1569593892.338
1569593892.588
1569593892.838
1569593893.088
1569593893.338
1569593893.588
1569593893.838
1569593894.088
1569593894.338
1569593894.588
1569593894.838
1569593895.088
1569593895.338
1569593895.588
1569593895.838
1569593896.088
1569593896.338
1569593896.588
1569593896.838
1569593897.088
1569593897.338
1569593897.588
1569593897.838
1569593898.088
1569593898.338
1569593898.588
1569593898.838
1569593899.088
1569593899.338
1569593899.588
1569593899.838
1569593900.088
1569593900.338
1569593900.588
1569593900.838
1569593901.088
1569593901.338
1569593901.588
1569593901.838
1569593902.088
1569593902.338
1569593902.588
1569593902.838
1569593903.088
1569593903.338
1569593903.588
1569593903.838
1569593904.088
1569593904.338
1569593904.588
1569593904.838
1569593905.088
1569593905.338
1569593905.588
1569593905.838
1569593906.088
1569593906.338
1569593906.588
1569593906.838
1569593907.088
1569593907.338
1569593907.588
1569593907.838
1569593908.088
1569593908.338
1569593908.588
1569593908.838
1569593909.088
1569593909.338
1569593909.588
1569593909.838
1569593910.088
1569593910.338
1569593910.588
1569593910.838
1569593911.088
1569593911.338
1569593911.588
1569593911.838
1569593912.088
1569593912.338
1569593912.588
1569593912.838
1569593913.088
1569593913.338
1569593913.588
1569593913.838
1569593914.088
1569593914.338
1569593914.588
1569593914.838
1569593915.088
1569593915.338
1569593915.588
1569593915.838
1569593916.088
1569593916.338
1569593916.588
1569593916.838
1569593917.088
1569593917.338
1569593917.588
1569593917.838
1569593918.088
1569593918.338
1569593918.588
1569593918.838
1569593919.088
1569593919.338
1569593919.588
1569593919.838
1569593920.088
1569593920.338
1569593920.588
1569593920.838
1569593921.088
1569593921.338
1569593921.588
1569593921.838
1569593922.088
1569593922.338
1569593922.588
1569593922.838
1569593923.088
1569593923.338
1569593923.588
1569593923.838
1569593924.088
1569593924.338
1569593924.588
1569593924.838
1569593925.088
1569593925.338
1569593925.588
1569593925.838
1569593926.088
1569593926.338
1569593926.588
1569593926.838
1569593927.088
1569593927.338
1569593927.588
1569593927.838
1569593928.088
1569593928.338
1569593928.588
1569593928.838
1569593929.088
1569593929.338
1569593929.588
1569593929.838
1569593930.088
1569593930.338
1569593930.588
1569593930.838
1569593931.088
1569593931.338
1569593931.588
1569593931.838
1569593932.088
1569593932.338
1569593932.588
1569593932.838
1569593933.088
1569593933.338
1569593933.588
1569593933.838
1569593934.088
1569593934.338
1569593934.588
1569593934.838
1569593935.088
1569593935.338
1569593935.588
1569593935.838
1569593936.088
1569593936.338
1569593936.588
1569593936.838
1569593937.088
1569593937.338
1569593937.588
1569593937.838
1569593938.088
1569593938.338
1569593938.588
1569593938.838
1569593939.088
1569593939.338
1569593939.588
1569593939.838
1569593940.088
1569593940.338
1569593940.588
1569593940.838
1569593941.088
1569593941.338
1569593941.588
1569593941.838
1569593942.088
1569593942.338
1569593942.588
1569593942.838
1569593943.088
1569593943.338
1569593943.588
1569593943.838
1569593944.088
1569593944.338
1569593944.588
1569593944.838
1569593945.088
1569593945.338
1569593945.588
1569593945.838
1569593946.088
1569593946.338
1569593946.588
1569593946.838
1569593947.088
1569593947.338
1569593947.588
1569593947.838
1569593948.088
1569593948.338
1569593948.588
1569593948.838
1569593949.088
1569593949.338
1569593949.588
1569593949.838
1569593950.088
1569593950.338
1569593950.588
1569593950.838
1569593951.088
1569593951.338
1569593951.588
1569593951.838
1569593952.088
1569593952.338
1569593952.588
1569593952.838
1569593953.088
1569593953.338
1569593953.588
1569593953.838
1569593954.088
1569593954.338
1569593954.588
1569593954.838
1569593955.088
1569593955.338
1569593955.588
1569593955.838
1569593956.088
1569593956.338
1569593956.588
1569593956.838
1569593957.088
1569593957.338
1569593957.588
1569593957.838
1569593958.088
1569593958.338
1569593958.588
1569593958.838
1569593959.088
1569593959.338
1569593959.588
1569593959.838
1569593960.088
1569593960.338
1569593960.588
1569593960.838
1569593961.088
1569593961.338
1569593961.588
1569593961.838
1569593962.088
1569593962.338
1569593962.588
1569593962.838
1569593963.088
1569593963.338
1569593963.588
1569593963.838
1569593964.088
1569593964.338
1569593964.588
1569593964.838
1569593965.088
1569593965.338
1569593965.588
1569593965.838
1569593966.088
1569593966.338
1569593966.588
1569593966.838
1569593967.088
1569593967.338
1569593967.588
1569593967.838
1569593968.088
1569593968.338
1569593968.588
1569593968.838
1569593969.088
1569593969.338
1569593969.588
1569593969.838
1569593970.088
1569593970.338
1569593970.588
1569593970.838
1569593971.088
1569593971.338
1569593971.588
1569593971.838
1569593972.088
1569593972.338
1569593972.588
1569593972.838
1569593973.088
1569593973.338
1569593973.588
1569593973.838
1569593974.088
1569593974.338
1569593974.588
1569593974.838
1569593975.088
1569593975.338
1569593975.588
1569593975.838
1569593976.088
1569593976.338
1569593976.588
1569593976.838
1569593977.088
1569593977.338
1569593977.588
1569593977.838
1569593978.088
1569593978.338
1569593978.588
1569593978.838
1569593979.088
1569593979.338
1569593979.588
1569593979.838
1569593980.088
1569593980.338
1569593980.588
1569593980.838
1569593981.088
1569593981.338
1569593981.588
1569593981.838
1569593982.088
1569593982.338
1569593982.588
1569593982.838
1569593983.088
1569593983.338
1569593983.588
1569593983.838
1569593984.088
1569593984.338
1569593984.588
1569593984.838
1569593985.088
1569593985.338
1569593985.588
1569593985.838
1569593986.088
1569593986.338
1569593986.588
1569593986.838
1569593987.088
1569593987.338
1569593987.588
1569593987.838
1569593988.088
1569593988.338
1569593988.588
1569593988.838
1569593989.088
1569593989.338
1569593989.588
1569593989.838
1569593990.088
1569593990.338
1569593990.588
1569593990.838
1569593991.088
1569593991.338
1569593991.588
1569593991.838
1569593992.088
1569593992.338
1569593992.588
1569593992.838
1569593993.088
1569593993.338
1569593993.588
1569593993.838
1569593994.088
1569593994.338
1569593994.588
1569593994.838
1569593995.088
1569593995.338
1569593995.588
1569593995.838
1569593996.088
1569593996.338
1569593996.588
1569593996.838
1569593997.088
1569593997.338
1569593997.588
1569593997.838
1569593998.088
1569593998.338
1569593998.588
1569593998.838
1569593999.088
1569593999.338
1569593999.588
1569593999.838
1569594000.088
1569594000.338
1569594000.588
1569594000.838
1569594001.088
1569594001.338
1569594001.588
1569594001.838
1569594002.088
1569594002.338
1569594002.588
1569594002.838
1569594003.088
1569594003.338
1569594003.588
1569594003.838
1569594004.088
1569594004.338
1569594004.588
1569594004.838
1569594005.088
1569594005.338
1569594005.588
1569594005.838
1569594006.088
1569594006.338
1569594006.588
1569594006.838
1569594007.088
1569594007.338
1569594007.588
1569594007.838
1569594008.088
1569594008.338
1569594008.588
1569594008.838
1569594009.088
1569594009.338
1569594009.588
1569594009.838
1569594010.088
1569594010.338
1569594010.588
1569594010.838
1569594011.088
1569594011.338
1569594011.588
1569594011.838
1569594012.088
1569594012.338
1569594012.588
1569594012.838
1569594013.088
1569594013.338
1569594013.588
1569594013.838
1569594014.088
1569594014.338
1569594014.588
1569594014.838
1569594015.088
1569594015.338
1569594015.588
1569594015.838
1569594016.088
1569594016.338
1569594016.588
1569594016.838
1569594017.088
1569594017.338
1569594017.588
1569594017.838
1569594018.088
1569594018.338
1569594018.588
1569594018.838
1569594019.088
1569594019.338
1569594019.588
1569594019.838
1569594020.088
1569594020.338
1569594020.588
1569594020.838
1569594021.088
1569594021.338
1569594021.588
1569594021.838
1569594022.088
1569594022.338
1569594022.588
1569594022.838
1569594023.088
1569594023.338
1569594023.588
1569594023.838
1569594024.088
1569594024.338
1569594024.588
1569594024.838
1569594025.088
1569594025.338
1569594025.588
1569594025.838
1569594026.088
1569594026.338
1569594026.588
1569594026.838
1569594027.088
1569594027.338
1569594027.588
1569594027.838
1569594028.088
1569594028.338
1569594028.588
1569594028.838
1569594029.088
1569594029.338
1569594029.588
1569594029.838
1569594030.088
1569594030.338
1569594030.588
1569594030.838
1569594031.088
1569594031.338
1569594031.588
1569594031.838
1569594032.088
1569594032.338
1569594032.588
1569594032.838
1569594033.088
1569594033.338
1569594033.588
1569594033.838
1569594034.088
1569594034.338
1569594034.588
1569594034.838
1569594035.088
1569594035.338
1569594035.588
1569594035.838
1569594036.088
1569594036.338
1569594036.588
1569594036.838
1569594037.088
1569594037.338
1569594037.588
1569594037.838
1569594038.088
1569594038.338
1569594038.588
1569594038.838
1569594039.088
1569594039.338
1569594039.588
1569594039.838
1569594040.088
1569594040.338
1569594040.588
1569594040.838
1569594041.088
1569594041.338
1569594041.588
1569594041.838
1569594042.088
1569594042.338
1569594042.588
1569594042.838
1569594043.088
1569594043.338
1569594043.588
1569594043.838
1569594044.088
1569594044.338
1569594044.588
1569594044.838
1569594045.088
1569594045.338
1569594045.588
1569594045.838
1569594046.088
1569594046.338
1569594046.588
1569594046.838
1569594047.088
1569594047.338
1569594047.588
1569594047.838
1569594048.088
1569594048.338
1569594048.588
1569594048.838
1569594049.088
1569594049.338
1569594049.588
1569594049.838
1569594050.088
1569594050.338
1569594050.588
1569594050.838
1569594051.088
1569594051.338
1569594051.588
1569594051.838
1569594052.088
1569594052.338
1569594052.588
1569594052.838
1569594053.088
1569594053.338
1569594053.588
1569594053.838
1569594054.088
1569594054.338
1569594054.588
1569594054.838
1569594055.088
1569594055.338
1569594055.588
1569594055.838
1569594056.088
1569594056.338
1569594056.588
1569594056.838
1569594057.088
1569594057.338
1569594057.588
1569594057.838
1569594058.088
1569594058.338
1569594058.588
1569594058.838
1569594059.088
1569594059.338
1569594059.588
1569594059.838
1569594060.088
1569594060.338
1569594060.588
1569594060.838
1569594061.088
1569594061.338
1569594061.588
1569594061.838
1569594062.088
1569594062.338
1569594062.588
1569594062.838
1569594063.088
1569594063.338
1569594063.588
1569594063.838
1569594064.088
1569594064.338
1569594064.588
1569594064.838
1569594065.088
1569594065.338
1569594065.588
1569594065.838
1569594066.088
1569594066.338
1569594066.588
1569594066.838
1569594067.088
1569594067.338
1569594067.588
1569594067.838
1569594068.088
1569594068.338
1569594068.588
1569594068.838
1569594069.088
1569594069.338
1569594069.588
1569594069.838
1569594070.088
1569594070.338
1569594070.588
1569594070.838
1569594071.088
1569594071.338
1569594071.588
1569594071.838
1569594072.088
1569594072.338
1569594072.588
1569594072.838
1569594073.088
1569594073.338
1569594073.588
1569594073.838
1569594074.088
1569594074.338
1569594074.588
1569594074.838
1569594075.088
1569594075.338
1569594075.588
1569594075.838
1569594076.088
1569594076.338
1569594076.588
1569594076.838
1569594077.088
1569594077.338
1569594077.588
1569594077.838
1569594078.088
1569594078.338
1569594078.588
1569594078.838
1569594079.088
1569594079.338
1569594079.588
1569594079.838
1569594080.088
1569594080.338
1569594080.588
1569594080.838
1569594081.088
1569594081.338
1569594081.588
1569594081.838
1569594082.088
1569594082.338
1569594082.588
1569594082.838
1569594083.088
1569594083.338
1569594083.588
1569594083.838
1569594084.088
1569594084.338
1569594084.588
1569594084.838
1569594085.088
1569594085.338
1569594085.588
1569594085.838
1569594086.088
1569594086.338
1569594086.588
1569594086.838
1569594087.088
1569594087.338
1569594087.588
1569594087.838
1569594088.088
1569594088.338
1569594088.588
1569594088.838
1569594089.088
1569594089.338
