1569597950.588
1569597950.838
1569597951.088
1569597951.338
1569597951.588
1569597951.838
1569597952.088
1569597952.338
1569597952.588
1569597952.838
1569597953.088
1569597953.338
1569597953.588
1569597953.838
1569597954.088
1569597954.338
1569597954.588
1569597954.838
1569597955.088
1569597955.338
1569597955.588
1569597955.838
1569597956.088
1569597956.338
1569597956.588
1569597956.838
1569597957.088
1569597957.338
1569597957.588
1569597957.838
1569597958.088
1569597958.338
1569597958.588
1569597958.838
1569597959.088
1569597959.338
1569597959.588
1569597959.838
1569597960.088
1569597960.338
1569597960.588
1569597960.838
1569597961.088
1569597961.338
1569597961.588
1569597961.838
1569597962.088
1569597962.338
1569597962.588
1569597962.838
1569597963.088
1569597963.338
1569597963.588
1569597963.838
1569597964.088
1569597964.338
1569597964.588
1569597964.838
1569597965.088
1569597965.338
1569597965.588
1569597965.838
1569597966.088
1569597966.338
1569597966.588
1569597966.838
1569597967.088
1569597967.338
1569597967.588
1569597967.838
1569597968.088
1569597968.338
1569597968.588
1569597968.838
1569597969.088
1569597969.338
1569597969.588
1569597969.838
1569597970.088
1569597970.338
1569597970.588
1569597970.838
1569597971.088
1569597971.338
1569597971.588
1569597971.838
1569597972.088
1569597972.338
1569597972.588
1569597972.838
1569597973.088
1569597973.338
1569597973.588
1569597973.838
1569597974.088
1569597974.338
1569597974.588
1569597974.838
1569597975.088
1569597975.338
1569597975.588
1569597975.838
1569597976.088
1569597976.338
1569597976.588
1569597976.838
1569597977.088
1569597977.338
1569597977.588
1569597977.838
1569597978.088
1569597978.338
1569597978.588
1569597978.838
1569597979.088
1569597979.338
1569597979.588
1569597979.838
1569597980.088
1569597980.338
1569597980.588
1569597980.838
1569597981.088
1569597981.338
1569597981.588
1569597981.838
1569597982.088
1569597982.338
1569597982.588
1569597982.838
1569597983.088
1569597983.338
1569597983.588
1569597983.838
1569597984.088
1569597984.338
1569597984.588
1569597984.838
1569597985.088
1569597985.338
1569597985.588
1569597985.838
1569597986.088
1569597986.338
1569597986.588
1569597986.838
1569597987.088
1569597987.338
1569597987.588
1569597987.838
1569597988.088
1569597988.338
1569597988.588
1569597988.838
1569597989.088
1569597989.338
1569597989.588
1569597989.838
1569597990.088
1569597990.338
1569597990.588
1569597990.838
1569597991.088
1569597991.338
1569597991.588
1569597991.838
1569597992.088
1569597992.338
1569597992.588
1569597992.838
1569597993.088
1569597993.338
1569597993.588
1569597993.838
1569597994.088
1569597994.338
1569597994.588
1569597994.838
1569597995.088
1569597995.338
1569597995.588
1569597995.838
1569597996.088
1569597996.338
1569597996.588
1569597996.838
1569597997.088
1569597997.338
1569597997.588
1569597997.838
1569597998.088
1569597998.338
1569597998.588
1569597998.838
1569597999.088
1569597999.338
1569597999.588
1569597999.838
1569598000.088
1569598000.338
1569598000.588
1569598000.838
1569598001.088
1569598001.338
1569598001.588
1569598001.838
1569598002.088
1569598002.338
1569598002.588
1569598002.838
1569598003.088
1569598003.338
1569598003.588
1569598003.838
1569598004.088
1569598004.338
1569598004.588
1569598004.838
1569598005.088
1569598005.338
1569598005.588
1569598005.838
1569598006.088
1569598006.338
1569598006.588
1569598006.838
1569598007.088
1569598007.338
1569598007.588
1569598007.838
1569598008.088
1569598008.338
1569598008.588
1569598008.838
1569598009.088
1569598009.338
1569598009.588
1569598009.838
1569598010.088
1569598010.338
1569598010.588
1569598010.838
1569598011.088
1569598011.338
1569598011.588
1569598011.838
1569598012.088
1569598012.338
1569598012.588
1569598012.838
1569598013.088
1569598013.338
1569598013.588
1569598013.838
1569598014.088
1569598014.338
1569598014.588
1569598014.838
1569598015.088
1569598015.338
1569598015.588
1569598015.838
1569598016.088
1569598016.338
1569598016.588
1569598016.838
1569598017.088
1569598017.338
1569598017.588
1569598017.838
1569598018.088
1569598018.338
1569598018.588
1569598018.838
1569598019.088
1569598019.338
1569598019.588
1569598019.838
1569598020.088
1569598020.338
1569598020.588
1569598020.838
1569598021.088
1569598021.338
1569598021.588
1569598021.838
1569598022.088
1569598022.338
1569598022.588
1569598022.838
1569598023.088
1569598023.338
1569598023.588
1569598023.838
1569598024.088
1569598024.338
1569598024.588
1569598024.838
1569598025.088
1569598025.338
1569598025.588
1569598025.838
1569598026.088
1569598026.338
1569598026.588
1569598026.838
1569598027.088
1569598027.338
1569598027.588
1569598027.838
1569598028.088
1569598028.338
1569598028.588
1569598028.838
1569598029.088
1569598029.338
1569598029.588
1569598029.838
1569598030.088
1569598030.338
1569598030.588
1569598030.838
1569598031.088
1569598031.338
1569598031.588
1569598031.838
1569598032.088
1569598032.338
1569598032.588
1569598032.838
1569598033.088
1569598033.338
1569598033.588
1569598033.838
1569598034.088
1569598034.338
1569598034.588
1569598034.838
1569598035.088
1569598035.338
1569598035.588
1569598035.838
1569598036.088
1569598036.338
1569598036.588
1569598036.838
1569598037.088
1569598037.338
1569598037.588
1569598037.838
1569598038.088
1569598038.338
1569598038.588
1569598038.838
1569598039.088
1569598039.338
1569598039.588
1569598039.838
1569598040.088
1569598040.338
1569598040.588
1569598040.838
1569598041.088
1569598041.338
1569598041.588
1569598041.838
1569598042.088
1569598042.338
1569598042.588
1569598042.838
1569598043.088
1569598043.338
1569598043.588
1569598043.838
1569598044.088
1569598044.338
1569598044.588
1569598044.838
1569598045.088
1569598045.338
1569598045.588
1569598045.838
1569598046.088
1569598046.338
1569598046.588
1569598046.838
1569598047.088
1569598047.338
1569598047.588
1569598047.838
1569598048.088
1569598048.338
1569598048.588
1569598048.838
1569598049.088
1569598049.338
1569598049.588
1569598049.838
1569598050.088
1569598050.338
1569598050.588
1569598050.838
1569598051.088
1569598051.338
1569598051.588
1569598051.838
1569598052.088
1569598052.338
1569598052.588
1569598052.838
1569598053.088
1569598053.338
1569598053.588
1569598053.838
1569598054.088
1569598054.338
1569598054.588
1569598054.838
1569598055.088
1569598055.338
1569598055.588
1569598055.838
1569598056.088
1569598056.338
1569598056.588
1569598056.838
1569598057.088
1569598057.338
1569598057.588
1569598057.838
1569598058.088
1569598058.338
1569598058.588
1569598058.838
1569598059.088
1569598059.338
1569598059.588
1569598059.838
1569598060.088
1569598060.338
1569598060.588
1569598060.838
1569598061.088
1569598061.338
1569598061.588
1569598061.838
1569598062.088
1569598062.338
1569598062.588
1569598062.838
1569598063.088
1569598063.338
1569598063.588
1569598063.838
1569598064.088
1569598064.338
1569598064.588
1569598064.838
1569598065.088
1569598065.338
1569598065.588
1569598065.838
1569598066.088
1569598066.338
1569598066.588
1569598066.838
1569598067.088
1569598067.338
1569598067.588
1569598067.838
1569598068.088
1569598068.338
1569598068.588
1569598068.838
1569598069.088
1569598069.338
1569598069.588
1569598069.838
1569598070.088
1569598070.338
1569598070.588
1569598070.838
1569598071.088
1569598071.338
1569598071.588
1569598071.838
1569598072.088
1569598072.338
1569598072.588
1569598072.838
1569598073.088
1569598073.338
1569598073.588
1569598073.838
1569598074.088
1569598074.338
1569598074.588
1569598074.838
1569598075.088
1569598075.338
1569598075.588
1569598075.838
1569598076.088
1569598076.338
1569598076.588
1569598076.838
1569598077.088
1569598077.338
1569598077.588
1569598077.838
1569598078.088
1569598078.338
1569598078.588
1569598078.838
1569598079.088
1569598079.338
1569598079.588
1569598079.838
1569598080.088
1569598080.338
1569598080.588
1569598080.838
1569598081.088
1569598081.338
1569598081.588
1569598081.838
1569598082.088
1569598082.338
1569598082.588
1569598082.838
1569598083.088
1569598083.338
1569598083.588
1569598083.838
1569598084.088
1569598084.338
1569598084.588
1569598084.838
1569598085.088
1569598085.338
1569598085.588
1569598085.838
1569598086.088
1569598086.338
1569598086.588
1569598086.838
1569598087.088
1569598087.338
1569598087.588
1569598087.838
1569598088.088
1569598088.338
1569598088.588
1569598088.838
1569598089.088
1569598089.338
1569598089.588
1569598089.838
1569598090.088
1569598090.338
1569598090.588
1569598090.838
1569598091.088
1569598091.338
1569598091.588
1569598091.838
1569598092.088
1569598092.338
1569598092.588
1569598092.838
1569598093.088
1569598093.338
1569598093.588
1569598093.838
1569598094.088
1569598094.338
1569598094.588
1569598094.838
1569598095.088
1569598095.338
1569598095.588
1569598095.838
1569598096.088
1569598096.338
1569598096.588
1569598096.838
1569598097.088
1569598097.338
1569598097.588
1569598097.838
1569598098.088
1569598098.338
1569598098.588
1569598098.838
1569598099.088
1569598099.338
1569598099.588
1569598099.838
1569598100.088
1569598100.338
1569598100.588
1569598100.838
1569598101.088
1569598101.338
1569598101.588
1569598101.838
1569598102.088
1569598102.338
1569598102.588
1569598102.838
1569598103.088
1569598103.338
1569598103.588
1569598103.838
1569598104.088
1569598104.338
1569598104.588
1569598104.838
1569598105.088
1569598105.338
1569598105.588
1569598105.838
1569598106.088
1569598106.338
1569598106.588
1569598106.838
1569598107.088
1569598107.338
1569598107.588
1569598107.838
1569598108.088
1569598108.338
1569598108.588
1569598108.838
1569598109.088
1569598109.338
1569598109.588
1569598109.838
1569598110.088
1569598110.338
1569598110.588
1569598110.838
1569598111.088
1569598111.338
1569598111.588
1569598111.838
1569598112.088
1569598112.338
1569598112.588
1569598112.838
1569598113.088
1569598113.338
1569598113.588
1569598113.838
1569598114.088
1569598114.338
1569598114.588
1569598114.838
1569598115.088
1569598115.338
1569598115.588
1569598115.838
1569598116.088
1569598116.338
1569598116.588
1569598116.838
1569598117.088
1569598117.338
1569598117.588
1569598117.838
1569598118.088
1569598118.338
1569598118.588
1569598118.838
1569598119.088
1569598119.338
1569598119.588
1569598119.838
1569598120.088
1569598120.338
1569598120.588
1569598120.838
1569598121.088
1569598121.338
1569598121.588
1569598121.838
1569598122.088
1569598122.338
1569598122.588
1569598122.838
1569598123.088
1569598123.338
1569598123.588
1569598123.838
1569598124.088
1569598124.338
1569598124.588
1569598124.838
1569598125.088
1569598125.338
1569598125.588
1569598125.838
1569598126.088
1569598126.338
1569598126.588
1569598126.838
1569598127.088
1569598127.338
1569598127.588
1569598127.838
1569598128.088
1569598128.338
1569598128.588
1569598128.838
1569598129.088
1569598129.338
1569598129.588
1569598129.838
1569598130.088
1569598130.338
1569598130.588
1569598130.838
1569598131.088
1569598131.338
1569598131.588
1569598131.838
1569598132.088
1569598132.338
1569598132.588
1569598132.838
1569598133.088
1569598133.338
1569598133.588
1569598133.838
1569598134.088
1569598134.338
1569598134.588
1569598134.838
1569598135.088
1569598135.338
1569598135.588
1569598135.838
1569598136.088
1569598136.338
1569598136.588
1569598136.838
1569598137.088
1569598137.338
1569598137.588
1569598137.838
1569598138.088
1569598138.338
1569598138.588
1569598138.838
1569598139.088
1569598139.338
1569598139.588
1569598139.838
1569598140.088
1569598140.338
1569598140.588
1569598140.838
1569598141.088
1569598141.338
1569598141.588
1569598141.838
1569598142.088
1569598142.338
1569598142.588
1569598142.838
1569598143.088
1569598143.338
1569598143.588
1569598143.838
1569598144.088
1569598144.338
1569598144.588
1569598144.838
1569598145.088
1569598145.338
1569598145.588
1569598145.838
1569598146.088
1569598146.338
1569598146.588
1569598146.838
1569598147.088
1569598147.338
1569598147.588
1569598147.838
1569598148.088
1569598148.338
1569598148.588
1569598148.838
1569598149.088
1569598149.338
1569598149.588
1569598149.838
1569598150.088
1569598150.338
1569598150.588
1569598150.838
1569598151.088
1569598151.338
1569598151.588
1569598151.838
1569598152.088
1569598152.338
1569598152.588
1569598152.838
1569598153.088
1569598153.338
1569598153.588
1569598153.838
1569598154.088
1569598154.338
1569598154.588
1569598154.838
1569598155.088
1569598155.338
1569598155.588
1569598155.838
1569598156.088
1569598156.338
1569598156.588
1569598156.838
1569598157.088
1569598157.338
1569598157.588
1569598157.838
1569598158.088
1569598158.338
1569598158.588
1569598158.838
1569598159.088
1569598159.338
1569598159.588
1569598159.838
1569598160.088
1569598160.338
1569598160.588
1569598160.838
1569598161.088
1569598161.338
1569598161.588
1569598161.838
1569598162.088
1569598162.338
1569598162.588
1569598162.838
1569598163.088
1569598163.338
1569598163.588
1569598163.838
1569598164.088
1569598164.338
1569598164.588
1569598164.838
1569598165.088
1569598165.338
1569598165.588
1569598165.838
1569598166.088
1569598166.338
1569598166.588
1569598166.838
1569598167.088
1569598167.338
1569598167.588
1569598167.838
1569598168.088
1569598168.338
1569598168.588
1569598168.838
1569598169.088
1569598169.338
1569598169.588
1569598169.838
1569598170.088
1569598170.338
1569598170.588
1569598170.838
1569598171.088
1569598171.338
1569598171.588
1569598171.838
1569598172.088
1569598172.338
1569598172.588
1569598172.838
1569598173.088
1569598173.338
1569598173.588
1569598173.838
1569598174.088
1569598174.338
1569598174.588
1569598174.838
1569598175.088
1569598175.338
1569598175.588
1569598175.838
1569598176.088
1569598176.338
1569598176.588
1569598176.838
1569598177.088
1569598177.338
1569598177.588
1569598177.838
1569598178.088
1569598178.338
1569598178.588
1569598178.838
1569598179.088
1569598179.338
1569598179.588
1569598179.838
1569598180.088
1569598180.338
1569598180.588
1569598180.838
1569598181.088
1569598181.338
1569598181.588
1569598181.838
1569598182.088
1569598182.338
1569598182.588
1569598182.838
1569598183.088
1569598183.338
1569598183.588
1569598183.838
1569598184.088
1569598184.338
1569598184.588
1569598184.838
1569598185.088
1569598185.338
1569598185.588
1569598185.838
1569598186.088
1569598186.338
1569598186.588
1569598186.838
1569598187.088
1569598187.338
1569598187.588
1569598187.838
1569598188.088
1569598188.338
1569598188.588
1569598188.838
1569598189.088
1569598189.338
1569598189.588
1569598189.838
1569598190.088
1569598190.338
1569598190.588
1569598190.838
1569598191.088
1569598191.338
1569598191.588
1569598191.838
1569598192.088
1569598192.338
1569598192.588
1569598192.838
1569598193.088
1569598193.338
1569598193.588
1569598193.838
1569598194.088
1569598194.338
1569598194.588
1569598194.838
1569598195.088
1569598195.338
1569598195.588
1569598195.838
1569598196.088
1569598196.338
1569598196.588
1569598196.838
1569598197.088
1569598197.338
1569598197.588
1569598197.838
1569598198.088
1569598198.338
1569598198.588
1569598198.838
1569598199.088
1569598199.338
1569598199.588
1569598199.838
1569598200.088
1569598200.338
1569598200.588
1569598200.838
1569598201.088
1569598201.338
1569598201.588
1569598201.838
1569598202.088
1569598202.338
1569598202.588
1569598202.838
1569598203.088
1569598203.338
1569598203.588
1569598203.838
1569598204.088
1569598204.338
1569598204.588
1569598204.838
1569598205.088
1569598205.338
1569598205.588
1569598205.838
1569598206.088
1569598206.338
1569598206.588
1569598206.838
1569598207.088
1569598207.338
1569598207.588
1569598207.838
1569598208.088
1569598208.338
1569598208.588
1569598208.838
1569598209.088
1569598209.338
1569598209.588
1569598209.838
1569598210.088
1569598210.338
1569598210.588
1569598210.838
1569598211.088
1569598211.338
1569598211.588
1569598211.838
1569598212.088
1569598212.338
1569598212.588
1569598212.838
1569598213.088
1569598213.338
1569598213.588
1569598213.838
1569598214.088
1569598214.338
1569598214.588
1569598214.838
1569598215.088
1569598215.338
1569598215.588
1569598215.838
1569598216.088
1569598216.338
1569598216.588
1569598216.838
1569598217.088
1569598217.338
1569598217.588
1569598217.838
1569598218.088
1569598218.338
1569598218.588
1569598218.838
1569598219.088
1569598219.338
1569598219.588
1569598219.838
1569598220.088
1569598220.338
1569598220.588
1569598220.838
1569598221.088
1569598221.338
1569598221.588
1569598221.838
1569598222.088
1569598222.338
1569598222.588
1569598222.838
1569598223.088
1569598223.338
1569598223.588
1569598223.838
1569598224.088
1569598224.338
1569598224.588
1569598224.838
1569598225.088
1569598225.338
1569598225.588
1569598225.838
1569598226.088
1569598226.338
1569598226.588
1569598226.838
1569598227.088
1569598227.338
1569598227.588
1569598227.838
1569598228.088
1569598228.338
1569598228.588
1569598228.838
1569598229.088
1569598229.338
1569598229.588
1569598229.838
1569598230.088
1569598230.338
1569598230.588
1569598230.838
1569598231.088
1569598231.338
1569598231.588
1569598231.838
1569598232.088
1569598232.338
1569598232.588
1569598232.838
1569598233.088
1569598233.338
1569598233.588
1569598233.838
1569598234.088
1569598234.338
1569598234.588
1569598234.838
1569598235.088
1569598235.338
1569598235.588
1569598235.838
1569598236.088
1569598236.338
1569598236.588
1569598236.838
1569598237.088
1569598237.338
1569598237.588
1569598237.838
1569598238.088
1569598238.338
1569598238.588
1569598238.838
1569598239.088
1569598239.338
1569598239.588
1569598239.838
1569598240.088
1569598240.338
1569598240.588
1569598240.838
1569598241.088
1569598241.338
1569598241.588
1569598241.838
1569598242.088
1569598242.338
1569598242.588
1569598242.838
1569598243.088
1569598243.338
1569598243.588
1569598243.838
1569598244.088
1569598244.338
1569598244.588
1569598244.838
1569598245.088
1569598245.338
1569598245.588
1569598245.838
1569598246.088
1569598246.338
1569598246.588
1569598246.838
1569598247.088
1569598247.338
1569598247.588
1569598247.838
1569598248.088
1569598248.338
1569598248.588
1569598248.838
1569598249.088
1569598249.338
1569598249.588
1569598249.838
1569598250.088
1569598250.338
