221.0
221.25
221.5
221.75
222.0
222.25
222.5
222.75
223.0
223.25
223.5
223.75
224.0
224.25
224.5
224.75
225.0
225.25
225.5
225.75
226.0
226.25
226.5
226.75
227.0
227.25
227.5
227.75
228.0
228.25
228.5
228.75
229.0
229.25
229.5
229.75
230.0
230.25
230.5
230.75
231.0
231.25
231.5
231.75
232.0
232.25
232.5
232.75
233.0
233.25
233.5
233.75
234.0
234.25
234.5
234.75
235.0
235.25
235.5
235.75
236.0
236.25
236.5
236.75
237.0
237.25
237.5
237.75
238.0
238.25
238.5
238.75
239.0
239.25
239.5
239.75
240.0
240.25
240.5
240.75
241.0
241.25
241.5
241.75
242.0
242.25
242.5
242.75
243.0
243.25
243.5
243.75
244.0
244.25
244.5
244.75
245.0
245.25
245.5
245.75
246.0
246.25
246.5
246.75
247.0
247.25
247.5
247.75
248.0
248.25
248.5
248.75
249.0
249.25
249.5
249.75
250.0
250.25
250.5
250.75
251.0
251.25
251.5
251.75
252.0
252.25
252.5
252.75
253.0
253.25
253.5
253.75
254.0
254.25
254.5
254.75
255.0
255.25
255.5
255.75
256.0
256.25
256.5
256.75
257.0
257.25
257.5
257.75
258.0
258.25
258.5
258.75
259.0
259.25
259.5
259.75
260.0
260.25
260.5
260.75
261.0
261.25
261.5
261.75
262.0
262.25
262.5
262.75
263.0
263.25
263.5
263.75
264.0
264.25
264.5
264.75
265.0
265.25
265.5
265.75
266.0
266.25
266.5
266.75
267.0
267.25
267.5
267.75
268.0
268.25
268.5
268.75
269.0
269.25
269.5
269.75
270.0
270.25
270.5
270.75
271.0
271.25
271.5
271.75
272.0
272.25
272.5
272.75
273.0
273.25
273.5
273.75
274.0
274.25
274.5
274.75
275.0
275.25
275.5
275.75
276.0
276.25
276.5
276.75
277.0
277.25
277.5
277.75
278.0
278.25
278.5
278.75
279.0
279.25
279.5
279.75
280.0
280.25
280.5
280.75
281.0
281.25
281.5
281.75
282.0
282.25
282.5
282.75
283.0
283.25
283.5
283.75
284.0
284.25
284.5
284.75
285.0
285.25
285.5
285.75
286.0
286.25
286.5
286.75
287.0
287.25
287.5
287.75
288.0
288.25
288.5
288.75
289.0
289.25
289.5
289.75
290.0
290.25
290.5
290.75
291.0
291.25
291.5
291.75
292.0
292.25
292.5
292.75
293.0
293.25
293.5
293.75
294.0
294.25
294.5
294.75
295.0
295.25
295.5
295.75
296.0
296.25
296.5
296.75
297.0
297.25
297.5
297.75
298.0
298.25
298.5
298.75
299.0
299.25
299.5
299.75
300.0
300.25
300.5
300.75
301.0
301.25
301.5
301.75
302.0
302.25
302.5
302.75
303.0
303.25
303.5
303.75
304.0
304.25
304.5
304.75
305.0
305.25
305.5
305.75
306.0
306.25
306.5
306.75
307.0
307.25
307.5
307.75
308.0
308.25
308.5
308.75
309.0
309.25
309.5
309.75
310.0
310.25
310.5
310.75
311.0
311.25
311.5
311.75
312.0
312.25
312.5
312.75
313.0
313.25
313.5
313.75
314.0
314.25
314.5
314.75
315.0
315.25
315.5
315.75
316.0
316.25
316.5
316.75
317.0
317.25
317.5
317.75
318.0
318.25
318.5
318.75
319.0
319.25
319.5
319.75
320.0
320.25
320.5
320.75
321.0
321.25
321.5
321.75
322.0
322.25
322.5
322.75
323.0
323.25
323.5
323.75
324.0
324.25
324.5
324.75
325.0
325.25
325.5
325.75
326.0
326.25
326.5
326.75
327.0
327.25
327.5
327.75
328.0
328.25
328.5
328.75
329.0
329.25
329.5
329.75
330.0
330.25
330.5
330.75
331.0
331.25
331.5
331.75
332.0
332.25
332.5
332.75
333.0
333.25
333.5
333.75
334.0
334.25
334.5
334.75
335.0
335.25
335.5
335.75
336.0
336.25
336.5
336.75
337.0
337.25
337.5
337.75
338.0
338.25
338.5
338.75
339.0
339.25
339.5
339.75
340.0
340.25
340.5
340.75
341.0
341.25
341.5
341.75
342.0
342.25
342.5
342.75
343.0
343.25
343.5
343.75
344.0
344.25
344.5
344.75
345.0
345.25
345.5
345.75
346.0
346.25
346.5
346.75
347.0
347.25
347.5
347.75
348.0
348.25
348.5
348.75
349.0
349.25
349.5
349.75
350.0
350.25
350.5
350.75
351.0
351.25
351.5
351.75
352.0
352.25
352.5
352.75
353.0
353.25
353.5
353.75
354.0
354.25
354.5
354.75
355.0
355.25
355.5
355.75
356.0
356.25
356.5
356.75
357.0
357.25
357.5
357.75
358.0
358.25
358.5
358.75
359.0
359.25
359.5
359.75
360.0
360.25
360.5
360.75
361.0
361.25
361.5
361.75
362.0
362.25
362.5
362.75
363.0
363.25
363.5
363.75
364.0
364.25
364.5
364.75
365.0
365.25
365.5
365.75
366.0
366.25
366.5
366.75
367.0
367.25
367.5
367.75
368.0
368.25
368.5
368.75
369.0
369.25
369.5
369.75
370.0
370.25
370.5
370.75
371.0
371.25
371.5
371.75
372.0
372.25
372.5
372.75
373.0
373.25
373.5
373.75
374.0
374.25
374.5
374.75
375.0
375.25
375.5
375.75
376.0
376.25
376.5
376.75
377.0
377.25
377.5
377.75
378.0
378.25
378.5
378.75
379.0
379.25
379.5
379.75
380.0
380.25
380.5
380.75
381.0
381.25
381.5
381.75
382.0
382.25
382.5
382.75
383.0
383.25
383.5
383.75
384.0
384.25
384.5
384.75
385.0
385.25
385.5
385.75
386.0
386.25
386.5
386.75
387.0
387.25
387.5
387.75
388.0
388.25
388.5
388.75
389.0
389.25
389.5
389.75
390.0
390.25
390.5
390.75
391.0
391.25
391.5
391.75
392.0
392.25
392.5
392.75
393.0
393.25
393.5
393.75
394.0
394.25
394.5
394.75
395.0
395.25
395.5
395.75
396.0
396.25
396.5
396.75
397.0
397.25
397.5
397.75
398.0
398.25
398.5
398.75
399.0
399.25
399.5
399.75
400.0
400.25
400.5
400.75
401.0
401.25
401.5
401.75
402.0
402.25
402.5
402.75
403.0
403.25
403.5
403.75
404.0
404.25
404.5
404.75
405.0
405.25
405.5
405.75
406.0
406.25
406.5
406.75
407.0
407.25
407.5
407.75
408.0
408.25
408.5
408.75
409.0
409.25
409.5
409.75
410.0
410.25
410.5
410.75
411.0
411.25
411.5
411.75
412.0
412.25
412.5
412.75
413.0
413.25
413.5
413.75
414.0
414.25
414.5
414.75
415.0
415.25
415.5
415.75
416.0
416.25
416.5
416.75
417.0
417.25
417.5
417.75
418.0
418.25
418.5
418.75
419.0
419.25
419.5
419.75
420.0
420.25
420.5
420.75
421.0
421.25
421.5
421.75
422.0
422.25
422.5
422.75
423.0
423.25
423.5
423.75
424.0
424.25
424.5
424.75
425.0
425.25
425.5
425.75
426.0
426.25
426.5
426.75
427.0
427.25
427.5
427.75
428.0
428.25
428.5
428.75
429.0
429.25
429.5
429.75
430.0
430.25
430.5
430.75
431.0
431.25
431.5
431.75
432.0
432.25
432.5
432.75
433.0
433.25
433.5
433.75
434.0
434.25
434.5
434.75
435.0
435.25
435.5
435.75
436.0
436.25
436.5
436.75
437.0
437.25
437.5
437.75
438.0
438.25
438.5
438.75
439.0
439.25
439.5
439.75
440.0
440.25
440.5
440.75
441.0
441.25
441.5
441.75
442.0
442.25
442.5
442.75
443.0
443.25
443.5
443.75
444.0
444.25
444.5
444.75
445.0
445.25
445.5
445.75
446.0
446.25
446.5
446.75
447.0
447.25
447.5
447.75
448.0
448.25
448.5
448.75
449.0
449.25
449.5
449.75
450.0
450.25
450.5
450.75
451.0
451.25
451.5
451.75
452.0
452.25
452.5
452.75
453.0
453.25
453.5
453.75
454.0
454.25
454.5
454.75
455.0
455.25
455.5
455.75
456.0
456.25
456.5
456.75
457.0
457.25
457.5
457.75
458.0
458.25
458.5
458.75
459.0
459.25
459.5
459.75
460.0
460.25
460.5
460.75
461.0
461.25
461.5
461.75
462.0
462.25
462.5
462.75
463.0
463.25
463.5
463.75
464.0
464.25
464.5
464.75
465.0
465.25
465.5
465.75
466.0
466.25
466.5
466.75
467.0
467.25
467.5
467.75
468.0
468.25
468.5
468.75
469.0
469.25
469.5
469.75
470.0
470.25
470.5
470.75
471.0
471.25
471.5
471.75
472.0
472.25
472.5
472.75
473.0
473.25
473.5
473.75
474.0
474.25
474.5
474.75
475.0
475.25
475.5
475.75
476.0
476.25
476.5
476.75
477.0
477.25
477.5
477.75
478.0
478.25
478.5
478.75
479.0
479.25
479.5
479.75
480.0
480.25
480.5
480.75
481.0
481.25
481.5
481.75
482.0
482.25
482.5
482.75
483.0
483.25
483.5
483.75
484.0
484.25
484.5
484.75
485.0
485.25
485.5
485.75
486.0
486.25
486.5
486.75
487.0
487.25
487.5
487.75
488.0
488.25
488.5
488.75
489.0
489.25
489.5
489.75
490.0
490.25
490.5
490.75
491.0
491.25
491.5
491.75
492.0
492.25
492.5
492.75
493.0
493.25
493.5
493.75
494.0
494.25
494.5
494.75
495.0
495.25
495.5
495.75
496.0
496.25
496.5
496.75
497.0
497.25
497.5
497.75
498.0
498.25
498.5
498.75
499.0
499.25
499.5
499.75
500.0
500.25
500.5
500.75
501.0
501.25
501.5
501.75
502.0
502.25
502.5
502.75
503.0
503.25
503.5
503.75
504.0
504.25
504.5
504.75
505.0
505.25
505.5
505.75
506.0
506.25
506.5
506.75
507.0
507.25
507.5
507.75
508.0
508.25
508.5
508.75
509.0
509.25
509.5
509.75
510.0
510.25
510.5
510.75
511.0
511.25
511.5
511.75
512.0
512.25
512.5
512.75
513.0
513.25
513.5
513.75
514.0
514.25
514.5
514.75
515.0
515.25
515.5
515.75
516.0
516.25
516.5
516.75
517.0
517.25
517.5
517.75
518.0
518.25
518.5
518.75
519.0
519.25
519.5
519.75
520.0
520.25
520.5
520.75
