1569661853.915
1569661854.165
1569661854.415
1569661854.665
1569661854.915
1569661855.165
1569661855.415
1569661855.665
1569661855.915
1569661856.165
1569661856.415
1569661856.665
1569661856.915
1569661857.165
1569661857.415
1569661857.665
1569661857.915
1569661858.165
1569661858.415
1569661858.665
1569661858.915
1569661859.165
1569661859.415
1569661859.665
1569661859.915
1569661860.165
1569661860.415
1569661860.665
1569661860.915
1569661861.165
1569661861.415
1569661861.665
1569661861.915
1569661862.165
1569661862.415
1569661862.665
1569661862.915
1569661863.165
1569661863.415
1569661863.665
1569661863.915
1569661864.165
1569661864.415
1569661864.665
1569661864.915
1569661865.165
1569661865.415
1569661865.665
1569661865.915
1569661866.165
1569661866.415
1569661866.665
1569661866.915
1569661867.165
1569661867.415
1569661867.665
1569661867.915
1569661868.165
1569661868.415
1569661868.665
1569661868.915
1569661869.165
1569661869.415
1569661869.665
1569661869.915
1569661870.165
1569661870.415
1569661870.665
1569661870.915
1569661871.165
1569661871.415
1569661871.665
1569661871.915
1569661872.165
1569661872.415
1569661872.665
1569661872.915
1569661873.165
1569661873.415
1569661873.665
1569661873.915
1569661874.165
1569661874.415
1569661874.665
1569661874.915
1569661875.165
1569661875.415
1569661875.665
1569661875.915
1569661876.165
1569661876.415
1569661876.665
1569661876.915
1569661877.165
1569661877.415
1569661877.665
1569661877.915
1569661878.165
1569661878.415
1569661878.665
1569661878.915
1569661879.165
1569661879.415
1569661879.665
1569661879.915
1569661880.165
1569661880.415
1569661880.665
1569661880.915
1569661881.165
1569661881.415
1569661881.665
1569661881.915
1569661882.165
1569661882.415
1569661882.665
1569661882.915
1569661883.165
1569661883.415
1569661883.665
1569661883.915
1569661884.165
1569661884.415
1569661884.665
1569661884.915
1569661885.165
1569661885.415
1569661885.665
1569661885.915
1569661886.165
1569661886.415
1569661886.665
1569661886.915
1569661887.165
1569661887.415
1569661887.665
1569661887.915
1569661888.165
1569661888.415
1569661888.665
1569661888.915
1569661889.165
1569661889.415
1569661889.665
1569661889.915
1569661890.165
1569661890.415
1569661890.665
1569661890.915
1569661891.165
1569661891.415
1569661891.665
1569661891.915
1569661892.165
1569661892.415
1569661892.665
1569661892.915
1569661893.165
1569661893.415
1569661893.665
1569661893.915
1569661894.165
1569661894.415
1569661894.665
1569661894.915
1569661895.165
1569661895.415
1569661895.665
1569661895.915
1569661896.165
1569661896.415
1569661896.665
1569661896.915
1569661897.165
1569661897.415
1569661897.665
1569661897.915
1569661898.165
1569661898.415
1569661898.665
1569661898.915
1569661899.165
1569661899.415
1569661899.665
1569661899.915
1569661900.165
1569661900.415
1569661900.665
1569661900.915
1569661901.165
1569661901.415
1569661901.665
1569661901.915
1569661902.165
1569661902.415
1569661902.665
1569661902.915
1569661903.165
1569661903.415
1569661903.665
1569661903.915
1569661904.165
1569661904.415
1569661904.665
1569661904.915
1569661905.165
1569661905.415
1569661905.665
1569661905.915
1569661906.165
1569661906.415
1569661906.665
1569661906.915
1569661907.165
1569661907.415
1569661907.665
1569661907.915
1569661908.165
1569661908.415
1569661908.665
1569661908.915
1569661909.165
1569661909.415
1569661909.665
1569661909.915
1569661910.165
1569661910.415
1569661910.665
1569661910.915
1569661911.165
1569661911.415
1569661911.665
1569661911.915
1569661912.165
1569661912.415
1569661912.665
1569661912.915
1569661913.165
1569661913.415
1569661913.665
1569661913.915
1569661914.165
1569661914.415
1569661914.665
1569661914.915
1569661915.165
1569661915.415
1569661915.665
1569661915.915
1569661916.165
1569661916.415
1569661916.665
1569661916.915
1569661917.165
1569661917.415
1569661917.665
1569661917.915
1569661918.165
1569661918.415
1569661918.665
1569661918.915
1569661919.165
1569661919.415
1569661919.665
1569661919.915
1569661920.165
1569661920.415
1569661920.665
1569661920.915
1569661921.165
1569661921.415
1569661921.665
1569661921.915
1569661922.165
1569661922.415
1569661922.665
1569661922.915
1569661923.165
1569661923.415
1569661923.665
1569661923.915
1569661924.165
1569661924.415
1569661924.665
1569661924.915
1569661925.165
1569661925.415
1569661925.665
1569661925.915
1569661926.165
1569661926.415
1569661926.665
1569661926.915
1569661927.165
1569661927.415
1569661927.665
1569661927.915
1569661928.165
1569661928.415
1569661928.665
1569661928.915
1569661929.165
1569661929.415
1569661929.665
1569661929.915
1569661930.165
1569661930.415
1569661930.665
1569661930.915
1569661931.165
1569661931.415
1569661931.665
1569661931.915
1569661932.165
1569661932.415
1569661932.665
1569661932.915
1569661933.165
1569661933.415
1569661933.665
1569661933.915
1569661934.165
1569661934.415
1569661934.665
1569661934.915
1569661935.165
1569661935.415
1569661935.665
1569661935.915
1569661936.165
1569661936.415
1569661936.665
1569661936.915
1569661937.165
1569661937.415
1569661937.665
1569661937.915
1569661938.165
1569661938.415
1569661938.665
1569661938.915
1569661939.165
1569661939.415
1569661939.665
1569661939.915
1569661940.165
1569661940.415
1569661940.665
1569661940.915
1569661941.165
1569661941.415
1569661941.665
1569661941.915
1569661942.165
1569661942.415
1569661942.665
1569661942.915
1569661943.165
1569661943.415
1569661943.665
1569661943.915
1569661944.165
1569661944.415
1569661944.665
1569661944.915
1569661945.165
1569661945.415
1569661945.665
1569661945.915
1569661946.165
1569661946.415
1569661946.665
1569661946.915
1569661947.165
1569661947.415
1569661947.665
1569661947.915
1569661948.165
1569661948.415
1569661948.665
1569661948.915
1569661949.165
1569661949.415
1569661949.665
1569661949.915
1569661950.165
1569661950.415
1569661950.665
1569661950.915
1569661951.165
1569661951.415
1569661951.665
1569661951.915
1569661952.165
1569661952.415
1569661952.665
1569661952.915
1569661953.165
1569661953.415
1569661953.665
1569661953.915
1569661954.165
1569661954.415
1569661954.665
1569661954.915
1569661955.165
1569661955.415
1569661955.665
1569661955.915
1569661956.165
1569661956.415
1569661956.665
1569661956.915
1569661957.165
1569661957.415
1569661957.665
1569661957.915
1569661958.165
1569661958.415
1569661958.665
1569661958.915
1569661959.165
1569661959.415
1569661959.665
1569661959.915
1569661960.165
1569661960.415
1569661960.665
1569661960.915
1569661961.165
1569661961.415
1569661961.665
1569661961.915
1569661962.165
1569661962.415
1569661962.665
1569661962.915
1569661963.165
1569661963.415
1569661963.665
1569661963.915
1569661964.165
1569661964.415
1569661964.665
1569661964.915
1569661965.165
1569661965.415
1569661965.665
1569661965.915
1569661966.165
1569661966.415
1569661966.665
1569661966.915
1569661967.165
1569661967.415
1569661967.665
1569661967.915
1569661968.165
1569661968.415
1569661968.665
1569661968.915
1569661969.165
1569661969.415
1569661969.665
1569661969.915
1569661970.165
1569661970.415
1569661970.665
1569661970.915
1569661971.165
1569661971.415
1569661971.665
1569661971.915
1569661972.165
1569661972.415
1569661972.665
1569661972.915
1569661973.165
1569661973.415
1569661973.665
1569661973.915
1569661974.165
1569661974.415
1569661974.665
1569661974.915
1569661975.165
1569661975.415
1569661975.665
1569661975.915
1569661976.165
1569661976.415
1569661976.665
1569661976.915
1569661977.165
1569661977.415
1569661977.665
1569661977.915
1569661978.165
1569661978.415
1569661978.665
1569661978.915
1569661979.165
1569661979.415
1569661979.665
1569661979.915
1569661980.165
1569661980.415
1569661980.665
1569661980.915
1569661981.165
1569661981.415
1569661981.665
1569661981.915
1569661982.165
1569661982.415
1569661982.665
1569661982.915
1569661983.165
1569661983.415
1569661983.665
1569661983.915
1569661984.165
1569661984.415
1569661984.665
1569661984.915
1569661985.165
1569661985.415
1569661985.665
1569661985.915
1569661986.165
1569661986.415
1569661986.665
1569661986.915
1569661987.165
1569661987.415
1569661987.665
1569661987.915
1569661988.165
1569661988.415
1569661988.665
1569661988.915
1569661989.165
1569661989.415
1569661989.665
1569661989.915
1569661990.165
1569661990.415
1569661990.665
1569661990.915
1569661991.165
1569661991.415
1569661991.665
1569661991.915
1569661992.165
1569661992.415
1569661992.665
1569661992.915
1569661993.165
1569661993.415
1569661993.665
1569661993.915
1569661994.165
1569661994.415
1569661994.665
1569661994.915
1569661995.165
1569661995.415
1569661995.665
1569661995.915
1569661996.165
1569661996.415
1569661996.665
1569661996.915
1569661997.165
1569661997.415
1569661997.665
1569661997.915
1569661998.165
1569661998.415
1569661998.665
1569661998.915
1569661999.165
1569661999.415
1569661999.665
1569661999.915
1569662000.165
1569662000.415
1569662000.665
1569662000.915
1569662001.165
1569662001.415
1569662001.665
1569662001.915
1569662002.165
1569662002.415
1569662002.665
1569662002.915
1569662003.165
1569662003.415
1569662003.665
1569662003.915
1569662004.165
1569662004.415
1569662004.665
1569662004.915
1569662005.165
1569662005.415
1569662005.665
1569662005.915
1569662006.165
1569662006.415
1569662006.665
1569662006.915
1569662007.165
1569662007.415
1569662007.665
1569662007.915
1569662008.165
1569662008.415
1569662008.665
1569662008.915
1569662009.165
1569662009.415
1569662009.665
1569662009.915
1569662010.165
1569662010.415
1569662010.665
1569662010.915
1569662011.165
1569662011.415
1569662011.665
1569662011.915
1569662012.165
1569662012.415
1569662012.665
1569662012.915
1569662013.165
1569662013.415
1569662013.665
1569662013.915
1569662014.165
1569662014.415
1569662014.665
1569662014.915
1569662015.165
1569662015.415
1569662015.665
1569662015.915
1569662016.165
1569662016.415
1569662016.665
1569662016.915
1569662017.165
1569662017.415
1569662017.665
1569662017.915
1569662018.165
1569662018.415
1569662018.665
1569662018.915
1569662019.165
1569662019.415
1569662019.665
1569662019.915
1569662020.165
1569662020.415
1569662020.665
1569662020.915
1569662021.165
1569662021.415
1569662021.665
1569662021.915
1569662022.165
1569662022.415
1569662022.665
1569662022.915
1569662023.165
1569662023.415
1569662023.665
1569662023.915
1569662024.165
1569662024.415
1569662024.665
1569662024.915
1569662025.165
1569662025.415
1569662025.665
1569662025.915
1569662026.165
1569662026.415
1569662026.665
1569662026.915
1569662027.165
1569662027.415
1569662027.665
1569662027.915
1569662028.165
1569662028.415
1569662028.665
1569662028.915
1569662029.165
1569662029.415
1569662029.665
1569662029.915
1569662030.165
1569662030.415
1569662030.665
1569662030.915
1569662031.165
1569662031.415
1569662031.665
1569662031.915
1569662032.165
1569662032.415
1569662032.665
1569662032.915
1569662033.165
1569662033.415
1569662033.665
1569662033.915
1569662034.165
1569662034.415
1569662034.665
1569662034.915
1569662035.165
1569662035.415
1569662035.665
1569662035.915
1569662036.165
1569662036.415
1569662036.665
1569662036.915
1569662037.165
1569662037.415
1569662037.665
1569662037.915
1569662038.165
1569662038.415
1569662038.665
1569662038.915
1569662039.165
1569662039.415
1569662039.665
1569662039.915
1569662040.165
1569662040.415
1569662040.665
1569662040.915
1569662041.165
1569662041.415
1569662041.665
1569662041.915
1569662042.165
1569662042.415
1569662042.665
1569662042.915
1569662043.165
1569662043.415
1569662043.665
1569662043.915
1569662044.165
1569662044.415
1569662044.665
1569662044.915
1569662045.165
1569662045.415
1569662045.665
1569662045.915
1569662046.165
1569662046.415
1569662046.665
1569662046.915
1569662047.165
1569662047.415
1569662047.665
1569662047.915
1569662048.165
1569662048.415
1569662048.665
1569662048.915
1569662049.165
1569662049.415
1569662049.665
1569662049.915
1569662050.165
1569662050.415
1569662050.665
1569662050.915
1569662051.165
1569662051.415
1569662051.665
1569662051.915
1569662052.165
1569662052.415
1569662052.665
1569662052.915
1569662053.165
1569662053.415
1569662053.665
1569662053.915
1569662054.165
1569662054.415
1569662054.665
1569662054.915
1569662055.165
1569662055.415
1569662055.665
1569662055.915
1569662056.165
1569662056.415
1569662056.665
1569662056.915
1569662057.165
1569662057.415
1569662057.665
1569662057.915
1569662058.165
1569662058.415
1569662058.665
1569662058.915
1569662059.165
1569662059.415
1569662059.665
1569662059.915
1569662060.165
1569662060.415
1569662060.665
1569662060.915
1569662061.165
1569662061.415
1569662061.665
1569662061.915
1569662062.165
1569662062.415
1569662062.665
1569662062.915
1569662063.165
1569662063.415
1569662063.665
1569662063.915
1569662064.165
1569662064.415
1569662064.665
1569662064.915
1569662065.165
1569662065.415
1569662065.665
1569662065.915
1569662066.165
1569662066.415
1569662066.665
1569662066.915
1569662067.165
1569662067.415
1569662067.665
1569662067.915
1569662068.165
1569662068.415
1569662068.665
1569662068.915
1569662069.165
1569662069.415
1569662069.665
1569662069.915
1569662070.165
1569662070.415
1569662070.665
1569662070.915
1569662071.165
1569662071.415
1569662071.665
1569662071.915
1569662072.165
1569662072.415
1569662072.665
1569662072.915
1569662073.165
1569662073.415
1569662073.665
1569662073.915
1569662074.165
1569662074.415
1569662074.665
1569662074.915
1569662075.165
1569662075.415
1569662075.665
1569662075.915
1569662076.165
1569662076.415
1569662076.665
1569662076.915
1569662077.165
1569662077.415
1569662077.665
1569662077.915
1569662078.165
1569662078.415
1569662078.665
1569662078.915
1569662079.165
1569662079.415
1569662079.665
1569662079.915
1569662080.165
1569662080.415
1569662080.665
1569662080.915
1569662081.165
1569662081.415
1569662081.665
1569662081.915
1569662082.165
1569662082.415
1569662082.665
1569662082.915
1569662083.165
1569662083.415
1569662083.665
1569662083.915
1569662084.165
1569662084.415
1569662084.665
1569662084.915
1569662085.165
1569662085.415
1569662085.665
1569662085.915
1569662086.165
1569662086.415
1569662086.665
1569662086.915
1569662087.165
1569662087.415
1569662087.665
1569662087.915
1569662088.165
1569662088.415
1569662088.665
1569662088.915
1569662089.165
1569662089.415
1569662089.665
1569662089.915
1569662090.165
1569662090.415
1569662090.665
1569662090.915
1569662091.165
1569662091.415
1569662091.665
1569662091.915
1569662092.165
1569662092.415
1569662092.665
1569662092.915
1569662093.165
1569662093.415
1569662093.665
1569662093.915
1569662094.165
1569662094.415
1569662094.665
1569662094.915
1569662095.165
1569662095.415
1569662095.665
1569662095.915
1569662096.165
1569662096.415
1569662096.665
1569662096.915
1569662097.165
1569662097.415
1569662097.665
1569662097.915
1569662098.165
1569662098.415
1569662098.665
1569662098.915
1569662099.165
1569662099.415
1569662099.665
1569662099.915
1569662100.165
1569662100.415
1569662100.665
1569662100.915
1569662101.165
1569662101.415
1569662101.665
1569662101.915
1569662102.165
1569662102.415
1569662102.665
1569662102.915
1569662103.165
1569662103.415
1569662103.665
1569662103.915
1569662104.165
1569662104.415
1569662104.665
1569662104.915
1569662105.165
1569662105.415
1569662105.665
1569662105.915
1569662106.165
1569662106.415
1569662106.665
1569662106.915
1569662107.165
1569662107.415
1569662107.665
1569662107.915
1569662108.165
1569662108.415
1569662108.665
1569662108.915
1569662109.165
1569662109.415
1569662109.665
1569662109.915
1569662110.165
1569662110.415
1569662110.665
1569662110.915
1569662111.165
1569662111.415
1569662111.665
1569662111.915
1569662112.165
1569662112.415
1569662112.665
1569662112.915
1569662113.165
1569662113.415
1569662113.665
1569662113.915
1569662114.165
1569662114.415
1569662114.665
1569662114.915
1569662115.165
1569662115.415
1569662115.665
1569662115.915
1569662116.165
1569662116.415
1569662116.665
1569662116.915
1569662117.165
1569662117.415
1569662117.665
1569662117.915
1569662118.165
1569662118.415
1569662118.665
1569662118.915
1569662119.165
1569662119.415
1569662119.665
1569662119.915
1569662120.165
1569662120.415
1569662120.665
1569662120.915
1569662121.165
1569662121.415
1569662121.665
1569662121.915
1569662122.165
1569662122.415
1569662122.665
1569662122.915
1569662123.165
1569662123.415
1569662123.665
1569662123.915
1569662124.165
1569662124.415
1569662124.665
1569662124.915
1569662125.165
1569662125.415
1569662125.665
1569662125.915
1569662126.165
1569662126.415
1569662126.665
1569662126.915
1569662127.165
1569662127.415
1569662127.665
1569662127.915
1569662128.165
1569662128.415
1569662128.665
1569662128.915
1569662129.165
1569662129.415
1569662129.665
1569662129.915
1569662130.165
1569662130.415
1569662130.665
1569662130.915
1569662131.165
1569662131.415
1569662131.665
1569662131.915
1569662132.165
1569662132.415
1569662132.665
1569662132.915
1569662133.165
1569662133.415
1569662133.665
1569662133.915
1569662134.165
1569662134.415
1569662134.665
1569662134.915
1569662135.165
1569662135.415
1569662135.665
1569662135.915
1569662136.165
1569662136.415
1569662136.665
1569662136.915
1569662137.165
1569662137.415
1569662137.665
1569662137.915
1569662138.165
1569662138.415
1569662138.665
1569662138.915
1569662139.165
1569662139.415
1569662139.665
1569662139.915
1569662140.165
1569662140.415
1569662140.665
1569662140.915
1569662141.165
1569662141.415
1569662141.665
1569662141.915
1569662142.165
1569662142.415
1569662142.665
1569662142.915
1569662143.165
1569662143.415
1569662143.665
1569662143.915
1569662144.165
1569662144.415
1569662144.665
1569662144.915
1569662145.165
1569662145.415
1569662145.665
1569662145.915
1569662146.165
1569662146.415
1569662146.665
1569662146.915
1569662147.165
1569662147.415
1569662147.665
1569662147.915
1569662148.165
1569662148.415
1569662148.665
1569662148.915
1569662149.165
1569662149.415
1569662149.665
1569662149.915
1569662150.165
1569662150.415
1569662150.665
1569662150.915
1569662151.165
1569662151.415
1569662151.665
1569662151.915
1569662152.165
1569662152.415
1569662152.665
1569662152.915
1569662153.165
1569662153.415
1569662153.665
1569662153.915
1569662154.165
1569662154.415
1569662154.665
1569662154.915
1569662155.165
1569662155.415
1569662155.665
1569662155.915
1569662156.165
1569662156.415
1569662156.665
1569662156.915
1569662157.165
1569662157.415
1569662157.665
1569662157.915
1569662158.165
1569662158.415
1569662158.665
1569662158.915
1569662159.165
1569662159.415
1569662159.665
1569662159.915
1569662160.165
1569662160.415
1569662160.665
1569662160.915
1569662161.165
1569662161.415
1569662161.665
1569662161.915
1569662162.165
1569662162.415
1569662162.665
1569662162.915
1569662163.165
1569662163.415
1569662163.665
1569662163.915
1569662164.165
1569662164.415
1569662164.665
1569662164.915
1569662165.165
1569662165.415
1569662165.665
1569662165.915
1569662166.165
1569662166.415
1569662166.665
1569662166.915
1569662167.165
1569662167.415
1569662167.665
1569662167.915
1569662168.165
1569662168.415
1569662168.665
1569662168.915
1569662169.165
1569662169.415
1569662169.665
1569662169.915
1569662170.165
1569662170.415
1569662170.665
1569662170.915
1569662171.165
1569662171.415
1569662171.665
1569662171.915
1569662172.165
1569662172.415
1569662172.665
1569662172.915
1569662173.165
1569662173.415
1569662173.665
1569662173.915
1569662174.165
1569662174.415
1569662174.665
1569662174.915
1569662175.165
1569662175.415
1569662175.665
1569662175.915
1569662176.165
1569662176.415
1569662176.665
1569662176.915
1569662177.165
1569662177.415
1569662177.665
1569662177.915
1569662178.165
1569662178.415
1569662178.665
1569662178.915
1569662179.165
1569662179.415
1569662179.665
1569662179.915
1569662180.165
1569662180.415
1569662180.665
1569662180.915
1569662181.165
1569662181.415
1569662181.665
1569662181.915
1569662182.165
1569662182.415
1569662182.665
1569662182.915
1569662183.165
1569662183.415
1569662183.665
1569662183.915
1569662184.165
1569662184.415
1569662184.665
1569662184.915
1569662185.165
1569662185.415
1569662185.665
1569662185.915
1569662186.165
1569662186.415
1569662186.665
1569662186.915
1569662187.165
1569662187.415
1569662187.665
1569662187.915
1569662188.165
1569662188.415
1569662188.665
1569662188.915
1569662189.165
1569662189.415
1569662189.665
1569662189.915
1569662190.165
1569662190.415
1569662190.665
1569662190.915
1569662191.165
1569662191.415
1569662191.665
1569662191.915
1569662192.165
1569662192.415
1569662192.665
1569662192.915
1569662193.165
1569662193.415
1569662193.665
1569662193.915
1569662194.165
1569662194.415
1569662194.665
1569662194.915
1569662195.165
1569662195.415
1569662195.665
1569662195.915
1569662196.165
1569662196.415
1569662196.665
1569662196.915
1569662197.165
1569662197.415
1569662197.665
1569662197.915
1569662198.165
1569662198.415
1569662198.665
1569662198.915
1569662199.165
1569662199.415
1569662199.665
1569662199.915
1569662200.165
1569662200.415
1569662200.665
1569662200.915
1569662201.165
1569662201.415
1569662201.665
1569662201.915
1569662202.165
1569662202.415
1569662202.665
1569662202.915
1569662203.165
1569662203.415
1569662203.665
1569662203.915
1569662204.165
1569662204.415
1569662204.665
1569662204.915
1569662205.165
1569662205.415
1569662205.665
1569662205.915
1569662206.165
1569662206.415
1569662206.665
1569662206.915
1569662207.165
1569662207.415
1569662207.665
1569662207.915
1569662208.165
1569662208.415
1569662208.665
1569662208.915
1569662209.165
1569662209.415
1569662209.665
1569662209.915
1569662210.165
1569662210.415
1569662210.665
1569662210.915
1569662211.165
1569662211.415
1569662211.665
1569662211.915
1569662212.165
1569662212.415
1569662212.665
1569662212.915
1569662213.165
1569662213.415
1569662213.665
1569662213.915
1569662214.165
1569662214.415
1569662214.665
1569662214.915
1569662215.165
1569662215.415
1569662215.665
1569662215.915
1569662216.165
1569662216.415
1569662216.665
