0.1819381
0.1793756
0.1806568
0.1819381
0.1819381
0.1819381
0.1819381
0.1819381
0.1819381
0.1819381
0.1819381
0.1819381
0.1793756
0.1819381
0.1832193
0.1819381
0.1806568
0.1819381
0.1819381
0.1819381
0.1819381
0.1819381
0.1819381
0.1793756
0.1819381
0.1819381
0.1819381
0.1819381
0.1819381
0.1819381
0.1819381
0.1819381
0.1819381
0.1819381
0.1793756
0.1819381
0.1832193
0.1819381
0.1806568
0.1832193
0.1819381
0.1819381
0.1832193
0.1832193
0.1832193
0.1806568
0.1832193
0.1832193
0.1832193
0.1819381
0.1819381
0.1819381
0.1819381
0.1832193
0.1845006
0.1819381
0.1806568
0.1819381
0.1845006
0.1832193
0.1832193
0.1819381
0.1832193
0.1832193
0.1832193
0.1832193
0.1845006
0.1806568
0.1832193
0.1819381
0.1806568
0.1819381
0.1819381
0.1819381
0.1806568
0.1819381
0.1819381
0.1806568
0.1793756
0.1832193
0.1819381
0.1819381
0.1819381
0.1819381
0.1819381
0.1819381
0.1819381
0.1819381
0.1819381
0.1780943
0.1819381
0.1819381
0.1819381
0.1832193
0.1832193
0.1819381
0.1819381
0.1819381
0.1819381
0.1832193
0.1806568
0.1819381
0.1832193
0.1832193
0.1806568
0.1819381
0.1819381
0.1819381
0.1819381
0.1819381
0.1819381
0.1793756
0.1832193
0.1819381
0.1832193
0.1819381
0.1819381
0.1819381
0.1832193
0.1819381
0.1819381
0.1819381
0.1819381
0.1819381
0.1832193
0.1819381
0.1819381
0.1819381
0.1832193
0.1819381
0.1819381
0.1819381
0.1819381
0.1806568
0.1832193
0.1845006
0.1832193
0.1819381
0.1832193
0.1845006
0.1806568
0.1806568
0.1806568
0.1806568
0.1793756
0.1806568
0.1806568
0.1806568
0.1806568
0.1806568
0.1806568
0.1806568
0.1806568
0.1806568
0.1806568
0.1793756
0.1806568
0.1793756
0.1819381
0.1806568
0.1806568
0.1806568
0.1806568
0.1806568
0.1806568
0.1806568
0.1780943
0.1806568
0.1806568
0.1806568
0.1806568
0.1806568
0.1806568
0.1806568
0.1806568
0.1806568
0.1806568
0.1780943
0.1806568
0.1806568
0.1806568
0.1806568
0.1806568
0.1806568
0.1806568
0.1806568
0.1806568
0.1806568
0.1793756
0.1806568
0.1806568
0.1806568
0.1806568
0.1806568
0.1832193
0.1832193
0.1819381
0.1819381
0.1819381
0.1806568
0.1832193
0.1832193
0.1819381
0.1832193
0.1845006
0.1870631
0.1909069
0.1985944
0.2011569
0.2050006
0.2088444
0.2255007
0.2344695
0.2331882
0.2344695
0.237032
0.237032
0.2357507
0.2357507
0.2383132
0.2383132
0.2383132
0.242157
0.2447195
0.2498445
0.2536883
0.2613758
0.2613758
0.2639383
0.2639383
0.2665008
0.2652196
0.2665008
0.2703446
0.2716258
0.2716258
0.2729071
0.2741883
0.2767509
0.2793134
0.2818759
0.2831571
0.2895634
0.2908446
0.2946884
0.2959697
0.2985322
0.3062197
0.3062197
0.3062197
0.3036572
0.3023759
0.2998134
0.2985322
0.2934072
0.2959697
0.2934072
0.2921259
0.2921259
0.2921259
0.2959697
0.2985322
0.2998134
0.3010947
0.3023759
0.3010947
0.3036572
0.3023759
0.3023759
0.3036572
0.3049384
0.307501
0.307501
0.3100635
0.312626
0.3139072
0.312626
0.312626
0.312626
0.312626
0.3113447
0.3100635
0.3100635
0.3087822
0.307501
0.307501
0.3062197
0.3049384
0.3062197
0.3049384
0.3049384
0.3036572
0.3023759
0.3023759
0.3010947
0.2998134
0.3010947
0.2985322
0.2972509
0.2985322
0.2985322
0.2972509
0.2972509
0.2959697
0.2972509
0.2946884
0.2946884
0.2946884
0.2934072
0.2921259
0.2946884
0.2959697
0.2946884
0.2934072
0.2946884
0.2946884
0.2959697
0.2972509
0.2959697
0.2985322
0.2972509
0.2985322
0.2985322
0.2985322
0.2972509
0.2959697
0.2959697
0.2959697
0.2959697
0.2946884
0.2934072
0.2895634
0.2895634
0.2895634
0.2882822
0.2882822
0.2882822
0.2870009
0.2870009
0.2870009
0.2857196
0.2870009
0.2870009
0.2870009
0.2882822
0.2870009
0.2870009
0.2870009
0.2870009
0.2857196
0.2857196
0.2857196
0.2844384
0.2831571
0.2831571
0.2831571
0.2818759
0.2818759
0.2805946
0.2831571
0.2882822
0.2921259
0.2998134
0.312626
0.317751
0.3369698
0.3497823
0.3638761
0.3754074
0.3843762
0.39847
0.41897
0.4407513
0.4561264
0.4625327
0.4676577
0.4715014
0.4766265
0.4855953
0.489439
0.4907203
0.484314
0.4804702
0.4766265
0.4766265
0.4753452
0.474064
0.4702202
0.4689389
0.4650952
0.4625327
0.4625327
0.4612514
0.4574077
0.4561264
0.4548452
0.4535639
0.4497201
0.4497201
0.4497201
0.4445951
0.4420326
0.4407513
0.4407513
0.4394701
0.4381889
0.4369076
0.4369076
0.4356263
0.4369076
0.4369076
0.4356263
0.4356263
0.4343451
0.4330638
0.4305013
0.4292201
0.4279388
0.4253763
0.4228138
0.4215325
0.41897
0.4176888
0.4151263
0.4151263
0.4151263
0.413845
0.413845
0.4202513
0.4292201
0.4407513
0.4586889
0.4727827
0.4830327
0.4907203
0.4932828
0.4932828
0.489439
0.4830327
0.4766265
0.4715014
0.4663764
0.4638139
0.4599702
0.4574077
0.4522826
0.4484389
0.4458764
0.4445951
0.4433139
0.4394701
0.4394701
0.4369076
0.4369076
0.4356263
0.4330638
0.4317826
0.4292201
0.4279388
0.4253763
0.4240951
0.4228138
0.4202513
0.4176888
0.4176888
0.4164075
0.4151263
0.4125638
0.4125638
0.4100012
0.40872
0.4074388
0.4061575
0.4048762
0.4010325
0.4048762
0.4048762
0.4061575
0.4125638
0.4164075
0.41897
0.4215325
0.4215325
0.4215325
0.4215325
0.4151263
0.4151263
0.4125638
0.4100012
0.40872
0.4048762
0.4048762
0.4010325
0.3997512
0.3971887
0.3971887
0.3946262
0.393345
0.3920637
0.3907824
0.3907824
0.38822
0.38822
0.38822
0.3856574
0.3843762
0.3818137
0.3818137
0.3805324
0.3766887
0.3792512
0.3766887
0.3754074
0.3741262
0.3728449
0.3728449
0.3715636
0.3702824
0.3677199
0.3690012
0.3664386
0.3664386
0.3677199
0.3651574
0.3625949
0.3613136
0.3600323
0.3600323
0.3587511
0.3561886
0.3574699
0.3574699
0.3561886
0.3549073
0.3549073
0.3549073
0.3536261
0.3536261
0.3510636
0.3497823
0.3485011
0.3485011
0.3485011
0.3459386
0.3472198
0.3446573
0.3459386
0.3433761
0.3433761
0.3408135
0.3420948
0.3382511
0.3408135
0.3395323
0.3395323
0.3356885
0.3369698
0.3369698
0.3356885
0.3344073
0.3318448
0.3318448
0.3305635
0.3318448
0.3305635
0.328001
0.3292823
0.3292823
0.3318448
0.3382511
0.3472198
0.3625949
0.3677199
0.3702824
0.3741262
0.3754074
0.3766887
0.3741262
0.3715636
0.3702824
0.3664386
0.3651574
0.3638761
0.3613136
0.3574699
0.3574699
0.3549073
0.3549073
0.3549073
0.3523448
0.3497823
0.3472198
0.3472198
0.3459386
0.3446573
0.3433761
0.3420948
0.3420948
0.3408135
0.3408135
0.3395323
0.3382511
0.3369698
0.3369698
0.3356885
0.3344073
0.3318448
0.333126
0.3344073
0.3318448
0.3292823
0.3292823
0.3305635
0.328001
0.3267198
0.3267198
0.3254385
0.3241572
0.3241572
0.3241572
0.322876
0.322876
0.322876
0.322876
0.3215947
0.3203135
0.3203135
0.3203135
0.3151885
0.317751
0.317751
0.3151885
0.3164697
0.3139072
0.312626
0.312626
0.3113447
0.3113447
0.3100635
0.3087822
0.3087822
0.3087822
0.3087822
0.307501
0.3062197
0.3062197
0.3049384
0.3049384
0.3049384
0.3036572
0.3023759
0.3023759
0.3036572
0.3023759
0.3023759
0.3010947
0.3010947
0.2998134
0.3010947
0.2998134
0.2985322
0.2972509
0.2985322
0.2998134
0.2959697
0.2972509
0.2959697
0.2972509
0.2959697
0.2959697
0.2946884
0.2934072
0.2921259
0.2921259
0.2946884
0.2946884
0.2946884
0.2934072
0.2934072
0.2946884
0.2934072
0.2921259
0.2895634
0.2882822
0.2882822
0.2882822
0.2882822
0.2882822
0.2882822
0.2870009
0.2870009
0.2857196
0.2857196
0.2857196
0.2831571
0.2844384
0.2844384
0.2844384
0.2857196
0.2857196
0.2844384
0.2831571
0.2818759
0.2818759
0.2818759
0.2793134
0.2805946
0.2818759
0.2805946
0.2793134
0.2793134
0.2793134
0.2805946
0.2793134
0.2818759
0.2805946
0.2805946
0.2767509
0.2780321
0.2780321
0.2780321
0.2767509
0.2767509
0.2754696
0.2767509
0.2767509
0.2741883
0.2716258
0.2729071
0.2729071
0.2729071
0.2729071
0.2729071
0.2729071
0.2729071
0.2716258
0.2716258
0.2716258
0.2690633
0.2703446
0.2703446
0.2729071
0.2729071
0.2703446
0.2716258
0.2703446
0.2716258
0.2716258
0.2716258
0.2677821
0.2703446
0.2703446
0.2703446
0.2690633
0.2677821
0.2690633
0.2677821
0.2805946
0.2652196
0.2677821
0.2665008
0.2665008
0.2690633
0.2665008
0.2665008
0.2639383
0.2639383
0.2639383
0.2639383
0.2639383
0.2626571
0.2600946
0.2626571
0.2626571
0.2626571
0.2639383
0.2626571
0.2626571
0.2626571
0.2626571
0.2613758
0.2613758
0.2600946
0.2626571
0.2613758
0.2600946
0.2613758
0.2613758
0.2613758
0.2626571
0.2626571
0.2613758
0.2613758
0.2588133
0.2600946
0.2600946
0.2600946
0.2600946
0.2588133
0.2588133
0.2588133
0.2588133
0.2588133
0.2588133
0.2575321
0.2575321
0.2575321
0.2575321
0.2575321
0.2575321
0.2588133
0.2575321
0.2575321
0.2575321
0.2588133
0.2575321
0.2588133
0.2588133
0.2588133
0.2588133
0.2588133
0.2575321
0.2575321
0.2562508
0.2549695
0.2562508
0.2549695
0.2549695
0.252407
0.2536883
0.2549695
0.2536883
0.252407
0.252407
0.252407
0.252407
0.252407
0.2511258
0.252407
0.252407
0.2511258
0.2511258
0.2511258
0.2511258
0.2511258
0.2511258
0.2511258
0.2498445
0.2485633
0.2498445
0.2511258
0.2485633
0.2498445
0.2498445
0.2498445
0.2485633
0.2485633
0.2485633
0.2498445
0.247282
0.2498445
0.2498445
0.2498445
0.2485633
0.2485633
0.2485633
0.247282
0.2485633
0.2460008
0.2460008
0.2434383
0.2460008
0.2460008
0.2447195
0.2447195
0.2447195
0.2447195
0.2447195
0.2562508
0.2460008
0.247282
0.2447195
0.2460008
0.2447195
0.2447195
0.2434383
0.2434383
0.2447195
0.2460008
0.2447195
0.2434383
0.2434383
0.242157
0.242157
0.2408758
0.2434383
0.2408758
0.2434383
0.2434383
0.2434383
0.2434383
0.2434383
0.2447195
0.242157
0.2395945
0.2395945
0.2395945
0.2395945
0.2395945
0.2395945
0.2395945
0.2395945
0.2395945
0.2383132
0.237032
0.2383132
0.2395945
0.2383132
0.2395945
0.2395945
0.2395945
0.2395945
0.2408758
0.2408758
0.2434383
0.2485633
0.2562508
0.2626571
0.2665008
0.2677821
0.2677821
0.2677821
0.2677821
0.2690633
0.2703446
0.2754696
0.2831571
0.2921259
0.3023759
0.312626
0.333126
0.3356885
0.3344073
0.3318448
0.3305635
0.3292823
0.3267198
0.322876
0.3215947
0.3190322
0.317751
0.3151885
0.3139072
0.3139072
0.3113447
0.3113447
0.307501
0.307501
0.3049384
0.3062197
0.3062197
0.3062197
0.3100635
0.3113447
0.3113447
0.3113447
0.312626
0.3100635
0.3087822
0.3062197
0.3049384
0.3049384
0.3036572
0.2998134
0.2985322
0.2985322
0.2972509
0.2959697
0.2959697
0.2946884
0.2946884
0.2934072
0.2934072
0.2921259
0.2921259
0.2908446
0.2908446
0.2895634
0.2908446
0.2895634
0.2895634
0.2882822
0.2895634
0.2882822
0.2895634
0.2882822
0.2882822
0.2857196
0.2870009
0.2870009
0.2857196
0.2895634
0.2972509
0.3151885
0.333126
0.3408135
0.3472198
0.3536261
0.3561886
0.3587511
0.3600323
0.3600323
0.3600323
0.3613136
0.3613136
0.3561886
0.3523448
0.3497823
0.3459386
0.3446573
0.3420948
0.3395323
0.3369698
0.3356885
0.333126
0.333126
0.333126
0.3305635
0.3292823
0.3305635
0.3318448
0.333126
0.333126
0.333126
0.333126
0.3305635
0.3318448
0.3305635
0.3292823
0.3305635
0.3292823
0.3267198
0.3267198
0.3254385
0.3241572
0.322876
0.3203135
0.3203135
0.3215947
0.3203135
0.3215947
0.3203135
0.3203135
0.317751
0.317751
0.3164697
0.3164697
0.312626
0.3151885
0.3151885
0.312626
0.312626
0.312626
0.312626
0.3113447
0.3113447
0.3100635
0.3100635
0.307501
0.3087822
0.3100635
0.3087822
0.307501
0.3062197
0.3049384
0.3036572
0.3036572
0.3036572
0.3036572
0.3023759
0.3049384
0.3062197
0.3062197
0.3062197
0.3049384
0.3049384
0.3036572
0.3036572
0.3023759
0.3010947
0.2985322
0.2998134
0.2998134
0.2985322
0.2985322
0.2972509
0.2972509
0.2972509
0.2959697
0.2959697
0.2959697
0.2934072
0.2946884
0.2946884
0.2946884
0.2946884
0.2946884
0.2934072
0.2921259
0.2921259
0.2921259
0.2921259
0.2921259
0.2921259
0.2934072
0.2946884
0.2934072
0.2934072
0.2946884
0.2921259
0.2934072
0.2908446
0.2908446
0.2895634
0.2895634
0.2908446
0.2895634
0.2882822
0.2882822
0.2882822
0.2857196
0.2895634
0.2870009
0.2870009
0.2857196
0.2857196
0.2870009
0.2857196
0.2870009
0.2844384
0.2844384
0.2831571
0.2831571
0.2831571
0.2793134
0.2793134
0.2793134
0.2793134
0.2793134
0.2793134
0.2793134
0.2793134
0.2793134
0.2793134
0.2793134
0.2793134
0.2793134
0.2793134
0.2793134
0.2805946
0.2805946
0.2805946
0.2805946
0.2805946
0.2805946
0.2805946
0.2793134
0.2780321
0.2793134
0.2793134
0.2780321
0.2780321
0.2793134
0.2793134
0.2793134
0.2793134
0.2780321
0.2767509
0.2754696
0.2767509
0.2793134
0.2767509
0.2780321
0.2767509
0.2780321
0.2767509
0.2780321
0.2780321
0.2754696
0.2754696
0.2754696
0.2741883
0.2754696
0.2741883
0.2754696
0.2741883
0.2741883
0.2870009
0.2741883
0.2729071
