1569663698.915
1569663699.165
1569663699.415
1569663699.665
1569663699.915
1569663700.165
1569663700.415
1569663700.665
1569663700.915
1569663701.165
1569663701.415
1569663701.665
1569663701.915
1569663702.165
1569663702.415
1569663702.665
1569663702.915
1569663703.165
1569663703.415
1569663703.665
1569663703.915
1569663704.165
1569663704.415
1569663704.665
1569663704.915
1569663705.165
1569663705.415
1569663705.665
1569663705.915
1569663706.165
1569663706.415
1569663706.665
1569663706.915
1569663707.165
1569663707.415
1569663707.665
1569663707.915
1569663708.165
1569663708.415
1569663708.665
1569663708.915
1569663709.165
1569663709.415
1569663709.665
1569663709.915
1569663710.165
1569663710.415
1569663710.665
1569663710.915
1569663711.165
1569663711.415
1569663711.665
1569663711.915
1569663712.165
1569663712.415
1569663712.665
1569663712.915
1569663713.165
1569663713.415
1569663713.665
1569663713.915
1569663714.165
1569663714.415
1569663714.665
1569663714.915
1569663715.165
1569663715.415
1569663715.665
1569663715.915
1569663716.165
1569663716.415
1569663716.665
1569663716.915
1569663717.165
1569663717.415
1569663717.665
1569663717.915
1569663718.165
1569663718.415
1569663718.665
1569663718.915
1569663719.165
1569663719.415
1569663719.665
1569663719.915
1569663720.165
1569663720.415
1569663720.665
1569663720.915
1569663721.165
1569663721.415
1569663721.665
1569663721.915
1569663722.165
1569663722.415
1569663722.665
1569663722.915
1569663723.165
1569663723.415
1569663723.665
1569663723.915
1569663724.165
1569663724.415
1569663724.665
1569663724.915
1569663725.165
1569663725.415
1569663725.665
1569663725.915
1569663726.165
1569663726.415
1569663726.665
1569663726.915
1569663727.165
1569663727.415
1569663727.665
1569663727.915
1569663728.165
1569663728.415
1569663728.665
1569663728.915
1569663729.165
1569663729.415
1569663729.665
1569663729.915
1569663730.165
1569663730.415
1569663730.665
1569663730.915
1569663731.165
1569663731.415
1569663731.665
1569663731.915
1569663732.165
1569663732.415
1569663732.665
1569663732.915
1569663733.165
1569663733.415
1569663733.665
1569663733.915
1569663734.165
1569663734.415
1569663734.665
1569663734.915
1569663735.165
1569663735.415
1569663735.665
1569663735.915
1569663736.165
1569663736.415
1569663736.665
1569663736.915
1569663737.165
1569663737.415
1569663737.665
1569663737.915
1569663738.165
1569663738.415
1569663738.665
1569663738.915
1569663739.165
1569663739.415
1569663739.665
1569663739.915
1569663740.165
1569663740.415
1569663740.665
1569663740.915
1569663741.165
1569663741.415
1569663741.665
1569663741.915
1569663742.165
1569663742.415
1569663742.665
1569663742.915
1569663743.165
1569663743.415
1569663743.665
1569663743.915
1569663744.165
1569663744.415
1569663744.665
1569663744.915
1569663745.165
1569663745.415
1569663745.665
1569663745.915
1569663746.165
1569663746.415
1569663746.665
1569663746.915
1569663747.165
1569663747.415
1569663747.665
1569663747.915
1569663748.165
1569663748.415
1569663748.665
1569663748.915
1569663749.165
1569663749.415
1569663749.665
1569663749.915
1569663750.165
1569663750.415
1569663750.665
1569663750.915
1569663751.165
1569663751.415
1569663751.665
1569663751.915
1569663752.165
1569663752.415
1569663752.665
1569663752.915
1569663753.165
1569663753.415
1569663753.665
1569663753.915
1569663754.165
1569663754.415
1569663754.665
1569663754.915
1569663755.165
1569663755.415
1569663755.665
1569663755.915
1569663756.165
1569663756.415
1569663756.665
1569663756.915
1569663757.165
1569663757.415
1569663757.665
1569663757.915
1569663758.165
1569663758.415
1569663758.665
1569663758.915
1569663759.165
1569663759.415
1569663759.665
1569663759.915
1569663760.165
1569663760.415
1569663760.665
1569663760.915
1569663761.165
1569663761.415
1569663761.665
1569663761.915
1569663762.165
1569663762.415
1569663762.665
1569663762.915
1569663763.165
1569663763.415
1569663763.665
1569663763.915
1569663764.165
1569663764.415
1569663764.665
1569663764.915
1569663765.165
1569663765.415
1569663765.665
1569663765.915
1569663766.165
1569663766.415
1569663766.665
1569663766.915
1569663767.165
1569663767.415
1569663767.665
1569663767.915
1569663768.165
1569663768.415
1569663768.665
1569663768.915
1569663769.165
1569663769.415
1569663769.665
1569663769.915
1569663770.165
1569663770.415
1569663770.665
1569663770.915
1569663771.165
1569663771.415
1569663771.665
1569663771.915
1569663772.165
1569663772.415
1569663772.665
1569663772.915
1569663773.165
1569663773.415
1569663773.665
1569663773.915
1569663774.165
1569663774.415
1569663774.665
1569663774.915
1569663775.165
1569663775.415
1569663775.665
1569663775.915
1569663776.165
1569663776.415
1569663776.665
1569663776.915
1569663777.165
1569663777.415
1569663777.665
1569663777.915
1569663778.165
1569663778.415
1569663778.665
1569663778.915
1569663779.165
1569663779.415
1569663779.665
1569663779.915
1569663780.165
1569663780.415
1569663780.665
1569663780.915
1569663781.165
1569663781.415
1569663781.665
1569663781.915
1569663782.165
1569663782.415
1569663782.665
1569663782.915
1569663783.165
1569663783.415
1569663783.665
1569663783.915
1569663784.165
1569663784.415
1569663784.665
1569663784.915
1569663785.165
1569663785.415
1569663785.665
1569663785.915
1569663786.165
1569663786.415
1569663786.665
1569663786.915
1569663787.165
1569663787.415
1569663787.665
1569663787.915
1569663788.165
1569663788.415
1569663788.665
1569663788.915
1569663789.165
1569663789.415
1569663789.665
1569663789.915
1569663790.165
1569663790.415
1569663790.665
1569663790.915
1569663791.165
1569663791.415
1569663791.665
1569663791.915
1569663792.165
1569663792.415
1569663792.665
1569663792.915
1569663793.165
1569663793.415
1569663793.665
1569663793.915
1569663794.165
1569663794.415
1569663794.665
1569663794.915
1569663795.165
1569663795.415
1569663795.665
1569663795.915
1569663796.165
1569663796.415
1569663796.665
1569663796.915
1569663797.165
1569663797.415
1569663797.665
1569663797.915
1569663798.165
1569663798.415
1569663798.665
1569663798.915
1569663799.165
1569663799.415
1569663799.665
1569663799.915
1569663800.165
1569663800.415
1569663800.665
1569663800.915
1569663801.165
1569663801.415
1569663801.665
1569663801.915
1569663802.165
1569663802.415
1569663802.665
1569663802.915
1569663803.165
1569663803.415
1569663803.665
1569663803.915
1569663804.165
1569663804.415
1569663804.665
1569663804.915
1569663805.165
1569663805.415
1569663805.665
1569663805.915
1569663806.165
1569663806.415
1569663806.665
1569663806.915
1569663807.165
1569663807.415
1569663807.665
1569663807.915
1569663808.165
1569663808.415
1569663808.665
1569663808.915
1569663809.165
1569663809.415
1569663809.665
1569663809.915
1569663810.165
1569663810.415
1569663810.665
1569663810.915
1569663811.165
1569663811.415
1569663811.665
1569663811.915
1569663812.165
1569663812.415
1569663812.665
1569663812.915
1569663813.165
1569663813.415
1569663813.665
1569663813.915
1569663814.165
1569663814.415
1569663814.665
1569663814.915
1569663815.165
1569663815.415
1569663815.665
1569663815.915
1569663816.165
1569663816.415
1569663816.665
1569663816.915
1569663817.165
1569663817.415
1569663817.665
1569663817.915
1569663818.165
1569663818.415
1569663818.665
1569663818.915
1569663819.165
1569663819.415
1569663819.665
1569663819.915
1569663820.165
1569663820.415
1569663820.665
1569663820.915
1569663821.165
1569663821.415
1569663821.665
1569663821.915
1569663822.165
1569663822.415
1569663822.665
1569663822.915
1569663823.165
1569663823.415
1569663823.665
1569663823.915
1569663824.165
1569663824.415
1569663824.665
1569663824.915
1569663825.165
1569663825.415
1569663825.665
1569663825.915
1569663826.165
1569663826.415
1569663826.665
1569663826.915
1569663827.165
1569663827.415
1569663827.665
1569663827.915
1569663828.165
1569663828.415
1569663828.665
1569663828.915
1569663829.165
1569663829.415
1569663829.665
1569663829.915
1569663830.165
1569663830.415
1569663830.665
1569663830.915
1569663831.165
1569663831.415
1569663831.665
1569663831.915
1569663832.165
1569663832.415
1569663832.665
1569663832.915
1569663833.165
1569663833.415
1569663833.665
1569663833.915
1569663834.165
1569663834.415
1569663834.665
1569663834.915
1569663835.165
1569663835.415
1569663835.665
1569663835.915
1569663836.165
1569663836.415
1569663836.665
1569663836.915
1569663837.165
1569663837.415
1569663837.665
1569663837.915
1569663838.165
1569663838.415
1569663838.665
1569663838.915
1569663839.165
1569663839.415
1569663839.665
1569663839.915
1569663840.165
1569663840.415
1569663840.665
1569663840.915
1569663841.165
1569663841.415
1569663841.665
1569663841.915
1569663842.165
1569663842.415
1569663842.665
1569663842.915
1569663843.165
1569663843.415
1569663843.665
1569663843.915
1569663844.165
1569663844.415
1569663844.665
1569663844.915
1569663845.165
1569663845.415
1569663845.665
1569663845.915
1569663846.165
1569663846.415
1569663846.665
1569663846.915
1569663847.165
1569663847.415
1569663847.665
1569663847.915
1569663848.165
1569663848.415
1569663848.665
1569663848.915
1569663849.165
1569663849.415
1569663849.665
1569663849.915
1569663850.165
1569663850.415
1569663850.665
1569663850.915
1569663851.165
1569663851.415
1569663851.665
1569663851.915
1569663852.165
1569663852.415
1569663852.665
1569663852.915
1569663853.165
1569663853.415
1569663853.665
1569663853.915
1569663854.165
1569663854.415
1569663854.665
1569663854.915
1569663855.165
1569663855.415
1569663855.665
1569663855.915
1569663856.165
1569663856.415
1569663856.665
1569663856.915
1569663857.165
1569663857.415
1569663857.665
1569663857.915
1569663858.165
1569663858.415
1569663858.665
1569663858.915
1569663859.165
1569663859.415
1569663859.665
1569663859.915
1569663860.165
1569663860.415
1569663860.665
1569663860.915
1569663861.165
1569663861.415
1569663861.665
1569663861.915
1569663862.165
1569663862.415
1569663862.665
1569663862.915
1569663863.165
1569663863.415
1569663863.665
1569663863.915
1569663864.165
1569663864.415
1569663864.665
1569663864.915
1569663865.165
1569663865.415
1569663865.665
1569663865.915
1569663866.165
1569663866.415
1569663866.665
1569663866.915
1569663867.165
1569663867.415
1569663867.665
1569663867.915
1569663868.165
1569663868.415
1569663868.665
1569663868.915
1569663869.165
1569663869.415
1569663869.665
1569663869.915
1569663870.165
1569663870.415
1569663870.665
1569663870.915
1569663871.165
1569663871.415
1569663871.665
1569663871.915
1569663872.165
1569663872.415
1569663872.665
1569663872.915
1569663873.165
1569663873.415
1569663873.665
1569663873.915
1569663874.165
1569663874.415
1569663874.665
1569663874.915
1569663875.165
1569663875.415
1569663875.665
1569663875.915
1569663876.165
1569663876.415
1569663876.665
1569663876.915
1569663877.165
1569663877.415
1569663877.665
1569663877.915
1569663878.165
1569663878.415
1569663878.665
1569663878.915
1569663879.165
1569663879.415
1569663879.665
1569663879.915
1569663880.165
1569663880.415
1569663880.665
1569663880.915
1569663881.165
1569663881.415
1569663881.665
1569663881.915
1569663882.165
1569663882.415
1569663882.665
1569663882.915
1569663883.165
1569663883.415
1569663883.665
1569663883.915
1569663884.165
1569663884.415
1569663884.665
1569663884.915
1569663885.165
1569663885.415
1569663885.665
1569663885.915
1569663886.165
1569663886.415
1569663886.665
1569663886.915
1569663887.165
1569663887.415
1569663887.665
1569663887.915
1569663888.165
1569663888.415
1569663888.665
1569663888.915
1569663889.165
1569663889.415
1569663889.665
1569663889.915
1569663890.165
1569663890.415
1569663890.665
1569663890.915
1569663891.165
1569663891.415
1569663891.665
1569663891.915
1569663892.165
1569663892.415
1569663892.665
1569663892.915
1569663893.165
1569663893.415
1569663893.665
1569663893.915
1569663894.165
1569663894.415
1569663894.665
1569663894.915
1569663895.165
1569663895.415
1569663895.665
1569663895.915
1569663896.165
1569663896.415
1569663896.665
1569663896.915
1569663897.165
1569663897.415
1569663897.665
1569663897.915
1569663898.165
1569663898.415
1569663898.665
1569663898.915
1569663899.165
1569663899.415
1569663899.665
1569663899.915
1569663900.165
1569663900.415
1569663900.665
1569663900.915
1569663901.165
1569663901.415
1569663901.665
1569663901.915
1569663902.165
1569663902.415
1569663902.665
1569663902.915
1569663903.165
1569663903.415
1569663903.665
1569663903.915
1569663904.165
1569663904.415
1569663904.665
1569663904.915
1569663905.165
1569663905.415
1569663905.665
1569663905.915
1569663906.165
1569663906.415
1569663906.665
1569663906.915
1569663907.165
1569663907.415
1569663907.665
1569663907.915
1569663908.165
1569663908.415
1569663908.665
1569663908.915
1569663909.165
1569663909.415
1569663909.665
1569663909.915
1569663910.165
1569663910.415
1569663910.665
1569663910.915
1569663911.165
1569663911.415
1569663911.665
1569663911.915
1569663912.165
1569663912.415
1569663912.665
1569663912.915
1569663913.165
1569663913.415
1569663913.665
1569663913.915
1569663914.165
1569663914.415
1569663914.665
1569663914.915
1569663915.165
1569663915.415
1569663915.665
1569663915.915
1569663916.165
1569663916.415
1569663916.665
1569663916.915
1569663917.165
1569663917.415
1569663917.665
1569663917.915
1569663918.165
1569663918.415
1569663918.665
1569663918.915
1569663919.165
1569663919.415
1569663919.665
1569663919.915
1569663920.165
1569663920.415
1569663920.665
1569663920.915
1569663921.165
1569663921.415
1569663921.665
1569663921.915
1569663922.165
1569663922.415
1569663922.665
1569663922.915
1569663923.165
1569663923.415
1569663923.665
1569663923.915
1569663924.165
1569663924.415
1569663924.665
1569663924.915
1569663925.165
1569663925.415
1569663925.665
1569663925.915
1569663926.165
1569663926.415
1569663926.665
1569663926.915
1569663927.165
1569663927.415
1569663927.665
1569663927.915
1569663928.165
1569663928.415
1569663928.665
1569663928.915
1569663929.165
1569663929.415
1569663929.665
1569663929.915
1569663930.165
1569663930.415
1569663930.665
1569663930.915
1569663931.165
1569663931.415
1569663931.665
1569663931.915
1569663932.165
1569663932.415
1569663932.665
1569663932.915
1569663933.165
1569663933.415
1569663933.665
1569663933.915
1569663934.165
1569663934.415
1569663934.665
1569663934.915
1569663935.165
1569663935.415
1569663935.665
1569663935.915
1569663936.165
1569663936.415
1569663936.665
1569663936.915
1569663937.165
1569663937.415
1569663937.665
1569663937.915
1569663938.165
1569663938.415
1569663938.665
1569663938.915
1569663939.165
1569663939.415
1569663939.665
1569663939.915
1569663940.165
1569663940.415
1569663940.665
1569663940.915
1569663941.165
1569663941.415
1569663941.665
1569663941.915
1569663942.165
1569663942.415
1569663942.665
1569663942.915
1569663943.165
1569663943.415
1569663943.665
1569663943.915
1569663944.165
1569663944.415
1569663944.665
1569663944.915
1569663945.165
1569663945.415
1569663945.665
1569663945.915
1569663946.165
1569663946.415
1569663946.665
1569663946.915
1569663947.165
1569663947.415
1569663947.665
1569663947.915
1569663948.165
1569663948.415
1569663948.665
1569663948.915
1569663949.165
1569663949.415
1569663949.665
1569663949.915
1569663950.165
1569663950.415
1569663950.665
1569663950.915
1569663951.165
1569663951.415
1569663951.665
1569663951.915
1569663952.165
1569663952.415
1569663952.665
1569663952.915
1569663953.165
1569663953.415
1569663953.665
1569663953.915
1569663954.165
1569663954.415
1569663954.665
1569663954.915
1569663955.165
1569663955.415
1569663955.665
1569663955.915
1569663956.165
1569663956.415
1569663956.665
1569663956.915
1569663957.165
1569663957.415
1569663957.665
1569663957.915
1569663958.165
1569663958.415
1569663958.665
1569663958.915
1569663959.165
1569663959.415
1569663959.665
1569663959.915
1569663960.165
1569663960.415
1569663960.665
1569663960.915
1569663961.165
1569663961.415
1569663961.665
1569663961.915
1569663962.165
1569663962.415
1569663962.665
1569663962.915
1569663963.165
1569663963.415
1569663963.665
1569663963.915
1569663964.165
1569663964.415
1569663964.665
1569663964.915
1569663965.165
1569663965.415
1569663965.665
1569663965.915
1569663966.165
1569663966.415
1569663966.665
1569663966.915
1569663967.165
1569663967.415
1569663967.665
1569663967.915
1569663968.165
1569663968.415
1569663968.665
1569663968.915
1569663969.165
1569663969.415
1569663969.665
1569663969.915
1569663970.165
1569663970.415
1569663970.665
1569663970.915
1569663971.165
1569663971.415
1569663971.665
1569663971.915
1569663972.165
1569663972.415
1569663972.665
1569663972.915
1569663973.165
1569663973.415
1569663973.665
1569663973.915
1569663974.165
1569663974.415
1569663974.665
1569663974.915
1569663975.165
1569663975.415
1569663975.665
1569663975.915
1569663976.165
1569663976.415
1569663976.665
1569663976.915
1569663977.165
1569663977.415
1569663977.665
1569663977.915
1569663978.165
1569663978.415
1569663978.665
1569663978.915
1569663979.165
1569663979.415
1569663979.665
1569663979.915
1569663980.165
1569663980.415
1569663980.665
1569663980.915
1569663981.165
1569663981.415
1569663981.665
1569663981.915
1569663982.165
1569663982.415
1569663982.665
1569663982.915
1569663983.165
1569663983.415
1569663983.665
1569663983.915
1569663984.165
1569663984.415
1569663984.665
1569663984.915
1569663985.165
1569663985.415
1569663985.665
1569663985.915
1569663986.165
1569663986.415
1569663986.665
1569663986.915
1569663987.165
1569663987.415
1569663987.665
1569663987.915
1569663988.165
1569663988.415
1569663988.665
1569663988.915
1569663989.165
1569663989.415
1569663989.665
1569663989.915
1569663990.165
1569663990.415
1569663990.665
1569663990.915
1569663991.165
1569663991.415
1569663991.665
1569663991.915
1569663992.165
1569663992.415
1569663992.665
1569663992.915
1569663993.165
1569663993.415
1569663993.665
1569663993.915
1569663994.165
1569663994.415
1569663994.665
1569663994.915
1569663995.165
1569663995.415
1569663995.665
1569663995.915
1569663996.165
1569663996.415
1569663996.665
1569663996.915
1569663997.165
1569663997.415
1569663997.665
1569663997.915
1569663998.165
1569663998.415
1569663998.665
