0.1870743
0.1883556
0.1883556
0.185793
0.1870743
0.1883556
0.1870743
0.185793
0.1870743
0.185793
0.189637
0.189637
0.1870743
0.185793
0.1870743
0.185793
0.185793
0.185793
0.185793
0.185793
0.1883556
0.1883556
0.1870743
0.1883556
0.185793
0.181949
0.185793
0.185793
0.189637
0.1883556
0.189637
0.189637
0.189637
0.185793
0.1870743
0.1870743
0.1832303
0.185793
0.1870743
0.1883556
0.1883556
0.1870743
0.185793
0.185793
0.185793
0.1870743
0.185793
0.1832303
0.1883556
0.189637
0.1883556
0.185793
0.185793
0.1883556
0.1870743
0.1883556
0.1870743
0.1870743
0.185793
0.1870743
0.185793
0.185793
0.1870743
0.1883556
0.1870743
0.1883556
0.1870743
0.189637
0.189637
0.1845116
0.1870743
0.1870743
0.1870743
0.185793
0.1883556
0.189637
0.1883556
0.1883556
0.1883556
0.1870743
0.1845116
0.1870743
0.1909183
0.1909183
0.1883556
0.189637
0.189637
0.1909183
0.1870743
0.1883556
0.1870743
0.1883556
0.1883556
0.189637
0.1909183
0.1909183
0.189637
0.1870743
0.1870743
0.1870743
0.189637
0.189637
0.1883556
0.1909183
0.1909183
0.189637
0.189637
0.1870743
0.1870743
0.1870743
0.189637
0.189637
0.1883556
0.1832303
0.189637
0.1870743
0.1870743
0.1870743
0.189637
0.1883556
0.1909183
0.189637
0.1909183
0.1883556
0.185793
0.1870743
0.1870743
0.189637
0.1883556
0.189637
0.189637
0.189637
0.1870743
0.1870743
0.1870743
0.185793
0.1909183
0.1870743
0.189637
0.189637
0.189637
0.1883556
0.1870743
0.1870743
0.1870743
0.1870743
0.1870743
0.1883556
0.189637
0.189637
0.1909183
0.189637
0.1870743
0.1870743
0.1870743
0.1883556
0.1883556
0.1870743
0.189637
0.185793
0.189637
0.1870743
0.1870743
0.1870743
0.1870743
0.1883556
0.189637
0.1909183
0.1883556
0.1883556
0.1870743
0.1870743
0.189637
0.1883556
0.189637
0.189637
0.189637
0.1870743
0.189637
0.185793
0.1870743
0.1870743
0.189637
0.1909183
0.1909183
0.189637
0.1909183
0.1921996
0.1883556
0.1883556
0.185793
0.1883556
0.1883556
0.189637
0.189637
0.189637
0.189637
0.1883556
0.1883556
0.1883556
0.189637
0.1870743
0.1921996
0.1909183
0.1909183
0.1883556
0.1883556
0.1883556
0.189637
0.189637
0.1921996
0.1921996
0.1883556
0.1909183
0.1883556
0.1883556
0.1883556
0.189637
0.189637
0.1921996
0.1909183
0.1909183
0.1870743
0.1870743
0.1883556
0.189637
0.1883556
0.1909183
0.189637
0.1909183
0.1883556
0.1883556
0.1883556
0.189637
0.1870743
0.1909183
0.1870743
0.189637
0.1870743
0.1883556
0.1883556
0.1909183
0.1883556
0.189637
0.189637
0.1883556
0.189637
0.1883556
0.1883556
0.1909183
0.1909183
0.1921996
0.189637
0.189637
0.1883556
0.1883556
0.1870743
0.1883556
0.1909183
0.189637
0.1921996
0.1909183
0.189637
0.1883556
0.189637
0.1883556
0.1909183
0.189637
0.1921996
0.189637
0.1921996
0.1921996
0.1883556
0.189637
0.189637
0.189637
0.1909183
0.1909183
0.189637
0.189637
0.1870743
0.1883556
0.189637
0.189637
0.1909183
0.1909183
0.1921996
0.189637
0.1909183
0.185793
0.1883556
0.1883556
0.189637
0.1883556
0.189637
0.189637
0.1921996
0.1909183
0.189637
0.1883556
0.1870743
0.1909183
0.1921996
0.189637
0.189637
0.1909183
0.1921996
0.1883556
0.189637
0.189637
0.1909183
0.1883556
0.1921996
0.1921996
0.1921996
0.1909183
0.1909183
0.189637
0.1909183
0.1921996
0.1921996
0.1921996
0.1883556
0.1921996
0.1909183
0.189637
0.1909183
0.1909183
0.1921996
0.189637
0.189637
0.1921996
0.1921996
0.1909183
0.189637
0.1909183
0.189637
0.1921996
0.193481
0.189637
0.189637
0.1909183
0.1921996
0.189637
0.1883556
0.189637
0.1909183
0.189637
0.189637
0.1909183
0.1909183
0.1921996
0.189637
0.1909183
0.189637
0.1883556
0.1921996
0.189637
0.1909183
0.1909183
0.1909183
0.1883556
0.189637
0.189637
0.1921996
0.1909183
0.189637
0.189637
0.1921996
0.1921996
0.1909183
0.1909183
0.189637
0.1909183
0.189637
0.1909183
0.193481
0.1870743
0.1909183
0.189637
0.189637
0.189637
0.1909183
0.189637
0.1921996
0.1909183
0.193481
0.193481
0.1909183
0.189637
0.1909183
0.1909183
0.1921996
0.189637
0.193481
0.1921996
0.189637
0.1921996
0.1909183
0.1909183
0.1909183
0.189637
0.189637
0.1909183
0.193481
0.1921996
0.1921996
0.1909183
0.1909183
0.1909183
0.189637
0.1921996
0.1909183
0.1909183
0.1909183
0.1921996
0.193481
0.1909183
0.1909183
0.1909183
0.193481
0.189637
0.1921996
0.1909183
0.1921996
0.1921996
0.1909183
0.1909183
0.1909183
0.193481
0.1909183
0.193481
0.189637
0.1921996
0.1921996
0.1909183
0.1909183
0.1909183
0.1921996
0.193481
0.193481
0.1921996
0.1921996
0.189637
0.189637
0.189637
0.1909183
0.1909183
0.1909183
0.1909183
0.1921996
0.1921996
0.1909183
0.189637
0.1883556
0.1909183
0.1909183
0.1909183
0.1909183
0.1921996
0.1921996
0.1921996
0.193481
0.189637
0.189637
0.1883556
0.1909183
0.1921996
0.1909183
0.1921996
0.1921996
0.1921996
0.1921996
0.1909183
0.1909183
0.1909183
0.1870743
0.1909183
0.1921996
0.1921996
0.1921996
0.1921996
0.193481
0.2191076
0.2203889
0.2191076
0.2178263
0.2178263
0.2165449
0.2165449
0.2165449
0.2165449
0.2152636
0.2152636
0.2127009
0.2139823
0.2127009
0.2165449
0.2139823
0.2139823
0.2165449
0.2152636
0.2139823
0.2127009
0.2114196
0.2101383
0.2101383
0.2088569
0.2101383
0.2114196
0.2088569
0.2127009
0.2101383
0.2075756
0.2088569
0.2075756
0.2088569
0.2075756
0.2088569
0.2088569
0.2075756
0.2088569
0.2062943
0.2050129
0.2050129
0.2050129
0.2075756
0.2075756
0.2075756
0.2037316
0.2075756
0.2024503
0.2050129
0.2050129
0.2050129
0.2050129
0.2050129
0.2062943
0.2075756
0.2050129
0.2037316
0.2050129
0.2024503
0.2062943
0.2075756
0.2050129
0.2050129
0.2075756
0.2062943
0.2037316
0.2050129
0.2050129
0.2088569
0.2062943
0.2101383
0.2114196
0.2114196
0.2101383
0.2075756
0.2062943
0.2062943
0.2088569
0.2062943
0.2062943
0.2050129
0.2062943
0.2062943
0.2037316
0.2037316
0.2037316
0.2050129
0.2050129
0.2050129
0.2050129
0.2075756
0.2037316
0.2037316
0.201169
0.2037316
0.2050129
0.2062943
0.2050129
0.2050129
0.2062943
0.2050129
0.2024503
0.201169
0.2024503
0.2050129
0.2037316
0.2050129
0.2037316
0.2050129
0.2050129
0.2037316
0.2024503
0.2024503
0.2024503
0.2037316
0.2037316
0.2050129
0.2050129
0.2037316
0.2024503
0.2024503
0.2024503
0.2037316
0.2062943
0.2024503
0.2050129
0.2062943
0.2050129
0.2050129
0.2024503
0.2024503
0.2024503
0.2024503
0.2024503
0.2050129
0.2024503
0.2062943
0.2050129
0.2062943
0.2024503
0.2024503
0.2024503
0.2037316
0.2024503
0.2050129
0.2024503
0.2037316
0.2050129
0.2024503
0.2024503
0.2024503
0.2024503
0.2050129
0.2024503
0.2037316
0.2062943
0.2050129
0.1986063
0.2024503
0.1998876
0.2024503
0.2024503
0.2037316
0.2024503
0.2037316
0.2050129
0.2037316
0.2024503
0.201169
0.2024503
0.2062943
0.2037316
0.2050129
0.2050129
0.2050129
0.2050129
0.2024503
0.2024503
0.2024503
0.1998876
0.2050129
0.2024503
0.2050129
0.2050129
0.2062943
0.2062943
0.2050129
0.2050129
0.2050129
0.2050129
0.2062943
0.2062943
0.2062943
0.2062943
0.2075756
0.2075756
0.2050129
0.2050129
0.2050129
0.2050129
0.2062943
0.2062943
0.2062943
0.2075756
0.2075756
0.2062943
0.2050129
0.2050129
0.2050129
0.2050129
0.2050129
0.2062943
0.201169
0.2050129
0.2075756
0.2062943
0.2062943
0.2050129
0.2050129
0.2050129
0.2075756
0.2062943
0.2062943
0.2050129
0.2075756
0.2075756
0.2050129
0.2050129
0.2050129
0.2050129
0.2075756
0.2075756
0.2088569
0.2075756
0.2062943
0.2075756
0.2101383
0.2062943
0.2062943
0.2062943
0.2075756
0.2088569
0.2127009
0.2127009
0.2152636
0.2127009
0.2127009
0.2139823
0.2152636
0.2152636
0.2191076
0.2178263
0.2178263
0.2191076
0.2191076
0.2178263
0.2152636
0.2178263
0.2178263
0.2178263
0.2191076
0.2293582
0.2485782
0.2562662
0.2575475
0.2562662
0.2511409
0.2460155
0.2460155
0.2434529
0.2434529
0.2447342
0.2434529
0.2434529
0.2421715
0.2408902
0.2383275
0.2370462
0.2357649
0.2344836
0.2344836
0.2332022
0.2332022
0.2319209
0.2332022
0.2332022
0.2306396
0.2319209
0.2319209
0.2306396
0.2344836
0.2344836
0.2332022
0.2319209
0.2319209
0.2306396
0.2306396
0.2434529
0.2319209
0.2319209
0.2306396
0.2319209
0.2344836
0.2332022
0.2332022
0.2293582
0.2306396
0.2293582
0.2319209
0.2319209
0.2306396
0.2306396
0.2319209
0.2319209
0.2306396
0.2280769
0.2280769
0.2280769
0.2280769
0.2293582
0.2293582
0.2306396
0.2293582
0.2306396
0.2332022
0.2306396
0.2319209
0.2332022
0.2332022
0.2344836
0.2357649
0.2357649
0.2357649
0.2306396
0.2332022
0.2357649
0.2306396
0.2306396
0.2293582
0.2319209
0.2293582
0.2306396
0.2306396
0.2306396
0.2280769
0.2280769
0.2267956
0.2280769
0.2267956
0.2267956
0.2293582
0.2306396
0.2306396
0.2293582
0.2306396
0.2267956
0.2306396
0.2242329
0.2267956
0.2267956
0.2267956
0.2267956
0.2280769
0.2280769
0.2293582
0.2319209
0.2306396
0.2306396
0.2306396
0.2319209
0.2319209
0.2344836
0.2344836
0.2344836
0.2383275
0.2408902
0.2421715
0.2511409
0.2665168
0.2652355
0.2626728
0.2588288
0.2601102
0.2588288
0.2575475
0.2562662
0.2562662
0.2537035
0.2524222
0.2498595
0.2498595
0.2498595
0.2498595
0.2524222
0.2524222
0.2524222
0.2524222
0.2537035
0.2549849
0.2524222
0.2511409
0.2485782
0.2472969
0.2447342
0.2485782
0.2472969
0.2537035
0.2639542
0.2870181
0.3190514
0.3164887
0.3126447
0.3113634
0.3100821
0.3088008
0.3075194
0.3062381
0.3049568
0.3049568
0.3036754
0.3011128
0.2972688
0.2985501
0.2985501
0.2998314
0.2998314
0.3023941
0.3023941
0.3023941
0.3139261
0.3023941
0.3011128
0.3011128
0.3036754
0.3036754
0.3062381
0.3088008
0.3075194
0.3100821
0.3126447
0.3139261
0.3139261
0.3152074
0.3152074
0.3164887
0.3177701
0.3164887
0.3190514
0.333146
0.333146
0.33699
0.3382714
0.3395527
0.3459594
0.348522
0.3536474
0.35621
0.3536474
0.3536474
0.3536474
0.3549287
0.3536474
0.352366
0.352366
0.3510847
0.3510847
0.3767113
0.379274
0.3741486
0.3703046
0.3703046
0.3703046
0.371586
0.3843993
0.390806
0.3972126
0.3972126
0.3972126
0.39465
0.3959313
0.3959313
0.39465
0.39465
0.39465
0.39465
0.3933686
0.39465
0.39465
0.39465
0.3920873
0.3933686
0.3933686
0.3933686
0.3959313
0.3920873
0.39465
0.3933686
0.3933686
0.390806
0.390806
0.3920873
0.3920873
0.3920873
0.3959313
0.39465
0.3959313
0.3984939
0.3997753
0.3984939
0.3959313
0.3984939
0.4023379
0.4023379
0.4049006
0.4074633
0.4087446
0.4100259
0.4113072
0.4125886
0.4394965
0.4433405
0.4484659
0.4510285
0.4484659
0.4497472
0.4779364
0.4779364
0.4728111
0.4689671
0.4664045
0.4651231
0.4651231
0.4651231
0.4625605
0.4702485
0.4830618
0.4971564
0.5022817
0.5022817
0.5022817
0.5022817
0.5022817
0.4984378
0.4933124
0.4907498
0.4830618
0.4792178
0.4728111
0.4715298
0.4689671
0.4664045
0.4676858
0.4651231
0.4638418
0.4651231
0.4651231
0.4651231
0.4651231
0.4651231
0.4676858
0.4702485
0.4753738
0.4856244
0.4920311
0.4984378
0.5010004
0.5035631
0.5022817
0.5035631
0.5061257
0.5086884
0.5112511
0.5138137
0.5112511
0.5112511
0.5086884
0.5074071
0.5074071
0.5061257
0.5048444
0.5010004
0.4997191
0.5010004
0.4997191
0.4984378
0.4971564
0.4958751
0.4971564
0.4958751
0.4920311
0.4907498
0.4894684
0.4907498
0.4894684
0.4933124
0.4971564
0.4997191
0.5099697
0.5189391
0.5215017
0.5202204
0.5215017
0.5266271
0.5266271
0.5266271
0.5330337
0.5368777
0.542003
0.542003
0.5432844
0.5432844
0.5432844
0.5432844
0.5432844
0.5445657
0.542003
0.5445657
0.5484096
0.553535
0.561223
0.5740363
0.5906936
0.5996629
0.5983816
0.5983816
0.5958189
0.5919749
0.5906936
0.5855682
0.5817243
0.5765989
0.5740363
0.572755
0.568911
0.5663483
0.5637856
0.561223
0.5586603
0.557379
0.557379
0.5560976
0.5765989
0.5855682
0.5958189
0.6047882
0.6073509
0.6124762
0.6240082
0.6201642
0.6124762
0.6073509
0.6047882
0.6047882
0.6060696
0.6022256
0.5971003
0.5932562
0.5894123
0.6035069
0.6035069
0.5983816
0.5932562
0.5932562
0.5945376
0.5945376
0.5996629
0.6252896
0.6368215
0.6368215
0.6316962
0.6265709
0.6240082
0.6214455
0.6188829
0.6163202
0.6150389
0.6124762
0.6099136
0.6086322
0.6099136
0.6099136
0.6124762
0.6150389
0.6163202
0.6201642
0.6188829
0.6188829
0.6214455
0.6201642
0.6214455
0.6201642
0.6240082
0.6227269
0.6214455
0.6214455
0.6240082
0.6201642
0.6214455
0.6201642
0.6227269
0.6201642
0.6201642
0.6201642
0.6214455
0.6214455
0.6214455
0.6227269
0.6201642
0.6227269
0.6227269
0.6278522
0.6355402
0.6432282
0.6496348
0.6586041
0.6778241
0.6268377
0.515362
0.5140806
0.5166433
0.5166433
0.5166433
0.5115179
0.5140806
0.5089553
0.50383
0.50383
0.5063927
0.499986
0.4974233
0.4987046
0.4974233
0.4948606
0.4910167
0.4910167
0.4910167
0.4897353
0.492298
0.4948606
0.4897353
0.488454
0.492298
0.4897353
0.488454
0.492298
0.4897353
0.492298
0.4910167
0.4910167
0.488454
0.4935793
0.492298
0.4897353
0.4858913
0.4858913
0.488454
0.4858913
0.488454
0.4910167
0.4910167
0.492298
0.492298
0.4897353
0.4910167
0.492298
0.4974233
0.4987046
0.5051113
0.5115179
0.515362
0.515362
0.515362
0.5204873
0.5256126
0.5358633
0.5461139
0.5525206
0.5576459
0.5614899
0.5768659
0.5768659
0.5819912
0.5807098
0.5768659
0.5781472
0.5717405
0.5627712
0.5614899
0.5640525
0.5576459
0.5550832
0.5576459
0.5602086
0.5653338
0.5653338
0.5730218
0.5743032
0.5755845
0.5717405
0.5678965
0.5678965
0.5653338
0.5653338
0.5589272
0.5576459
0.5563645
0.5550832
0.5576459
0.5525206
0.5538019
0.5550832
0.5563645
0.5538019
0.5563645
0.5563645
0.5589272
0.5614899
0.5614899
0.5627712
0.5614899
0.5627712
0.5602086
0.5627712
0.5602086
0.5589272
0.5614899
0.5525206
0.5576459
0.5614899
0.5743032
0.5807098
0.5807098
0.5807098
0.5794285
0.5832725
0.5781472
0.5755845
0.5743032
0.5794285
0.5717405
0.5755845
0.5704592
0.5653338
0.5640525
0.5704592
0.5832725
0.5960858
0.6114618
0.6242751
0.6191497
0.6332444
0.6370884
0.6345257
0.6358071
0.6370884
0.6268377
0.6165871
0.6127431
0.5986485
0.5986485
0.5909605
0.5858352
0.5832725
0.5794285
0.5755845
0.5717405
0.5678965
0.5666152
0.5666152
0.5602086
0.5563645
0.5538019
0.5461139
0.5486766
0.5473952
0.5461139
0.5422699
0.5397072
0.5397072
0.5384259
0.5345819
0.5333006
0.5320193
0.5281753
0.5345819
0.5333006
0.5345819
0.5371446
0.5345819
0.5294566
0.5294566
0.5307379
0.5320193
0.5345819
0.5333006
0.5397072
0.5358633
0.5371446
0.5358633
0.5371446
0.5371446
0.5397072
0.5371446
0.5358633
0.5384259
0.5358633
0.5397072
0.5384259
0.5358633
0.5371446
0.5397072
0.5409886
0.5473952
0.5461139
0.5486766
0.5486766
0.5435513
0.5499579
0.5499579
0.5512393
0.5525206
0.5473952
0.5486766
0.5473952
0.5461139
0.5435513
0.5422699
0.5409886
0.5409886
0.5448326
0.5525206
0.5704592
0.5781472
0.5781472
0.5794285
0.5781472
0.5781472
0.5768659
0.5730218
0.5743032
0.5743032
0.5691779
0.5653338
0.5704592
0.5627712
0.5576459
0.5576459
0.5538019
0.5602086
0.5525206
0.5563645
0.5576459
0.5563645
0.5525206
0.5499579
0.5538019
0.5525206
0.5550832
0.5525206
0.5525206
0.5550832
0.5550832
0.5653338
0.5704592
0.5871165
0.6024925
0.6165871
0.6191497
0.6281191
0.6460577
0.6486204
0.6511831
0.6511831
0.6434951
0.6358071
0.6306818
0.6332444
0.6294004
0.6255564
0.6255564
0.6358071
0.6460577
0.6537457
0.6575897
0.662715
0.6652777
0.670403
0.6691217
0.670403
0.6691217
0.666559
0.6729657
0.666559
0.6601524
0.6601524
0.6588711
0.655027
0.6588711
0.6588711
0.6614337
0.6691217
0.670403
0.670403
0.670403
0.6691217
0.6716843
0.670403
0.666559
0.6678404
0.6639963
0.6652777
0.6652777
0.6639963
0.6678404
0.6678404
0.666559
0.6716843
0.666559
0.670403
0.666559
0.670403
0.6716843
0.6691217
0.6729657
0.6716843
0.6729657
0.6755283
0.6768097
0.6755283
0.6755283
0.678091
0.6793723
0.6806537
0.6844977
0.693467
0.6985923
0.7075616
0.7011549
0.7075616
0.7062803
0.7062803
0.7024363
0.6985923
0.6960297
0.693467
0.6921856
0.689623
0.6883417
0.6870603
0.6832163
0.6832163
0.6806537
0.6793723
0.678091
0.6768097
0.6793723
0.6806537
0.6768097
0.678091
0.6832163
0.685779
0.689623
0.6909043
0.693467
0.697311
0.6960297
0.697311
0.6909043
0.6909043
0.689623
0.685779
0.685779
0.6832163
0.6793723
0.678091
0.678091
0.678091
0.6755283
0.6793723
0.689623
