1569596653.588
1569596653.838
1569596654.088
1569596654.338
1569596654.588
1569596654.838
1569596655.088
1569596655.338
1569596655.588
1569596655.838
1569596656.088
1569596656.338
1569596656.588
1569596656.838
1569596657.088
1569596657.338
1569596657.588
1569596657.838
1569596658.088
1569596658.338
1569596658.588
1569596658.838
1569596659.088
1569596659.338
1569596659.588
1569596659.838
1569596660.088
1569596660.338
1569596660.588
1569596660.838
1569596661.088
1569596661.338
1569596661.588
1569596661.838
1569596662.088
1569596662.338
1569596662.588
1569596662.838
1569596663.088
1569596663.338
1569596663.588
1569596663.838
1569596664.088
1569596664.338
1569596664.588
1569596664.838
1569596665.088
1569596665.338
1569596665.588
1569596665.838
1569596666.088
1569596666.338
1569596666.588
1569596666.838
1569596667.088
1569596667.338
1569596667.588
1569596667.838
1569596668.088
1569596668.338
1569596668.588
1569596668.838
1569596669.088
1569596669.338
1569596669.588
1569596669.838
1569596670.088
1569596670.338
1569596670.588
1569596670.838
1569596671.088
1569596671.338
1569596671.588
1569596671.838
1569596672.088
1569596672.338
1569596672.588
1569596672.838
1569596673.088
1569596673.338
1569596673.588
1569596673.838
1569596674.088
1569596674.338
1569596674.588
1569596674.838
1569596675.088
1569596675.338
1569596675.588
1569596675.838
1569596676.088
1569596676.338
1569596676.588
1569596676.838
1569596677.088
1569596677.338
1569596677.588
1569596677.838
1569596678.088
1569596678.338
1569596678.588
1569596678.838
1569596679.088
1569596679.338
1569596679.588
1569596679.838
1569596680.088
1569596680.338
1569596680.588
1569596680.838
1569596681.088
1569596681.338
1569596681.588
1569596681.838
1569596682.088
1569596682.338
1569596682.588
1569596682.838
1569596683.088
1569596683.338
1569596683.588
1569596683.838
1569596684.088
1569596684.338
1569596684.588
1569596684.838
1569596685.088
1569596685.338
1569596685.588
1569596685.838
1569596686.088
1569596686.338
1569596686.588
1569596686.838
1569596687.088
1569596687.338
1569596687.588
1569596687.838
1569596688.088
1569596688.338
1569596688.588
1569596688.838
1569596689.088
1569596689.338
1569596689.588
1569596689.838
1569596690.088
1569596690.338
1569596690.588
1569596690.838
1569596691.088
1569596691.338
1569596691.588
1569596691.838
1569596692.088
1569596692.338
1569596692.588
1569596692.838
1569596693.088
1569596693.338
1569596693.588
1569596693.838
1569596694.088
1569596694.338
1569596694.588
1569596694.838
1569596695.088
1569596695.338
1569596695.588
1569596695.838
1569596696.088
1569596696.338
1569596696.588
1569596696.838
1569596697.088
1569596697.338
1569596697.588
1569596697.838
1569596698.088
1569596698.338
1569596698.588
1569596698.838
1569596699.088
1569596699.338
1569596699.588
1569596699.838
1569596700.088
1569596700.338
1569596700.588
1569596700.838
1569596701.088
1569596701.338
1569596701.588
1569596701.838
1569596702.088
1569596702.338
1569596702.588
1569596702.838
1569596703.088
1569596703.338
1569596703.588
1569596703.838
1569596704.088
1569596704.338
1569596704.588
1569596704.838
1569596705.088
1569596705.338
1569596705.588
1569596705.838
1569596706.088
1569596706.338
1569596706.588
1569596706.838
1569596707.088
1569596707.338
1569596707.588
1569596707.838
1569596708.088
1569596708.338
1569596708.588
1569596708.838
1569596709.088
1569596709.338
1569596709.588
1569596709.838
1569596710.088
1569596710.338
1569596710.588
1569596710.838
1569596711.088
1569596711.338
1569596711.588
1569596711.838
1569596712.088
1569596712.338
1569596712.588
1569596712.838
1569596713.088
1569596713.338
1569596713.588
1569596713.838
1569596714.088
1569596714.338
1569596714.588
1569596714.838
1569596715.088
1569596715.338
1569596715.588
1569596715.838
1569596716.088
1569596716.338
1569596716.588
1569596716.838
1569596717.088
1569596717.338
1569596717.588
1569596717.838
1569596718.088
1569596718.338
1569596718.588
1569596718.838
1569596719.088
1569596719.338
1569596719.588
1569596719.838
1569596720.088
1569596720.338
1569596720.588
1569596720.838
1569596721.088
1569596721.338
1569596721.588
1569596721.838
1569596722.088
1569596722.338
1569596722.588
1569596722.838
1569596723.088
1569596723.338
1569596723.588
1569596723.838
1569596724.088
1569596724.338
1569596724.588
1569596724.838
1569596725.088
1569596725.338
1569596725.588
1569596725.838
1569596726.088
1569596726.338
1569596726.588
1569596726.838
1569596727.088
1569596727.338
1569596727.588
1569596727.838
1569596728.088
1569596728.338
1569596728.588
1569596728.838
1569596729.088
1569596729.338
1569596729.588
1569596729.838
1569596730.088
1569596730.338
1569596730.588
1569596730.838
1569596731.088
1569596731.338
1569596731.588
1569596731.838
1569596732.088
1569596732.338
1569596732.588
1569596732.838
1569596733.088
1569596733.338
1569596733.588
1569596733.838
1569596734.088
1569596734.338
1569596734.588
1569596734.838
1569596735.088
1569596735.338
1569596735.588
1569596735.838
1569596736.088
1569596736.338
1569596736.588
1569596736.838
1569596737.088
1569596737.338
1569596737.588
1569596737.838
1569596738.088
1569596738.338
1569596738.588
1569596738.838
1569596739.088
1569596739.338
1569596739.588
1569596739.838
1569596740.088
1569596740.338
1569596740.588
1569596740.838
1569596741.088
1569596741.338
1569596741.588
1569596741.838
1569596742.088
1569596742.338
1569596742.588
1569596742.838
1569596743.088
1569596743.338
1569596743.588
1569596743.838
1569596744.088
1569596744.338
1569596744.588
1569596744.838
1569596745.088
1569596745.338
1569596745.588
1569596745.838
1569596746.088
1569596746.338
1569596746.588
1569596746.838
1569596747.088
1569596747.338
1569596747.588
1569596747.838
1569596748.088
1569596748.338
1569596748.588
1569596748.838
1569596749.088
1569596749.338
1569596749.588
1569596749.838
1569596750.088
1569596750.338
1569596750.588
1569596750.838
1569596751.088
1569596751.338
1569596751.588
1569596751.838
1569596752.088
1569596752.338
1569596752.588
1569596752.838
1569596753.088
1569596753.338
1569596753.588
1569596753.838
1569596754.088
1569596754.338
1569596754.588
1569596754.838
1569596755.088
1569596755.338
1569596755.588
1569596755.838
1569596756.088
1569596756.338
1569596756.588
1569596756.838
1569596757.088
1569596757.338
1569596757.588
1569596757.838
1569596758.088
1569596758.338
1569596758.588
1569596758.838
1569596759.088
1569596759.338
1569596759.588
1569596759.838
1569596760.088
1569596760.338
1569596760.588
1569596760.838
1569596761.088
1569596761.338
1569596761.588
1569596761.838
1569596762.088
1569596762.338
1569596762.588
1569596762.838
1569596763.088
1569596763.338
1569596763.588
1569596763.838
1569596764.088
1569596764.338
1569596764.588
1569596764.838
1569596765.088
1569596765.338
1569596765.588
1569596765.838
1569596766.088
1569596766.338
1569596766.588
1569596766.838
1569596767.088
1569596767.338
1569596767.588
1569596767.838
1569596768.088
1569596768.338
1569596768.588
1569596768.838
1569596769.088
1569596769.338
1569596769.588
1569596769.838
1569596770.088
1569596770.338
1569596770.588
1569596770.838
1569596771.088
1569596771.338
1569596771.588
1569596771.838
1569596772.088
1569596772.338
1569596772.588
1569596772.838
1569596773.088
1569596773.338
1569596773.588
1569596773.838
1569596774.088
1569596774.338
1569596774.588
1569596774.838
1569596775.088
1569596775.338
1569596775.588
1569596775.838
1569596776.088
1569596776.338
1569596776.588
1569596776.838
1569596777.088
1569596777.338
1569596777.588
1569596777.838
1569596778.088
1569596778.338
1569596778.588
1569596778.838
1569596779.088
1569596779.338
1569596779.588
1569596779.838
1569596780.088
1569596780.338
1569596780.588
1569596780.838
1569596781.088
1569596781.338
1569596781.588
1569596781.838
1569596782.088
1569596782.338
1569596782.588
1569596782.838
1569596783.088
1569596783.338
1569596783.588
1569596783.838
1569596784.088
1569596784.338
1569596784.588
1569596784.838
1569596785.088
1569596785.338
1569596785.588
1569596785.838
1569596786.088
1569596786.338
1569596786.588
1569596786.838
1569596787.088
1569596787.338
1569596787.588
1569596787.838
1569596788.088
1569596788.338
1569596788.588
1569596788.838
1569596789.088
1569596789.338
1569596789.588
1569596789.838
1569596790.088
1569596790.338
1569596790.588
1569596790.838
1569596791.088
1569596791.338
1569596791.588
1569596791.838
1569596792.088
1569596792.338
1569596792.588
1569596792.838
1569596793.088
1569596793.338
1569596793.588
1569596793.838
1569596794.088
1569596794.338
1569596794.588
1569596794.838
1569596795.088
1569596795.338
1569596795.588
1569596795.838
1569596796.088
1569596796.338
1569596796.588
1569596796.838
1569596797.088
1569596797.338
1569596797.588
1569596797.838
1569596798.088
1569596798.338
1569596798.588
1569596798.838
1569596799.088
1569596799.338
1569596799.588
1569596799.838
1569596800.088
1569596800.338
1569596800.588
1569596800.838
1569596801.088
1569596801.338
1569596801.588
1569596801.838
1569596802.088
1569596802.338
1569596802.588
1569596802.838
1569596803.088
1569596803.338
1569596803.588
1569596803.838
1569596804.088
1569596804.338
1569596804.588
1569596804.838
1569596805.088
1569596805.338
1569596805.588
1569596805.838
1569596806.088
1569596806.338
1569596806.588
1569596806.838
1569596807.088
1569596807.338
1569596807.588
1569596807.838
1569596808.088
1569596808.338
1569596808.588
1569596808.838
1569596809.088
1569596809.338
1569596809.588
1569596809.838
1569596810.088
1569596810.338
1569596810.588
1569596810.838
1569596811.088
1569596811.338
1569596811.588
1569596811.838
1569596812.088
1569596812.338
1569596812.588
1569596812.838
1569596813.088
1569596813.338
1569596813.588
1569596813.838
1569596814.088
1569596814.338
1569596814.588
1569596814.838
1569596815.088
1569596815.338
1569596815.588
1569596815.838
1569596816.088
1569596816.338
1569596816.588
1569596816.838
1569596817.088
1569596817.338
1569596817.588
1569596817.838
1569596818.088
1569596818.338
1569596818.588
1569596818.838
1569596819.088
1569596819.338
1569596819.588
1569596819.838
1569596820.088
1569596820.338
1569596820.588
1569596820.838
1569596821.088
1569596821.338
1569596821.588
1569596821.838
1569596822.088
1569596822.338
1569596822.588
1569596822.838
1569596823.088
1569596823.338
1569596823.588
1569596823.838
1569596824.088
1569596824.338
1569596824.588
1569596824.838
1569596825.088
1569596825.338
1569596825.588
1569596825.838
1569596826.088
1569596826.338
1569596826.588
1569596826.838
1569596827.088
1569596827.338
1569596827.588
1569596827.838
1569596828.088
1569596828.338
1569596828.588
1569596828.838
1569596829.088
1569596829.338
1569596829.588
1569596829.838
1569596830.088
1569596830.338
1569596830.588
1569596830.838
1569596831.088
1569596831.338
1569596831.588
1569596831.838
1569596832.088
1569596832.338
1569596832.588
1569596832.838
1569596833.088
1569596833.338
1569596833.588
1569596833.838
1569596834.088
1569596834.338
1569596834.588
1569596834.838
1569596835.088
1569596835.338
1569596835.588
1569596835.838
1569596836.088
1569596836.338
1569596836.588
1569596836.838
1569596837.088
1569596837.338
1569596837.588
1569596837.838
1569596838.088
1569596838.338
1569596838.588
1569596838.838
1569596839.088
1569596839.338
1569596839.588
1569596839.838
1569596840.088
1569596840.338
1569596840.588
1569596840.838
1569596841.088
1569596841.338
1569596841.588
1569596841.838
1569596842.088
1569596842.338
1569596842.588
1569596842.838
1569596843.088
1569596843.338
1569596843.588
1569596843.838
1569596844.088
1569596844.338
1569596844.588
1569596844.838
1569596845.088
1569596845.338
1569596845.588
1569596845.838
1569596846.088
1569596846.338
1569596846.588
1569596846.838
1569596847.088
1569596847.338
1569596847.588
1569596847.838
1569596848.088
1569596848.338
1569596848.588
1569596848.838
1569596849.088
1569596849.338
1569596849.588
1569596849.838
1569596850.088
1569596850.338
1569596850.588
1569596850.838
1569596851.088
1569596851.338
1569596851.588
1569596851.838
1569596852.088
1569596852.338
1569596852.588
1569596852.838
1569596853.088
1569596853.338
1569596853.588
1569596853.838
1569596854.088
1569596854.338
1569596854.588
1569596854.838
1569596855.088
1569596855.338
1569596855.588
1569596855.838
1569596856.088
1569596856.338
1569596856.588
1569596856.838
1569596857.088
1569596857.338
1569596857.588
1569596857.838
1569596858.088
1569596858.338
1569596858.588
1569596858.838
1569596859.088
1569596859.338
1569596859.588
1569596859.838
1569596860.088
1569596860.338
1569596860.588
1569596860.838
1569596861.088
1569596861.338
1569596861.588
1569596861.838
1569596862.088
1569596862.338
1569596862.588
1569596862.838
1569596863.088
1569596863.338
1569596863.588
1569596863.838
1569596864.088
1569596864.338
1569596864.588
1569596864.838
1569596865.088
1569596865.338
1569596865.588
1569596865.838
1569596866.088
1569596866.338
1569596866.588
1569596866.838
1569596867.088
1569596867.338
1569596867.588
1569596867.838
1569596868.088
1569596868.338
1569596868.588
1569596868.838
1569596869.088
1569596869.338
1569596869.588
1569596869.838
1569596870.088
1569596870.338
1569596870.588
1569596870.838
1569596871.088
1569596871.338
1569596871.588
1569596871.838
1569596872.088
1569596872.338
1569596872.588
1569596872.838
1569596873.088
1569596873.338
1569596873.588
1569596873.838
1569596874.088
1569596874.338
1569596874.588
1569596874.838
1569596875.088
1569596875.338
1569596875.588
1569596875.838
1569596876.088
1569596876.338
1569596876.588
1569596876.838
1569596877.088
1569596877.338
1569596877.588
1569596877.838
1569596878.088
1569596878.338
1569596878.588
1569596878.838
1569596879.088
1569596879.338
1569596879.588
1569596879.838
1569596880.088
1569596880.338
1569596880.588
1569596880.838
1569596881.088
1569596881.338
1569596881.588
1569596881.838
1569596882.088
1569596882.338
1569596882.588
1569596882.838
1569596883.088
1569596883.338
1569596883.588
1569596883.838
1569596884.088
1569596884.338
1569596884.588
1569596884.838
1569596885.088
1569596885.338
1569596885.588
1569596885.838
1569596886.088
1569596886.338
1569596886.588
1569596886.838
1569596887.088
1569596887.338
1569596887.588
1569596887.838
1569596888.088
1569596888.338
1569596888.588
1569596888.838
1569596889.088
1569596889.338
1569596889.588
1569596889.838
1569596890.088
1569596890.338
1569596890.588
1569596890.838
1569596891.088
1569596891.338
1569596891.588
1569596891.838
1569596892.088
1569596892.338
1569596892.588
1569596892.838
1569596893.088
1569596893.338
1569596893.588
1569596893.838
1569596894.088
1569596894.338
1569596894.588
1569596894.838
1569596895.088
1569596895.338
1569596895.588
1569596895.838
1569596896.088
1569596896.338
1569596896.588
1569596896.838
1569596897.088
1569596897.338
1569596897.588
1569596897.838
1569596898.088
1569596898.338
1569596898.588
1569596898.838
1569596899.088
1569596899.338
1569596899.588
1569596899.838
1569596900.088
1569596900.338
1569596900.588
1569596900.838
1569596901.088
1569596901.338
1569596901.588
1569596901.838
1569596902.088
1569596902.338
1569596902.588
1569596902.838
1569596903.088
1569596903.338
1569596903.588
1569596903.838
1569596904.088
1569596904.338
1569596904.588
1569596904.838
1569596905.088
1569596905.338
1569596905.588
1569596905.838
1569596906.088
1569596906.338
1569596906.588
1569596906.838
1569596907.088
1569596907.338
1569596907.588
1569596907.838
1569596908.088
1569596908.338
1569596908.588
1569596908.838
1569596909.088
1569596909.338
1569596909.588
1569596909.838
1569596910.088
1569596910.338
1569596910.588
1569596910.838
1569596911.088
1569596911.338
1569596911.588
1569596911.838
1569596912.088
1569596912.338
1569596912.588
1569596912.838
1569596913.088
1569596913.338
1569596913.588
1569596913.838
1569596914.088
1569596914.338
1569596914.588
1569596914.838
1569596915.088
1569596915.338
1569596915.588
1569596915.838
1569596916.088
1569596916.338
1569596916.588
1569596916.838
1569596917.088
1569596917.338
1569596917.588
1569596917.838
1569596918.088
1569596918.338
1569596918.588
1569596918.838
1569596919.088
1569596919.338
1569596919.588
1569596919.838
1569596920.088
1569596920.338
1569596920.588
1569596920.838
1569596921.088
1569596921.338
1569596921.588
1569596921.838
1569596922.088
1569596922.338
1569596922.588
1569596922.838
1569596923.088
1569596923.338
1569596923.588
1569596923.838
1569596924.088
1569596924.338
1569596924.588
1569596924.838
1569596925.088
1569596925.338
1569596925.588
1569596925.838
1569596926.088
1569596926.338
1569596926.588
1569596926.838
1569596927.088
1569596927.338
1569596927.588
1569596927.838
1569596928.088
1569596928.338
1569596928.588
1569596928.838
1569596929.088
1569596929.338
1569596929.588
1569596929.838
1569596930.088
1569596930.338
1569596930.588
1569596930.838
1569596931.088
1569596931.338
1569596931.588
1569596931.838
1569596932.088
1569596932.338
1569596932.588
1569596932.838
1569596933.088
1569596933.338
1569596933.588
1569596933.838
1569596934.088
1569596934.338
1569596934.588
1569596934.838
1569596935.088
1569596935.338
1569596935.588
1569596935.838
1569596936.088
1569596936.338
1569596936.588
1569596936.838
1569596937.088
1569596937.338
1569596937.588
1569596937.838
1569596938.088
1569596938.338
1569596938.588
1569596938.838
1569596939.088
1569596939.338
1569596939.588
1569596939.838
1569596940.088
1569596940.338
1569596940.588
1569596940.838
1569596941.088
1569596941.338
1569596941.588
1569596941.838
1569596942.088
1569596942.338
1569596942.588
1569596942.838
1569596943.088
1569596943.338
1569596943.588
1569596943.838
1569596944.088
1569596944.338
1569596944.588
1569596944.838
1569596945.088
1569596945.338
1569596945.588
1569596945.838
1569596946.088
1569596946.338
1569596946.588
1569596946.838
1569596947.088
1569596947.338
1569596947.588
1569596947.838
1569596948.088
1569596948.338
1569596948.588
1569596948.838
1569596949.088
1569596949.338
1569596949.588
1569596949.838
1569596950.088
1569596950.338
1569596950.588
1569596950.838
1569596951.088
1569596951.338
1569596951.588
1569596951.838
1569596952.088
1569596952.338
1569596952.588
1569596952.838
1569596953.088
1569596953.338
