1569597950.95289
1569597951.2029
1569597951.45291
1569597951.70292
1569597951.95293
1569597952.20294
1569597952.45296
1569597952.70297
1569597952.95298
1569597953.20299
1569597953.453
1569597953.70301
1569597953.95303
1569597954.20304
1569597954.45305
1569597954.70306
1569597954.95307
1569597955.20308
1569597955.45309
1569597955.70311
1569597955.95312
1569597956.20313
1569597956.45314
1569597956.70315
1569597956.95316
1569597957.20318
1569597957.45319
1569597957.7032
1569597957.95321
1569597958.20322
1569597958.45323
1569597958.70325
1569597958.95326
1569597959.20327
1569597959.45328
1569597959.70329
1569597959.9533
1569597960.20331
1569597960.45333
1569597960.70334
1569597960.95335
1569597961.20336
1569597961.45337
1569597961.70338
1569597961.9534
1569597962.20341
1569597962.45342
1569597962.70343
1569597962.95344
1569597963.20345
1569597963.45347
1569597963.70348
1569597963.95349
1569597964.2035
1569597964.45351
1569597964.70352
1569597964.95353
1569597965.20355
1569597965.45356
1569597965.70357
1569597965.95358
1569597966.20359
1569597966.4536
1569597966.70362
1569597966.95363
1569597967.20364
1569597967.45365
1569597967.70366
1569597967.95367
1569597968.20369
1569597968.4537
1569597968.70371
1569597968.95372
1569597969.20373
1569597969.45374
1569597969.70375
1569597969.95377
1569597970.20378
1569597970.45379
1569597970.7038
1569597970.95381
1569597971.20382
1569597971.45384
1569597971.70385
1569597971.95386
1569597972.20387
1569597972.45388
1569597972.70389
1569597972.95391
1569597973.20392
1569597973.45393
1569597973.70394
1569597973.95395
1569597974.20396
1569597974.45397
1569597974.70399
1569597974.954
1569597975.20401
1569597975.45402
1569597975.70403
1569597975.95404
1569597976.20406
1569597976.45407
1569597976.70408
1569597976.95409
1569597977.2041
1569597977.45411
1569597977.70412
1569597977.95414
1569597978.20415
1569597978.45416
1569597978.70417
1569597978.95418
1569597979.20419
1569597979.45421
1569597979.70422
1569597979.95423
1569597980.20424
1569597980.45425
1569597980.70426
1569597980.95428
1569597981.20429
1569597981.4543
1569597981.70431
1569597981.95432
1569597982.20433
1569597982.45434
1569597982.70436
1569597982.95437
1569597983.20438
1569597983.45439
1569597983.7044
1569597983.95441
1569597984.20443
1569597984.45444
1569597984.70445
1569597984.95446
1569597985.20447
1569597985.45448
1569597985.7045
1569597985.95451
1569597986.20452
1569597986.45453
1569597986.70454
1569597986.95455
1569597987.20456
1569597987.45458
1569597987.70459
1569597987.9546
1569597988.20461
1569597988.45462
1569597988.70463
1569597988.95465
1569597989.20466
1569597989.45467
1569597989.70468
1569597989.95469
1569597990.2047
1569597990.45472
1569597990.70473
1569597990.95474
1569597991.20475
1569597991.45476
1569597991.70477
1569597991.95478
1569597992.2048
1569597992.45481
1569597992.70482
1569597992.95483
1569597993.20484
1569597993.45485
1569597993.70487
1569597993.95488
1569597994.20489
1569597994.4549
1569597994.70491
1569597994.95492
1569597995.20494
1569597995.45495
1569597995.70496
1569597995.95497
1569597996.20498
1569597996.45499
1569597996.705
1569597996.95502
1569597997.20503
1569597997.45504
1569597997.70505
1569597997.95506
1569597998.20507
1569597998.45509
1569597998.7051
1569597998.95511
1569597999.20512
1569597999.45513
1569597999.70514
1569597999.95516
1569598000.20517
1569598000.45518
1569598000.70519
1569598000.9552
1569598001.20521
1569598001.45522
1569598001.70524
1569598001.95525
1569598002.20526
1569598002.45527
1569598002.70528
1569598002.95529
1569598003.20531
1569598003.45532
1569598003.70533
1569598003.95534
1569598004.20535
1569598004.45536
1569598004.70538
1569598004.95539
1569598005.2054
1569598005.45541
1569598005.70542
1569598005.95543
1569598006.20544
1569598006.45546
1569598006.70547
1569598006.95548
1569598007.20549
1569598007.4555
1569598007.70551
1569598007.95553
1569598008.20554
1569598008.45555
1569598008.70556
1569598008.95557
1569598009.20558
1569598009.4556
1569598009.70561
1569598009.95562
1569598010.20563
1569598010.45564
1569598010.70565
1569598010.95566
1569598011.20568
1569598011.45569
1569598011.7057
1569598011.95571
1569598012.20572
1569598012.45573
1569598012.70575
1569598012.95576
1569598013.20577
1569598013.45578
1569598013.70579
1569598013.9558
1569598014.20581
1569598014.45583
1569598014.70584
1569598014.95585
1569598015.20586
1569598015.45587
1569598015.70588
1569598015.9559
1569598016.20591
1569598016.45592
1569598016.70593
1569598016.95594
1569598017.20595
1569598017.45597
1569598017.70598
1569598017.95599
1569598018.206
1569598018.45601
1569598018.70602
1569598018.95603
1569598019.20605
1569598019.45606
1569598019.70607
1569598019.95608
1569598020.20609
1569598020.4561
1569598020.70612
1569598020.95613
1569598021.20614
1569598021.45615
1569598021.70616
1569598021.95617
1569598022.20619
1569598022.4562
1569598022.70621
1569598022.95622
1569598023.20623
1569598023.45624
1569598023.70625
1569598023.95627
1569598024.20628
1569598024.45629
1569598024.7063
1569598024.95631
1569598025.20632
1569598025.45634
1569598025.70635
1569598025.95636
1569598026.20637
1569598026.45638
1569598026.70639
1569598026.95641
1569598027.20642
1569598027.45643
1569598027.70644
1569598027.95645
1569598028.20646
1569598028.45647
1569598028.70649
1569598028.9565
1569598029.20651
1569598029.45652
1569598029.70653
1569598029.95654
1569598030.20656
1569598030.45657
1569598030.70658
1569598030.95659
1569598031.2066
1569598031.45661
1569598031.70663
1569598031.95664
1569598032.20665
1569598032.45666
1569598032.70667
1569598032.95668
1569598033.20669
1569598033.45671
1569598033.70672
1569598033.95673
1569598034.20674
1569598034.45675
1569598034.70676
1569598034.95678
1569598035.20679
1569598035.4568
1569598035.70681
1569598035.95682
1569598036.20683
1569598036.45685
1569598036.70686
1569598036.95687
1569598037.20688
1569598037.45689
1569598037.7069
1569598037.95691
1569598038.20693
1569598038.45694
1569598038.70695
1569598038.95696
1569598039.20697
1569598039.45698
1569598039.707
1569598039.95701
1569598040.20702
1569598040.45703
1569598040.70704
1569598040.95705
1569598041.20707
1569598041.45708
1569598041.70709
1569598041.9571
1569598042.20711
1569598042.45712
1569598042.70713
1569598042.95715
1569598043.20716
1569598043.45717
1569598043.70718
1569598043.95719
1569598044.2072
1569598044.45722
1569598044.70723
1569598044.95724
1569598045.20725
1569598045.45726
1569598045.70727
1569598045.95728
1569598046.2073
1569598046.45731
1569598046.70732
1569598046.95733
1569598047.20734
1569598047.45735
1569598047.70737
1569598047.95738
1569598048.20739
1569598048.4574
1569598048.70741
1569598048.95742
1569598049.20744
1569598049.45745
1569598049.70746
1569598049.95747
1569598050.20748
1569598050.45749
1569598050.7075
1569598050.95752
1569598051.20753
1569598051.45754
1569598051.70755
1569598051.95756
1569598052.20757
1569598052.45759
1569598052.7076
1569598052.95761
1569598053.20762
1569598053.45763
1569598053.70764
1569598053.95766
1569598054.20767
1569598054.45768
1569598054.70769
1569598054.9577
1569598055.20771
1569598055.45772
1569598055.70774
1569598055.95775
1569598056.20776
1569598056.45777
1569598056.70778
1569598056.95779
1569598057.20781
1569598057.45782
1569598057.70783
1569598057.95784
1569598058.20785
1569598058.45786
1569598058.70788
1569598058.95789
1569598059.2079
1569598059.45791
1569598059.70792
1569598059.95793
1569598060.20794
1569598060.45796
1569598060.70797
1569598060.95798
1569598061.20799
1569598061.458
1569598061.70801
1569598061.95803
1569598062.20804
1569598062.45805
1569598062.70806
1569598062.95807
1569598063.20808
1569598063.4581
1569598063.70811
1569598063.95812
1569598064.20813
1569598064.45814
1569598064.70815
1569598064.95816
1569598065.20818
1569598065.45819
1569598065.7082
1569598065.95821
1569598066.20822
1569598066.45823
1569598066.70825
1569598066.95826
1569598067.20827
1569598067.45828
1569598067.70829
1569598067.9583
1569598068.20832
1569598068.45833
1569598068.70834
1569598068.95835
1569598069.20836
1569598069.45837
1569598069.70838
1569598069.9584
1569598070.20841
1569598070.45842
1569598070.70843
1569598070.95844
1569598071.20845
1569598071.45847
1569598071.70848
1569598071.95849
1569598072.2085
1569598072.45851
1569598072.70852
1569598072.95853
1569598073.20855
1569598073.45856
1569598073.70857
1569598073.95858
1569598074.20859
1569598074.4586
1569598074.70862
1569598074.95863
1569598075.20864
1569598075.45865
1569598075.70866
1569598075.95867
1569598076.20869
1569598076.4587
1569598076.70871
1569598076.95872
1569598077.20873
1569598077.45874
1569598077.70876
1569598077.95877
1569598078.20878
1569598078.45879
1569598078.7088
1569598078.95881
1569598079.20882
1569598079.45884
1569598079.70885
1569598079.95886
1569598080.20887
1569598080.45888
1569598080.70889
1569598080.95891
1569598081.20892
1569598081.45893
1569598081.70894
1569598081.95895
1569598082.20896
1569598082.45897
1569598082.70899
1569598082.959
1569598083.20901
1569598083.45902
1569598083.70903
1569598083.95904
1569598084.20906
1569598084.45907
1569598084.70908
1569598084.95909
1569598085.2091
1569598085.45911
1569598085.70913
1569598085.95914
1569598086.20915
1569598086.45916
1569598086.70917
1569598086.95918
1569598087.20919
1569598087.45921
1569598087.70922
1569598087.95923
1569598088.20924
1569598088.45925
1569598088.70926
1569598088.95928
1569598089.20929
1569598089.4593
1569598089.70931
1569598089.95932
1569598090.20933
1569598090.45935
1569598090.70936
1569598090.95937
1569598091.20938
1569598091.45939
1569598091.7094
1569598091.95941
1569598092.20943
1569598092.45944
1569598092.70945
1569598092.95946
1569598093.20947
1569598093.45948
1569598093.7095
1569598093.95951
1569598094.20952
1569598094.45953
1569598094.70954
1569598094.95955
1569598095.20957
1569598095.45958
1569598095.70959
1569598095.9596
1569598096.20961
1569598096.45962
1569598096.70963
1569598096.95965
1569598097.20966
1569598097.45967
1569598097.70968
1569598097.95969
1569598098.2097
1569598098.45972
1569598098.70973
1569598098.95974
1569598099.20975
1569598099.45976
1569598099.70977
1569598099.95978
1569598100.2098
1569598100.45981
1569598100.70982
1569598100.95983
1569598101.20984
1569598101.45985
1569598101.70987
1569598101.95988
1569598102.20989
1569598102.4599
1569598102.70991
1569598102.95992
1569598103.20994
1569598103.45995
1569598103.70996
1569598103.95997
1569598104.20998
1569598104.45999
1569598104.71001
1569598104.96002
1569598105.21003
1569598105.46004
1569598105.71005
1569598105.96006
1569598106.21007
1569598106.46009
1569598106.7101
1569598106.96011
1569598107.21012
1569598107.46013
1569598107.71014
1569598107.96016
1569598108.21017
1569598108.46018
1569598108.71019
1569598108.9602
1569598109.21021
1569598109.46022
1569598109.71024
1569598109.96025
1569598110.21026
1569598110.46027
1569598110.71028
1569598110.96029
1569598111.21031
1569598111.46032
1569598111.71033
1569598111.96034
1569598112.21035
1569598112.46036
1569598112.71038
1569598112.96039
1569598113.2104
1569598113.46041
1569598113.71042
1569598113.96043
1569598114.21044
1569598114.46046
1569598114.71047
1569598114.96048
1569598115.21049
1569598115.4605
1569598115.71051
1569598115.96053
1569598116.21054
1569598116.46055
1569598116.71056
1569598116.96057
1569598117.21058
1569598117.4606
1569598117.71061
1569598117.96062
1569598118.21063
1569598118.46064
1569598118.71065
1569598118.96066
1569598119.21068
1569598119.46069
1569598119.7107
1569598119.96071
1569598120.21072
1569598120.46073
1569598120.71075
1569598120.96076
1569598121.21077
1569598121.46078
1569598121.71079
1569598121.9608
1569598122.21082
1569598122.46083
1569598122.71084
1569598122.96085
1569598123.21086
1569598123.46087
1569598123.71088
1569598123.9609
1569598124.21091
1569598124.46092
1569598124.71093
1569598124.96094
1569598125.21095
1569598125.46097
1569598125.71098
1569598125.96099
1569598126.211
1569598126.46101
1569598126.71102
1569598126.96104
1569598127.21105
1569598127.46106
1569598127.71107
1569598127.96108
1569598128.21109
1569598128.4611
1569598128.71112
1569598128.96113
1569598129.21114
1569598129.46115
1569598129.71116
1569598129.96117
1569598130.21119
1569598130.4612
1569598130.71121
1569598130.96122
1569598131.21123
1569598131.46124
1569598131.71126
1569598131.96127
1569598132.21128
1569598132.46129
1569598132.7113
1569598132.96131
1569598133.21132
1569598133.46134
1569598133.71135
1569598133.96136
1569598134.21137
1569598134.46138
1569598134.71139
1569598134.96141
1569598135.21142
1569598135.46143
1569598135.71144
1569598135.96145
1569598136.21146
1569598136.46147
1569598136.71149
1569598136.9615
1569598137.21151
1569598137.46152
1569598137.71153
1569598137.96154
1569598138.21156
1569598138.46157
1569598138.71158
1569598138.96159
1569598139.2116
1569598139.46161
1569598139.71163
1569598139.96164
1569598140.21165
1569598140.46166
1569598140.71167
1569598140.96168
1569598141.21169
1569598141.46171
1569598141.71172
1569598141.96173
1569598142.21174
1569598142.46175
1569598142.71176
1569598142.96178
1569598143.21179
1569598143.4618
1569598143.71181
1569598143.96182
1569598144.21183
1569598144.46185
1569598144.71186
1569598144.96187
1569598145.21188
1569598145.46189
1569598145.7119
1569598145.96191
1569598146.21193
1569598146.46194
1569598146.71195
1569598146.96196
1569598147.21197
1569598147.46198
1569598147.712
1569598147.96201
1569598148.21202
1569598148.46203
1569598148.71204
1569598148.96205
1569598149.21207
1569598149.46208
1569598149.71209
1569598149.9621
1569598150.21211
1569598150.46212
1569598150.71213
1569598150.96215
1569598151.21216
1569598151.46217
1569598151.71218
1569598151.96219
1569598152.2122
1569598152.46222
1569598152.71223
1569598152.96224
1569598153.21225
1569598153.46226
1569598153.71227
1569598153.96229
1569598154.2123
1569598154.46231
1569598154.71232
1569598154.96233
1569598155.21234
1569598155.46235
1569598155.71237
1569598155.96238
1569598156.21239
1569598156.4624
1569598156.71241
1569598156.96242
1569598157.21244
1569598157.46245
1569598157.71246
1569598157.96247
1569598158.21248
1569598158.46249
1569598158.71251
1569598158.96252
1569598159.21253
1569598159.46254
1569598159.71255
1569598159.96256
1569598160.21257
1569598160.46259
1569598160.7126
1569598160.96261
1569598161.21262
1569598161.46263
1569598161.71264
1569598161.96266
1569598162.21267
1569598162.46268
1569598162.71269
1569598162.9627
1569598163.21271
1569598163.46273
1569598163.71274
1569598163.96275
1569598164.21276
1569598164.46277
1569598164.71278
1569598164.96279
1569598165.21281
1569598165.46282
1569598165.71283
1569598165.96284
1569598166.21285
1569598166.46286
1569598166.71288
1569598166.96289
1569598167.2129
1569598167.46291
1569598167.71292
1569598167.96293
1569598168.21294
1569598168.46296
1569598168.71297
1569598168.96298
1569598169.21299
1569598169.463
1569598169.71301
1569598169.96303
1569598170.21304
1569598170.46305
1569598170.71306
1569598170.96307
1569598171.21308
1569598171.4631
1569598171.71311
1569598171.96312
1569598172.21313
1569598172.46314
1569598172.71315
1569598172.96316
1569598173.21318
1569598173.46319
1569598173.7132
1569598173.96321
1569598174.21322
1569598174.46323
1569598174.71325
1569598174.96326
1569598175.21327
1569598175.46328
1569598175.71329
1569598175.9633
1569598176.21332
1569598176.46333
1569598176.71334
1569598176.96335
1569598177.21336
1569598177.46337
1569598177.71338
1569598177.9634
1569598178.21341
1569598178.46342
1569598178.71343
1569598178.96344
1569598179.21345
1569598179.46347
1569598179.71348
1569598179.96349
1569598180.2135
1569598180.46351
1569598180.71352
1569598180.96354
1569598181.21355
1569598181.46356
1569598181.71357
1569598181.96358
1569598182.21359
1569598182.4636
1569598182.71362
1569598182.96363
1569598183.21364
1569598183.46365
1569598183.71366
1569598183.96367
1569598184.21369
1569598184.4637
1569598184.71371
1569598184.96372
1569598185.21373
1569598185.46374
1569598185.71376
1569598185.96377
1569598186.21378
1569598186.46379
1569598186.7138
1569598186.96381
1569598187.21382
1569598187.46384
1569598187.71385
1569598187.96386
1569598188.21387
1569598188.46388
1569598188.71389
1569598188.96391
1569598189.21392
1569598189.46393
1569598189.71394
1569598189.96395
1569598190.21396
1569598190.46398
1569598190.71399
1569598190.964
1569598191.21401
1569598191.46402
1569598191.71403
1569598191.96404
1569598192.21406
1569598192.46407
1569598192.71408
1569598192.96409
1569598193.2141
1569598193.46411
1569598193.71413
1569598193.96414
1569598194.21415
1569598194.46416
1569598194.71417
1569598194.96418
1569598195.2142
1569598195.46421
1569598195.71422
1569598195.96423
1569598196.21424
1569598196.46425
1569598196.71426
1569598196.96428
1569598197.21429
1569598197.4643
1569598197.71431
1569598197.96432
1569598198.21433
1569598198.46435
1569598198.71436
1569598198.96437
1569598199.21438
1569598199.46439
1569598199.7144
1569598199.96442
1569598200.21443
1569598200.46444
1569598200.71445
1569598200.96446
1569598201.21447
1569598201.46448
1569598201.7145
1569598201.96451
1569598202.21452
1569598202.46453
1569598202.71454
1569598202.96455
1569598203.21457
1569598203.46458
1569598203.71459
1569598203.9646
1569598204.21461
1569598204.46462
1569598204.71463
1569598204.96465
1569598205.21466
1569598205.46467
1569598205.71468
1569598205.96469
1569598206.2147
1569598206.46472
1569598206.71473
1569598206.96474
1569598207.21475
1569598207.46476
1569598207.71477
1569598207.96479
1569598208.2148
1569598208.46481
1569598208.71482
1569598208.96483
1569598209.21484
1569598209.46485
1569598209.71487
1569598209.96488
1569598210.21489
1569598210.4649
1569598210.71491
1569598210.96492
1569598211.21494
1569598211.46495
1569598211.71496
1569598211.96497
1569598212.21498
1569598212.46499
1569598212.71501
1569598212.96502
1569598213.21503
1569598213.46504
1569598213.71505
1569598213.96506
1569598214.21507
1569598214.46509
1569598214.7151
1569598214.96511
1569598215.21512
1569598215.46513
1569598215.71514
1569598215.96516
1569598216.21517
1569598216.46518
1569598216.71519
1569598216.9652
1569598217.21521
1569598217.46523
1569598217.71524
1569598217.96525
1569598218.21526
1569598218.46527
1569598218.71528
1569598218.96529
1569598219.21531
1569598219.46532
1569598219.71533
1569598219.96534
1569598220.21535
1569598220.46536
1569598220.71538
1569598220.96539
1569598221.2154
1569598221.46541
1569598221.71542
1569598221.96543
1569598222.21545
1569598222.46546
1569598222.71547
1569598222.96548
1569598223.21549
1569598223.4655
1569598223.71551
1569598223.96553
1569598224.21554
1569598224.46555
1569598224.71556
1569598224.96557
1569598225.21558
1569598225.4656
1569598225.71561
1569598225.96562
1569598226.21563
1569598226.46564
1569598226.71565
1569598226.96567
1569598227.21568
1569598227.46569
1569598227.7157
1569598227.96571
1569598228.21572
1569598228.46573
1569598228.71575
1569598228.96576
1569598229.21577
1569598229.46578
1569598229.71579
1569598229.9658
1569598230.21582
1569598230.46583
1569598230.71584
1569598230.96585
1569598231.21586
1569598231.46587
1569598231.71588
1569598231.9659
1569598232.21591
1569598232.46592
1569598232.71593
1569598232.96594
1569598233.21595
1569598233.46597
1569598233.71598
1569598233.96599
1569598234.216
1569598234.46601
1569598234.71602
1569598234.96604
1569598235.21605
1569598235.46606
1569598235.71607
1569598235.96608
1569598236.21609
1569598236.4661
1569598236.71612
1569598236.96613
1569598237.21614
1569598237.46615
1569598237.71616
1569598237.96617
1569598238.21619
1569598238.4662
1569598238.71621
1569598238.96622
1569598239.21623
1569598239.46624
1569598239.71626
1569598239.96627
1569598240.21628
1569598240.46629
1569598240.7163
1569598240.96631
1569598241.21632
1569598241.46634
1569598241.71635
1569598241.96636
1569598242.21637
1569598242.46638
1569598242.71639
1569598242.96641
1569598243.21642
1569598243.46643
1569598243.71644
1569598243.96645
1569598244.21646
1569598244.46648
1569598244.71649
1569598244.9665
1569598245.21651
1569598245.46652
1569598245.71653
1569598245.96654
1569598246.21656
1569598246.46657
1569598246.71658
1569598246.96659
1569598247.2166
1569598247.46661
1569598247.71663
1569598247.96664
1569598248.21665
1569598248.46666
1569598248.71667
1569598248.96668
1569598249.2167
1569598249.46671
1569598249.71672
1569598249.96673
1569598250.21674
1569598250.46675
1569598250.71676
