30.25
30.25
30.25
30.25
30.25
30.25
30.25
30.25
30.27
30.27
30.27
30.27
30.25
30.25
30.25
30.25
30.25
30.25
30.25
30.25
30.25
30.25
30.25
30.25
30.25
30.25
30.25
30.25
30.25
30.25
30.25
30.25
30.25
30.25
30.25
30.25
30.23
30.23
30.23
30.23
30.23
30.23
30.23
30.23
30.23
30.23
30.23
30.23
30.23
30.23
30.23
30.23
30.23
30.23
30.23
30.23
30.23
30.23
30.23
30.23
30.21
30.21
30.21
30.21
30.19
30.19
30.19
30.19
30.21
30.21
30.21
30.21
30.19
30.19
30.19
30.19
30.19
30.19
30.19
30.19
30.23
30.23
30.23
30.23
30.19
30.19
30.19
30.19
30.19
30.19
30.19
30.19
30.21
30.21
30.21
30.21
30.19
30.19
30.19
30.19
30.19
30.19
30.19
30.19
30.19
30.19
30.19
30.19
30.19
30.19
30.19
30.19
30.21
30.21
30.21
30.21
30.19
30.19
30.19
30.19
30.17
30.17
30.17
30.17
30.19
30.19
30.19
30.19
30.17
30.17
30.17
30.17
30.17
30.17
30.17
30.17
30.17
30.17
30.17
30.17
30.17
30.17
30.17
30.17
30.17
30.17
30.17
30.17
30.17
30.17
30.17
30.17
30.15
30.15
30.15
30.15
30.17
30.17
30.17
30.17
30.17
30.17
30.17
30.17
30.15
30.15
30.15
30.15
30.15
30.15
30.15
30.15
30.15
30.15
30.15
30.15
30.15
30.15
30.15
30.15
30.15
30.15
30.15
30.15
30.17
30.17
30.17
30.17
30.15
30.15
30.15
30.15
30.15
30.15
30.15
30.15
30.13
30.13
30.13
30.13
30.13
30.13
30.13
30.13
30.13
30.13
30.13
30.13
30.13
30.13
30.13
30.13
30.13
30.13
30.13
30.13
30.13
30.13
30.13
30.13
30.13
30.13
30.13
30.13
30.13
30.13
30.13
30.13
30.13
30.13
30.13
30.13
30.13
30.13
30.13
30.13
30.11
30.11
30.11
30.11
30.11
30.11
30.11
30.11
30.11
30.11
30.11
30.11
30.11
30.11
30.11
30.11
30.11
30.11
30.11
30.11
30.11
30.11
30.11
30.11
30.11
30.11
30.11
30.11
30.09
30.09
30.09
30.09
30.09
30.09
30.09
30.09
30.09
30.09
30.09
30.09
30.09
30.09
30.09
30.09
30.09
30.09
30.09
30.09
30.09
30.09
30.09
30.09
30.11
30.11
30.11
30.11
30.09
30.09
30.09
30.09
30.09
30.09
30.09
30.09
30.09
30.09
30.09
30.09
30.07
30.07
30.07
30.07
30.09
30.09
30.09
30.09
30.11
30.11
30.11
30.11
30.09
30.09
30.09
30.09
30.07
30.07
30.07
30.07
30.09
30.09
30.09
30.09
30.09
30.09
30.09
30.09
30.07
30.07
30.07
30.07
30.05
30.05
30.05
30.05
30.07
30.07
30.07
30.07
30.05
30.05
30.05
30.05
30.07
30.07
30.07
30.07
30.05
30.05
30.05
30.05
30.05
30.05
30.05
30.05
30.05
30.05
30.05
30.05
30.07
30.07
30.07
30.07
30.05
30.05
30.05
30.05
30.03
30.03
30.03
30.03
30.05
30.05
30.05
30.05
30.05
30.05
30.05
30.05
30.05
30.05
30.05
30.05
30.01
30.01
30.01
30.01
30.05
30.05
30.05
30.05
30.05
30.05
30.05
30.05
30.05
30.05
30.05
30.05
30.05
30.05
30.05
30.05
30.03
30.03
30.03
30.03
30.03
30.03
30.03
30.03
30.05
30.05
30.05
30.05
30.01
30.01
30.01
30.01
30.03
30.03
30.03
30.03
30.01
30.01
30.01
30.01
30.03
30.03
30.03
30.03
30.01
30.01
30.01
30.01
30.01
30.01
30.01
30.01
30.01
30.01
30.01
30.01
30.03
30.03
30.03
30.03
29.99
29.99
29.99
29.99
30.01
30.01
30.01
30.01
30.01
30.01
30.01
30.01
30.01
30.01
30.01
30.01
30.01
30.01
30.01
30.01
30.01
30.01
30.01
30.01
29.99
29.99
29.99
29.99
30.01
30.01
30.01
30.01
29.99
29.99
29.99
29.99
30.01
30.01
30.01
30.01
29.99
29.99
29.99
29.99
29.99
29.99
29.99
29.99
30.01
30.01
30.01
30.01
30.01
30.01
30.01
30.01
29.99
29.99
29.99
29.99
29.97
29.97
29.97
29.97
30.01
30.01
30.01
30.01
29.99
29.99
29.99
29.99
29.97
29.97
29.97
29.97
29.99
29.99
29.99
29.99
29.99
29.99
29.99
29.99
29.97
29.97
29.97
29.97
29.97
29.97
29.97
29.97
29.99
29.99
29.99
29.99
29.97
29.97
29.97
29.97
29.97
29.97
29.97
29.97
29.97
29.97
29.97
29.97
29.97
29.97
29.97
29.97
29.97
29.97
29.97
29.97
29.97
29.97
29.97
29.97
29.95
29.95
29.95
29.95
29.97
29.97
29.97
29.97
29.95
29.95
29.95
29.95
29.95
29.95
29.95
29.95
29.95
29.95
29.95
29.95
29.95
29.95
29.95
29.95
29.93
29.93
29.93
29.93
29.95
29.95
29.95
29.95
29.97
29.97
29.97
29.97
29.95
29.95
29.95
29.95
29.95
29.95
29.95
29.95
29.93
29.93
29.93
29.93
29.95
29.95
29.95
29.95
29.95
29.95
29.95
29.95
29.95
29.95
29.95
29.95
29.93
29.93
29.93
29.93
29.91
29.91
29.91
29.91
29.95
29.95
29.95
29.95
29.93
29.93
29.93
29.93
29.91
29.91
29.91
29.91
29.91
29.91
29.91
29.91
29.91
29.91
29.91
29.91
29.91
29.91
29.91
29.91
29.93
29.93
29.93
29.93
29.91
29.91
29.91
29.91
29.91
29.91
29.91
29.91
29.91
29.91
29.91
29.91
29.91
29.91
29.91
29.91
29.87
29.87
29.87
29.87
29.91
29.91
29.91
29.91
29.89
29.89
29.89
29.89
29.93
29.93
29.93
29.93
29.87
29.87
29.87
29.87
29.91
29.91
29.91
29.91
29.91
29.91
29.91
29.91
29.91
29.91
29.91
29.91
29.89
29.89
29.89
29.89
29.89
29.89
29.89
29.89
29.91
29.91
29.91
29.91
29.89
29.89
29.89
29.89
29.89
29.89
29.89
29.89
29.91
29.91
29.91
29.91
29.87
29.87
29.87
29.87
29.89
29.89
29.89
29.89
29.87
29.87
29.87
29.87
29.89
29.89
29.89
29.89
29.89
29.89
29.89
29.89
29.87
29.87
29.87
29.87
29.87
29.87
29.87
29.87
29.87
29.87
29.87
29.87
29.87
29.87
29.87
29.87
29.89
29.89
29.89
29.89
29.87
29.87
29.87
29.87
29.89
29.89
29.89
29.89
29.87
29.87
29.87
29.87
29.87
29.87
29.87
29.87
29.89
29.89
29.89
29.89
29.89
29.89
29.89
29.89
29.87
29.87
29.87
29.87
29.87
29.87
29.87
29.87
29.87
29.87
29.87
29.87
29.87
29.87
29.87
29.87
29.85
29.85
29.85
29.85
29.87
29.87
29.87
29.87
29.89
29.89
29.89
29.89
29.87
29.87
29.87
29.87
29.87
29.87
29.87
29.87
29.87
29.87
29.87
29.87
29.87
29.87
29.87
29.87
29.83
29.83
29.83
29.83
29.85
29.85
29.85
29.85
29.85
29.85
29.85
29.85
29.85
29.85
29.85
29.85
29.83
29.83
29.83
29.83
29.87
29.87
29.87
29.87
29.85
29.85
29.85
29.85
29.85
29.85
29.85
29.85
29.87
29.87
29.87
29.87
29.85
29.85
29.85
29.85
29.87
29.87
29.87
29.87
29.83
29.83
29.83
29.83
29.83
29.83
29.83
29.83
29.85
29.85
29.85
29.85
29.83
29.83
29.83
29.83
29.85
29.85
29.85
29.85
29.83
29.83
29.83
29.83
29.85
29.85
29.85
29.85
29.85
29.85
29.85
29.85
29.85
29.85
29.85
29.85
29.83
29.83
29.83
29.83
29.81
29.81
29.81
29.81
29.85
29.85
29.85
29.85
29.83
29.83
29.83
29.83
29.83
29.83
29.83
29.83
29.83
29.83
29.83
29.83
29.81
29.81
29.81
29.81
29.83
29.83
29.83
29.83
29.83
29.83
29.83
29.83
29.83
29.83
29.83
29.83
29.83
29.83
29.83
29.83
29.83
29.83
29.83
29.83
29.83
29.83
29.83
29.83
29.83
29.83
29.83
29.83
29.81
29.81
29.81
29.81
29.83
29.83
29.83
29.83
29.83
29.83
29.83
29.83
29.83
29.83
29.83
29.83
29.83
29.83
29.83
29.83
29.81
29.81
29.81
29.81
29.81
29.81
29.81
29.81
29.83
29.83
29.83
29.83
29.81
29.81
29.81
29.81
29.81
29.81
29.81
29.81
29.83
29.83
29.83
29.83
29.83
29.83
29.83
29.83
29.81
29.81
29.81
29.81
29.81
29.81
29.81
29.81
29.83
29.83
29.83
29.83
29.83
29.83
29.83
29.83
29.81
29.81
29.81
29.81
29.81
29.81
29.81
29.81
29.81
29.81
29.81
29.81
29.79
29.79
29.79
29.79
29.81
29.81
29.81
29.81
29.83
29.83
29.83
29.83
29.81
29.81
29.81
29.81
29.81
29.81
29.81
29.81
29.81
29.81
29.81
29.81
29.81
29.81
29.81
29.81
29.83
29.83
29.83
29.83
29.81
29.81
29.81
29.81
29.81
29.81
29.81
29.81
29.79
29.79
29.79
29.79
29.83
29.83
29.83
29.83
29.81
29.81
29.81
29.81
29.81
29.81
29.81
29.81
29.81
29.81
29.81
29.81
29.81
29.81
29.81
29.81
29.79
29.79
29.79
29.79
29.79
29.79
29.79
29.79
29.79
29.79
29.79
29.79
29.81
29.81
29.81
29.81
29.81
29.81
29.81
29.81
29.81
29.81
29.81
29.81
29.79
29.79
29.79
29.79
29.81
29.81
29.81
29.81
29.79
29.79
29.79
29.79
29.81
29.81
29.81
29.81
29.79
29.79
29.79
29.79
29.79
29.79
29.79
29.79
29.81
29.81
29.81
29.81
29.81
29.81
29.81
29.81
29.81
29.81
29.81
29.81
29.79
29.79
29.79
29.79
29.79
29.79
29.79
29.79
29.79
29.79
29.79
29.79
29.79
29.79
29.79
29.79
