1569595006.81658
1569595007.06659
1569595007.31661
1569595007.56662
1569595007.81663
1569595008.06664
1569595008.31665
1569595008.56666
1569595008.81667
1569595009.06669
1569595009.3167
1569595009.56671
1569595009.81672
1569595010.06673
1569595010.31674
1569595010.56676
1569595010.81677
1569595011.06678
1569595011.31679
1569595011.5668
1569595011.81681
1569595012.06683
1569595012.31684
1569595012.56685
1569595012.81686
1569595013.06687
1569595013.31688
1569595013.56689
1569595013.81691
1569595014.06692
1569595014.31693
1569595014.56694
1569595014.81695
1569595015.06696
1569595015.31698
1569595015.56699
1569595015.817
1569595016.06701
1569595016.31702
1569595016.56703
1569595016.81705
1569595017.06706
1569595017.31707
1569595017.56708
1569595017.81709
1569595018.0671
1569595018.31711
1569595018.56713
1569595018.81714
1569595019.06715
1569595019.31716
1569595019.56717
1569595019.81718
1569595020.0672
1569595020.31721
1569595020.56722
1569595020.81723
1569595021.06724
1569595021.31725
1569595021.56727
1569595021.81728
1569595022.06729
1569595022.3173
1569595022.56731
1569595022.81732
1569595023.06733
1569595023.31735
1569595023.56736
1569595023.81737
1569595024.06738
1569595024.31739
1569595024.5674
1569595024.81742
1569595025.06743
1569595025.31744
1569595025.56745
1569595025.81746
1569595026.06747
1569595026.31749
1569595026.5675
1569595026.81751
1569595027.06752
1569595027.31753
1569595027.56754
1569595027.81755
1569595028.06757
1569595028.31758
1569595028.56759
1569595028.8176
1569595029.06761
1569595029.31762
1569595029.56764
1569595029.81765
1569595030.06766
1569595030.31767
1569595030.56768
1569595030.81769
1569595031.0677
1569595031.31772
1569595031.56773
1569595031.81774
1569595032.06775
1569595032.31776
1569595032.56777
1569595032.81779
1569595033.0678
1569595033.31781
1569595033.56782
1569595033.81783
1569595034.06784
1569595034.31786
1569595034.56787
1569595034.81788
1569595035.06789
1569595035.3179
1569595035.56791
1569595035.81792
1569595036.06794
1569595036.31795
1569595036.56796
1569595036.81797
1569595037.06798
1569595037.31799
1569595037.56801
1569595037.81802
1569595038.06803
1569595038.31804
1569595038.56805
1569595038.81806
1569595039.06808
1569595039.31809
1569595039.5681
1569595039.81811
1569595040.06812
1569595040.31813
1569595040.56814
1569595040.81816
1569595041.06817
1569595041.31818
1569595041.56819
1569595041.8182
1569595042.06821
1569595042.31823
1569595042.56824
1569595042.81825
1569595043.06826
1569595043.31827
1569595043.56828
1569595043.8183
1569595044.06831
1569595044.31832
1569595044.56833
1569595044.81834
1569595045.06835
1569595045.31836
1569595045.56838
1569595045.81839
1569595046.0684
1569595046.31841
1569595046.56842
1569595046.81843
1569595047.06845
1569595047.31846
1569595047.56847
1569595047.81848
1569595048.06849
1569595048.3185
1569595048.56852
1569595048.81853
1569595049.06854
1569595049.31855
1569595049.56856
1569595049.81857
1569595050.06858
1569595050.3186
1569595050.56861
1569595050.81862
1569595051.06863
1569595051.31864
1569595051.56865
1569595051.81867
1569595052.06868
1569595052.31869
1569595052.5687
1569595052.81871
1569595053.06872
1569595053.31874
1569595053.56875
1569595053.81876
1569595054.06877
1569595054.31878
1569595054.56879
1569595054.8188
1569595055.06882
1569595055.31883
1569595055.56884
1569595055.81885
1569595056.06886
1569595056.31887
1569595056.56889
1569595056.8189
1569595057.06891
1569595057.31892
1569595057.56893
1569595057.81894
1569595058.06895
1569595058.31897
1569595058.56898
1569595058.81899
1569595059.069
1569595059.31901
1569595059.56902
1569595059.81904
1569595060.06905
1569595060.31906
1569595060.56907
1569595060.81908
1569595061.06909
1569595061.31911
1569595061.56912
1569595061.81913
1569595062.06914
1569595062.31915
1569595062.56916
1569595062.81918
1569595063.06919
1569595063.3192
1569595063.56921
1569595063.81922
1569595064.06923
1569595064.31924
1569595064.56926
1569595064.81927
1569595065.06928
1569595065.31929
1569595065.5693
1569595065.81931
1569595066.06933
1569595066.31934
1569595066.56935
1569595066.81936
1569595067.06937
1569595067.31938
1569595067.56939
1569595067.81941
1569595068.06942
1569595068.31943
1569595068.56944
1569595068.81945
1569595069.06946
1569595069.31948
1569595069.56949
1569595069.8195
1569595070.06951
1569595070.31952
1569595070.56953
1569595070.81955
1569595071.06956
1569595071.31957
1569595071.56958
1569595071.81959
1569595072.0696
1569595072.31961
1569595072.56963
1569595072.81964
1569595073.06965
1569595073.31966
1569595073.56967
1569595073.81968
1569595074.0697
1569595074.31971
1569595074.56972
1569595074.81973
1569595075.06974
1569595075.31975
1569595075.56977
1569595075.81978
1569595076.06979
1569595076.3198
1569595076.56981
1569595076.81982
1569595077.06983
1569595077.31985
1569595077.56986
1569595077.81987
1569595078.06988
1569595078.31989
1569595078.5699
1569595078.81992
1569595079.06993
1569595079.31994
1569595079.56995
1569595079.81996
1569595080.06997
1569595080.31999
1569595080.57
1569595080.82001
1569595081.07002
1569595081.32003
1569595081.57004
1569595081.82005
1569595082.07007
1569595082.32008
1569595082.57009
1569595082.8201
1569595083.07011
1569595083.32012
1569595083.57014
1569595083.82015
1569595084.07016
1569595084.32017
1569595084.57018
1569595084.82019
1569595085.07021
1569595085.32022
1569595085.57023
1569595085.82024
1569595086.07025
1569595086.32026
1569595086.57027
1569595086.82029
1569595087.0703
1569595087.32031
1569595087.57032
1569595087.82033
1569595088.07034
1569595088.32036
1569595088.57037
1569595088.82038
1569595089.07039
1569595089.3204
1569595089.57041
1569595089.82043
1569595090.07044
1569595090.32045
1569595090.57046
1569595090.82047
1569595091.07048
1569595091.32049
1569595091.57051
1569595091.82052
1569595092.07053
1569595092.32054
1569595092.57055
1569595092.82056
1569595093.07058
1569595093.32059
1569595093.5706
1569595093.82061
1569595094.07062
1569595094.32063
1569595094.57064
1569595094.82066
1569595095.07067
1569595095.32068
1569595095.57069
1569595095.8207
1569595096.07071
1569595096.32073
1569595096.57074
1569595096.82075
1569595097.07076
1569595097.32077
1569595097.57078
1569595097.8208
1569595098.07081
1569595098.32082
1569595098.57083
1569595098.82084
1569595099.07085
1569595099.32086
1569595099.57088
1569595099.82089
1569595100.0709
1569595100.32091
1569595100.57092
1569595100.82093
1569595101.07095
1569595101.32096
1569595101.57097
1569595101.82098
1569595102.07099
1569595102.321
1569595102.57102
1569595102.82103
1569595103.07104
1569595103.32105
1569595103.57106
1569595103.82107
1569595104.07108
1569595104.3211
1569595104.57111
1569595104.82112
1569595105.07113
1569595105.32114
1569595105.57115
1569595105.82117
1569595106.07118
1569595106.32119
1569595106.5712
1569595106.82121
1569595107.07122
1569595107.32124
1569595107.57125
1569595107.82126
1569595108.07127
1569595108.32128
1569595108.57129
1569595108.8213
1569595109.07132
1569595109.32133
1569595109.57134
1569595109.82135
1569595110.07136
1569595110.32137
1569595110.57139
1569595110.8214
1569595111.07141
1569595111.32142
1569595111.57143
1569595111.82144
1569595112.07146
1569595112.32147
1569595112.57148
1569595112.82149
1569595113.0715
1569595113.32151
1569595113.57152
1569595113.82154
1569595114.07155
1569595114.32156
1569595114.57157
1569595114.82158
1569595115.07159
1569595115.32161
1569595115.57162
1569595115.82163
1569595116.07164
1569595116.32165
1569595116.57166
1569595116.82168
1569595117.07169
1569595117.3217
1569595117.57171
1569595117.82172
1569595118.07173
1569595118.32174
1569595118.57176
1569595118.82177
1569595119.07178
1569595119.32179
1569595119.5718
1569595119.82181
1569595120.07183
1569595120.32184
1569595120.57185
1569595120.82186
1569595121.07187
1569595121.32188
1569595121.5719
1569595121.82191
1569595122.07192
1569595122.32193
1569595122.57194
1569595122.82195
1569595123.07196
1569595123.32198
1569595123.57199
1569595123.822
1569595124.07201
1569595124.32202
1569595124.57203
1569595124.82205
1569595125.07206
1569595125.32207
1569595125.57208
1569595125.82209
1569595126.0721
1569595126.32211
1569595126.57213
1569595126.82214
1569595127.07215
1569595127.32216
1569595127.57217
1569595127.82218
1569595128.0722
1569595128.32221
1569595128.57222
1569595128.82223
1569595129.07224
1569595129.32225
1569595129.57227
1569595129.82228
1569595130.07229
1569595130.3223
1569595130.57231
1569595130.82232
1569595131.07233
1569595131.32235
1569595131.57236
1569595131.82237
1569595132.07238
1569595132.32239
1569595132.5724
1569595132.82242
1569595133.07243
1569595133.32244
1569595133.57245
1569595133.82246
1569595134.07247
1569595134.32249
1569595134.5725
1569595134.82251
1569595135.07252
1569595135.32253
1569595135.57254
1569595135.82255
1569595136.07257
1569595136.32258
1569595136.57259
1569595136.8226
1569595137.07261
1569595137.32262
1569595137.57264
1569595137.82265
1569595138.07266
1569595138.32267
1569595138.57268
1569595138.82269
1569595139.07271
1569595139.32272
1569595139.57273
1569595139.82274
1569595140.07275
1569595140.32276
1569595140.57277
1569595140.82279
1569595141.0728
1569595141.32281
1569595141.57282
1569595141.82283
1569595142.07284
1569595142.32286
1569595142.57287
1569595142.82288
1569595143.07289
1569595143.3229
1569595143.57291
1569595143.82293
1569595144.07294
1569595144.32295
1569595144.57296
1569595144.82297
1569595145.07298
1569595145.32299
1569595145.57301
1569595145.82302
1569595146.07303
1569595146.32304
1569595146.57305
1569595146.82306
1569595147.07308
1569595147.32309
1569595147.5731
1569595147.82311
1569595148.07312
1569595148.32313
1569595148.57315
1569595148.82316
1569595149.07317
1569595149.32318
1569595149.57319
1569595149.8232
1569595150.07321
1569595150.32323
1569595150.57324
1569595150.82325
1569595151.07326
1569595151.32327
1569595151.57328
1569595151.8233
1569595152.07331
1569595152.32332
1569595152.57333
1569595152.82334
1569595153.07335
1569595153.32336
1569595153.57338
1569595153.82339
1569595154.0734
1569595154.32341
1569595154.57342
1569595154.82343
1569595155.07345
1569595155.32346
1569595155.57347
1569595155.82348
1569595156.07349
1569595156.3235
1569595156.57352
1569595156.82353
1569595157.07354
1569595157.32355
1569595157.57356
1569595157.82357
1569595158.07359
1569595158.3236
1569595158.57361
1569595158.82362
1569595159.07363
1569595159.32364
1569595159.57365
1569595159.82367
1569595160.07368
1569595160.32369
1569595160.5737
1569595160.82371
1569595161.07372
1569595161.32374
1569595161.57375
1569595161.82376
1569595162.07377
1569595162.32378
1569595162.57379
1569595162.8238
1569595163.07382
1569595163.32383
1569595163.57384
1569595163.82385
1569595164.07386
1569595164.32387
1569595164.57389
1569595164.8239
1569595165.07391
1569595165.32392
1569595165.57393
1569595165.82394
1569595166.07396
1569595166.32397
1569595166.57398
1569595166.82399
1569595167.074
1569595167.32401
1569595167.57402
1569595167.82404
1569595168.07405
1569595168.32406
1569595168.57407
1569595168.82408
1569595169.07409
1569595169.32411
1569595169.57412
1569595169.82413
1569595170.07414
1569595170.32415
1569595170.57416
1569595170.82418
1569595171.07419
1569595171.3242
1569595171.57421
1569595171.82422
1569595172.07423
1569595172.32424
1569595172.57426
1569595172.82427
1569595173.07428
1569595173.32429
1569595173.5743
1569595173.82431
1569595174.07433
1569595174.32434
1569595174.57435
1569595174.82436
1569595175.07437
1569595175.32438
1569595175.5744
1569595175.82441
1569595176.07442
1569595176.32443
1569595176.57444
1569595176.82445
1569595177.07446
1569595177.32448
1569595177.57449
1569595177.8245
1569595178.07451
1569595178.32452
1569595178.57453
1569595178.82455
1569595179.07456
1569595179.32457
1569595179.57458
1569595179.82459
1569595180.0746
1569595180.32462
1569595180.57463
1569595180.82464
1569595181.07465
1569595181.32466
1569595181.57467
1569595181.82468
1569595182.0747
1569595182.32471
1569595182.57472
1569595182.82473
1569595183.07474
1569595183.32475
1569595183.57477
1569595183.82478
1569595184.07479
1569595184.3248
1569595184.57481
1569595184.82482
1569595185.07484
1569595185.32485
1569595185.57486
1569595185.82487
1569595186.07488
1569595186.32489
1569595186.5749
1569595186.82492
1569595187.07493
1569595187.32494
1569595187.57495
1569595187.82496
1569595188.07497
1569595188.32499
1569595188.575
1569595188.82501
1569595189.07502
1569595189.32503
1569595189.57504
1569595189.82505
1569595190.07507
1569595190.32508
1569595190.57509
1569595190.8251
1569595191.07511
1569595191.32512
1569595191.57514
1569595191.82515
1569595192.07516
1569595192.32517
1569595192.57518
1569595192.82519
1569595193.07521
1569595193.32522
1569595193.57523
1569595193.82524
1569595194.07525
1569595194.32526
1569595194.57527
1569595194.82529
1569595195.0753
1569595195.32531
1569595195.57532
1569595195.82533
1569595196.07534
1569595196.32536
1569595196.57537
1569595196.82538
1569595197.07539
1569595197.3254
1569595197.57541
1569595197.82543
1569595198.07544
1569595198.32545
1569595198.57546
1569595198.82547
1569595199.07548
1569595199.32549
1569595199.57551
1569595199.82552
1569595200.07553
1569595200.32554
1569595200.57555
1569595200.82556
1569595201.07558
1569595201.32559
1569595201.5756
1569595201.82561
1569595202.07562
1569595202.32563
1569595202.57565
1569595202.82566
1569595203.07567
1569595203.32568
1569595203.57569
1569595203.8257
1569595204.07571
1569595204.32573
1569595204.57574
1569595204.82575
1569595205.07576
1569595205.32577
1569595205.57578
1569595205.8258
1569595206.07581
1569595206.32582
1569595206.57583
1569595206.82584
1569595207.07585
1569595207.32587
1569595207.57588
1569595207.82589
1569595208.0759
1569595208.32591
1569595208.57592
1569595208.82593
1569595209.07595
1569595209.32596
1569595209.57597
1569595209.82598
1569595210.07599
1569595210.326
1569595210.57602
1569595210.82603
1569595211.07604
1569595211.32605
1569595211.57606
1569595211.82607
1569595212.07609
1569595212.3261
1569595212.57611
1569595212.82612
1569595213.07613
1569595213.32614
1569595213.57615
1569595213.82617
1569595214.07618
1569595214.32619
1569595214.5762
1569595214.82621
1569595215.07622
1569595215.32624
1569595215.57625
1569595215.82626
1569595216.07627
1569595216.32628
1569595216.57629
1569595216.8263
1569595217.07632
1569595217.32633
1569595217.57634
1569595217.82635
1569595218.07636
1569595218.32637
1569595218.57639
1569595218.8264
1569595219.07641
1569595219.32642
1569595219.57643
1569595219.82644
1569595220.07646
1569595220.32647
1569595220.57648
1569595220.82649
1569595221.0765
1569595221.32651
1569595221.57652
1569595221.82654
1569595222.07655
1569595222.32656
1569595222.57657
1569595222.82658
1569595223.07659
1569595223.32661
1569595223.57662
1569595223.82663
1569595224.07664
1569595224.32665
1569595224.57666
1569595224.82668
1569595225.07669
1569595225.3267
1569595225.57671
1569595225.82672
1569595226.07673
1569595226.32674
1569595226.57676
1569595226.82677
1569595227.07678
1569595227.32679
1569595227.5768
1569595227.82681
1569595228.07683
1569595228.32684
1569595228.57685
1569595228.82686
1569595229.07687
1569595229.32688
1569595229.5769
1569595229.82691
1569595230.07692
1569595230.32693
1569595230.57694
1569595230.82695
1569595231.07696
1569595231.32698
1569595231.57699
1569595231.827
1569595232.07701
1569595232.32702
1569595232.57703
1569595232.82705
1569595233.07706
1569595233.32707
1569595233.57708
1569595233.82709
1569595234.0771
1569595234.32712
1569595234.57713
1569595234.82714
1569595235.07715
1569595235.32716
1569595235.57717
1569595235.82718
1569595236.0772
1569595236.32721
1569595236.57722
1569595236.82723
1569595237.07724
1569595237.32725
1569595237.57727
1569595237.82728
1569595238.07729
1569595238.3273
1569595238.57731
1569595238.82732
1569595239.07734
1569595239.32735
1569595239.57736
1569595239.82737
1569595240.07738
1569595240.32739
1569595240.5774
1569595240.82742
1569595241.07743
1569595241.32744
1569595241.57745
1569595241.82746
1569595242.07747
1569595242.32749
1569595242.5775
1569595242.82751
1569595243.07752
1569595243.32753
1569595243.57754
1569595243.82756
1569595244.07757
1569595244.32758
1569595244.57759
1569595244.8276
1569595245.07761
1569595245.32762
1569595245.57764
1569595245.82765
1569595246.07766
1569595246.32767
1569595246.57768
1569595246.82769
1569595247.07771
1569595247.32772
1569595247.57773
1569595247.82774
1569595248.07775
1569595248.32776
1569595248.57778
1569595248.82779
1569595249.0778
1569595249.32781
1569595249.57782
1569595249.82783
1569595250.07784
1569595250.32786
1569595250.57787
1569595250.82788
1569595251.07789
1569595251.3279
1569595251.57791
1569595251.82793
1569595252.07794
1569595252.32795
1569595252.57796
1569595252.82797
1569595253.07798
1569595253.32799
1569595253.57801
1569595253.82802
1569595254.07803
1569595254.32804
1569595254.57805
1569595254.82806
1569595255.07808
1569595255.32809
1569595255.5781
1569595255.82811
1569595256.07812
1569595256.32813
1569595256.57815
1569595256.82816
1569595257.07817
1569595257.32818
1569595257.57819
1569595257.8282
1569595258.07821
1569595258.32823
1569595258.57824
1569595258.82825
1569595259.07826
1569595259.32827
1569595259.57828
1569595259.8283
1569595260.07831
1569595260.32832
1569595260.57833
1569595260.82834
1569595261.07835
1569595261.32837
1569595261.57838
1569595261.82839
1569595262.0784
1569595262.32841
1569595262.57842
1569595262.82843
1569595263.07845
1569595263.32846
1569595263.57847
1569595263.82848
1569595264.07849
1569595264.3285
1569595264.57852
1569595264.82853
1569595265.07854
1569595265.32855
1569595265.57856
1569595265.82857
1569595266.07859
1569595266.3286
1569595266.57861
1569595266.82862
1569595267.07863
1569595267.32864
1569595267.57865
1569595267.82867
1569595268.07868
1569595268.32869
1569595268.5787
1569595268.82871
1569595269.07872
1569595269.32874
1569595269.57875
1569595269.82876
1569595270.07877
1569595270.32878
1569595270.57879
1569595270.82881
1569595271.07882
1569595271.32883
1569595271.57884
1569595271.82885
1569595272.07886
1569595272.32887
1569595272.57889
1569595272.8289
1569595273.07891
1569595273.32892
1569595273.57893
1569595273.82894
1569595274.07896
1569595274.32897
1569595274.57898
1569595274.82899
1569595275.079
1569595275.32901
1569595275.57903
1569595275.82904
1569595276.07905
1569595276.32906
1569595276.57907
1569595276.82908
1569595277.07909
1569595277.32911
1569595277.57912
1569595277.82913
1569595278.07914
1569595278.32915
1569595278.57916
1569595278.82918
1569595279.07919
1569595279.3292
1569595279.57921
1569595279.82922
1569595280.07923
1569595280.32925
1569595280.57926
1569595280.82927
1569595281.07928
1569595281.32929
1569595281.5793
1569595281.82931
1569595282.07933
1569595282.32934
1569595282.57935
1569595282.82936
1569595283.07937
1569595283.32938
1569595283.5794
1569595283.82941
1569595284.07942
1569595284.32943
1569595284.57944
1569595284.82945
1569595285.07946
1569595285.32948
1569595285.57949
1569595285.8295
1569595286.07951
1569595286.32952
1569595286.57953
1569595286.82955
1569595287.07956
1569595287.32957
1569595287.57958
1569595287.82959
1569595288.0796
1569595288.32962
1569595288.57963
1569595288.82964
1569595289.07965
1569595289.32966
1569595289.57967
1569595289.82968
1569595290.0797
1569595290.32971
1569595290.57972
1569595290.82973
1569595291.07974
1569595291.32975
1569595291.57977
1569595291.82978
1569595292.07979
1569595292.3298
1569595292.57981
1569595292.82982
1569595293.07984
1569595293.32985
1569595293.57986
1569595293.82987
1569595294.07988
1569595294.32989
1569595294.5799
1569595294.82992
1569595295.07993
1569595295.32994
1569595295.57995
1569595295.82996
1569595296.07997
1569595296.32999
1569595296.58
1569595296.83001
1569595297.08002
1569595297.33003
1569595297.58004
1569595297.83006
1569595298.08007
1569595298.33008
1569595298.58009
1569595298.8301
1569595299.08011
1569595299.33012
1569595299.58014
1569595299.83015
1569595300.08016
1569595300.33017
1569595300.58018
1569595300.83019
1569595301.08021
1569595301.33022
1569595301.58023
1569595301.83024
1569595302.08025
1569595302.33026
1569595302.58028
1569595302.83029
1569595303.0803
1569595303.33031
1569595303.58032
1569595303.83033
1569595304.08034
1569595304.33036
1569595304.58037
1569595304.83038
1569595305.08039
1569595305.3304
1569595305.58041
1569595305.83043
1569595306.08044
1569595306.33045
1569595306.58046
