1569593698.75602
1569593699.00603
1569593699.25605
1569593699.50606
1569593699.75607
1569593700.00608
1569593700.25609
1569593700.5061
1569593700.75612
1569593701.00613
1569593701.25614
1569593701.50615
1569593701.75616
1569593702.00617
1569593702.25619
1569593702.5062
1569593702.75621
1569593703.00622
1569593703.25623
1569593703.50624
1569593703.75625
1569593704.00627
1569593704.25628
1569593704.50629
1569593704.7563
1569593705.00631
1569593705.25632
1569593705.50634
1569593705.75635
1569593706.00636
1569593706.25637
1569593706.50638
1569593706.75639
1569593707.00641
1569593707.25642
1569593707.50643
1569593707.75644
1569593708.00645
1569593708.25646
1569593708.50647
1569593708.75649
1569593709.0065
1569593709.25651
1569593709.50652
1569593709.75653
1569593710.00654
1569593710.25656
1569593710.50657
1569593710.75658
1569593711.00659
1569593711.2566
1569593711.50661
1569593711.75662
1569593712.00664
1569593712.25665
1569593712.50666
1569593712.75667
1569593713.00668
1569593713.25669
1569593713.50671
1569593713.75672
1569593714.00673
1569593714.25674
1569593714.50675
1569593714.75676
1569593715.00678
1569593715.25679
1569593715.5068
1569593715.75681
1569593716.00682
1569593716.25683
1569593716.50685
1569593716.75686
1569593717.00687
1569593717.25688
1569593717.50689
1569593717.7569
1569593718.00691
1569593718.25693
1569593718.50694
1569593718.75695
1569593719.00696
1569593719.25697
1569593719.50698
1569593719.757
1569593720.00701
1569593720.25702
1569593720.50703
1569593720.75704
1569593721.00705
1569593721.25706
1569593721.50708
1569593721.75709
1569593722.0071
1569593722.25711
1569593722.50712
1569593722.75713
1569593723.00715
1569593723.25716
1569593723.50717
1569593723.75718
1569593724.00719
1569593724.2572
1569593724.50722
1569593724.75723
1569593725.00724
1569593725.25725
1569593725.50726
1569593725.75727
1569593726.00728
1569593726.2573
1569593726.50731
1569593726.75732
1569593727.00733
1569593727.25734
1569593727.50735
1569593727.75737
1569593728.00738
1569593728.25739
1569593728.5074
1569593728.75741
1569593729.00742
1569593729.25744
1569593729.50745
1569593729.75746
1569593730.00747
1569593730.25748
1569593730.50749
1569593730.7575
1569593731.00752
1569593731.25753
1569593731.50754
1569593731.75755
1569593732.00756
1569593732.25757
1569593732.50759
1569593732.7576
1569593733.00761
1569593733.25762
1569593733.50763
1569593733.75764
1569593734.00766
1569593734.25767
1569593734.50768
1569593734.75769
1569593735.0077
1569593735.25771
1569593735.50772
1569593735.75774
1569593736.00775
1569593736.25776
1569593736.50777
1569593736.75778
1569593737.00779
1569593737.25781
1569593737.50782
1569593737.75783
1569593738.00784
1569593738.25785
1569593738.50786
1569593738.75787
1569593739.00789
1569593739.2579
1569593739.50791
1569593739.75792
1569593740.00793
1569593740.25794
1569593740.50796
1569593740.75797
1569593741.00798
1569593741.25799
1569593741.508
1569593741.75801
1569593742.00803
1569593742.25804
1569593742.50805
1569593742.75806
1569593743.00807
1569593743.25808
1569593743.5081
1569593743.75811
1569593744.00812
1569593744.25813
1569593744.50814
1569593744.75815
1569593745.00816
1569593745.25818
1569593745.50819
1569593745.7582
1569593746.00821
1569593746.25822
1569593746.50823
1569593746.75825
1569593747.00826
1569593747.25827
1569593747.50828
1569593747.75829
1569593748.0083
1569593748.25831
1569593748.50833
1569593748.75834
1569593749.00835
1569593749.25836
1569593749.50837
1569593749.75838
1569593750.0084
1569593750.25841
1569593750.50842
1569593750.75843
1569593751.00844
1569593751.25845
1569593751.50847
1569593751.75848
1569593752.00849
1569593752.2585
1569593752.50851
1569593752.75852
1569593753.00853
1569593753.25855
1569593753.50856
1569593753.75857
1569593754.00858
1569593754.25859
1569593754.5086
1569593754.75862
1569593755.00863
1569593755.25864
1569593755.50865
1569593755.75866
1569593756.00867
1569593756.25869
1569593756.5087
1569593756.75871
1569593757.00872
1569593757.25873
1569593757.50874
1569593757.75875
1569593758.00877
1569593758.25878
1569593758.50879
1569593758.7588
1569593759.00881
1569593759.25882
1569593759.50884
1569593759.75885
1569593760.00886
1569593760.25887
1569593760.50888
1569593760.75889
1569593761.00891
1569593761.25892
1569593761.50893
1569593761.75894
1569593762.00895
1569593762.25896
1569593762.50897
1569593762.75899
1569593763.009
1569593763.25901
1569593763.50902
1569593763.75903
1569593764.00904
1569593764.25906
1569593764.50907
1569593764.75908
1569593765.00909
1569593765.2591
1569593765.50911
1569593765.75913
1569593766.00914
1569593766.25915
1569593766.50916
1569593766.75917
1569593767.00918
1569593767.25919
1569593767.50921
1569593767.75922
1569593768.00923
1569593768.25924
1569593768.50925
1569593768.75926
1569593769.00928
1569593769.25929
1569593769.5093
1569593769.75931
1569593770.00932
1569593770.25933
1569593770.50935
1569593770.75936
1569593771.00937
1569593771.25938
1569593771.50939
1569593771.7594
1569593772.00941
1569593772.25943
1569593772.50944
1569593772.75945
1569593773.00946
1569593773.25947
1569593773.50948
1569593773.7595
1569593774.00951
1569593774.25952
1569593774.50953
1569593774.75954
1569593775.00955
1569593775.25956
1569593775.50958
1569593775.75959
1569593776.0096
1569593776.25961
1569593776.50962
1569593776.75963
1569593777.00965
1569593777.25966
1569593777.50967
1569593777.75968
1569593778.00969
1569593778.2597
1569593778.50972
1569593778.75973
1569593779.00974
1569593779.25975
1569593779.50976
1569593779.75977
1569593780.00978
1569593780.2598
1569593780.50981
1569593780.75982
1569593781.00983
1569593781.25984
1569593781.50985
1569593781.75987
1569593782.00988
1569593782.25989
1569593782.5099
1569593782.75991
1569593783.00992
1569593783.25994
1569593783.50995
1569593783.75996
1569593784.00997
1569593784.25998
1569593784.50999
1569593784.76
1569593785.01002
1569593785.26003
1569593785.51004
1569593785.76005
1569593786.01006
1569593786.26007
1569593786.51009
1569593786.7601
1569593787.01011
1569593787.26012
1569593787.51013
1569593787.76014
1569593788.01016
1569593788.26017
1569593788.51018
1569593788.76019
1569593789.0102
1569593789.26021
1569593789.51022
1569593789.76024
1569593790.01025
1569593790.26026
1569593790.51027
1569593790.76028
1569593791.01029
1569593791.26031
1569593791.51032
1569593791.76033
1569593792.01034
1569593792.26035
1569593792.51036
1569593792.76038
1569593793.01039
1569593793.2604
1569593793.51041
1569593793.76042
1569593794.01043
1569593794.26044
1569593794.51046
1569593794.76047
1569593795.01048
1569593795.26049
1569593795.5105
1569593795.76051
1569593796.01053
1569593796.26054
1569593796.51055
1569593796.76056
1569593797.01057
1569593797.26058
1569593797.5106
1569593797.76061
1569593798.01062
1569593798.26063
1569593798.51064
1569593798.76065
1569593799.01066
1569593799.26068
1569593799.51069
1569593799.7607
1569593800.01071
1569593800.26072
1569593800.51073
1569593800.76075
1569593801.01076
1569593801.26077
1569593801.51078
1569593801.76079
1569593802.0108
1569593802.26082
1569593802.51083
1569593802.76084
1569593803.01085
1569593803.26086
1569593803.51087
1569593803.76088
1569593804.0109
1569593804.26091
1569593804.51092
1569593804.76093
1569593805.01094
1569593805.26095
1569593805.51097
1569593805.76098
1569593806.01099
1569593806.261
1569593806.51101
1569593806.76102
1569593807.01103
1569593807.26105
1569593807.51106
1569593807.76107
1569593808.01108
1569593808.26109
1569593808.5111
1569593808.76112
1569593809.01113
1569593809.26114
1569593809.51115
1569593809.76116
1569593810.01117
1569593810.26119
1569593810.5112
1569593810.76121
1569593811.01122
1569593811.26123
1569593811.51124
1569593811.76125
1569593812.01127
1569593812.26128
1569593812.51129
1569593812.7613
1569593813.01131
1569593813.26132
1569593813.51134
1569593813.76135
1569593814.01136
1569593814.26137
1569593814.51138
1569593814.76139
1569593815.01141
1569593815.26142
1569593815.51143
1569593815.76144
1569593816.01145
1569593816.26146
1569593816.51147
1569593816.76149
1569593817.0115
1569593817.26151
1569593817.51152
1569593817.76153
1569593818.01154
1569593818.26156
1569593818.51157
1569593818.76158
1569593819.01159
1569593819.2616
1569593819.51161
1569593819.76163
1569593820.01164
1569593820.26165
1569593820.51166
1569593820.76167
1569593821.01168
1569593821.26169
1569593821.51171
1569593821.76172
1569593822.01173
1569593822.26174
1569593822.51175
1569593822.76176
1569593823.01178
1569593823.26179
1569593823.5118
1569593823.76181
1569593824.01182
1569593824.26183
1569593824.51185
1569593824.76186
1569593825.01187
1569593825.26188
1569593825.51189
1569593825.7619
1569593826.01191
1569593826.26193
1569593826.51194
1569593826.76195
1569593827.01196
1569593827.26197
1569593827.51198
1569593827.762
1569593828.01201
1569593828.26202
1569593828.51203
1569593828.76204
1569593829.01205
1569593829.26207
1569593829.51208
1569593829.76209
1569593830.0121
1569593830.26211
1569593830.51212
1569593830.76213
1569593831.01215
1569593831.26216
1569593831.51217
1569593831.76218
1569593832.01219
1569593832.2622
1569593832.51222
1569593832.76223
1569593833.01224
1569593833.26225
1569593833.51226
1569593833.76227
1569593834.01228
1569593834.2623
1569593834.51231
1569593834.76232
1569593835.01233
1569593835.26234
1569593835.51235
1569593835.76237
1569593836.01238
1569593836.26239
1569593836.5124
1569593836.76241
1569593837.01242
1569593837.26244
1569593837.51245
1569593837.76246
1569593838.01247
1569593838.26248
1569593838.51249
1569593838.76251
1569593839.01252
1569593839.26253
1569593839.51254
1569593839.76255
1569593840.01256
1569593840.26257
1569593840.51259
1569593840.7626
1569593841.01261
1569593841.26262
1569593841.51263
1569593841.76264
1569593842.01266
1569593842.26267
1569593842.51268
1569593842.76269
1569593843.0127
1569593843.26271
1569593843.51272
1569593843.76274
1569593844.01275
1569593844.26276
1569593844.51277
1569593844.76278
1569593845.01279
1569593845.26281
1569593845.51282
1569593845.76283
1569593846.01284
1569593846.26285
1569593846.51286
1569593846.76288
1569593847.01289
1569593847.2629
1569593847.51291
1569593847.76292
1569593848.01293
1569593848.26294
1569593848.51296
1569593848.76297
1569593849.01298
1569593849.26299
1569593849.513
1569593849.76301
1569593850.01303
1569593850.26304
1569593850.51305
1569593850.76306
1569593851.01307
1569593851.26308
1569593851.5131
1569593851.76311
1569593852.01312
1569593852.26313
1569593852.51314
1569593852.76315
1569593853.01316
1569593853.26318
1569593853.51319
1569593853.7632
1569593854.01321
1569593854.26322
1569593854.51323
1569593854.76325
1569593855.01326
1569593855.26327
1569593855.51328
1569593855.76329
1569593856.0133
1569593856.26332
1569593856.51333
1569593856.76334
1569593857.01335
1569593857.26336
1569593857.51337
1569593857.76338
1569593858.0134
1569593858.26341
1569593858.51342
1569593858.76343
1569593859.01344
1569593859.26345
1569593859.51347
1569593859.76348
1569593860.01349
1569593860.2635
1569593860.51351
1569593860.76352
1569593861.01354
1569593861.26355
1569593861.51356
1569593861.76357
1569593862.01358
1569593862.26359
1569593862.5136
1569593862.76362
1569593863.01363
1569593863.26364
1569593863.51365
1569593863.76366
1569593864.01367
1569593864.26369
1569593864.5137
1569593864.76371
1569593865.01372
1569593865.26373
1569593865.51374
1569593865.76376
1569593866.01377
1569593866.26378
1569593866.51379
1569593866.7638
1569593867.01381
1569593867.26382
1569593867.51384
1569593867.76385
1569593868.01386
1569593868.26387
1569593868.51388
1569593868.76389
1569593869.01391
1569593869.26392
1569593869.51393
1569593869.76394
1569593870.01395
1569593870.26396
1569593870.51397
1569593870.76399
1569593871.014
1569593871.26401
1569593871.51402
1569593871.76403
1569593872.01404
1569593872.26406
1569593872.51407
1569593872.76408
1569593873.01409
1569593873.2641
1569593873.51411
1569593873.76413
1569593874.01414
1569593874.26415
1569593874.51416
1569593874.76417
1569593875.01418
1569593875.26419
1569593875.51421
1569593875.76422
1569593876.01423
1569593876.26424
1569593876.51425
1569593876.76426
1569593877.01428
1569593877.26429
1569593877.5143
1569593877.76431
1569593878.01432
1569593878.26433
1569593878.51435
1569593878.76436
1569593879.01437
1569593879.26438
1569593879.51439
1569593879.7644
1569593880.01441
1569593880.26443
1569593880.51444
1569593880.76445
1569593881.01446
1569593881.26447
1569593881.51448
1569593881.7645
1569593882.01451
1569593882.26452
1569593882.51453
1569593882.76454
1569593883.01455
1569593883.26457
1569593883.51458
1569593883.76459
1569593884.0146
1569593884.26461
1569593884.51462
1569593884.76463
1569593885.01465
1569593885.26466
1569593885.51467
1569593885.76468
1569593886.01469
1569593886.2647
1569593886.51472
1569593886.76473
1569593887.01474
1569593887.26475
1569593887.51476
1569593887.76477
1569593888.01479
1569593888.2648
1569593888.51481
1569593888.76482
1569593889.01483
1569593889.26484
1569593889.51485
1569593889.76487
1569593890.01488
1569593890.26489
1569593890.5149
1569593890.76491
1569593891.01492
1569593891.26494
1569593891.51495
1569593891.76496
1569593892.01497
1569593892.26498
1569593892.51499
1569593892.76501
1569593893.01502
1569593893.26503
1569593893.51504
1569593893.76505
1569593894.01506
1569593894.26507
1569593894.51509
1569593894.7651
1569593895.01511
1569593895.26512
1569593895.51513
1569593895.76514
1569593896.01516
1569593896.26517
1569593896.51518
1569593896.76519
1569593897.0152
1569593897.26521
1569593897.51522
1569593897.76524
1569593898.01525
1569593898.26526
1569593898.51527
1569593898.76528
1569593899.01529
1569593899.26531
1569593899.51532
1569593899.76533
1569593900.01534
1569593900.26535
1569593900.51536
1569593900.76538
1569593901.01539
1569593901.2654
1569593901.51541
1569593901.76542
1569593902.01543
1569593902.26544
1569593902.51546
1569593902.76547
1569593903.01548
1569593903.26549
1569593903.5155
1569593903.76551
1569593904.01553
1569593904.26554
1569593904.51555
1569593904.76556
1569593905.01557
1569593905.26558
1569593905.5156
1569593905.76561
1569593906.01562
1569593906.26563
1569593906.51564
1569593906.76565
1569593907.01566
1569593907.26568
1569593907.51569
1569593907.7657
1569593908.01571
1569593908.26572
1569593908.51573
1569593908.76575
1569593909.01576
1569593909.26577
1569593909.51578
1569593909.76579
1569593910.0158
1569593910.26582
1569593910.51583
1569593910.76584
1569593911.01585
1569593911.26586
1569593911.51587
1569593911.76588
1569593912.0159
1569593912.26591
1569593912.51592
1569593912.76593
1569593913.01594
1569593913.26595
1569593913.51597
1569593913.76598
1569593914.01599
1569593914.266
1569593914.51601
1569593914.76602
1569593915.01604
1569593915.26605
1569593915.51606
1569593915.76607
1569593916.01608
1569593916.26609
1569593916.5161
1569593916.76612
1569593917.01613
1569593917.26614
1569593917.51615
1569593917.76616
1569593918.01617
1569593918.26619
1569593918.5162
1569593918.76621
1569593919.01622
1569593919.26623
1569593919.51624
1569593919.76626
1569593920.01627
1569593920.26628
1569593920.51629
1569593920.7663
1569593921.01631
1569593921.26632
1569593921.51634
1569593921.76635
1569593922.01636
1569593922.26637
1569593922.51638
1569593922.76639
1569593923.01641
1569593923.26642
1569593923.51643
1569593923.76644
1569593924.01645
1569593924.26646
1569593924.51648
1569593924.76649
1569593925.0165
1569593925.26651
1569593925.51652
1569593925.76653
1569593926.01654
1569593926.26656
1569593926.51657
1569593926.76658
1569593927.01659
1569593927.2666
1569593927.51661
1569593927.76663
1569593928.01664
1569593928.26665
1569593928.51666
1569593928.76667
1569593929.01668
1569593929.2667
1569593929.51671
1569593929.76672
1569593930.01673
1569593930.26674
1569593930.51675
1569593930.76676
1569593931.01678
1569593931.26679
1569593931.5168
1569593931.76681
1569593932.01682
1569593932.26683
1569593932.51685
1569593932.76686
1569593933.01687
1569593933.26688
1569593933.51689
1569593933.7669
1569593934.01691
1569593934.26693
1569593934.51694
1569593934.76695
1569593935.01696
1569593935.26697
1569593935.51698
1569593935.767
1569593936.01701
1569593936.26702
1569593936.51703
1569593936.76704
1569593937.01705
1569593937.26707
1569593937.51708
1569593937.76709
1569593938.0171
1569593938.26711
1569593938.51712
1569593938.76713
1569593939.01715
1569593939.26716
1569593939.51717
1569593939.76718
1569593940.01719
1569593940.2672
1569593940.51722
1569593940.76723
1569593941.01724
1569593941.26725
1569593941.51726
1569593941.76727
1569593942.01729
1569593942.2673
1569593942.51731
1569593942.76732
1569593943.01733
1569593943.26734
1569593943.51735
1569593943.76737
1569593944.01738
1569593944.26739
1569593944.5174
1569593944.76741
1569593945.01742
1569593945.26744
1569593945.51745
1569593945.76746
1569593946.01747
1569593946.26748
1569593946.51749
1569593946.76751
1569593947.01752
1569593947.26753
1569593947.51754
1569593947.76755
1569593948.01756
1569593948.26757
1569593948.51759
1569593948.7676
1569593949.01761
1569593949.26762
1569593949.51763
1569593949.76764
1569593950.01766
1569593950.26767
1569593950.51768
1569593950.76769
1569593951.0177
1569593951.26771
1569593951.51773
1569593951.76774
1569593952.01775
1569593952.26776
1569593952.51777
1569593952.76778
1569593953.01779
1569593953.26781
1569593953.51782
1569593953.76783
1569593954.01784
1569593954.26785
1569593954.51786
1569593954.76788
1569593955.01789
1569593955.2679
1569593955.51791
1569593955.76792
1569593956.01793
1569593956.26795
1569593956.51796
1569593956.76797
1569593957.01798
1569593957.26799
1569593957.518
1569593957.76801
1569593958.01803
1569593958.26804
1569593958.51805
1569593958.76806
1569593959.01807
1569593959.26808
1569593959.5181
1569593959.76811
1569593960.01812
1569593960.26813
1569593960.51814
1569593960.76815
1569593961.01817
1569593961.26818
1569593961.51819
1569593961.7682
1569593962.01821
1569593962.26822
1569593962.51823
1569593962.76825
1569593963.01826
1569593963.26827
1569593963.51828
1569593963.76829
1569593964.0183
1569593964.26832
1569593964.51833
1569593964.76834
1569593965.01835
1569593965.26836
1569593965.51837
1569593965.76838
1569593966.0184
1569593966.26841
1569593966.51842
1569593966.76843
1569593967.01844
1569593967.26845
1569593967.51847
1569593967.76848
1569593968.01849
1569593968.2685
1569593968.51851
1569593968.76852
1569593969.01854
1569593969.26855
1569593969.51856
1569593969.76857
1569593970.01858
1569593970.26859
1569593970.5186
1569593970.76862
1569593971.01863
1569593971.26864
1569593971.51865
1569593971.76866
1569593972.01867
1569593972.26869
1569593972.5187
1569593972.76871
1569593973.01872
1569593973.26873
1569593973.51874
1569593973.76876
1569593974.01877
1569593974.26878
1569593974.51879
1569593974.7688
1569593975.01881
1569593975.26882
1569593975.51884
1569593975.76885
1569593976.01886
1569593976.26887
1569593976.51888
1569593976.76889
1569593977.01891
1569593977.26892
1569593977.51893
1569593977.76894
1569593978.01895
1569593978.26896
1569593978.51898
1569593978.76899
1569593979.019
1569593979.26901
1569593979.51902
1569593979.76903
1569593980.01904
1569593980.26906
1569593980.51907
1569593980.76908
1569593981.01909
1569593981.2691
1569593981.51911
1569593981.76913
1569593982.01914
1569593982.26915
1569593982.51916
1569593982.76917
1569593983.01918
1569593983.2692
1569593983.51921
1569593983.76922
1569593984.01923
1569593984.26924
1569593984.51925
1569593984.76926
1569593985.01928
1569593985.26929
1569593985.5193
1569593985.76931
1569593986.01932
1569593986.26933
1569593986.51935
1569593986.76936
1569593987.01937
1569593987.26938
1569593987.51939
1569593987.7694
1569593988.01942
1569593988.26943
1569593988.51944
1569593988.76945
1569593989.01946
1569593989.26947
1569593989.51948
1569593989.7695
1569593990.01951
1569593990.26952
1569593990.51953
1569593990.76954
1569593991.01955
1569593991.26957
1569593991.51958
1569593991.76959
1569593992.0196
1569593992.26961
1569593992.51962
1569593992.76963
1569593993.01965
1569593993.26966
1569593993.51967
1569593993.76968
1569593994.01969
1569593994.2697
1569593994.51972
1569593994.76973
1569593995.01974
1569593995.26975
1569593995.51976
1569593995.76977
1569593996.01979
1569593996.2698
1569593996.51981
1569593996.76982
1569593997.01983
1569593997.26984
1569593997.51986
1569593997.76987
1569593998.01988
1569593998.26989
1569593998.5199
1569593998.76991
1569593999.01992
1569593999.26994
1569593999.51995
1569593999.76996
1569594000.01997
1569594000.26998
1569594000.51999
1569594000.77001
1569594001.02002
1569594001.27003
1569594001.52004
1569594001.77005
1569594002.02006
1569594002.27007
1569594002.52009
1569594002.7701
1569594003.02011
1569594003.27012
1569594003.52013
1569594003.77014
1569594004.02016
1569594004.27017
1569594004.52018
1569594004.77019
1569594005.0202
1569594005.27021
1569594005.52023
1569594005.77024
1569594006.02025
1569594006.27026
1569594006.52027
1569594006.77028
1569594007.02029
1569594007.27031
1569594007.52032
1569594007.77033
1569594008.02034
1569594008.27035
1569594008.52036
1569594008.77038
1569594009.02039
1569594009.2704
1569594009.52041
1569594009.77042
1569594010.02043
1569594010.27045
1569594010.52046
1569594010.77047
1569594011.02048
1569594011.27049
1569594011.5205
1569594011.77051
1569594012.02053
1569594012.27054
1569594012.52055
1569594012.77056
1569594013.02057
1569594013.27058
1569594013.5206
1569594013.77061
1569594014.02062
1569594014.27063
1569594014.52064
1569594014.77065
1569594015.02067
1569594015.27068
1569594015.52069
1569594015.7707
1569594016.02071
1569594016.27072
1569594016.52073
1569594016.77075
1569594017.02076
1569594017.27077
1569594017.52078
1569594017.77079
1569594018.0208
1569594018.27082
1569594018.52083
1569594018.77084
1569594019.02085
1569594019.27086
1569594019.52087
1569594019.77088
1569594020.0209
1569594020.27091
1569594020.52092
1569594020.77093
1569594021.02094
1569594021.27095
1569594021.52097
1569594021.77098
1569594022.02099
1569594022.271
1569594022.52101
1569594022.77102
1569594023.02104
1569594023.27105
1569594023.52106
1569594023.77107
1569594024.02108
1569594024.27109
1569594024.52111
1569594024.77112
1569594025.02113
1569594025.27114
1569594025.52115
1569594025.77116
1569594026.02117
1569594026.27119
1569594026.5212
1569594026.77121
1569594027.02122
1569594027.27123
1569594027.52124
1569594027.77126
1569594028.02127
1569594028.27128
1569594028.52129
1569594028.7713
1569594029.02131
1569594029.27132
1569594029.52134
1569594029.77135
1569594030.02136
1569594030.27137
1569594030.52138
1569594030.77139
1569594031.02141
1569594031.27142
1569594031.52143
1569594031.77144
1569594032.02145
1569594032.27146
1569594032.52148
1569594032.77149
1569594033.0215
1569594033.27151
1569594033.52152
1569594033.77153
1569594034.02154
1569594034.27156
1569594034.52157
1569594034.77158
1569594035.02159
1569594035.2716
1569594035.52161
1569594035.77163
1569594036.02164
1569594036.27165
1569594036.52166
1569594036.77167
1569594037.02168
1569594037.2717
1569594037.52171
1569594037.77172
1569594038.02173
1569594038.27174
1569594038.52175
1569594038.77176
1569594039.02178
1569594039.27179
1569594039.5218
1569594039.77181
1569594040.02182
1569594040.27183
1569594040.52185
1569594040.77186
1569594041.02187
1569594041.27188
1569594041.52189
1569594041.7719
1569594042.02192
1569594042.27193
1569594042.52194
1569594042.77195
1569594043.02196
1569594043.27197
1569594043.52198
1569594043.772
1569594044.02201
1569594044.27202
1569594044.52203
1569594044.77204
1569594045.02205
1569594045.27207
1569594045.52208
1569594045.77209
1569594046.0221
1569594046.27211
1569594046.52212
1569594046.77214
1569594047.02215
1569594047.27216
1569594047.52217
1569594047.77218
1569594048.02219
1569594048.2722
1569594048.52222
1569594048.77223
1569594049.02224
1569594049.27225
1569594049.52226
1569594049.77227
1569594050.02229
1569594050.2723
1569594050.52231
1569594050.77232
1569594051.02233
1569594051.27234
1569594051.52236
1569594051.77237
1569594052.02238
1569594052.27239
1569594052.5224
1569594052.77241
1569594053.02242
1569594053.27244
1569594053.52245
1569594053.77246
1569594054.02247
1569594054.27248
1569594054.52249
1569594054.77251
1569594055.02252
1569594055.27253
1569594055.52254
1569594055.77255
1569594056.02256
1569594056.27257
1569594056.52259
1569594056.7726
1569594057.02261
1569594057.27262
1569594057.52263
1569594057.77264
1569594058.02266
1569594058.27267
1569594058.52268
1569594058.77269
1569594059.0227
1569594059.27271
1569594059.52273
1569594059.77274
1569594060.02275
1569594060.27276
1569594060.52277
1569594060.77278
1569594061.02279
1569594061.27281
1569594061.52282
1569594061.77283
1569594062.02284
1569594062.27285
1569594062.52286
1569594062.77288
1569594063.02289
1569594063.2729
1569594063.52291
1569594063.77292
1569594064.02293
1569594064.27295
1569594064.52296
1569594064.77297
1569594065.02298
1569594065.27299
1569594065.523
1569594065.77301
1569594066.02303
1569594066.27304
1569594066.52305
1569594066.77306
1569594067.02307
1569594067.27308
1569594067.5231
1569594067.77311
1569594068.02312
1569594068.27313
1569594068.52314
1569594068.77315
1569594069.02317
1569594069.27318
1569594069.52319
1569594069.7732
1569594070.02321
1569594070.27322
1569594070.52323
1569594070.77325
1569594071.02326
1569594071.27327
1569594071.52328
1569594071.77329
1569594072.0233
1569594072.27332
1569594072.52333
1569594072.77334
1569594073.02335
1569594073.27336
1569594073.52337
1569594073.77339
1569594074.0234
1569594074.27341
1569594074.52342
1569594074.77343
1569594075.02344
1569594075.27345
1569594075.52347
1569594075.77348
1569594076.02349
1569594076.2735
1569594076.52351
1569594076.77352
1569594077.02354
1569594077.27355
1569594077.52356
1569594077.77357
1569594078.02358
1569594078.27359
1569594078.52361
1569594078.77362
1569594079.02363
1569594079.27364
1569594079.52365
1569594079.77366
1569594080.02367
1569594080.27369
1569594080.5237
1569594080.77371
1569594081.02372
1569594081.27373
1569594081.52374
1569594081.77376
1569594082.02377
1569594082.27378
1569594082.52379
1569594082.7738
1569594083.02381
1569594083.27383
1569594083.52384
1569594083.77385
1569594084.02386
1569594084.27387
1569594084.52388
1569594084.77389
1569594085.02391
1569594085.27392
1569594085.52393
1569594085.77394
1569594086.02395
1569594086.27396
1569594086.52398
1569594086.77399
1569594087.024
1569594087.27401
1569594087.52402
1569594087.77403
1569594088.02404
1569594088.27406
1569594088.52407
1569594088.77408
1569594089.02409
1569594089.2741
1569594089.52411
