1569661287.08168
1569661287.33169
1569661287.5817
1569661287.83172
1569661288.08173
1569661288.33174
1569661288.58175
1569661288.83176
1569661289.08177
1569661289.33178
1569661289.5818
1569661289.83181
1569661290.08182
1569661290.33183
1569661290.58184
1569661290.83185
1569661291.08187
1569661291.33188
1569661291.58189
1569661291.8319
1569661292.08191
1569661292.33192
1569661292.58194
1569661292.83195
1569661293.08196
1569661293.33197
1569661293.58198
1569661293.83199
1569661294.082
1569661294.33202
1569661294.58203
1569661294.83204
1569661295.08205
1569661295.33206
1569661295.58207
1569661295.83209
1569661296.0821
1569661296.33211
1569661296.58212
1569661296.83213
1569661297.08214
1569661297.33216
1569661297.58217
1569661297.83218
1569661298.08219
1569661298.3322
1569661298.58221
1569661298.83222
1569661299.08224
1569661299.33225
1569661299.58226
1569661299.83227
1569661300.08228
1569661300.33229
1569661300.58231
1569661300.83232
1569661301.08233
1569661301.33234
1569661301.58235
1569661301.83236
1569661302.08238
1569661302.33239
1569661302.5824
1569661302.83241
1569661303.08242
1569661303.33243
1569661303.58244
1569661303.83246
1569661304.08247
1569661304.33248
1569661304.58249
1569661304.8325
1569661305.08251
1569661305.33253
1569661305.58254
1569661305.83255
1569661306.08256
1569661306.33257
1569661306.58258
1569661306.83259
1569661307.08261
1569661307.33262
1569661307.58263
1569661307.83264
1569661308.08265
1569661308.33266
1569661308.58268
1569661308.83269
1569661309.0827
1569661309.33271
1569661309.58272
1569661309.83273
1569661310.08275
1569661310.33276
1569661310.58277
1569661310.83278
1569661311.08279
1569661311.3328
1569661311.58281
1569661311.83283
1569661312.08284
1569661312.33285
1569661312.58286
1569661312.83287
1569661313.08288
1569661313.3329
1569661313.58291
1569661313.83292
1569661314.08293
1569661314.33294
1569661314.58295
1569661314.83297
1569661315.08298
1569661315.33299
1569661315.583
1569661315.83301
1569661316.08302
1569661316.33303
1569661316.58305
1569661316.83306
1569661317.08307
1569661317.33308
1569661317.58309
1569661317.8331
1569661318.08312
1569661318.33313
1569661318.58314
1569661318.83315
1569661319.08316
1569661319.33317
1569661319.58319
1569661319.8332
1569661320.08321
1569661320.33322
1569661320.58323
1569661320.83324
1569661321.08325
1569661321.33327
1569661321.58328
1569661321.83329
1569661322.0833
1569661322.33331
1569661322.58332
1569661322.83334
1569661323.08335
1569661323.33336
1569661323.58337
1569661323.83338
1569661324.08339
1569661324.33341
1569661324.58342
1569661324.83343
1569661325.08344
1569661325.33345
1569661325.58346
1569661325.83347
1569661326.08349
1569661326.3335
1569661326.58351
1569661326.83352
1569661327.08353
1569661327.33354
1569661327.58356
1569661327.83357
1569661328.08358
1569661328.33359
1569661328.5836
1569661328.83361
1569661329.08363
1569661329.33364
1569661329.58365
1569661329.83366
1569661330.08367
1569661330.33368
1569661330.58369
1569661330.83371
1569661331.08372
1569661331.33373
1569661331.58374
1569661331.83375
1569661332.08376
1569661332.33378
1569661332.58379
1569661332.8338
1569661333.08381
1569661333.33382
1569661333.58383
1569661333.83385
1569661334.08386
1569661334.33387
1569661334.58388
1569661334.83389
1569661335.0839
1569661335.33391
1569661335.58393
1569661335.83394
1569661336.08395
1569661336.33396
1569661336.58397
1569661336.83398
1569661337.084
1569661337.33401
1569661337.58402
1569661337.83403
1569661338.08404
1569661338.33405
1569661338.58406
1569661338.83408
1569661339.08409
1569661339.3341
1569661339.58411
1569661339.83412
1569661340.08413
1569661340.33415
1569661340.58416
1569661340.83417
1569661341.08418
1569661341.33419
1569661341.5842
1569661341.83422
1569661342.08423
1569661342.33424
1569661342.58425
1569661342.83426
1569661343.08427
1569661343.33428
1569661343.5843
1569661343.83431
1569661344.08432
1569661344.33433
1569661344.58434
1569661344.83435
1569661345.08437
1569661345.33438
1569661345.58439
1569661345.8344
1569661346.08441
1569661346.33442
1569661346.58444
1569661346.83445
1569661347.08446
1569661347.33447
1569661347.58448
1569661347.83449
1569661348.0845
1569661348.33452
1569661348.58453
1569661348.83454
1569661349.08455
1569661349.33456
1569661349.58457
1569661349.83459
1569661350.0846
1569661350.33461
1569661350.58462
1569661350.83463
1569661351.08464
1569661351.33466
1569661351.58467
1569661351.83468
1569661352.08469
1569661352.3347
1569661352.58471
1569661352.83472
1569661353.08474
1569661353.33475
1569661353.58476
1569661353.83477
1569661354.08478
1569661354.33479
1569661354.58481
1569661354.83482
1569661355.08483
1569661355.33484
1569661355.58485
1569661355.83486
1569661356.08488
1569661356.33489
1569661356.5849
1569661356.83491
1569661357.08492
1569661357.33493
1569661357.58494
1569661357.83496
1569661358.08497
1569661358.33498
1569661358.58499
1569661358.835
1569661359.08501
1569661359.33503
1569661359.58504
1569661359.83505
1569661360.08506
1569661360.33507
1569661360.58508
1569661360.8351
1569661361.08511
1569661361.33512
1569661361.58513
1569661361.83514
1569661362.08515
1569661362.33516
1569661362.58518
1569661362.83519
1569661363.0852
1569661363.33521
1569661363.58522
1569661363.83523
1569661364.08525
1569661364.33526
1569661364.58527
1569661364.83528
1569661365.08529
1569661365.3353
1569661365.58531
1569661365.83533
1569661366.08534
1569661366.33535
1569661366.58536
1569661366.83537
1569661367.08538
1569661367.3354
1569661367.58541
1569661367.83542
1569661368.08543
1569661368.33544
1569661368.58545
1569661368.83547
1569661369.08548
1569661369.33549
1569661369.5855
1569661369.83551
1569661370.08552
1569661370.33554
1569661370.58555
1569661370.83556
1569661371.08557
1569661371.33558
1569661371.58559
1569661371.8356
1569661372.08562
1569661372.33563
1569661372.58564
1569661372.83565
1569661373.08566
1569661373.33567
1569661373.58569
1569661373.8357
1569661374.08571
1569661374.33572
1569661374.58573
1569661374.83574
1569661375.08575
1569661375.33577
1569661375.58578
1569661375.83579
1569661376.0858
1569661376.33581
1569661376.58582
1569661376.83584
1569661377.08585
1569661377.33586
1569661377.58587
1569661377.83588
1569661378.08589
1569661378.33591
1569661378.58592
1569661378.83593
1569661379.08594
1569661379.33595
1569661379.58596
1569661379.83597
1569661380.08599
1569661380.336
1569661380.58601
1569661380.83602
1569661381.08603
1569661381.33604
1569661381.58606
1569661381.83607
1569661382.08608
1569661382.33609
1569661382.5861
1569661382.83611
1569661383.08613
1569661383.33614
1569661383.58615
1569661383.83616
1569661384.08617
1569661384.33618
1569661384.58619
1569661384.83621
1569661385.08622
1569661385.33623
1569661385.58624
1569661385.83625
1569661386.08626
1569661386.33628
1569661386.58629
1569661386.8363
1569661387.08631
1569661387.33632
1569661387.58633
1569661387.83635
1569661388.08636
1569661388.33637
1569661388.58638
1569661388.83639
1569661389.0864
1569661389.33641
1569661389.58643
1569661389.83644
1569661390.08645
1569661390.33646
1569661390.58647
1569661390.83648
1569661391.0865
1569661391.33651
1569661391.58652
1569661391.83653
1569661392.08654
1569661392.33655
1569661392.58657
1569661392.83658
1569661393.08659
1569661393.3366
1569661393.58661
1569661393.83662
1569661394.08663
1569661394.33665
1569661394.58666
1569661394.83667
1569661395.08668
1569661395.33669
1569661395.5867
1569661395.83672
1569661396.08673
1569661396.33674
1569661396.58675
1569661396.83676
1569661397.08677
1569661397.33679
1569661397.5868
1569661397.83681
1569661398.08682
1569661398.33683
1569661398.58684
1569661398.83685
1569661399.08687
1569661399.33688
1569661399.58689
1569661399.8369
1569661400.08691
1569661400.33692
1569661400.58694
1569661400.83695
1569661401.08696
1569661401.33697
1569661401.58698
1569661401.83699
1569661402.087
1569661402.33702
1569661402.58703
1569661402.83704
1569661403.08705
1569661403.33706
1569661403.58707
1569661403.83709
1569661404.0871
1569661404.33711
1569661404.58712
1569661404.83713
1569661405.08714
1569661405.33716
1569661405.58717
1569661405.83718
1569661406.08719
1569661406.3372
1569661406.58721
1569661406.83722
1569661407.08724
1569661407.33725
1569661407.58726
1569661407.83727
1569661408.08728
1569661408.33729
1569661408.58731
1569661408.83732
1569661409.08733
1569661409.33734
1569661409.58735
1569661409.83736
1569661410.08738
1569661410.33739
1569661410.5874
1569661410.83741
1569661411.08742
1569661411.33743
1569661411.58744
1569661411.83746
1569661412.08747
1569661412.33748
1569661412.58749
1569661412.8375
1569661413.08751
1569661413.33753
1569661413.58754
1569661413.83755
1569661414.08756
1569661414.33757
1569661414.58758
1569661414.8376
1569661415.08761
1569661415.33762
1569661415.58763
1569661415.83764
1569661416.08765
1569661416.33766
1569661416.58768
1569661416.83769
1569661417.0877
1569661417.33771
1569661417.58772
1569661417.83773
1569661418.08775
1569661418.33776
1569661418.58777
1569661418.83778
1569661419.08779
1569661419.3378
1569661419.58782
1569661419.83783
1569661420.08784
1569661420.33785
1569661420.58786
1569661420.83787
1569661421.08788
1569661421.3379
1569661421.58791
1569661421.83792
1569661422.08793
1569661422.33794
1569661422.58795
1569661422.83797
1569661423.08798
1569661423.33799
1569661423.588
1569661423.83801
1569661424.08802
1569661424.33804
1569661424.58805
1569661424.83806
1569661425.08807
1569661425.33808
1569661425.58809
1569661425.8381
1569661426.08812
1569661426.33813
1569661426.58814
1569661426.83815
1569661427.08816
1569661427.33817
1569661427.58819
1569661427.8382
1569661428.08821
1569661428.33822
1569661428.58823
1569661428.83824
1569661429.08825
1569661429.33827
1569661429.58828
1569661429.83829
1569661430.0883
1569661430.33831
1569661430.58832
1569661430.83834
1569661431.08835
1569661431.33836
1569661431.58837
1569661431.83838
1569661432.08839
1569661432.33841
1569661432.58842
1569661432.83843
1569661433.08844
1569661433.33845
1569661433.58846
1569661433.83847
1569661434.08849
1569661434.3385
1569661434.58851
1569661434.83852
1569661435.08853
1569661435.33854
1569661435.58856
1569661435.83857
1569661436.08858
1569661436.33859
1569661436.5886
1569661436.83861
1569661437.08863
1569661437.33864
1569661437.58865
1569661437.83866
1569661438.08867
1569661438.33868
1569661438.58869
1569661438.83871
1569661439.08872
1569661439.33873
1569661439.58874
1569661439.83875
1569661440.08876
1569661440.33878
1569661440.58879
1569661440.8388
1569661441.08881
1569661441.33882
1569661441.58883
1569661441.83885
1569661442.08886
1569661442.33887
1569661442.58888
1569661442.83889
1569661443.0889
1569661443.33891
1569661443.58893
1569661443.83894
1569661444.08895
1569661444.33896
1569661444.58897
1569661444.83898
1569661445.089
1569661445.33901
1569661445.58902
1569661445.83903
1569661446.08904
1569661446.33905
1569661446.58907
1569661446.83908
1569661447.08909
1569661447.3391
1569661447.58911
1569661447.83912
1569661448.08913
1569661448.33915
1569661448.58916
1569661448.83917
1569661449.08918
1569661449.33919
1569661449.5892
1569661449.83922
1569661450.08923
1569661450.33924
1569661450.58925
1569661450.83926
1569661451.08927
1569661451.33929
1569661451.5893
1569661451.83931
1569661452.08932
1569661452.33933
1569661452.58934
1569661452.83935
1569661453.08937
1569661453.33938
1569661453.58939
1569661453.8394
1569661454.08941
1569661454.33942
1569661454.58944
1569661454.83945
1569661455.08946
1569661455.33947
1569661455.58948
1569661455.83949
1569661456.08951
1569661456.33952
1569661456.58953
1569661456.83954
1569661457.08955
1569661457.33956
1569661457.58957
1569661457.83959
1569661458.0896
1569661458.33961
1569661458.58962
1569661458.83963
1569661459.08964
1569661459.33966
1569661459.58967
1569661459.83968
1569661460.08969
1569661460.3397
1569661460.58971
1569661460.83973
1569661461.08974
1569661461.33975
1569661461.58976
1569661461.83977
1569661462.08978
1569661462.33979
1569661462.58981
1569661462.83982
1569661463.08983
1569661463.33984
1569661463.58985
1569661463.83986
1569661464.08988
1569661464.33989
1569661464.5899
1569661464.83991
1569661465.08992
1569661465.33993
1569661465.58994
1569661465.83996
1569661466.08997
1569661466.33998
1569661466.58999
1569661466.84
1569661467.09001
1569661467.34003
1569661467.59004
1569661467.84005
1569661468.09006
1569661468.34007
1569661468.59008
1569661468.8401
1569661469.09011
1569661469.34012
1569661469.59013
1569661469.84014
1569661470.09015
1569661470.34016
1569661470.59018
1569661470.84019
1569661471.0902
1569661471.34021
1569661471.59022
1569661471.84023
1569661472.09025
1569661472.34026
1569661472.59027
1569661472.84028
1569661473.09029
1569661473.3403
1569661473.59032
1569661473.84033
1569661474.09034
1569661474.34035
1569661474.59036
1569661474.84037
1569661475.09038
1569661475.3404
1569661475.59041
1569661475.84042
1569661476.09043
1569661476.34044
1569661476.59045
1569661476.84047
1569661477.09048
1569661477.34049
1569661477.5905
1569661477.84051
1569661478.09052
1569661478.34054
1569661478.59055
1569661478.84056
1569661479.09057
1569661479.34058
1569661479.59059
1569661479.8406
1569661480.09062
1569661480.34063
1569661480.59064
1569661480.84065
1569661481.09066
1569661481.34067
1569661481.59069
1569661481.8407
1569661482.09071
1569661482.34072
1569661482.59073
1569661482.84074
1569661483.09076
1569661483.34077
1569661483.59078
1569661483.84079
1569661484.0908
1569661484.34081
1569661484.59082
1569661484.84084
1569661485.09085
1569661485.34086
1569661485.59087
1569661485.84088
1569661486.09089
1569661486.34091
1569661486.59092
1569661486.84093
1569661487.09094
1569661487.34095
1569661487.59096
1569661487.84098
1569661488.09099
1569661488.341
1569661488.59101
1569661488.84102
1569661489.09103
1569661489.34104
1569661489.59106
1569661489.84107
1569661490.09108
1569661490.34109
1569661490.5911
1569661490.84111
1569661491.09113
1569661491.34114
1569661491.59115
1569661491.84116
1569661492.09117
1569661492.34118
1569661492.5912
1569661492.84121
1569661493.09122
1569661493.34123
1569661493.59124
1569661493.84125
1569661494.09126
1569661494.34128
1569661494.59129
1569661494.8413
1569661495.09131
1569661495.34132
1569661495.59133
1569661495.84135
1569661496.09136
1569661496.34137
1569661496.59138
1569661496.84139
1569661497.0914
1569661497.34141
1569661497.59143
1569661497.84144
1569661498.09145
1569661498.34146
1569661498.59147
1569661498.84148
1569661499.0915
1569661499.34151
1569661499.59152
1569661499.84153
1569661500.09154
1569661500.34155
1569661500.59157
1569661500.84158
1569661501.09159
1569661501.3416
1569661501.59161
1569661501.84162
1569661502.09163
1569661502.34165
1569661502.59166
1569661502.84167
1569661503.09168
1569661503.34169
1569661503.5917
1569661503.84172
1569661504.09173
1569661504.34174
1569661504.59175
1569661504.84176
1569661505.09177
1569661505.34179
1569661505.5918
1569661505.84181
1569661506.09182
1569661506.34183
1569661506.59184
1569661506.84185
1569661507.09187
1569661507.34188
1569661507.59189
1569661507.8419
1569661508.09191
1569661508.34192
1569661508.59194
1569661508.84195
1569661509.09196
1569661509.34197
1569661509.59198
1569661509.84199
1569661510.09201
1569661510.34202
1569661510.59203
1569661510.84204
1569661511.09205
1569661511.34206
1569661511.59207
1569661511.84209
1569661512.0921
1569661512.34211
1569661512.59212
1569661512.84213
1569661513.09214
1569661513.34216
1569661513.59217
1569661513.84218
1569661514.09219
1569661514.3422
1569661514.59221
1569661514.84223
1569661515.09224
1569661515.34225
1569661515.59226
1569661515.84227
1569661516.09228
1569661516.34229
1569661516.59231
1569661516.84232
1569661517.09233
1569661517.34234
1569661517.59235
1569661517.84236
1569661518.09238
1569661518.34239
1569661518.5924
1569661518.84241
1569661519.09242
1569661519.34243
1569661519.59245
1569661519.84246
1569661520.09247
1569661520.34248
1569661520.59249
1569661520.8425
1569661521.09251
1569661521.34253
1569661521.59254
1569661521.84255
1569661522.09256
1569661522.34257
1569661522.59258
1569661522.8426
1569661523.09261
1569661523.34262
1569661523.59263
1569661523.84264
1569661524.09265
1569661524.34266
1569661524.59268
1569661524.84269
1569661525.0927
1569661525.34271
1569661525.59272
1569661525.84273
1569661526.09275
1569661526.34276
1569661526.59277
1569661526.84278
1569661527.09279
1569661527.3428
1569661527.59282
1569661527.84283
1569661528.09284
1569661528.34285
1569661528.59286
1569661528.84287
1569661529.09289
1569661529.3429
1569661529.59291
1569661529.84292
1569661530.09293
1569661530.34294
1569661530.59295
1569661530.84297
1569661531.09298
1569661531.34299
1569661531.593
1569661531.84301
1569661532.09302
1569661532.34304
1569661532.59305
1569661532.84306
1569661533.09307
1569661533.34308
1569661533.59309
1569661533.8431
1569661534.09312
1569661534.34313
1569661534.59314
1569661534.84315
1569661535.09316
1569661535.34317
1569661535.59319
1569661535.8432
1569661536.09321
1569661536.34322
1569661536.59323
1569661536.84324
1569661537.09326
1569661537.34327
1569661537.59328
1569661537.84329
1569661538.0933
1569661538.34331
1569661538.59332
1569661538.84334
1569661539.09335
1569661539.34336
1569661539.59337
1569661539.84338
1569661540.09339
1569661540.34341
1569661540.59342
1569661540.84343
1569661541.09344
1569661541.34345
1569661541.59346
1569661541.84348
1569661542.09349
1569661542.3435
1569661542.59351
1569661542.84352
1569661543.09353
1569661543.34354
1569661543.59356
1569661543.84357
1569661544.09358
1569661544.34359
1569661544.5936
1569661544.84361
1569661545.09363
1569661545.34364
1569661545.59365
1569661545.84366
1569661546.09367
1569661546.34368
1569661546.5937
1569661546.84371
1569661547.09372
1569661547.34373
1569661547.59374
1569661547.84375
1569661548.09376
1569661548.34378
1569661548.59379
1569661548.8438
1569661549.09381
1569661549.34382
1569661549.59383
1569661549.84385
1569661550.09386
1569661550.34387
1569661550.59388
1569661550.84389
1569661551.0939
1569661551.34391
1569661551.59393
1569661551.84394
1569661552.09395
1569661552.34396
1569661552.59397
1569661552.84398
1569661553.094
1569661553.34401
1569661553.59402
1569661553.84403
1569661554.09404
1569661554.34405
1569661554.59407
1569661554.84408
1569661555.09409
1569661555.3441
1569661555.59411
1569661555.84412
1569661556.09414
1569661556.34415
1569661556.59416
1569661556.84417
1569661557.09418
1569661557.34419
1569661557.5942
1569661557.84422
1569661558.09423
1569661558.34424
1569661558.59425
1569661558.84426
1569661559.09427
1569661559.34429
1569661559.5943
1569661559.84431
1569661560.09432
1569661560.34433
1569661560.59434
1569661560.84435
1569661561.09437
1569661561.34438
1569661561.59439
1569661561.8444
1569661562.09441
1569661562.34442
1569661562.59444
1569661562.84445
1569661563.09446
1569661563.34447
1569661563.59448
1569661563.84449
1569661564.09451
1569661564.34452
1569661564.59453
1569661564.84454
1569661565.09455
1569661565.34456
1569661565.59457
1569661565.84459
1569661566.0946
1569661566.34461
1569661566.59462
1569661566.84463
1569661567.09464
1569661567.34466
1569661567.59467
1569661567.84468
1569661568.09469
1569661568.3447
1569661568.59471
1569661568.84473
1569661569.09474
1569661569.34475
1569661569.59476
1569661569.84477
1569661570.09478
1569661570.34479
1569661570.59481
1569661570.84482
1569661571.09483
1569661571.34484
1569661571.59485
1569661571.84486
1569661572.09488
1569661572.34489
1569661572.5949
1569661572.84491
1569661573.09492
1569661573.34493
1569661573.59495
1569661573.84496
1569661574.09497
1569661574.34498
1569661574.59499
1569661574.845
1569661575.09501
1569661575.34503
1569661575.59504
1569661575.84505
1569661576.09506
1569661576.34507
1569661576.59508
1569661576.8451
1569661577.09511
1569661577.34512
1569661577.59513
1569661577.84514
1569661578.09515
1569661578.34517
1569661578.59518
1569661578.84519
1569661579.0952
1569661579.34521
1569661579.59522
1569661579.84523
1569661580.09525
1569661580.34526
1569661580.59527
1569661580.84528
1569661581.09529
1569661581.3453
1569661581.59532
1569661581.84533
1569661582.09534
1569661582.34535
1569661582.59536
1569661582.84537
1569661583.09539
1569661583.3454
1569661583.59541
1569661583.84542
1569661584.09543
1569661584.34544
1569661584.59545
1569661584.84547
1569661585.09548
1569661585.34549
1569661585.5955
1569661585.84551
1569661586.09552
1569661586.34554
1569661586.59555
1569661586.84556
1569661587.09557
1569661587.34558
1569661587.59559
1569661587.8456
1569661588.09562
1569661588.34563
1569661588.59564
1569661588.84565
1569661589.09566
1569661589.34567
1569661589.59569
1569661589.8457
1569661590.09571
1569661590.34572
1569661590.59573
1569661590.84574
1569661591.09576
1569661591.34577
1569661591.59578
1569661591.84579
1569661592.0958
1569661592.34581
1569661592.59582
1569661592.84584
1569661593.09585
1569661593.34586
1569661593.59587
1569661593.84588
1569661594.09589
1569661594.34591
1569661594.59592
1569661594.84593
1569661595.09594
1569661595.34595
1569661595.59596
1569661595.84598
1569661596.09599
1569661596.346
1569661596.59601
1569661596.84602
1569661597.09603
1569661597.34604
1569661597.59606
1569661597.84607
1569661598.09608
1569661598.34609
1569661598.5961
1569661598.84611
1569661599.09613
1569661599.34614
1569661599.59615
1569661599.84616
1569661600.09617
1569661600.34618
1569661600.5962
1569661600.84621
1569661601.09622
1569661601.34623
1569661601.59624
1569661601.84625
1569661602.09626
1569661602.34628
1569661602.59629
1569661602.8463
1569661603.09631
1569661603.34632
1569661603.59633
1569661603.84635
1569661604.09636
1569661604.34637
1569661604.59638
1569661604.84639
1569661605.0964
1569661605.34642
1569661605.59643
1569661605.84644
1569661606.09645
1569661606.34646
1569661606.59647
1569661606.84648
1569661607.0965
1569661607.34651
1569661607.59652
1569661607.84653
1569661608.09654
1569661608.34655
1569661608.59657
1569661608.84658
1569661609.09659
1569661609.3466
1569661609.59661
1569661609.84662
1569661610.09664
1569661610.34665
1569661610.59666
1569661610.84667
1569661611.09668
1569661611.34669
1569661611.5967
1569661611.84672
1569661612.09673
1569661612.34674
1569661612.59675
1569661612.84676
1569661613.09677
1569661613.34679
1569661613.5968
1569661613.84681
1569661614.09682
1569661614.34683
1569661614.59684
1569661614.84686
1569661615.09687
1569661615.34688
1569661615.59689
1569661615.8469
1569661616.09691
1569661616.34692
1569661616.59694
1569661616.84695
1569661617.09696
1569661617.34697
1569661617.59698
1569661617.84699
1569661618.09701
1569661618.34702
1569661618.59703
1569661618.84704
1569661619.09705
1569661619.34706
1569661619.59707
1569661619.84709
1569661620.0971
1569661620.34711
1569661620.59712
1569661620.84713
1569661621.09714
1569661621.34716
1569661621.59717
1569661621.84718
1569661622.09719
1569661622.3472
1569661622.59721
1569661622.84723
1569661623.09724
1569661623.34725
1569661623.59726
1569661623.84727
1569661624.09728
1569661624.34729
1569661624.59731
1569661624.84732
1569661625.09733
1569661625.34734
1569661625.59735
1569661625.84736
1569661626.09738
1569661626.34739
1569661626.5974
1569661626.84741
1569661627.09742
1569661627.34743
1569661627.59745
1569661627.84746
1569661628.09747
1569661628.34748
1569661628.59749
1569661628.8475
1569661629.09751
1569661629.34753
1569661629.59754
1569661629.84755
1569661630.09756
1569661630.34757
1569661630.59758
1569661630.8476
1569661631.09761
1569661631.34762
1569661631.59763
1569661631.84764
1569661632.09765
1569661632.34767
1569661632.59768
1569661632.84769
1569661633.0977
1569661633.34771
1569661633.59772
1569661633.84773
1569661634.09775
1569661634.34776
1569661634.59777
1569661634.84778
1569661635.09779
1569661635.3478
1569661635.59782
1569661635.84783
1569661636.09784
1569661636.34785
1569661636.59786
1569661636.84787
1569661637.09789
1569661637.3479
1569661637.59791
1569661637.84792
1569661638.09793
1569661638.34794
1569661638.59795
1569661638.84797
1569661639.09798
1569661639.34799
1569661639.598
1569661639.84801
1569661640.09802
1569661640.34804
1569661640.59805
1569661640.84806
1569661641.09807
1569661641.34808
1569661641.59809
1569661641.84811
1569661642.09812
1569661642.34813
1569661642.59814
1569661642.84815
1569661643.09816
1569661643.34817
1569661643.59819
1569661643.8482
1569661644.09821
1569661644.34822
1569661644.59823
1569661644.84824
1569661645.09826
1569661645.34827
1569661645.59828
1569661645.84829
1569661646.0983
1569661646.34831
1569661646.59833
1569661646.84834
1569661647.09835
1569661647.34836
1569661647.59837
1569661647.84838
1569661648.09839
1569661648.34841
1569661648.59842
1569661648.84843
1569661649.09844
1569661649.34845
1569661649.59846
1569661649.84848
1569661650.09849
1569661650.3485
1569661650.59851
1569661650.84852
1569661651.09853
1569661651.34855
1569661651.59856
1569661651.84857
1569661652.09858
1569661652.34859
1569661652.5986
1569661652.84861
1569661653.09863
1569661653.34864
1569661653.59865
1569661653.84866
1569661654.09867
1569661654.34868
1569661654.5987
1569661654.84871
1569661655.09872
1569661655.34873
1569661655.59874
1569661655.84875
1569661656.09876
1569661656.34878
1569661656.59879
1569661656.8488
1569661657.09881
1569661657.34882
1569661657.59883
1569661657.84885
1569661658.09886
1569661658.34887
1569661658.59888
1569661658.84889
1569661659.0989
1569661659.34892
1569661659.59893
1569661659.84894
1569661660.09895
1569661660.34896
1569661660.59897
1569661660.84898
1569661661.099
1569661661.34901
1569661661.59902
1569661661.84903
1569661662.09904
1569661662.34905
1569661662.59907
1569661662.84908
1569661663.09909
1569661663.3491
1569661663.59911
1569661663.84912
1569661664.09914
1569661664.34915
1569661664.59916
1569661664.84917
1569661665.09918
1569661665.34919
1569661665.5992
1569661665.84922
1569661666.09923
1569661666.34924
1569661666.59925
1569661666.84926
1569661667.09927
1569661667.34929
1569661667.5993
1569661667.84931
1569661668.09932
1569661668.34933
1569661668.59934
1569661668.84936
1569661669.09937
1569661669.34938
1569661669.59939
1569661669.8494
1569661670.09941
1569661670.34942
1569661670.59944
1569661670.84945
1569661671.09946
1569661671.34947
1569661671.59948
1569661671.84949
1569661672.09951
1569661672.34952
1569661672.59953
1569661672.84954
1569661673.09955
1569661673.34956
1569661673.59958
1569661673.84959
1569661674.0996
1569661674.34961
1569661674.59962
1569661674.84963
1569661675.09964
1569661675.34966
1569661675.59967
1569661675.84968
1569661676.09969
1569661676.3497
1569661676.59971
1569661676.84973
