1569664870.24757
1569664870.49758
1569664870.74759
1569664870.9976
1569664871.24762
1569664871.49763
1569664871.74764
1569664871.99765
1569664872.24766
1569664872.49767
1569664872.74769
1569664872.9977
1569664873.24771
1569664873.49772
1569664873.74773
1569664873.99774
1569664874.24776
1569664874.49777
1569664874.74778
1569664874.99779
1569664875.2478
1569664875.49781
1569664875.74782
1569664875.99784
1569664876.24785
1569664876.49786
1569664876.74787
1569664876.99788
1569664877.24789
1569664877.49791
1569664877.74792
1569664877.99793
1569664878.24794
1569664878.49795
1569664878.74796
1569664878.99798
1569664879.24799
1569664879.498
1569664879.74801
1569664879.99802
1569664880.24803
1569664880.49804
1569664880.74806
1569664880.99807
1569664881.24808
1569664881.49809
1569664881.7481
1569664881.99811
1569664882.24813
1569664882.49814
1569664882.74815
1569664882.99816
1569664883.24817
1569664883.49818
1569664883.74819
1569664883.99821
1569664884.24822
1569664884.49823
1569664884.74824
1569664884.99825
1569664885.24826
1569664885.49828
1569664885.74829
1569664885.9983
1569664886.24831
1569664886.49832
1569664886.74833
1569664886.99835
1569664887.24836
1569664887.49837
1569664887.74838
1569664887.99839
1569664888.2484
1569664888.49841
1569664888.74843
1569664888.99844
1569664889.24845
1569664889.49846
1569664889.74847
1569664889.99848
1569664890.2485
1569664890.49851
1569664890.74852
1569664890.99853
1569664891.24854
1569664891.49855
1569664891.74857
1569664891.99858
1569664892.24859
1569664892.4986
1569664892.74861
1569664892.99862
1569664893.24863
1569664893.49865
1569664893.74866
1569664893.99867
1569664894.24868
1569664894.49869
1569664894.7487
1569664894.99872
1569664895.24873
1569664895.49874
1569664895.74875
1569664895.99876
1569664896.24877
1569664896.49879
1569664896.7488
1569664896.99881
1569664897.24882
1569664897.49883
1569664897.74884
1569664897.99885
1569664898.24887
1569664898.49888
1569664898.74889
1569664898.9989
1569664899.24891
1569664899.49892
1569664899.74894
1569664899.99895
1569664900.24896
1569664900.49897
1569664900.74898
1569664900.99899
1569664901.24901
1569664901.49902
1569664901.74903
1569664901.99904
1569664902.24905
1569664902.49906
1569664902.74907
1569664902.99909
1569664903.2491
1569664903.49911
1569664903.74912
1569664903.99913
1569664904.24914
1569664904.49916
1569664904.74917
1569664904.99918
1569664905.24919
1569664905.4992
1569664905.74921
1569664905.99923
1569664906.24924
1569664906.49925
1569664906.74926
1569664906.99927
1569664907.24928
1569664907.49929
1569664907.74931
1569664907.99932
1569664908.24933
1569664908.49934
1569664908.74935
1569664908.99936
1569664909.24938
1569664909.49939
1569664909.7494
1569664909.99941
1569664910.24942
1569664910.49943
1569664910.74944
1569664910.99946
1569664911.24947
1569664911.49948
1569664911.74949
1569664911.9995
1569664912.24951
1569664912.49953
1569664912.74954
1569664912.99955
1569664913.24956
1569664913.49957
1569664913.74958
1569664913.9996
1569664914.24961
1569664914.49962
1569664914.74963
1569664914.99964
1569664915.24965
1569664915.49967
1569664915.74968
1569664915.99969
1569664916.2497
1569664916.49971
1569664916.74972
1569664916.99973
1569664917.24975
1569664917.49976
1569664917.74977
1569664917.99978
1569664918.24979
1569664918.4998
1569664918.74982
1569664918.99983
1569664919.24984
1569664919.49985
1569664919.74986
1569664919.99987
1569664920.24988
1569664920.4999
1569664920.74991
1569664920.99992
1569664921.24993
1569664921.49994
1569664921.74995
1569664921.99997
1569664922.24998
1569664922.49999
1569664922.75
1569664923.00001
1569664923.25002
1569664923.50004
1569664923.75005
1569664924.00006
1569664924.25007
1569664924.50008
1569664924.75009
1569664925.0001
1569664925.25012
1569664925.50013
1569664925.75014
1569664926.00015
1569664926.25016
1569664926.50017
1569664926.75019
1569664927.0002
1569664927.25021
1569664927.50022
1569664927.75023
1569664928.00024
1569664928.25026
1569664928.50027
1569664928.75028
1569664929.00029
1569664929.2503
1569664929.50031
1569664929.75032
1569664930.00034
1569664930.25035
1569664930.50036
1569664930.75037
1569664931.00038
1569664931.25039
1569664931.50041
1569664931.75042
1569664932.00043
1569664932.25044
1569664932.50045
1569664932.75046
1569664933.00048
1569664933.25049
1569664933.5005
1569664933.75051
1569664934.00052
1569664934.25053
1569664934.50054
1569664934.75056
1569664935.00057
1569664935.25058
1569664935.50059
1569664935.7506
1569664936.00061
1569664936.25063
1569664936.50064
1569664936.75065
1569664937.00066
1569664937.25067
1569664937.50068
1569664937.7507
1569664938.00071
1569664938.25072
1569664938.50073
1569664938.75074
1569664939.00075
1569664939.25076
1569664939.50078
1569664939.75079
1569664940.0008
1569664940.25081
1569664940.50082
1569664940.75083
1569664941.00085
1569664941.25086
1569664941.50087
1569664941.75088
1569664942.00089
1569664942.2509
1569664942.50092
1569664942.75093
1569664943.00094
1569664943.25095
1569664943.50096
1569664943.75097
1569664944.00098
1569664944.251
1569664944.50101
1569664944.75102
1569664945.00103
1569664945.25104
1569664945.50105
1569664945.75107
1569664946.00108
1569664946.25109
1569664946.5011
1569664946.75111
1569664947.00112
1569664947.25113
1569664947.50115
1569664947.75116
1569664948.00117
1569664948.25118
1569664948.50119
1569664948.7512
1569664949.00122
1569664949.25123
1569664949.50124
1569664949.75125
1569664950.00126
1569664950.25127
1569664950.50129
1569664950.7513
1569664951.00131
1569664951.25132
1569664951.50133
1569664951.75134
1569664952.00135
1569664952.25137
1569664952.50138
1569664952.75139
1569664953.0014
1569664953.25141
1569664953.50142
1569664953.75144
1569664954.00145
1569664954.25146
1569664954.50147
1569664954.75148
1569664955.00149
1569664955.25151
1569664955.50152
1569664955.75153
1569664956.00154
1569664956.25155
1569664956.50156
1569664956.75157
1569664957.00159
1569664957.2516
1569664957.50161
1569664957.75162
1569664958.00163
1569664958.25164
1569664958.50166
1569664958.75167
1569664959.00168
1569664959.25169
1569664959.5017
1569664959.75171
1569664960.00173
1569664960.25174
1569664960.50175
1569664960.75176
1569664961.00177
1569664961.25178
1569664961.50179
1569664961.75181
1569664962.00182
1569664962.25183
1569664962.50184
1569664962.75185
1569664963.00186
1569664963.25188
1569664963.50189
1569664963.7519
1569664964.00191
1569664964.25192
1569664964.50193
1569664964.75195
1569664965.00196
1569664965.25197
1569664965.50198
1569664965.75199
1569664966.002
1569664966.25201
1569664966.50203
1569664966.75204
1569664967.00205
1569664967.25206
1569664967.50207
1569664967.75208
1569664968.0021
1569664968.25211
1569664968.50212
1569664968.75213
1569664969.00214
1569664969.25215
1569664969.50217
1569664969.75218
1569664970.00219
1569664970.2522
1569664970.50221
1569664970.75222
1569664971.00223
1569664971.25225
1569664971.50226
1569664971.75227
1569664972.00228
1569664972.25229
1569664972.5023
1569664972.75232
1569664973.00233
1569664973.25234
1569664973.50235
1569664973.75236
1569664974.00237
1569664974.25239
1569664974.5024
1569664974.75241
1569664975.00242
1569664975.25243
1569664975.50244
1569664975.75245
1569664976.00247
1569664976.25248
1569664976.50249
1569664976.7525
1569664977.00251
1569664977.25252
1569664977.50254
1569664977.75255
1569664978.00256
1569664978.25257
1569664978.50258
1569664978.75259
1569664979.0026
1569664979.25262
1569664979.50263
1569664979.75264
1569664980.00265
1569664980.25266
1569664980.50267
1569664980.75269
1569664981.0027
1569664981.25271
1569664981.50272
1569664981.75273
1569664982.00274
1569664982.25276
1569664982.50277
1569664982.75278
1569664983.00279
1569664983.2528
1569664983.50281
1569664983.75282
1569664984.00284
1569664984.25285
1569664984.50286
1569664984.75287
1569664985.00288
1569664985.25289
1569664985.50291
1569664985.75292
1569664986.00293
1569664986.25294
1569664986.50295
1569664986.75296
1569664987.00298
1569664987.25299
1569664987.503
1569664987.75301
1569664988.00302
1569664988.25303
1569664988.50304
1569664988.75306
1569664989.00307
1569664989.25308
1569664989.50309
1569664989.7531
1569664990.00311
1569664990.25313
1569664990.50314
1569664990.75315
1569664991.00316
1569664991.25317
1569664991.50318
1569664991.7532
1569664992.00321
1569664992.25322
1569664992.50323
1569664992.75324
1569664993.00325
1569664993.25326
1569664993.50328
1569664993.75329
1569664994.0033
1569664994.25331
1569664994.50332
1569664994.75333
1569664995.00335
1569664995.25336
1569664995.50337
1569664995.75338
1569664996.00339
1569664996.2534
1569664996.50342
1569664996.75343
1569664997.00344
1569664997.25345
1569664997.50346
1569664997.75347
1569664998.00348
1569664998.2535
1569664998.50351
1569664998.75352
1569664999.00353
1569664999.25354
1569664999.50355
1569664999.75357
1569665000.00358
1569665000.25359
1569665000.5036
1569665000.75361
1569665001.00362
1569665001.25364
1569665001.50365
1569665001.75366
1569665002.00367
1569665002.25368
1569665002.50369
1569665002.7537
1569665003.00372
1569665003.25373
1569665003.50374
1569665003.75375
1569665004.00376
1569665004.25377
1569665004.50379
1569665004.7538
1569665005.00381
1569665005.25382
1569665005.50383
1569665005.75384
1569665006.00385
1569665006.25387
1569665006.50388
1569665006.75389
1569665007.0039
1569665007.25391
1569665007.50392
1569665007.75394
1569665008.00395
1569665008.25396
1569665008.50397
1569665008.75398
1569665009.00399
1569665009.25401
1569665009.50402
1569665009.75403
1569665010.00404
1569665010.25405
1569665010.50406
1569665010.75408
1569665011.00409
1569665011.2541
1569665011.50411
1569665011.75412
1569665012.00413
1569665012.25414
1569665012.50416
1569665012.75417
1569665013.00418
1569665013.25419
1569665013.5042
1569665013.75421
1569665014.00423
1569665014.25424
1569665014.50425
1569665014.75426
1569665015.00427
1569665015.25428
1569665015.50429
1569665015.75431
1569665016.00432
1569665016.25433
1569665016.50434
1569665016.75435
1569665017.00436
1569665017.25438
1569665017.50439
1569665017.7544
1569665018.00441
1569665018.25442
1569665018.50443
1569665018.75445
1569665019.00446
1569665019.25447
1569665019.50448
1569665019.75449
1569665020.0045
1569665020.25451
1569665020.50453
1569665020.75454
1569665021.00455
1569665021.25456
1569665021.50457
1569665021.75458
1569665022.0046
1569665022.25461
1569665022.50462
1569665022.75463
1569665023.00464
1569665023.25465
1569665023.50467
1569665023.75468
1569665024.00469
1569665024.2547
1569665024.50471
1569665024.75472
1569665025.00473
1569665025.25475
1569665025.50476
1569665025.75477
1569665026.00478
1569665026.25479
1569665026.5048
1569665026.75482
1569665027.00483
1569665027.25484
1569665027.50485
1569665027.75486
1569665028.00487
1569665028.25489
1569665028.5049
1569665028.75491
1569665029.00492
1569665029.25493
1569665029.50494
1569665029.75495
1569665030.00497
1569665030.25498
1569665030.50499
1569665030.755
1569665031.00501
1569665031.25502
1569665031.50504
1569665031.75505
1569665032.00506
1569665032.25507
1569665032.50508
1569665032.75509
1569665033.00511
1569665033.25512
1569665033.50513
1569665033.75514
1569665034.00515
1569665034.25516
1569665034.50517
1569665034.75519
1569665035.0052
1569665035.25521
1569665035.50522
1569665035.75523
1569665036.00524
1569665036.25526
1569665036.50527
1569665036.75528
1569665037.00529
1569665037.2553
1569665037.50531
1569665037.75533
1569665038.00534
1569665038.25535
1569665038.50536
1569665038.75537
1569665039.00538
1569665039.25539
1569665039.50541
1569665039.75542
1569665040.00543
1569665040.25544
1569665040.50545
1569665040.75546
1569665041.00548
1569665041.25549
1569665041.5055
1569665041.75551
1569665042.00552
1569665042.25553
1569665042.50554
1569665042.75556
1569665043.00557
1569665043.25558
1569665043.50559
1569665043.7556
1569665044.00561
1569665044.25563
1569665044.50564
1569665044.75565
1569665045.00566
1569665045.25567
1569665045.50568
1569665045.7557
1569665046.00571
1569665046.25572
1569665046.50573
1569665046.75574
1569665047.00575
1569665047.25576
1569665047.50578
1569665047.75579
1569665048.0058
1569665048.25581
1569665048.50582
1569665048.75583
1569665049.00585
1569665049.25586
1569665049.50587
1569665049.75588
1569665050.00589
1569665050.2559
1569665050.50592
1569665050.75593
1569665051.00594
1569665051.25595
1569665051.50596
1569665051.75597
1569665052.00598
1569665052.256
1569665052.50601
1569665052.75602
1569665053.00603
1569665053.25604
1569665053.50605
1569665053.75607
1569665054.00608
1569665054.25609
1569665054.5061
1569665054.75611
1569665055.00612
1569665055.25614
1569665055.50615
1569665055.75616
1569665056.00617
1569665056.25618
1569665056.50619
1569665056.7562
1569665057.00622
1569665057.25623
1569665057.50624
1569665057.75625
1569665058.00626
1569665058.25627
1569665058.50629
1569665058.7563
1569665059.00631
1569665059.25632
1569665059.50633
1569665059.75634
1569665060.00636
1569665060.25637
1569665060.50638
1569665060.75639
1569665061.0064
1569665061.25641
1569665061.50642
1569665061.75644
1569665062.00645
1569665062.25646
1569665062.50647
1569665062.75648
1569665063.00649
1569665063.25651
1569665063.50652
1569665063.75653
1569665064.00654
1569665064.25655
1569665064.50656
1569665064.75658
1569665065.00659
1569665065.2566
1569665065.50661
1569665065.75662
1569665066.00663
1569665066.25664
1569665066.50666
1569665066.75667
1569665067.00668
1569665067.25669
1569665067.5067
1569665067.75671
1569665068.00673
1569665068.25674
1569665068.50675
1569665068.75676
1569665069.00677
1569665069.25678
1569665069.50679
1569665069.75681
1569665070.00682
1569665070.25683
1569665070.50684
1569665070.75685
1569665071.00686
1569665071.25688
1569665071.50689
1569665071.7569
1569665072.00691
1569665072.25692
1569665072.50693
1569665072.75695
1569665073.00696
1569665073.25697
1569665073.50698
1569665073.75699
1569665074.007
1569665074.25701
1569665074.50703
1569665074.75704
1569665075.00705
1569665075.25706
1569665075.50707
1569665075.75708
1569665076.0071
1569665076.25711
1569665076.50712
1569665076.75713
1569665077.00714
1569665077.25715
1569665077.50717
1569665077.75718
1569665078.00719
1569665078.2572
1569665078.50721
1569665078.75722
1569665079.00723
1569665079.25725
1569665079.50726
1569665079.75727
1569665080.00728
1569665080.25729
1569665080.5073
1569665080.75732
1569665081.00733
1569665081.25734
1569665081.50735
1569665081.75736
1569665082.00737
1569665082.25739
1569665082.5074
1569665082.75741
1569665083.00742
1569665083.25743
1569665083.50744
1569665083.75745
1569665084.00747
1569665084.25748
1569665084.50749
1569665084.7575
1569665085.00751
1569665085.25752
1569665085.50754
1569665085.75755
1569665086.00756
1569665086.25757
1569665086.50758
1569665086.75759
1569665087.00761
1569665087.25762
1569665087.50763
1569665087.75764
1569665088.00765
1569665088.25766
1569665088.50767
1569665088.75769
1569665089.0077
1569665089.25771
1569665089.50772
1569665089.75773
1569665090.00774
1569665090.25776
1569665090.50777
1569665090.75778
1569665091.00779
1569665091.2578
1569665091.50781
1569665091.75783
1569665092.00784
1569665092.25785
1569665092.50786
1569665092.75787
1569665093.00788
1569665093.25789
1569665093.50791
1569665093.75792
1569665094.00793
1569665094.25794
1569665094.50795
1569665094.75796
1569665095.00798
1569665095.25799
1569665095.508
1569665095.75801
1569665096.00802
1569665096.25803
1569665096.50805
1569665096.75806
1569665097.00807
1569665097.25808
1569665097.50809
1569665097.7581
1569665098.00811
1569665098.25813
1569665098.50814
1569665098.75815
1569665099.00816
1569665099.25817
1569665099.50818
1569665099.7582
1569665100.00821
1569665100.25822
1569665100.50823
1569665100.75824
1569665101.00825
1569665101.25827
1569665101.50828
1569665101.75829
1569665102.0083
1569665102.25831
1569665102.50832
1569665102.75833
1569665103.00835
1569665103.25836
1569665103.50837
1569665103.75838
1569665104.00839
1569665104.2584
1569665104.50842
1569665104.75843
1569665105.00844
1569665105.25845
1569665105.50846
1569665105.75847
1569665106.00848
1569665106.2585
1569665106.50851
1569665106.75852
1569665107.00853
1569665107.25854
1569665107.50855
1569665107.75857
1569665108.00858
1569665108.25859
1569665108.5086
1569665108.75861
1569665109.00862
1569665109.25864
1569665109.50865
1569665109.75866
1569665110.00867
1569665110.25868
1569665110.50869
1569665110.7587
1569665111.00872
1569665111.25873
1569665111.50874
1569665111.75875
1569665112.00876
1569665112.25877
1569665112.50879
1569665112.7588
1569665113.00881
1569665113.25882
1569665113.50883
1569665113.75884
1569665114.00886
1569665114.25887
1569665114.50888
1569665114.75889
1569665115.0089
1569665115.25891
1569665115.50892
1569665115.75894
1569665116.00895
1569665116.25896
1569665116.50897
1569665116.75898
1569665117.00899
1569665117.25901
1569665117.50902
1569665117.75903
1569665118.00904
1569665118.25905
1569665118.50906
1569665118.75908
1569665119.00909
1569665119.2591
1569665119.50911
1569665119.75912
1569665120.00913
1569665120.25914
1569665120.50916
1569665120.75917
1569665121.00918
1569665121.25919
1569665121.5092
1569665121.75921
1569665122.00923
1569665122.25924
1569665122.50925
1569665122.75926
1569665123.00927
1569665123.25928
1569665123.5093
1569665123.75931
1569665124.00932
1569665124.25933
1569665124.50934
1569665124.75935
1569665125.00936
1569665125.25938
1569665125.50939
1569665125.7594
1569665126.00941
1569665126.25942
1569665126.50943
1569665126.75945
1569665127.00946
1569665127.25947
1569665127.50948
1569665127.75949
1569665128.0095
1569665128.25952
1569665128.50953
1569665128.75954
1569665129.00955
1569665129.25956
1569665129.50957
1569665129.75958
1569665130.0096
1569665130.25961
1569665130.50962
1569665130.75963
1569665131.00964
1569665131.25965
1569665131.50967
1569665131.75968
1569665132.00969
1569665132.2597
1569665132.50971
1569665132.75972
1569665133.00974
1569665133.25975
1569665133.50976
1569665133.75977
1569665134.00978
1569665134.25979
1569665134.5098
1569665134.75982
1569665135.00983
1569665135.25984
1569665135.50985
1569665135.75986
1569665136.00987
1569665136.25989
1569665136.5099
1569665136.75991
1569665137.00992
1569665137.25993
1569665137.50994
1569665137.75995
1569665138.00997
1569665138.25998
1569665138.50999
1569665138.76
1569665139.01001
1569665139.26002
1569665139.51004
1569665139.76005
1569665140.01006
1569665140.26007
1569665140.51008
1569665140.76009
1569665141.01011
1569665141.26012
1569665141.51013
1569665141.76014
1569665142.01015
1569665142.26016
1569665142.51017
1569665142.76019
1569665143.0102
1569665143.26021
1569665143.51022
1569665143.76023
1569665144.01024
1569665144.26026
1569665144.51027
1569665144.76028
1569665145.01029
1569665145.2603
1569665145.51031
1569665145.76033
1569665146.01034
1569665146.26035
1569665146.51036
1569665146.76037
1569665147.01038
1569665147.26039
1569665147.51041
1569665147.76042
1569665148.01043
1569665148.26044
1569665148.51045
1569665148.76046
1569665149.01048
1569665149.26049
1569665149.5105
1569665149.76051
1569665150.01052
1569665150.26053
1569665150.51055
1569665150.76056
1569665151.01057
1569665151.26058
1569665151.51059
1569665151.7606
1569665152.01061
1569665152.26063
1569665152.51064
1569665152.76065
1569665153.01066
1569665153.26067
1569665153.51068
1569665153.7607
1569665154.01071
1569665154.26072
1569665154.51073
1569665154.76074
1569665155.01075
1569665155.26077
1569665155.51078
1569665155.76079
1569665156.0108
1569665156.26081
1569665156.51082
1569665156.76083
1569665157.01085
1569665157.26086
1569665157.51087
1569665157.76088
1569665158.01089
1569665158.2609
1569665158.51092
1569665158.76093
1569665159.01094
1569665159.26095
1569665159.51096
1569665159.76097
1569665160.01099
1569665160.261
1569665160.51101
1569665160.76102
1569665161.01103
1569665161.26104
1569665161.51105
1569665161.76107
1569665162.01108
1569665162.26109
1569665162.5111
1569665162.76111
1569665163.01112
1569665163.26114
1569665163.51115
1569665163.76116
1569665164.01117
1569665164.26118
1569665164.51119
1569665164.7612
1569665165.01122
1569665165.26123
1569665165.51124
1569665165.76125
1569665166.01126
1569665166.26127
1569665166.51129
1569665166.7613
1569665167.01131
1569665167.26132
1569665167.51133
1569665167.76134
1569665168.01136
1569665168.26137
1569665168.51138
1569665168.76139
1569665169.0114
1569665169.26141
1569665169.51143
1569665169.76144
1569665170.01145
