E4_Bvp 1570529413,28246 -79,03164
E4_Bvp 1570529413,29808 -89,00748
E4_Bvp 1570529413,31371 -98,12203
E4_Bvp 1570529413,32933 -104,6641
E4_Bvp 1570529413,34496 -106,8036
E4_Bvp 1570529413,36059 -103,1751
E4_Bvp 1570529413,37621 -93,22951
E4_Bvp 1570529413,39184 -77,48367
E4_Bvp 1570529413,40746 -57,37576
E4_Bvp 1570529413,42309 -34,89574
E4_Bvp 1570529413,43871 -12,14212
E4_Gsr 1570529411,233 0,3436636
E4_Gsr 1570529411,483 0,3411009
E4_Gsr 1570529411,733 0,3423823
E4_Gsr 1570529411,983 0,3423823
E4_Gsr 1570529412,233 0,3411009
E4_Gsr 1570529412,483 0,3436636
E4_Bvp 1570529413,45434 9,066879
E4_Bvp 1570529413,46997 27,37762
E4_Bvp 1570529413,48559 41,99542
E4_Bvp 1570529413,50122 52,59261
E4_Bvp 1570529413,51684 59,28871
E4_Bvp 1570529413,53247 62,50075
E4_Bvp 1570529413,54809 62,85179
E4_Bvp 1570529413,56372 61,04851
E4_Bvp 1570529413,57935 57,80283
E4_Bvp 1570529413,59497 53,81201
E4_Bvp 1570529413,6106 49,68355
E4_Bvp 1570529413,62622 45,933
E4_Bvp 1570529413,64185 42,88087
E4_Bvp 1570529413,65747 40,66754
E4_Bvp 1570529413,6731 39,21547
E4_Bvp 1570529413,68873 38,3033
E4_Bvp 1570529413,70435 37,67462
E4_Bvp 1570529413,71998 37,07002
E4_Bvp 1570529413,7356 36,28148
E4_Bvp 1570529413,75123 35,12164
E4_Bvp 1570529413,76685 33,40918
E4_Bvp 1570529413,78248 30,9846
E4_Bvp 1570529413,79811 27,7762
E4_Bvp 1570529413,81373 23,83342
E4_Bvp 1570529413,82936 19,31004
E4_Bvp 1570529413,84498 14,40675
E4_Bvp 1570529413,86061 9,211395
E4_Bvp 1570529413,87623 3,672943
E4_Bvp 1570529413,89186 -2,396927
E4_Bvp 1570529413,90749 -9,14534
E4_Bvp 1570529413,92311 -16,54727
E4_Bvp 1570529413,93874 -24,33607
E4_Bvp 1570529413,95436 -32,1064
E4_Bvp 1570529413,96999 -39,50769
E4_Bvp 1570529413,98561 -46,4283
E4_Bvp 1570529414,00124 -53,11247
E4_Bvp 1570529414,01687 -60,12476
E4_Bvp 1570529414,03249 -68,20711
E4_Bvp 1570529414,04812 -77,98036
E4_Bvp 1570529414,06374 -89,65494
E4_Bvp 1570529414,07937 -102,7315
E4_Bvp 1570529414,095 -115,8357
E4_Bvp 1570529414,11062 -126,7973
E4_Bvp 1570529414,12625 -133,0063
E4_Bvp 1570529414,14187 -132,0262
E4_Bvp 1570529414,1575 -122,3321
E4_Bvp 1570529414,17312 -103,8824
E4_Bvp 1570529414,18875 -78,26476
E4_Bvp 1570529414,20438 -48,37196
E4_Bvp 1570529414,22 -17,6702
E4_Bvp 1570529414,23563 10,65356
E4_Bvp 1570529414,25125 34,33939
E4_Bvp 1570529414,26688 52,32916
E4_Bvp 1570529414,2825 64,64694
E4_Bvp 1570529414,29813 72,04465
E4_Bvp 1570529414,31376 75,51981
E4_Bvp 1570529414,32938 76,08063
E4_Bvp 1570529414,34501 74,5473
E4_Bvp 1570529414,36063 71,62753
E4_Bvp 1570529414,37626 67,99527
E4_Bvp 1570529414,39188 64,27536
E4_Bvp 1570529414,40751 60,99304
E4_Bvp 1570529414,42314 58,44653
E4_Bvp 1570529414,43876 56,65549
E4_Bvp 1570529414,45439 55,42484
E4_Bvp 1570529414,47001 54,47891
E4_Bvp 1570529414,48564 53,54825
E4_Bvp 1570529414,50126 52,46448
E4_Bvp 1570529414,51689 51,09799
E4_Bvp 1570529414,53252 49,30347
E4_Bvp 1570529414,54814 46,89999
E4_Bvp 1570529414,56377 43,72974
E4_Bvp 1570529414,57939 39,71774
E4_Bvp 1570529414,59502 34,94437
E4_Bvp 1570529414,61064 29,62866
E4_Bvp 1570529414,62627 23,9725
E4_Bvp 1570529414,6419 18,08124
E4_Bvp 1570529414,65752 11,86649
E4_Bvp 1570529414,67315 5,105927
E4_Bvp 1570529414,68877 -2,430969
E4_Bvp 1570529414,7044 -10,81961
E4_Bvp 1570529414,72002 -19,88507
E4_Bvp 1570529414,73565 -29,21021
E4_Bvp 1570529414,75128 -38,28622
E4_Bvp 1570529414,7669 -46,7395
E4_Bvp 1570529414,78253 -54,52692
E4_Bvp 1570529414,79815 -62,03778
E4_Bvp 1570529414,81378 -70,07336
E4_Bvp 1570529414,8294 -79,57721
E4_Bvp 1570529414,84503 -91,26508
E4_Bvp 1570529414,86066 -105,1638
E4_Bvp 1570529414,87628 -120,2565
E4_Bvp 1570529414,89191 -134,3596
E4_Bvp 1570529414,90753 -144,4081
E4_Bvp 1570529414,92316 -147,1038
E4_Bvp 1570529414,93878 -139,8831
E4_Bvp 1570529414,95441 -121,8166
E4_Bvp 1570529414,97004 -94,16132
E4_Bvp 1570529414,98566 -60,18015
E4_Gsr 1570529412,733 0,3423823
E4_Gsr 1570529412,983 0,3411009
E4_Gsr 1570529413,233 0,3411009
E4_Gsr 1570529413,483 0,3411009
E4_Gsr 1570529413,733 0,3436636
E4_Gsr 1570529413,983 0,3449449
E4_Bvp 1570529415,00129 -24,28845
E4_Bvp 1570529415,01691 9,205994
E4_Bvp 1570529415,03254 37,18616
E4_Bvp 1570529415,04816 58,25806
E4_Bvp 1570529415,06379 72,60007
E4_Bvp 1570529415,07942 81,29477
E4_Bvp 1570529415,09504 85,61685
E4_Bvp 1570529415,11067 86,65302
E4_Bvp 1570529415,12629 85,26492
E4_Bvp 1570529415,14192 82,28439
E4_Bvp 1570529415,15754 78,62497
E4_Temperature 1570529412,55978 32,17
E4_Temperature 1570529412,80979 32,17
E4_Temperature 1570529413,05981 32,17
E4_Temperature 1570529413,30982 32,17
E4_Temperature 1570529413,55983 32,17
E4_Temperature 1570529413,80984 32,17
E4_Temperature 1570529414,05985 32,17
E4_Temperature 1570529414,30986 32,17
E4_Bvp 1570529415,17317 75,20465
E4_Bvp 1570529415,1888 72,64514
E4_Bvp 1570529415,20442 71,0975
E4_Bvp 1570529415,22005 70,207
E4_Bvp 1570529415,23567 69,44437
E4_Bvp 1570529415,2513 68,34708
E4_Bvp 1570529415,26692 66,77863
E4_Bvp 1570529415,28255 64,91385
E4_Bvp 1570529415,29818 63,0372
E4_Bvp 1570529415,3138 61,31732
E4_Bvp 1570529415,32943 59,61224
E4_Bvp 1570529415,34505 57,54636
E4_Bvp 1570529415,36068 54,63654
E4_Bvp 1570529415,3763 50,57751
E4_Bvp 1570529415,39193 45,34171
E4_Bvp 1570529415,40756 39,21573
E4_Bvp 1570529415,42318 32,61737
E4_Bvp 1570529415,43881 25,90665
E4_Bvp 1570529415,45443 19,19937
E4_Bvp 1570529415,47006 12,33435
E4_Bvp 1570529415,48568 5,013977
E4_Bvp 1570529415,50131 -3,039948
E4_Bvp 1570529415,51694 -11,85785
E4_Bvp 1570529415,53256 -21,13846
E4_Bvp 1570529415,54819 -30,34698
E4_Bvp 1570529415,56381 -38,92218
E4_Bvp 1570529415,57944 -46,58099
E4_Bvp 1570529415,59506 -53,51028
E4_Bvp 1570529415,61069 -60,44284
E4_Bvp 1570529415,62632 -68,45599
E4_Bvp 1570529415,64194 -78,60959
E4_Bvp 1570529415,65757 -91,40543
E4_Bvp 1570529415,67319 -106,3096
E4_Bvp 1570529415,68882 -121,4628
E4_Bvp 1570529415,70444 -133,8276
E4_Bvp 1570529415,72007 -139,8104
E4_Bvp 1570529415,7357 -136,2843
E4_Bvp 1570529415,75132 -121,6651
E4_Bvp 1570529415,76695 -96,62076
E4_Bvp 1570529415,78257 -64,05902
E4_Bvp 1570529415,7982 -28,35028
E4_Bvp 1570529415,81382 5,940063
E4_Bvp 1570529415,82945 35,25116
E4_Bvp 1570529415,84508 57,75232
E4_Bvp 1570529415,8607 73,35303
E4_Bvp 1570529415,87633 83,06982
E4_Bvp 1570529415,89195 88,26593
E4_Bvp 1570529415,90758 90,04614
E4_Bvp 1570529415,9232 89,15015
E4_Bvp 1570529415,93883 86,18604
E4_Bvp 1570529415,95446 81,88531
E4_Bvp 1570529415,97008 77,18842
E4_Bvp 1570529415,98571 73,05426
E4_Bvp 1570529416,00133 70,1098
E4_Bvp 1570529416,01696 68,34882
E4_Bvp 1570529416,03258 67,22839
E4_Bvp 1570529416,04821 65,95734
E4_Bvp 1570529416,06384 63,9967
E4_Bvp 1570529416,07946 61,36688
E4_Bvp 1570529416,09509 58,6897
E4_Bvp 1570529416,11071 56,79138
E4_Bvp 1570529416,12634 56,16577
E4_Bvp 1570529416,14196 56,56934
E4_Bvp 1570529416,15759 57,02905
E4_Bvp 1570529416,17322 56,21613
E4_Bvp 1570529416,18884 53,05579
E4_Bvp 1570529416,20447 47,19354
E4_Bvp 1570529416,22009 39,15265
E4_Bvp 1570529416,23572 30,04449
E4_Bvp 1570529416,25134 21,09094
E4_Bvp 1570529416,26697 13,09833
E4_Bvp 1570529416,2826 6,193909
E4_Bvp 1570529416,29822 -0,135498
E4_Bvp 1570529416,31385 -6,719299
E4_Bvp 1570529416,32947 -14,32111
E4_Bvp 1570529416,3451 -23,25409
E4_Bvp 1570529416,36072 -33,23505
E4_Bvp 1570529416,37635 -43,47638
E4_Bvp 1570529416,39198 -53,02014
E4_Bvp 1570529416,4076 -61,15277
E4_Bvp 1570529416,42323 -67,77225
E4_Bvp 1570529416,43885 -73,50577
E4_Bvp 1570529416,45448 -79,52747
E4_Bvp 1570529416,4701 -87,19525
E4_Bvp 1570529416,48573 -97,49725
E4_Bvp 1570529416,50136 -110,6172
E4_Bvp 1570529416,51698 -125,6095
E4_Bvp 1570529416,53261 -140,3044
E4_Gsr 1570529414,233 0,3436636
E4_Gsr 1570529414,483 0,3449449
E4_Gsr 1570529414,733 0,3411009
E4_Gsr 1570529414,983 0,3462262
E4_Gsr 1570529415,233 0,3462262
E4_Gsr 1570529415,483 0,3462262
E4_Bvp 1570529416,54823 -151,5728
E4_Bvp 1570529416,56386 -155,9613
E4_Bvp 1570529416,57948 -150,6345
E4_Bvp 1570529416,59511 -134,3022
E4_Bvp 1570529416,61074 -107,8203
E4_Bvp 1570529416,62636 -74,13196
E4_Bvp 1570529416,64199 -37,53546
E4_Bvp 1570529416,65761 -2,507385
E4_Bvp 1570529416,67324 27,46985
E4_Bvp 1570529416,68887 50,54932
E4_Bvp 1570529416,70449 66,54718
E4_Bvp 1570529416,72012 76,38605
E4_Bvp 1570529416,73574 81,40082
E4_Bvp 1570529416,75137 82,80078
E4_Bvp 1570529416,76699 81,51849
E4_Bvp 1570529416,78262 78,31628
E4_Bvp 1570529416,79825 73,97968
E4_Bvp 1570529416,81387 69,39429
E4_Bvp 1570529416,8295 65,45966
E4_Bvp 1570529416,84512 62,86285
E4_Bvp 1570529416,86075 61,83636
E4_Bvp 1570529416,87637 62,12341
E4_Bvp 1570529416,892 63,00763
E4_Bvp 1570529416,90763 63,6308
E4_Bvp 1570529416,92325 63,25653
E4_Bvp 1570529416,93888 61,53491
E4_Bvp 1570529416,9545 58,57568
E4_Bvp 1570529416,97013 54,85284
E4_Bvp 1570529416,98575 50,9679
E4_Bvp 1570529417,00138 47,33179
E4_Bvp 1570529417,01701 43,99237
E4_Bvp 1570529417,03263 40,56757
E4_Bvp 1570529417,04826 36,42139
E4_Temperature 1570529414,55988 32,19
E4_Temperature 1570529414,80989 32,19
E4_Temperature 1570529415,0599 32,19
E4_Temperature 1570529415,30991 32,19
E4_Temperature 1570529415,55992 32,19
E4_Temperature 1570529415,80993 32,19
E4_Temperature 1570529416,05994 32,19
E4_Temperature 1570529416,30996 32,19
E4_Bvp 1570529417,06388 30,94354
E4_Bvp 1570529417,07951 23,83795
E4_Bvp 1570529417,09513 15,28198
E4_Bvp 1570529417,11076 5,858337
E4_Bvp 1570529417,12639 -3,660278
E4_Bvp 1570529417,14201 -12,71918
E4_Bvp 1570529417,15764 -21,15204
E4_Bvp 1570529417,17326 -29,2276
E4_Bvp 1570529417,18889 -37,49658
E4_Bvp 1570529417,20451 -46,54175
E4_Bvp 1570529417,22014 -56,81281
E4_Bvp 1570529417,23577 -68,54431
E4_Bvp 1570529417,25139 -81,71619
E4_Bvp 1570529417,26702 -95,89233
E4_Bvp 1570529417,28264 -109,9451
E4_Bvp 1570529417,29827 -121,7815
E4_Bvp 1570529417,31389 -128,5157
E4_Bvp 1570529417,32952 -127,0829
E4_Bvp 1570529417,34515 -115,331
E4_Bvp 1570529417,36077 -93,11804
E4_Bvp 1570529417,3764 -62,7229
E4_Bvp 1570529417,39202 -28,39746
