1569658127.722
1569658127.972
1569658128.222
1569658128.472
1569658128.722
1569658128.972
1569658129.222
1569658129.472
1569658129.722
1569658129.972
1569658130.222
1569658130.472
1569658130.722
1569658130.972
1569658131.222
1569658131.472
1569658131.722
1569658131.972
1569658132.222
1569658132.472
1569658132.722
1569658132.972
1569658133.222
1569658133.472
1569658133.722
1569658133.972
1569658134.222
1569658134.472
1569658134.722
1569658134.972
1569658135.222
1569658135.472
1569658135.722
1569658135.972
1569658136.222
1569658136.472
1569658136.722
1569658136.972
1569658137.222
1569658137.472
1569658137.722
1569658137.972
1569658138.222
1569658138.472
1569658138.722
1569658138.972
1569658139.222
1569658139.472
1569658139.722
1569658139.972
1569658140.222
1569658140.472
1569658140.722
1569658140.972
1569658141.222
1569658141.472
1569658141.722
1569658141.972
1569658142.222
1569658142.472
1569658142.722
1569658142.972
1569658143.222
1569658143.472
1569658143.722
1569658143.972
1569658144.222
1569658144.472
1569658144.722
1569658144.972
1569658145.222
1569658145.472
1569658145.722
1569658145.972
1569658146.222
1569658146.472
1569658146.722
1569658146.972
1569658147.222
1569658147.472
1569658147.722
1569658147.972
1569658148.222
1569658148.472
1569658148.722
1569658148.972
1569658149.222
1569658149.472
1569658149.722
1569658149.972
1569658150.222
1569658150.472
1569658150.722
1569658150.972
1569658151.222
1569658151.472
1569658151.722
1569658151.972
1569658152.222
1569658152.472
1569658152.722
1569658152.972
1569658153.222
1569658153.472
1569658153.722
1569658153.972
1569658154.222
1569658154.472
1569658154.722
1569658154.972
1569658155.222
1569658155.472
1569658155.722
1569658155.972
1569658156.222
1569658156.472
1569658156.722
1569658156.972
1569658157.222
1569658157.472
1569658157.722
1569658157.972
1569658158.222
1569658158.472
1569658158.722
1569658158.972
1569658159.222
1569658159.472
1569658159.722
1569658159.972
1569658160.222
1569658160.472
1569658160.722
1569658160.972
1569658161.222
1569658161.472
1569658161.722
1569658161.972
1569658162.222
1569658162.472
1569658162.722
1569658162.972
1569658163.222
1569658163.472
1569658163.722
1569658163.972
1569658164.222
1569658164.472
1569658164.722
1569658164.972
1569658165.222
1569658165.472
1569658165.722
1569658165.972
1569658166.222
1569658166.472
1569658166.722
1569658166.972
1569658167.222
1569658167.472
1569658167.722
1569658167.972
1569658168.222
1569658168.472
1569658168.722
1569658168.972
1569658169.222
1569658169.472
1569658169.722
1569658169.972
1569658170.222
1569658170.472
1569658170.722
1569658170.972
1569658171.222
1569658171.472
1569658171.722
1569658171.972
1569658172.222
1569658172.472
1569658172.722
1569658172.972
1569658173.222
1569658173.472
1569658173.722
1569658173.972
1569658174.222
1569658174.472
1569658174.722
1569658174.972
1569658175.222
1569658175.472
1569658175.722
1569658175.972
1569658176.222
1569658176.472
1569658176.722
1569658176.972
1569658177.222
1569658177.472
1569658177.722
1569658177.972
1569658178.222
1569658178.472
1569658178.722
1569658178.972
1569658179.222
1569658179.472
1569658179.722
1569658179.972
1569658180.222
1569658180.472
1569658180.722
1569658180.972
1569658181.222
1569658181.472
1569658181.722
1569658181.972
1569658182.222
1569658182.472
1569658182.722
1569658182.972
1569658183.222
1569658183.472
1569658183.722
1569658183.972
1569658184.222
1569658184.472
1569658184.722
1569658184.972
1569658185.222
1569658185.472
1569658185.722
1569658185.972
1569658186.222
1569658186.472
1569658186.722
1569658186.972
1569658187.222
1569658187.472
1569658187.722
1569658187.972
1569658188.222
1569658188.472
1569658188.722
1569658188.972
1569658189.222
1569658189.472
1569658189.722
1569658189.972
1569658190.222
1569658190.472
1569658190.722
1569658190.972
1569658191.222
1569658191.472
1569658191.722
1569658191.972
1569658192.222
1569658192.472
1569658192.722
1569658192.972
1569658193.222
1569658193.472
1569658193.722
1569658193.972
1569658194.222
1569658194.472
1569658194.722
1569658194.972
1569658195.222
1569658195.472
1569658195.722
1569658195.972
1569658196.222
1569658196.472
1569658196.722
1569658196.972
1569658197.222
1569658197.472
1569658197.722
1569658197.972
1569658198.222
1569658198.472
1569658198.722
1569658198.972
1569658199.222
1569658199.472
1569658199.722
1569658199.972
1569658200.222
1569658200.472
1569658200.722
1569658200.972
1569658201.222
1569658201.472
1569658201.722
1569658201.972
1569658202.222
1569658202.472
1569658202.722
1569658202.972
1569658203.222
1569658203.472
1569658203.722
1569658203.972
1569658204.222
1569658204.472
1569658204.722
1569658204.972
1569658205.222
1569658205.472
1569658205.722
1569658205.972
1569658206.222
1569658206.472
1569658206.722
1569658206.972
1569658207.222
1569658207.472
1569658207.722
1569658207.972
1569658208.222
1569658208.472
1569658208.722
1569658208.972
1569658209.222
1569658209.472
1569658209.722
1569658209.972
1569658210.222
1569658210.472
1569658210.722
1569658210.972
1569658211.222
1569658211.472
1569658211.722
1569658211.972
1569658212.222
1569658212.472
1569658212.722
1569658212.972
1569658213.222
1569658213.472
1569658213.722
1569658213.972
1569658214.222
1569658214.472
1569658214.722
1569658214.972
1569658215.222
1569658215.472
1569658215.722
1569658215.972
1569658216.222
1569658216.472
1569658216.722
1569658216.972
1569658217.222
1569658217.472
1569658217.722
1569658217.972
1569658218.222
1569658218.472
1569658218.722
1569658218.972
1569658219.222
1569658219.472
1569658219.722
1569658219.972
1569658220.222
1569658220.472
1569658220.722
1569658220.972
1569658221.222
1569658221.472
1569658221.722
1569658221.972
1569658222.222
1569658222.472
1569658222.722
1569658222.972
1569658223.222
1569658223.472
1569658223.722
1569658223.972
1569658224.222
1569658224.472
1569658224.722
1569658224.972
1569658225.222
1569658225.472
1569658225.722
1569658225.972
1569658226.222
1569658226.472
1569658226.722
1569658226.972
1569658227.222
1569658227.472
1569658227.722
1569658227.972
1569658228.222
1569658228.472
1569658228.722
1569658228.972
1569658229.222
1569658229.472
1569658229.722
1569658229.972
1569658230.222
1569658230.472
1569658230.722
1569658230.972
1569658231.222
1569658231.472
1569658231.722
1569658231.972
1569658232.222
1569658232.472
1569658232.722
1569658232.972
1569658233.222
1569658233.472
1569658233.722
1569658233.972
1569658234.222
1569658234.472
1569658234.722
1569658234.972
1569658235.222
1569658235.472
1569658235.722
1569658235.972
1569658236.222
1569658236.472
1569658236.722
1569658236.972
1569658237.222
1569658237.472
1569658237.722
1569658237.972
1569658238.222
1569658238.472
1569658238.722
1569658238.972
1569658239.222
1569658239.472
1569658239.722
1569658239.972
1569658240.222
1569658240.472
1569658240.722
1569658240.972
1569658241.222
1569658241.472
1569658241.722
1569658241.972
1569658242.222
1569658242.472
1569658242.722
1569658242.972
1569658243.222
1569658243.472
1569658243.722
1569658243.972
1569658244.222
1569658244.472
1569658244.722
1569658244.972
1569658245.222
1569658245.472
1569658245.722
1569658245.972
1569658246.222
1569658246.472
1569658246.722
1569658246.972
1569658247.222
1569658247.472
1569658247.722
1569658247.972
1569658248.222
1569658248.472
1569658248.722
1569658248.972
1569658249.222
1569658249.472
1569658249.722
1569658249.972
1569658250.222
1569658250.472
1569658250.722
1569658250.972
1569658251.222
1569658251.472
1569658251.722
1569658251.972
1569658252.222
1569658252.472
1569658252.722
1569658252.972
1569658253.222
1569658253.472
1569658253.722
1569658253.972
1569658254.222
1569658254.472
1569658254.722
1569658254.972
1569658255.222
1569658255.472
1569658255.722
1569658255.972
1569658256.222
1569658256.472
1569658256.722
1569658256.972
1569658257.222
1569658257.472
1569658257.722
1569658257.972
1569658258.222
1569658258.472
1569658258.722
1569658258.972
1569658259.222
1569658259.472
1569658259.722
1569658259.972
1569658260.222
1569658260.472
1569658260.722
1569658260.972
1569658261.222
1569658261.472
1569658261.722
1569658261.972
1569658262.222
1569658262.472
1569658262.722
1569658262.972
1569658263.222
1569658263.472
1569658263.722
1569658263.972
1569658264.222
1569658264.472
1569658264.722
1569658264.972
1569658265.222
1569658265.472
1569658265.722
1569658265.972
1569658266.222
1569658266.472
1569658266.722
1569658266.972
1569658267.222
1569658267.472
1569658267.722
1569658267.972
1569658268.222
1569658268.472
1569658268.722
1569658268.972
1569658269.222
1569658269.472
1569658269.722
1569658269.972
1569658270.222
1569658270.472
1569658270.722
1569658270.972
1569658271.222
1569658271.472
1569658271.722
1569658271.972
1569658272.222
1569658272.472
1569658272.722
1569658272.972
1569658273.222
1569658273.472
1569658273.722
1569658273.972
1569658274.222
1569658274.472
1569658274.722
1569658274.972
1569658275.222
1569658275.472
1569658275.722
1569658275.972
1569658276.222
1569658276.472
1569658276.722
1569658276.972
1569658277.222
1569658277.472
1569658277.722
1569658277.972
1569658278.222
1569658278.472
1569658278.722
1569658278.972
1569658279.222
1569658279.472
1569658279.722
1569658279.972
1569658280.222
1569658280.472
1569658280.722
1569658280.972
1569658281.222
1569658281.472
1569658281.722
1569658281.972
1569658282.222
1569658282.472
1569658282.722
1569658282.972
1569658283.222
1569658283.472
1569658283.722
1569658283.972
1569658284.222
1569658284.472
1569658284.722
1569658284.972
1569658285.222
1569658285.472
1569658285.722
1569658285.972
1569658286.222
1569658286.472
1569658286.722
1569658286.972
1569658287.222
1569658287.472
1569658287.722
1569658287.972
1569658288.222
1569658288.472
1569658288.722
1569658288.972
1569658289.222
1569658289.472
1569658289.722
1569658289.972
1569658290.222
1569658290.472
1569658290.722
1569658290.972
1569658291.222
1569658291.472
1569658291.722
1569658291.972
1569658292.222
1569658292.472
1569658292.722
1569658292.972
1569658293.222
1569658293.472
1569658293.722
1569658293.972
1569658294.222
1569658294.472
1569658294.722
1569658294.972
1569658295.222
1569658295.472
1569658295.722
1569658295.972
1569658296.222
1569658296.472
1569658296.722
1569658296.972
1569658297.222
1569658297.472
1569658297.722
1569658297.972
1569658298.222
1569658298.472
1569658298.722
1569658298.972
1569658299.222
1569658299.472
1569658299.722
1569658299.972
1569658300.222
1569658300.472
1569658300.722
1569658300.972
1569658301.222
1569658301.472
1569658301.722
1569658301.972
1569658302.222
1569658302.472
1569658302.722
1569658302.972
1569658303.222
1569658303.472
1569658303.722
1569658303.972
1569658304.222
1569658304.472
1569658304.722
1569658304.972
1569658305.222
1569658305.472
1569658305.722
1569658305.972
1569658306.222
1569658306.472
1569658306.722
1569658306.972
1569658307.222
1569658307.472
1569658307.722
1569658307.972
1569658308.222
1569658308.472
1569658308.722
1569658308.972
1569658309.222
1569658309.472
1569658309.722
1569658309.972
1569658310.222
1569658310.472
1569658310.722
1569658310.972
1569658311.222
1569658311.472
1569658311.722
1569658311.972
1569658312.222
1569658312.472
1569658312.722
1569658312.972
1569658313.222
1569658313.472
1569658313.722
1569658313.972
1569658314.222
1569658314.472
1569658314.722
1569658314.972
1569658315.222
1569658315.472
1569658315.722
1569658315.972
1569658316.222
1569658316.472
1569658316.722
1569658316.972
1569658317.222
1569658317.472
1569658317.722
1569658317.972
1569658318.222
1569658318.472
1569658318.722
1569658318.972
1569658319.222
1569658319.472
1569658319.722
1569658319.972
1569658320.222
1569658320.472
1569658320.722
1569658320.972
1569658321.222
1569658321.472
1569658321.722
1569658321.972
1569658322.222
1569658322.472
1569658322.722
1569658322.972
1569658323.222
1569658323.472
1569658323.722
1569658323.972
1569658324.222
1569658324.472
1569658324.722
1569658324.972
1569658325.222
1569658325.472
1569658325.722
1569658325.972
1569658326.222
1569658326.472
1569658326.722
1569658326.972
1569658327.222
1569658327.472
1569658327.722
1569658327.972
1569658328.222
1569658328.472
1569658328.722
1569658328.972
1569658329.222
1569658329.472
1569658329.722
1569658329.972
1569658330.222
1569658330.472
1569658330.722
1569658330.972
1569658331.222
1569658331.472
1569658331.722
1569658331.972
1569658332.222
1569658332.472
1569658332.722
1569658332.972
1569658333.222
1569658333.472
1569658333.722
1569658333.972
1569658334.222
1569658334.472
1569658334.722
1569658334.972
1569658335.222
1569658335.472
1569658335.722
1569658335.972
1569658336.222
1569658336.472
1569658336.722
1569658336.972
1569658337.222
1569658337.472
1569658337.722
1569658337.972
1569658338.222
1569658338.472
1569658338.722
1569658338.972
1569658339.222
1569658339.472
1569658339.722
1569658339.972
1569658340.222
1569658340.472
1569658340.722
1569658340.972
1569658341.222
1569658341.472
1569658341.722
1569658341.972
1569658342.222
1569658342.472
1569658342.722
1569658342.972
1569658343.222
1569658343.472
1569658343.722
1569658343.972
1569658344.222
1569658344.472
1569658344.722
1569658344.972
1569658345.222
1569658345.472
1569658345.722
1569658345.972
1569658346.222
1569658346.472
1569658346.722
1569658346.972
1569658347.222
1569658347.472
1569658347.722
1569658347.972
1569658348.222
1569658348.472
1569658348.722
1569658348.972
1569658349.222
1569658349.472
1569658349.722
1569658349.972
1569658350.222
1569658350.472
1569658350.722
1569658350.972
1569658351.222
1569658351.472
1569658351.722
1569658351.972
1569658352.222
1569658352.472
1569658352.722
1569658352.972
1569658353.222
1569658353.472
1569658353.722
1569658353.972
1569658354.222
1569658354.472
1569658354.722
1569658354.972
1569658355.222
1569658355.472
1569658355.722
1569658355.972
1569658356.222
1569658356.472
1569658356.722
1569658356.972
1569658357.222
1569658357.472
1569658357.722
1569658357.972
1569658358.222
1569658358.472
1569658358.722
1569658358.972
1569658359.222
1569658359.472
1569658359.722
1569658359.972
1569658360.222
1569658360.472
1569658360.722
1569658360.972
1569658361.222
1569658361.472
1569658361.722
1569658361.972
1569658362.222
1569658362.472
1569658362.722
1569658362.972
1569658363.222
1569658363.472
1569658363.722
1569658363.972
1569658364.222
1569658364.472
1569658364.722
1569658364.972
1569658365.222
1569658365.472
1569658365.722
1569658365.972
1569658366.222
1569658366.472
1569658366.722
1569658366.972
1569658367.222
1569658367.472
1569658367.722
1569658367.972
1569658368.222
1569658368.472
1569658368.722
1569658368.972
1569658369.222
1569658369.472
1569658369.722
1569658369.972
1569658370.222
1569658370.472
1569658370.722
1569658370.972
1569658371.222
1569658371.472
1569658371.722
1569658371.972
1569658372.222
1569658372.472
1569658372.722
1569658372.972
1569658373.222
1569658373.472
1569658373.722
1569658373.972
1569658374.222
1569658374.472
1569658374.722
1569658374.972
1569658375.222
1569658375.472
1569658375.722
1569658375.972
1569658376.222
1569658376.472
1569658376.722
1569658376.972
1569658377.222
1569658377.472
1569658377.722
1569658377.972
1569658378.222
1569658378.472
1569658378.722
1569658378.972
1569658379.222
1569658379.472
1569658379.722
1569658379.972
1569658380.222
1569658380.472
1569658380.722
1569658380.972
1569658381.222
1569658381.472
1569658381.722
1569658381.972
1569658382.222
1569658382.472
1569658382.722
1569658382.972
1569658383.222
1569658383.472
1569658383.722
1569658383.972
1569658384.222
1569658384.472
1569658384.722
1569658384.972
1569658385.222
1569658385.472
1569658385.722
1569658385.972
1569658386.222
1569658386.472
1569658386.722
1569658386.972
1569658387.222
1569658387.472
1569658387.722
1569658387.972
1569658388.222
1569658388.472
1569658388.722
1569658388.972
1569658389.222
1569658389.472
1569658389.722
1569658389.972
1569658390.222
1569658390.472
1569658390.722
1569658390.972
1569658391.222
1569658391.472
1569658391.722
1569658391.972
1569658392.222
1569658392.472
1569658392.722
1569658392.972
1569658393.222
1569658393.472
1569658393.722
1569658393.972
1569658394.222
1569658394.472
1569658394.722
1569658394.972
1569658395.222
1569658395.472
1569658395.722
1569658395.972
1569658396.222
1569658396.472
1569658396.722
1569658396.972
1569658397.222
1569658397.472
1569658397.722
1569658397.972
1569658398.222
1569658398.472
1569658398.722
1569658398.972
1569658399.222
1569658399.472
1569658399.722
1569658399.972
1569658400.222
1569658400.472
1569658400.722
1569658400.972
1569658401.222
1569658401.472
1569658401.722
1569658401.972
1569658402.222
1569658402.472
1569658402.722
1569658402.972
1569658403.222
1569658403.472
1569658403.722
1569658403.972
1569658404.222
1569658404.472
1569658404.722
1569658404.972
1569658405.222
1569658405.472
1569658405.722
1569658405.972
1569658406.222
1569658406.472
1569658406.722
1569658406.972
1569658407.222
1569658407.472
1569658407.722
1569658407.972
1569658408.222
1569658408.472
1569658408.722
1569658408.972
1569658409.222
1569658409.472
1569658409.722
1569658409.972
1569658410.222
1569658410.472
1569658410.722
1569658410.972
1569658411.222
1569658411.472
1569658411.722
1569658411.972
1569658412.222
1569658412.472
1569658412.722
1569658412.972
1569658413.222
1569658413.472
1569658413.722
1569658413.972
1569658414.222
1569658414.472
1569658414.722
1569658414.972
1569658415.222
1569658415.472
1569658415.722
1569658415.972
1569658416.222
1569658416.472
1569658416.722
1569658416.972
1569658417.222
1569658417.472
1569658417.722
1569658417.972
1569658418.222
1569658418.472
1569658418.722
1569658418.972
1569658419.222
1569658419.472
1569658419.722
1569658419.972
1569658420.222
1569658420.472
1569658420.722
1569658420.972
1569658421.222
1569658421.472
1569658421.722
1569658421.972
1569658422.222
1569658422.472
1569658422.722
1569658422.972
1569658423.222
1569658423.472
1569658423.722
1569658423.972
1569658424.222
1569658424.472
1569658424.722
1569658424.972
1569658425.222
1569658425.472
1569658425.722
1569658425.972
1569658426.222
1569658426.472
1569658426.722
1569658426.972
1569658427.222
1569658427.472
