1569656554.722
1569656554.972
1569656555.222
1569656555.472
1569656555.722
1569656555.972
1569656556.222
1569656556.472
1569656556.722
1569656556.972
1569656557.222
1569656557.472
1569656557.722
1569656557.972
1569656558.222
1569656558.472
1569656558.722
1569656558.972
1569656559.222
1569656559.472
1569656559.722
1569656559.972
1569656560.222
1569656560.472
1569656560.722
1569656560.972
1569656561.222
1569656561.472
1569656561.722
1569656561.972
1569656562.222
1569656562.472
1569656562.722
1569656562.972
1569656563.222
1569656563.472
1569656563.722
1569656563.972
1569656564.222
1569656564.472
1569656564.722
1569656564.972
1569656565.222
1569656565.472
1569656565.722
1569656565.972
1569656566.222
1569656566.472
1569656566.722
1569656566.972
1569656567.222
1569656567.472
1569656567.722
1569656567.972
1569656568.222
1569656568.472
1569656568.722
1569656568.972
1569656569.222
1569656569.472
1569656569.722
1569656569.972
1569656570.222
1569656570.472
1569656570.722
1569656570.972
1569656571.222
1569656571.472
1569656571.722
1569656571.972
1569656572.222
1569656572.472
1569656572.722
1569656572.972
1569656573.222
1569656573.472
1569656573.722
1569656573.972
1569656574.222
1569656574.472
1569656574.722
1569656574.972
1569656575.222
1569656575.472
1569656575.722
1569656575.972
1569656576.222
1569656576.472
1569656576.722
1569656576.972
1569656577.222
1569656577.472
1569656577.722
1569656577.972
1569656578.222
1569656578.472
1569656578.722
1569656578.972
1569656579.222
1569656579.472
1569656579.722
1569656579.972
1569656580.222
1569656580.472
1569656580.722
1569656580.972
1569656581.222
1569656581.472
1569656581.722
1569656581.972
1569656582.222
1569656582.472
1569656582.722
1569656582.972
1569656583.222
1569656583.472
1569656583.722
1569656583.972
1569656584.222
1569656584.472
1569656584.722
1569656584.972
1569656585.222
1569656585.472
1569656585.722
1569656585.972
1569656586.222
1569656586.472
1569656586.722
1569656586.972
1569656587.222
1569656587.472
1569656587.722
1569656587.972
1569656588.222
1569656588.472
1569656588.722
1569656588.972
1569656589.222
1569656589.472
1569656589.722
1569656589.972
1569656590.222
1569656590.472
1569656590.722
1569656590.972
1569656591.222
1569656591.472
1569656591.722
1569656591.972
1569656592.222
1569656592.472
1569656592.722
1569656592.972
1569656593.222
1569656593.472
1569656593.722
1569656593.972
1569656594.222
1569656594.472
1569656594.722
1569656594.972
1569656595.222
1569656595.472
1569656595.722
1569656595.972
1569656596.222
1569656596.472
1569656596.722
1569656596.972
1569656597.222
1569656597.472
1569656597.722
1569656597.972
1569656598.222
1569656598.472
1569656598.722
1569656598.972
1569656599.222
1569656599.472
1569656599.722
1569656599.972
1569656600.222
1569656600.472
1569656600.722
1569656600.972
1569656601.222
1569656601.472
1569656601.722
1569656601.972
1569656602.222
1569656602.472
1569656602.722
1569656602.972
1569656603.222
1569656603.472
1569656603.722
1569656603.972
1569656604.222
1569656604.472
1569656604.722
1569656604.972
1569656605.222
1569656605.472
1569656605.722
1569656605.972
1569656606.222
1569656606.472
1569656606.722
1569656606.972
1569656607.222
1569656607.472
1569656607.722
1569656607.972
1569656608.222
1569656608.472
1569656608.722
1569656608.972
1569656609.222
1569656609.472
1569656609.722
1569656609.972
1569656610.222
1569656610.472
1569656610.722
1569656610.972
1569656611.222
1569656611.472
1569656611.722
1569656611.972
1569656612.222
1569656612.472
1569656612.722
1569656612.972
1569656613.222
1569656613.472
1569656613.722
1569656613.972
1569656614.222
1569656614.472
1569656614.722
1569656614.972
1569656615.222
1569656615.472
1569656615.722
1569656615.972
1569656616.222
1569656616.472
1569656616.722
1569656616.972
1569656617.222
1569656617.472
1569656617.722
1569656617.972
1569656618.222
1569656618.472
1569656618.722
1569656618.972
1569656619.222
1569656619.472
1569656619.722
1569656619.972
1569656620.222
1569656620.472
1569656620.722
1569656620.972
1569656621.222
1569656621.472
1569656621.722
1569656621.972
1569656622.222
1569656622.472
1569656622.722
1569656622.972
1569656623.222
1569656623.472
1569656623.722
1569656623.972
1569656624.222
1569656624.472
1569656624.722
1569656624.972
1569656625.222
1569656625.472
1569656625.722
1569656625.972
1569656626.222
1569656626.472
1569656626.722
1569656626.972
1569656627.222
1569656627.472
1569656627.722
1569656627.972
1569656628.222
1569656628.472
1569656628.722
1569656628.972
1569656629.222
1569656629.472
1569656629.722
1569656629.972
1569656630.222
1569656630.472
1569656630.722
1569656630.972
1569656631.222
1569656631.472
1569656631.722
1569656631.972
1569656632.222
1569656632.472
1569656632.722
1569656632.972
1569656633.222
1569656633.472
1569656633.722
1569656633.972
1569656634.222
1569656634.472
1569656634.722
1569656634.972
1569656635.222
1569656635.472
1569656635.722
1569656635.972
1569656636.222
1569656636.472
1569656636.722
1569656636.972
1569656637.222
1569656637.472
1569656637.722
1569656637.972
1569656638.222
1569656638.472
1569656638.722
1569656638.972
1569656639.222
1569656639.472
1569656639.722
1569656639.972
1569656640.222
1569656640.472
1569656640.722
1569656640.972
1569656641.222
1569656641.472
1569656641.722
1569656641.972
1569656642.222
1569656642.472
1569656642.722
1569656642.972
1569656643.222
1569656643.472
1569656643.722
1569656643.972
1569656644.222
1569656644.472
1569656644.722
1569656644.972
1569656645.222
1569656645.472
1569656645.722
1569656645.972
1569656646.222
1569656646.472
1569656646.722
1569656646.972
1569656647.222
1569656647.472
1569656647.722
1569656647.972
1569656648.222
1569656648.472
1569656648.722
1569656648.972
1569656649.222
1569656649.472
1569656649.722
1569656649.972
1569656650.222
1569656650.472
1569656650.722
1569656650.972
1569656651.222
1569656651.472
1569656651.722
1569656651.972
1569656652.222
1569656652.472
1569656652.722
1569656652.972
1569656653.222
1569656653.472
1569656653.722
1569656653.972
1569656654.222
1569656654.472
1569656654.722
1569656654.972
1569656655.222
1569656655.472
1569656655.722
1569656655.972
1569656656.222
1569656656.472
1569656656.722
1569656656.972
1569656657.222
1569656657.472
1569656657.722
1569656657.972
1569656658.222
1569656658.472
1569656658.722
1569656658.972
1569656659.222
1569656659.472
1569656659.722
1569656659.972
1569656660.222
1569656660.472
1569656660.722
1569656660.972
1569656661.222
1569656661.472
1569656661.722
1569656661.972
1569656662.222
1569656662.472
1569656662.722
1569656662.972
1569656663.222
1569656663.472
1569656663.722
1569656663.972
1569656664.222
1569656664.472
1569656664.722
1569656664.972
1569656665.222
1569656665.472
1569656665.722
1569656665.972
1569656666.222
1569656666.472
1569656666.722
1569656666.972
1569656667.222
1569656667.472
1569656667.722
1569656667.972
1569656668.222
1569656668.472
1569656668.722
1569656668.972
1569656669.222
1569656669.472
1569656669.722
1569656669.972
1569656670.222
1569656670.472
1569656670.722
1569656670.972
1569656671.222
1569656671.472
1569656671.722
1569656671.972
1569656672.222
1569656672.472
1569656672.722
1569656672.972
1569656673.222
1569656673.472
1569656673.722
1569656673.972
1569656674.222
1569656674.472
1569656674.722
1569656674.972
1569656675.222
1569656675.472
1569656675.722
1569656675.972
1569656676.222
1569656676.472
1569656676.722
1569656676.972
1569656677.222
1569656677.472
1569656677.722
1569656677.972
1569656678.222
1569656678.472
1569656678.722
1569656678.972
1569656679.222
1569656679.472
1569656679.722
1569656679.972
1569656680.222
1569656680.472
1569656680.722
1569656680.972
1569656681.222
1569656681.472
1569656681.722
1569656681.972
1569656682.222
1569656682.472
1569656682.722
1569656682.972
1569656683.222
1569656683.472
1569656683.722
1569656683.972
1569656684.222
1569656684.472
1569656684.722
1569656684.972
1569656685.222
1569656685.472
1569656685.722
1569656685.972
1569656686.222
1569656686.472
1569656686.722
1569656686.972
1569656687.222
1569656687.472
1569656687.722
1569656687.972
1569656688.222
1569656688.472
1569656688.722
1569656688.972
1569656689.222
1569656689.472
1569656689.722
1569656689.972
1569656690.222
1569656690.472
1569656690.722
1569656690.972
1569656691.222
1569656691.472
1569656691.722
1569656691.972
1569656692.222
1569656692.472
1569656692.722
1569656692.972
1569656693.222
1569656693.472
1569656693.722
1569656693.972
1569656694.222
1569656694.472
1569656694.722
1569656694.972
1569656695.222
1569656695.472
1569656695.722
1569656695.972
1569656696.222
1569656696.472
1569656696.722
1569656696.972
1569656697.222
1569656697.472
1569656697.722
1569656697.972
1569656698.222
1569656698.472
1569656698.722
1569656698.972
1569656699.222
1569656699.472
1569656699.722
1569656699.972
1569656700.222
1569656700.472
1569656700.722
1569656700.972
1569656701.222
1569656701.472
1569656701.722
1569656701.972
1569656702.222
1569656702.472
1569656702.722
1569656702.972
1569656703.222
1569656703.472
1569656703.722
1569656703.972
1569656704.222
1569656704.472
1569656704.722
1569656704.972
1569656705.222
1569656705.472
1569656705.722
1569656705.972
1569656706.222
1569656706.472
1569656706.722
1569656706.972
1569656707.222
1569656707.472
1569656707.722
1569656707.972
1569656708.222
1569656708.472
1569656708.722
1569656708.972
1569656709.222
1569656709.472
1569656709.722
1569656709.972
1569656710.222
1569656710.472
1569656710.722
1569656710.972
1569656711.222
1569656711.472
1569656711.722
1569656711.972
1569656712.222
1569656712.472
1569656712.722
1569656712.972
1569656713.222
1569656713.472
1569656713.722
1569656713.972
1569656714.222
1569656714.472
1569656714.722
1569656714.972
1569656715.222
1569656715.472
1569656715.722
1569656715.972
1569656716.222
1569656716.472
1569656716.722
1569656716.972
1569656717.222
1569656717.472
1569656717.722
1569656717.972
1569656718.222
1569656718.472
1569656718.722
1569656718.972
1569656719.222
1569656719.472
1569656719.722
1569656719.972
1569656720.222
1569656720.472
1569656720.722
1569656720.972
1569656721.222
1569656721.472
1569656721.722
1569656721.972
1569656722.222
1569656722.472
1569656722.722
1569656722.972
1569656723.222
1569656723.472
1569656723.722
1569656723.972
1569656724.222
1569656724.472
1569656724.722
1569656724.972
1569656725.222
1569656725.472
1569656725.722
1569656725.972
1569656726.222
1569656726.472
1569656726.722
1569656726.972
1569656727.222
1569656727.472
1569656727.722
1569656727.972
1569656728.222
1569656728.472
1569656728.722
1569656728.972
1569656729.222
1569656729.472
1569656729.722
1569656729.972
1569656730.222
1569656730.472
1569656730.722
1569656730.972
1569656731.222
1569656731.472
1569656731.722
1569656731.972
1569656732.222
1569656732.472
1569656732.722
1569656732.972
1569656733.222
1569656733.472
1569656733.722
1569656733.972
1569656734.222
1569656734.472
1569656734.722
1569656734.972
1569656735.222
1569656735.472
1569656735.722
1569656735.972
1569656736.222
1569656736.472
1569656736.722
1569656736.972
1569656737.222
1569656737.472
1569656737.722
1569656737.972
1569656738.222
1569656738.472
1569656738.722
1569656738.972
1569656739.222
1569656739.472
1569656739.722
1569656739.972
1569656740.222
1569656740.472
1569656740.722
1569656740.972
1569656741.222
1569656741.472
1569656741.722
1569656741.972
1569656742.222
1569656742.472
1569656742.722
1569656742.972
1569656743.222
1569656743.472
1569656743.722
1569656743.972
1569656744.222
1569656744.472
1569656744.722
1569656744.972
1569656745.222
1569656745.472
1569656745.722
1569656745.972
1569656746.222
1569656746.472
1569656746.722
1569656746.972
1569656747.222
1569656747.472
1569656747.722
1569656747.972
1569656748.222
1569656748.472
1569656748.722
1569656748.972
1569656749.222
1569656749.472
1569656749.722
1569656749.972
1569656750.222
1569656750.472
1569656750.722
1569656750.972
1569656751.222
1569656751.472
1569656751.722
1569656751.972
1569656752.222
1569656752.472
1569656752.722
1569656752.972
1569656753.222
1569656753.472
1569656753.722
1569656753.972
1569656754.222
1569656754.472
1569656754.722
1569656754.972
1569656755.222
1569656755.472
1569656755.722
1569656755.972
1569656756.222
1569656756.472
1569656756.722
1569656756.972
1569656757.222
1569656757.472
1569656757.722
1569656757.972
1569656758.222
1569656758.472
1569656758.722
1569656758.972
1569656759.222
1569656759.472
1569656759.722
1569656759.972
1569656760.222
1569656760.472
1569656760.722
1569656760.972
1569656761.222
1569656761.472
1569656761.722
1569656761.972
1569656762.222
1569656762.472
1569656762.722
1569656762.972
1569656763.222
1569656763.472
1569656763.722
1569656763.972
1569656764.222
1569656764.472
1569656764.722
1569656764.972
1569656765.222
1569656765.472
1569656765.722
1569656765.972
1569656766.222
1569656766.472
1569656766.722
1569656766.972
1569656767.222
1569656767.472
1569656767.722
1569656767.972
1569656768.222
1569656768.472
1569656768.722
1569656768.972
1569656769.222
1569656769.472
1569656769.722
1569656769.972
1569656770.222
1569656770.472
1569656770.722
1569656770.972
1569656771.222
1569656771.472
1569656771.722
1569656771.972
1569656772.222
1569656772.472
1569656772.722
1569656772.972
1569656773.222
1569656773.472
1569656773.722
1569656773.972
1569656774.222
1569656774.472
1569656774.722
1569656774.972
1569656775.222
1569656775.472
1569656775.722
1569656775.972
1569656776.222
1569656776.472
1569656776.722
1569656776.972
1569656777.222
1569656777.472
1569656777.722
1569656777.972
1569656778.222
1569656778.472
1569656778.722
1569656778.972
1569656779.222
1569656779.472
1569656779.722
1569656779.972
1569656780.222
1569656780.472
1569656780.722
1569656780.972
1569656781.222
1569656781.472
1569656781.722
1569656781.972
1569656782.222
1569656782.472
1569656782.722
1569656782.972
1569656783.222
1569656783.472
1569656783.722
1569656783.972
1569656784.222
1569656784.472
1569656784.722
1569656784.972
1569656785.222
1569656785.472
1569656785.722
1569656785.972
1569656786.222
1569656786.472
1569656786.722
1569656786.972
1569656787.222
1569656787.472
1569656787.722
1569656787.972
1569656788.222
1569656788.472
1569656788.722
1569656788.972
1569656789.222
1569656789.472
1569656789.722
1569656789.972
1569656790.222
1569656790.472
1569656790.722
1569656790.972
1569656791.222
1569656791.472
1569656791.722
1569656791.972
1569656792.222
1569656792.472
1569656792.722
1569656792.972
1569656793.222
1569656793.472
1569656793.722
1569656793.972
1569656794.222
1569656794.472
1569656794.722
1569656794.972
1569656795.222
1569656795.472
1569656795.722
1569656795.972
1569656796.222
1569656796.472
1569656796.722
1569656796.972
1569656797.222
1569656797.472
1569656797.722
1569656797.972
1569656798.222
1569656798.472
1569656798.722
1569656798.972
1569656799.222
1569656799.472
1569656799.722
1569656799.972
1569656800.222
1569656800.472
1569656800.722
1569656800.972
1569656801.222
1569656801.472
1569656801.722
1569656801.972
1569656802.222
1569656802.472
1569656802.722
1569656802.972
1569656803.222
1569656803.472
1569656803.722
1569656803.972
1569656804.222
1569656804.472
1569656804.722
1569656804.972
1569656805.222
1569656805.472
1569656805.722
1569656805.972
1569656806.222
1569656806.472
1569656806.722
1569656806.972
1569656807.222
1569656807.472
1569656807.722
1569656807.972
1569656808.222
1569656808.472
1569656808.722
1569656808.972
1569656809.222
1569656809.472
1569656809.722
1569656809.972
1569656810.222
1569656810.472
1569656810.722
1569656810.972
1569656811.222
1569656811.472
1569656811.722
1569656811.972
1569656812.222
1569656812.472
1569656812.722
1569656812.972
1569656813.222
1569656813.472
1569656813.722
1569656813.972
1569656814.222
1569656814.472
1569656814.722
1569656814.972
1569656815.222
1569656815.472
1569656815.722
1569656815.972
1569656816.222
1569656816.472
1569656816.722
1569656816.972
1569656817.222
1569656817.472
1569656817.722
1569656817.972
1569656818.222
1569656818.472
1569656818.722
1569656818.972
1569656819.222
1569656819.472
1569656819.722
1569656819.972
1569656820.222
1569656820.472
1569656820.722
1569656820.972
1569656821.222
1569656821.472
1569656821.722
1569656821.972
1569656822.222
1569656822.472
1569656822.722
1569656822.972
1569656823.222
1569656823.472
1569656823.722
1569656823.972
1569656824.222
1569656824.472
1569656824.722
1569656824.972
1569656825.222
1569656825.472
1569656825.722
1569656825.972
1569656826.222
1569656826.472
1569656826.722
1569656826.972
1569656827.222
1569656827.472
1569656827.722
1569656827.972
1569656828.222
1569656828.472
1569656828.722
1569656828.972
1569656829.222
1569656829.472
1569656829.722
1569656829.972
1569656830.222
1569656830.472
1569656830.722
1569656830.972
1569656831.222
1569656831.472
1569656831.722
1569656831.972
1569656832.222
1569656832.472
1569656832.722
1569656832.972
1569656833.222
1569656833.472
1569656833.722
1569656833.972
1569656834.222
1569656834.472
1569656834.722
1569656834.972
1569656835.222
1569656835.472
1569656835.722
1569656835.972
1569656836.222
1569656836.472
1569656836.722
1569656836.972
1569656837.222
1569656837.472
1569656837.722
1569656837.972
1569656838.222
1569656838.472
1569656838.722
1569656838.972
1569656839.222
1569656839.472
1569656839.722
1569656839.972
1569656840.222
1569656840.472
1569656840.722
1569656840.972
1569656841.222
1569656841.472
1569656841.722
1569656841.972
1569656842.222
1569656842.472
1569656842.722
1569656842.972
1569656843.222
1569656843.472
1569656843.722
1569656843.972
1569656844.222
1569656844.472
1569656844.722
1569656844.972
1569656845.222
1569656845.472
1569656845.722
1569656845.972
1569656846.222
1569656846.472
1569656846.722
1569656846.972
1569656847.222
1569656847.472
1569656847.722
1569656847.972
1569656848.222
1569656848.472
1569656848.722
1569656848.972
1569656849.222
1569656849.472
1569656849.722
1569656849.972
1569656850.222
1569656850.472
1569656850.722
1569656850.972
1569656851.222
1569656851.472
1569656851.722
1569656851.972
1569656852.222
1569656852.472
1569656852.722
1569656852.972
1569656853.222
1569656853.472
1569656853.722
1569656853.972
1569656854.222
1569656854.472
1569656854.722
1569656854.972
1569656855.222
1569656855.472
1569656855.722
1569656855.972
1569656856.222
1569656856.472
1569656856.722
1569656856.972
1569656857.222
1569656857.472
1569656857.722
1569656857.972
1569656858.222
1569656858.472
1569656858.722
1569656858.972
1569656859.222
1569656859.472
1569656859.722
1569656859.972
1569656860.222
1569656860.472
1569656860.722
1569656860.972
1569656861.222
1569656861.472
1569656861.722
1569656861.972
1569656862.222
1569656862.472
1569656862.722
1569656862.972
1569656863.222
1569656863.472
1569656863.722
1569656863.972
1569656864.222
1569656864.472
1569656864.722
1569656864.972
1569656865.222
1569656865.472
1569656865.722
1569656865.972
1569656866.222
1569656866.472
1569656866.722
1569656866.972
1569656867.222
1569656867.472
1569656867.722
1569656867.972
1569656868.222
1569656868.472
1569656868.722
1569656868.972
1569656869.222
1569656869.472
1569656869.722
1569656869.972
1569656870.222
1569656870.472
1569656870.722
1569656870.972
1569656871.222
1569656871.472
1569656871.722
1569656871.972
1569656872.222
1569656872.472
1569656872.722
1569656872.972
1569656873.222
1569656873.472
1569656873.722
1569656873.972
1569656874.222
1569656874.472
1569656874.722
1569656874.972
1569656875.222
1569656875.472
1569656875.722
1569656875.972
1569656876.222
1569656876.472
1569656876.722
1569656876.972
1569656877.222
1569656877.472
1569656877.722
1569656877.972
1569656878.222
1569656878.472
1569656878.722
1569656878.972
1569656879.222
1569656879.472
1569656879.722
1569656879.972
1569656880.222
1569656880.472
1569656880.722
1569656880.972
1569656881.222
1569656881.472
1569656881.722
1569656881.972
1569656882.222
1569656882.472
1569656882.722
1569656882.972
1569656883.222
1569656883.472
1569656883.722
1569656883.972
1569656884.222
1569656884.472
1569656884.722
1569656884.972
1569656885.222
1569656885.472
1569656885.722
1569656885.972
1569656886.222
1569656886.472
1569656886.722
1569656886.972
1569656887.222
1569656887.472
1569656887.722
1569656887.972
1569656888.222
1569656888.472
1569656888.722
1569656888.972
1569656889.222
1569656889.472
1569656889.722
1569656889.972
1569656890.222
1569656890.472
1569656890.722
1569656890.972
1569656891.222
1569656891.472
1569656891.722
1569656891.972
1569656892.222
1569656892.472
1569656892.722
1569656892.972
1569656893.222
1569656893.472
1569656893.722
1569656893.972
1569656894.222
1569656894.472
1569656894.722
1569656894.972
1569656895.222
1569656895.472
1569656895.722
1569656895.972
1569656896.222
1569656896.472
1569656896.722
1569656896.972
1569656897.222
1569656897.472
1569656897.722
1569656897.972
1569656898.222
1569656898.472
