1569655500.722
1569655500.972
1569655501.222
1569655501.472
1569655501.722
1569655501.972
1569655502.222
1569655502.472
1569655502.722
1569655502.972
1569655503.222
1569655503.472
1569655503.722
1569655503.972
1569655504.222
1569655504.472
1569655504.722
1569655504.972
1569655505.222
1569655505.472
1569655505.722
1569655505.972
1569655506.222
1569655506.472
1569655506.722
1569655506.972
1569655507.222
1569655507.472
1569655507.722
1569655507.972
1569655508.222
1569655508.472
1569655508.722
1569655508.972
1569655509.222
1569655509.472
1569655509.722
1569655509.972
1569655510.222
1569655510.472
1569655510.722
1569655510.972
1569655511.222
1569655511.472
1569655511.722
1569655511.972
1569655512.222
1569655512.472
1569655512.722
1569655512.972
1569655513.222
1569655513.472
1569655513.722
1569655513.972
1569655514.222
1569655514.472
1569655514.722
1569655514.972
1569655515.222
1569655515.472
1569655515.722
1569655515.972
1569655516.222
1569655516.472
1569655516.722
1569655516.972
1569655517.222
1569655517.472
1569655517.722
1569655517.972
1569655518.222
1569655518.472
1569655518.722
1569655518.972
1569655519.222
1569655519.472
1569655519.722
1569655519.972
1569655520.222
1569655520.472
1569655520.722
1569655520.972
1569655521.222
1569655521.472
1569655521.722
1569655521.972
1569655522.222
1569655522.472
1569655522.722
1569655522.972
1569655523.222
1569655523.472
1569655523.722
1569655523.972
1569655524.222
1569655524.472
1569655524.722
1569655524.972
1569655525.222
1569655525.472
1569655525.722
1569655525.972
1569655526.222
1569655526.472
1569655526.722
1569655526.972
1569655527.222
1569655527.472
1569655527.722
1569655527.972
1569655528.222
1569655528.472
1569655528.722
1569655528.972
1569655529.222
1569655529.472
1569655529.722
1569655529.972
1569655530.222
1569655530.472
1569655530.722
1569655530.972
1569655531.222
1569655531.472
1569655531.722
1569655531.972
1569655532.222
1569655532.472
1569655532.722
1569655532.972
1569655533.222
1569655533.472
1569655533.722
1569655533.972
1569655534.222
1569655534.472
1569655534.722
1569655534.972
1569655535.222
1569655535.472
1569655535.722
1569655535.972
1569655536.222
1569655536.472
1569655536.722
1569655536.972
1569655537.222
1569655537.472
1569655537.722
1569655537.972
1569655538.222
1569655538.472
1569655538.722
1569655538.972
1569655539.222
1569655539.472
1569655539.722
1569655539.972
1569655540.222
1569655540.472
1569655540.722
1569655540.972
1569655541.222
1569655541.472
1569655541.722
1569655541.972
1569655542.222
1569655542.472
1569655542.722
1569655542.972
1569655543.222
1569655543.472
1569655543.722
1569655543.972
1569655544.222
1569655544.472
1569655544.722
1569655544.972
1569655545.222
1569655545.472
1569655545.722
1569655545.972
1569655546.222
1569655546.472
1569655546.722
1569655546.972
1569655547.222
1569655547.472
1569655547.722
1569655547.972
1569655548.222
1569655548.472
1569655548.722
1569655548.972
1569655549.222
1569655549.472
1569655549.722
1569655549.972
1569655550.222
1569655550.472
1569655550.722
1569655550.972
1569655551.222
1569655551.472
1569655551.722
1569655551.972
1569655552.222
1569655552.472
1569655552.722
1569655552.972
1569655553.222
1569655553.472
1569655553.722
1569655553.972
1569655554.222
1569655554.472
1569655554.722
1569655554.972
1569655555.222
1569655555.472
1569655555.722
1569655555.972
1569655556.222
1569655556.472
1569655556.722
1569655556.972
1569655557.222
1569655557.472
1569655557.722
1569655557.972
1569655558.222
1569655558.472
1569655558.722
1569655558.972
1569655559.222
1569655559.472
1569655559.722
1569655559.972
1569655560.222
1569655560.472
1569655560.722
1569655560.972
1569655561.222
1569655561.472
1569655561.722
1569655561.972
1569655562.222
1569655562.472
1569655562.722
1569655562.972
1569655563.222
1569655563.472
1569655563.722
1569655563.972
1569655564.222
1569655564.472
1569655564.722
1569655564.972
1569655565.222
1569655565.472
1569655565.722
1569655565.972
1569655566.222
1569655566.472
1569655566.722
1569655566.972
1569655567.222
1569655567.472
1569655567.722
1569655567.972
1569655568.222
1569655568.472
1569655568.722
1569655568.972
1569655569.222
1569655569.472
1569655569.722
1569655569.972
1569655570.222
1569655570.472
1569655570.722
1569655570.972
1569655571.222
1569655571.472
1569655571.722
1569655571.972
1569655572.222
1569655572.472
1569655572.722
1569655572.972
1569655573.222
1569655573.472
1569655573.722
1569655573.972
1569655574.222
1569655574.472
1569655574.722
1569655574.972
1569655575.222
1569655575.472
1569655575.722
1569655575.972
1569655576.222
1569655576.472
1569655576.722
1569655576.972
1569655577.222
1569655577.472
1569655577.722
1569655577.972
1569655578.222
1569655578.472
1569655578.722
1569655578.972
1569655579.222
1569655579.472
1569655579.722
1569655579.972
1569655580.222
1569655580.472
1569655580.722
1569655580.972
1569655581.222
1569655581.472
1569655581.722
1569655581.972
1569655582.222
1569655582.472
1569655582.722
1569655582.972
1569655583.222
1569655583.472
1569655583.722
1569655583.972
1569655584.222
1569655584.472
1569655584.722
1569655584.972
1569655585.222
1569655585.472
1569655585.722
1569655585.972
1569655586.222
1569655586.472
1569655586.722
1569655586.972
1569655587.222
1569655587.472
1569655587.722
1569655587.972
1569655588.222
1569655588.472
1569655588.722
1569655588.972
1569655589.222
1569655589.472
1569655589.722
1569655589.972
1569655590.222
1569655590.472
1569655590.722
1569655590.972
1569655591.222
1569655591.472
1569655591.722
1569655591.972
1569655592.222
1569655592.472
1569655592.722
1569655592.972
1569655593.222
1569655593.472
1569655593.722
1569655593.972
1569655594.222
1569655594.472
1569655594.722
1569655594.972
1569655595.222
1569655595.472
1569655595.722
1569655595.972
1569655596.222
1569655596.472
1569655596.722
1569655596.972
1569655597.222
1569655597.472
1569655597.722
1569655597.972
1569655598.222
1569655598.472
1569655598.722
1569655598.972
1569655599.222
1569655599.472
1569655599.722
1569655599.972
1569655600.222
1569655600.472
1569655600.722
1569655600.972
1569655601.222
1569655601.472
1569655601.722
1569655601.972
1569655602.222
1569655602.472
1569655602.722
1569655602.972
1569655603.222
1569655603.472
1569655603.722
1569655603.972
1569655604.222
1569655604.472
1569655604.722
1569655604.972
1569655605.222
1569655605.472
1569655605.722
1569655605.972
1569655606.222
1569655606.472
1569655606.722
1569655606.972
1569655607.222
1569655607.472
1569655607.722
1569655607.972
1569655608.222
1569655608.472
1569655608.722
1569655608.972
1569655609.222
1569655609.472
1569655609.722
1569655609.972
1569655610.222
1569655610.472
1569655610.722
1569655610.972
1569655611.222
1569655611.472
1569655611.722
1569655611.972
1569655612.222
1569655612.472
1569655612.722
1569655612.972
1569655613.222
1569655613.472
1569655613.722
1569655613.972
1569655614.222
1569655614.472
1569655614.722
1569655614.972
1569655615.222
1569655615.472
1569655615.722
1569655615.972
1569655616.222
1569655616.472
1569655616.722
1569655616.972
1569655617.222
1569655617.472
1569655617.722
1569655617.972
1569655618.222
1569655618.472
1569655618.722
1569655618.972
1569655619.222
1569655619.472
1569655619.722
1569655619.972
1569655620.222
1569655620.472
1569655620.722
1569655620.972
1569655621.222
1569655621.472
1569655621.722
1569655621.972
1569655622.222
1569655622.472
1569655622.722
1569655622.972
1569655623.222
1569655623.472
1569655623.722
1569655623.972
1569655624.222
1569655624.472
1569655624.722
1569655624.972
1569655625.222
1569655625.472
1569655625.722
1569655625.972
1569655626.222
1569655626.472
1569655626.722
1569655626.972
1569655627.222
1569655627.472
1569655627.722
1569655627.972
1569655628.222
1569655628.472
1569655628.722
1569655628.972
1569655629.222
1569655629.472
1569655629.722
1569655629.972
1569655630.222
1569655630.472
1569655630.722
1569655630.972
1569655631.222
1569655631.472
1569655631.722
1569655631.972
1569655632.222
1569655632.472
1569655632.722
1569655632.972
1569655633.222
1569655633.472
1569655633.722
1569655633.972
1569655634.222
1569655634.472
1569655634.722
1569655634.972
1569655635.222
1569655635.472
1569655635.722
1569655635.972
1569655636.222
1569655636.472
1569655636.722
1569655636.972
1569655637.222
1569655637.472
1569655637.722
1569655637.972
1569655638.222
1569655638.472
1569655638.722
1569655638.972
1569655639.222
1569655639.472
1569655639.722
1569655639.972
1569655640.222
1569655640.472
1569655640.722
1569655640.972
1569655641.222
1569655641.472
1569655641.722
1569655641.972
1569655642.222
1569655642.472
1569655642.722
1569655642.972
1569655643.222
1569655643.472
1569655643.722
1569655643.972
1569655644.222
1569655644.472
1569655644.722
1569655644.972
1569655645.222
1569655645.472
1569655645.722
1569655645.972
1569655646.222
1569655646.472
1569655646.722
1569655646.972
1569655647.222
1569655647.472
1569655647.722
1569655647.972
1569655648.222
1569655648.472
1569655648.722
1569655648.972
1569655649.222
1569655649.472
1569655649.722
1569655649.972
1569655650.222
1569655650.472
1569655650.722
1569655650.972
1569655651.222
1569655651.472
1569655651.722
1569655651.972
1569655652.222
1569655652.472
1569655652.722
1569655652.972
1569655653.222
1569655653.472
1569655653.722
1569655653.972
1569655654.222
1569655654.472
1569655654.722
1569655654.972
1569655655.222
1569655655.472
1569655655.722
1569655655.972
1569655656.222
1569655656.472
1569655656.722
1569655656.972
1569655657.222
1569655657.472
1569655657.722
1569655657.972
1569655658.222
1569655658.472
1569655658.722
1569655658.972
1569655659.222
1569655659.472
1569655659.722
1569655659.972
1569655660.222
1569655660.472
1569655660.722
1569655660.972
1569655661.222
1569655661.472
1569655661.722
1569655661.972
1569655662.222
1569655662.472
1569655662.722
1569655662.972
1569655663.222
1569655663.472
1569655663.722
1569655663.972
1569655664.222
1569655664.472
1569655664.722
1569655664.972
1569655665.222
1569655665.472
1569655665.722
1569655665.972
1569655666.222
1569655666.472
1569655666.722
1569655666.972
1569655667.222
1569655667.472
1569655667.722
1569655667.972
1569655668.222
1569655668.472
1569655668.722
1569655668.972
1569655669.222
1569655669.472
1569655669.722
1569655669.972
1569655670.222
1569655670.472
1569655670.722
1569655670.972
1569655671.222
1569655671.472
1569655671.722
1569655671.972
1569655672.222
1569655672.472
1569655672.722
1569655672.972
1569655673.222
1569655673.472
1569655673.722
1569655673.972
1569655674.222
1569655674.472
1569655674.722
1569655674.972
1569655675.222
1569655675.472
1569655675.722
1569655675.972
1569655676.222
1569655676.472
1569655676.722
1569655676.972
1569655677.222
1569655677.472
1569655677.722
1569655677.972
1569655678.222
1569655678.472
1569655678.722
1569655678.972
1569655679.222
1569655679.472
1569655679.722
1569655679.972
1569655680.222
1569655680.472
1569655680.722
1569655680.972
1569655681.222
1569655681.472
1569655681.722
1569655681.972
1569655682.222
1569655682.472
1569655682.722
1569655682.972
1569655683.222
1569655683.472
1569655683.722
1569655683.972
1569655684.222
1569655684.472
1569655684.722
1569655684.972
1569655685.222
1569655685.472
1569655685.722
1569655685.972
1569655686.222
1569655686.472
1569655686.722
1569655686.972
1569655687.222
1569655687.472
1569655687.722
1569655687.972
1569655688.222
1569655688.472
1569655688.722
1569655688.972
1569655689.222
1569655689.472
1569655689.722
1569655689.972
1569655690.222
1569655690.472
1569655690.722
1569655690.972
1569655691.222
1569655691.472
1569655691.722
1569655691.972
1569655692.222
1569655692.472
1569655692.722
1569655692.972
1569655693.222
1569655693.472
1569655693.722
1569655693.972
1569655694.222
1569655694.472
1569655694.722
1569655694.972
1569655695.222
1569655695.472
1569655695.722
1569655695.972
1569655696.222
1569655696.472
1569655696.722
1569655696.972
1569655697.222
1569655697.472
1569655697.722
1569655697.972
1569655698.222
1569655698.472
1569655698.722
1569655698.972
1569655699.222
1569655699.472
1569655699.722
1569655699.972
1569655700.222
1569655700.472
1569655700.722
1569655700.972
1569655701.222
1569655701.472
1569655701.722
1569655701.972
1569655702.222
1569655702.472
1569655702.722
1569655702.972
1569655703.222
1569655703.472
1569655703.722
1569655703.972
1569655704.222
1569655704.472
1569655704.722
1569655704.972
1569655705.222
1569655705.472
1569655705.722
1569655705.972
1569655706.222
1569655706.472
1569655706.722
1569655706.972
1569655707.222
1569655707.472
1569655707.722
1569655707.972
1569655708.222
1569655708.472
1569655708.722
1569655708.972
1569655709.222
1569655709.472
1569655709.722
1569655709.972
1569655710.222
1569655710.472
1569655710.722
1569655710.972
1569655711.222
1569655711.472
1569655711.722
1569655711.972
1569655712.222
1569655712.472
1569655712.722
1569655712.972
1569655713.222
1569655713.472
1569655713.722
1569655713.972
1569655714.222
1569655714.472
1569655714.722
1569655714.972
1569655715.222
1569655715.472
1569655715.722
1569655715.972
1569655716.222
1569655716.472
1569655716.722
1569655716.972
1569655717.222
1569655717.472
1569655717.722
1569655717.972
1569655718.222
1569655718.472
1569655718.722
1569655718.972
1569655719.222
1569655719.472
1569655719.722
1569655719.972
1569655720.222
1569655720.472
1569655720.722
1569655720.972
1569655721.222
1569655721.472
1569655721.722
1569655721.972
1569655722.222
1569655722.472
1569655722.722
1569655722.972
1569655723.222
1569655723.472
1569655723.722
1569655723.972
1569655724.222
1569655724.472
1569655724.722
1569655724.972
1569655725.222
1569655725.472
1569655725.722
1569655725.972
1569655726.222
1569655726.472
1569655726.722
1569655726.972
1569655727.222
1569655727.472
1569655727.722
1569655727.972
1569655728.222
1569655728.472
1569655728.722
1569655728.972
1569655729.222
1569655729.472
1569655729.722
1569655729.972
1569655730.222
1569655730.472
1569655730.722
1569655730.972
1569655731.222
1569655731.472
1569655731.722
1569655731.972
1569655732.222
1569655732.472
1569655732.722
1569655732.972
1569655733.222
1569655733.472
1569655733.722
1569655733.972
1569655734.222
1569655734.472
1569655734.722
1569655734.972
1569655735.222
1569655735.472
1569655735.722
1569655735.972
1569655736.222
1569655736.472
1569655736.722
1569655736.972
1569655737.222
1569655737.472
1569655737.722
1569655737.972
1569655738.222
1569655738.472
1569655738.722
1569655738.972
1569655739.222
1569655739.472
1569655739.722
1569655739.972
1569655740.222
1569655740.472
1569655740.722
1569655740.972
1569655741.222
1569655741.472
1569655741.722
1569655741.972
1569655742.222
1569655742.472
1569655742.722
1569655742.972
1569655743.222
1569655743.472
1569655743.722
1569655743.972
1569655744.222
1569655744.472
1569655744.722
1569655744.972
1569655745.222
1569655745.472
1569655745.722
1569655745.972
1569655746.222
1569655746.472
1569655746.722
1569655746.972
1569655747.222
1569655747.472
1569655747.722
1569655747.972
1569655748.222
1569655748.472
1569655748.722
1569655748.972
1569655749.222
1569655749.472
1569655749.722
1569655749.972
1569655750.222
1569655750.472
1569655750.722
1569655750.972
1569655751.222
1569655751.472
1569655751.722
1569655751.972
1569655752.222
1569655752.472
1569655752.722
1569655752.972
1569655753.222
1569655753.472
1569655753.722
1569655753.972
1569655754.222
1569655754.472
1569655754.722
1569655754.972
1569655755.222
1569655755.472
1569655755.722
1569655755.972
1569655756.222
1569655756.472
1569655756.722
1569655756.972
1569655757.222
1569655757.472
1569655757.722
1569655757.972
1569655758.222
1569655758.472
1569655758.722
1569655758.972
1569655759.222
1569655759.472
1569655759.722
1569655759.972
1569655760.222
1569655760.472
1569655760.722
1569655760.972
1569655761.222
1569655761.472
1569655761.722
1569655761.972
1569655762.222
1569655762.472
1569655762.722
1569655762.972
1569655763.222
1569655763.472
1569655763.722
1569655763.972
1569655764.222
1569655764.472
1569655764.722
1569655764.972
1569655765.222
1569655765.472
1569655765.722
1569655765.972
1569655766.222
1569655766.472
1569655766.722
1569655766.972
1569655767.222
1569655767.472
1569655767.722
1569655767.972
1569655768.222
1569655768.472
1569655768.722
1569655768.972
1569655769.222
1569655769.472
1569655769.722
1569655769.972
1569655770.222
1569655770.472
1569655770.722
1569655770.972
1569655771.222
1569655771.472
1569655771.722
1569655771.972
1569655772.222
1569655772.472
1569655772.722
1569655772.972
1569655773.222
1569655773.472
1569655773.722
1569655773.972
1569655774.222
1569655774.472
1569655774.722
1569655774.972
1569655775.222
1569655775.472
1569655775.722
1569655775.972
1569655776.222
1569655776.472
1569655776.722
1569655776.972
1569655777.222
1569655777.472
1569655777.722
1569655777.972
1569655778.222
1569655778.472
1569655778.722
1569655778.972
1569655779.222
1569655779.472
1569655779.722
1569655779.972
1569655780.222
1569655780.472
1569655780.722
1569655780.972
1569655781.222
1569655781.472
1569655781.722
1569655781.972
1569655782.222
1569655782.472
1569655782.722
1569655782.972
1569655783.222
1569655783.472
1569655783.722
1569655783.972
1569655784.222
1569655784.472
1569655784.722
1569655784.972
1569655785.222
1569655785.472
1569655785.722
1569655785.972
1569655786.222
1569655786.472
1569655786.722
1569655786.972
1569655787.222
1569655787.472
1569655787.722
1569655787.972
1569655788.222
1569655788.472
1569655788.722
1569655788.972
1569655789.222
1569655789.472
1569655789.722
1569655789.972
1569655790.222
1569655790.472
1569655790.722
1569655790.972
1569655791.222
1569655791.472
1569655791.722
1569655791.972
1569655792.222
1569655792.472
1569655792.722
1569655792.972
1569655793.222
1569655793.472
1569655793.722
1569655793.972
1569655794.222
1569655794.472
1569655794.722
1569655794.972
1569655795.222
1569655795.472
1569655795.722
1569655795.972
1569655796.222
1569655796.472
1569655796.722
1569655796.972
1569655797.222
1569655797.472
1569655797.722
1569655797.972
1569655798.222
1569655798.472
1569655798.722
1569655798.972
1569655799.222
1569655799.472
1569655799.722
1569655799.972
1569655800.222
1569655800.472
