1569656950.722
1569656950.972
1569656951.222
1569656951.472
1569656951.722
1569656951.972
1569656952.222
1569656952.472
1569656952.722
1569656952.972
1569656953.222
1569656953.472
1569656953.722
1569656953.972
1569656954.222
1569656954.472
1569656954.722
1569656954.972
1569656955.222
1569656955.472
1569656955.722
1569656955.972
1569656956.222
1569656956.472
1569656956.722
1569656956.972
1569656957.222
1569656957.472
1569656957.722
1569656957.972
1569656958.222
1569656958.472
1569656958.722
1569656958.972
1569656959.222
1569656959.472
1569656959.722
1569656959.972
1569656960.222
1569656960.472
1569656960.722
1569656960.972
1569656961.222
1569656961.472
1569656961.722
1569656961.972
1569656962.222
1569656962.472
1569656962.722
1569656962.972
1569656963.222
1569656963.472
1569656963.722
1569656963.972
1569656964.222
1569656964.472
1569656964.722
1569656964.972
1569656965.222
1569656965.472
1569656965.722
1569656965.972
1569656966.222
1569656966.472
1569656966.722
1569656966.972
1569656967.222
1569656967.472
1569656967.722
1569656967.972
1569656968.222
1569656968.472
1569656968.722
1569656968.972
1569656969.222
1569656969.472
1569656969.722
1569656969.972
1569656970.222
1569656970.472
1569656970.722
1569656970.972
1569656971.222
1569656971.472
1569656971.722
1569656971.972
1569656972.222
1569656972.472
1569656972.722
1569656972.972
1569656973.222
1569656973.472
1569656973.722
1569656973.972
1569656974.222
1569656974.472
1569656974.722
1569656974.972
1569656975.222
1569656975.472
1569656975.722
1569656975.972
1569656976.222
1569656976.472
1569656976.722
1569656976.972
1569656977.222
1569656977.472
1569656977.722
1569656977.972
1569656978.222
1569656978.472
1569656978.722
1569656978.972
1569656979.222
1569656979.472
1569656979.722
1569656979.972
1569656980.222
1569656980.472
1569656980.722
1569656980.972
1569656981.222
1569656981.472
1569656981.722
1569656981.972
1569656982.222
1569656982.472
1569656982.722
1569656982.972
1569656983.222
1569656983.472
1569656983.722
1569656983.972
1569656984.222
1569656984.472
1569656984.722
1569656984.972
1569656985.222
1569656985.472
1569656985.722
1569656985.972
1569656986.222
1569656986.472
1569656986.722
1569656986.972
1569656987.222
1569656987.472
1569656987.722
1569656987.972
1569656988.222
1569656988.472
1569656988.722
1569656988.972
1569656989.222
1569656989.472
1569656989.722
1569656989.972
1569656990.222
1569656990.472
1569656990.722
1569656990.972
1569656991.222
1569656991.472
1569656991.722
1569656991.972
1569656992.222
1569656992.472
1569656992.722
1569656992.972
1569656993.222
1569656993.472
1569656993.722
1569656993.972
1569656994.222
1569656994.472
1569656994.722
1569656994.972
1569656995.222
1569656995.472
1569656995.722
1569656995.972
1569656996.222
1569656996.472
1569656996.722
1569656996.972
1569656997.222
1569656997.472
1569656997.722
1569656997.972
1569656998.222
1569656998.472
1569656998.722
1569656998.972
1569656999.222
1569656999.472
1569656999.722
1569656999.972
1569657000.222
1569657000.472
1569657000.722
1569657000.972
1569657001.222
1569657001.472
1569657001.722
1569657001.972
1569657002.222
1569657002.472
1569657002.722
1569657002.972
1569657003.222
1569657003.472
1569657003.722
1569657003.972
1569657004.222
1569657004.472
1569657004.722
1569657004.972
1569657005.222
1569657005.472
1569657005.722
1569657005.972
1569657006.222
1569657006.472
1569657006.722
1569657006.972
1569657007.222
1569657007.472
1569657007.722
1569657007.972
1569657008.222
1569657008.472
1569657008.722
1569657008.972
1569657009.222
1569657009.472
1569657009.722
1569657009.972
1569657010.222
1569657010.472
1569657010.722
1569657010.972
1569657011.222
1569657011.472
1569657011.722
1569657011.972
1569657012.222
1569657012.472
1569657012.722
1569657012.972
1569657013.222
1569657013.472
1569657013.722
1569657013.972
1569657014.222
1569657014.472
1569657014.722
1569657014.972
1569657015.222
1569657015.472
1569657015.722
1569657015.972
1569657016.222
1569657016.472
1569657016.722
1569657016.972
1569657017.222
1569657017.472
1569657017.722
1569657017.972
1569657018.222
1569657018.472
1569657018.722
1569657018.972
1569657019.222
1569657019.472
1569657019.722
1569657019.972
1569657020.222
1569657020.472
1569657020.722
1569657020.972
1569657021.222
1569657021.472
1569657021.722
1569657021.972
1569657022.222
1569657022.472
1569657022.722
1569657022.972
1569657023.222
1569657023.472
1569657023.722
1569657023.972
1569657024.222
1569657024.472
1569657024.722
1569657024.972
1569657025.222
1569657025.472
1569657025.722
1569657025.972
1569657026.222
1569657026.472
1569657026.722
1569657026.972
1569657027.222
1569657027.472
1569657027.722
1569657027.972
1569657028.222
1569657028.472
1569657028.722
1569657028.972
1569657029.222
1569657029.472
1569657029.722
1569657029.972
1569657030.222
1569657030.472
1569657030.722
1569657030.972
1569657031.222
1569657031.472
1569657031.722
1569657031.972
1569657032.222
1569657032.472
1569657032.722
1569657032.972
1569657033.222
1569657033.472
1569657033.722
1569657033.972
1569657034.222
1569657034.472
1569657034.722
1569657034.972
1569657035.222
1569657035.472
1569657035.722
1569657035.972
1569657036.222
1569657036.472
1569657036.722
1569657036.972
1569657037.222
1569657037.472
1569657037.722
1569657037.972
1569657038.222
1569657038.472
1569657038.722
1569657038.972
1569657039.222
1569657039.472
1569657039.722
1569657039.972
1569657040.222
1569657040.472
1569657040.722
1569657040.972
1569657041.222
1569657041.472
1569657041.722
1569657041.972
1569657042.222
1569657042.472
1569657042.722
1569657042.972
1569657043.222
1569657043.472
1569657043.722
1569657043.972
1569657044.222
1569657044.472
1569657044.722
1569657044.972
1569657045.222
1569657045.472
1569657045.722
1569657045.972
1569657046.222
1569657046.472
1569657046.722
1569657046.972
1569657047.222
1569657047.472
1569657047.722
1569657047.972
1569657048.222
1569657048.472
1569657048.722
1569657048.972
1569657049.222
1569657049.472
1569657049.722
1569657049.972
1569657050.222
1569657050.472
1569657050.722
1569657050.972
1569657051.222
1569657051.472
1569657051.722
1569657051.972
1569657052.222
1569657052.472
1569657052.722
1569657052.972
1569657053.222
1569657053.472
1569657053.722
1569657053.972
1569657054.222
1569657054.472
1569657054.722
1569657054.972
1569657055.222
1569657055.472
1569657055.722
1569657055.972
1569657056.222
1569657056.472
1569657056.722
1569657056.972
1569657057.222
1569657057.472
1569657057.722
1569657057.972
1569657058.222
1569657058.472
1569657058.722
1569657058.972
1569657059.222
1569657059.472
1569657059.722
1569657059.972
1569657060.222
1569657060.472
1569657060.722
1569657060.972
1569657061.222
1569657061.472
1569657061.722
1569657061.972
1569657062.222
1569657062.472
1569657062.722
1569657062.972
1569657063.222
1569657063.472
1569657063.722
1569657063.972
1569657064.222
1569657064.472
1569657064.722
1569657064.972
1569657065.222
1569657065.472
1569657065.722
1569657065.972
1569657066.222
1569657066.472
1569657066.722
1569657066.972
1569657067.222
1569657067.472
1569657067.722
1569657067.972
1569657068.222
1569657068.472
1569657068.722
1569657068.972
1569657069.222
1569657069.472
1569657069.722
1569657069.972
1569657070.222
1569657070.472
1569657070.722
1569657070.972
1569657071.222
1569657071.472
1569657071.722
1569657071.972
1569657072.222
1569657072.472
1569657072.722
1569657072.972
1569657073.222
1569657073.472
1569657073.722
1569657073.972
1569657074.222
1569657074.472
1569657074.722
1569657074.972
1569657075.222
1569657075.472
1569657075.722
1569657075.972
1569657076.222
1569657076.472
1569657076.722
1569657076.972
1569657077.222
1569657077.472
1569657077.722
1569657077.972
1569657078.222
1569657078.472
1569657078.722
1569657078.972
1569657079.222
1569657079.472
1569657079.722
1569657079.972
1569657080.222
1569657080.472
1569657080.722
1569657080.972
1569657081.222
1569657081.472
1569657081.722
1569657081.972
1569657082.222
1569657082.472
1569657082.722
1569657082.972
1569657083.222
1569657083.472
1569657083.722
1569657083.972
1569657084.222
1569657084.472
1569657084.722
1569657084.972
1569657085.222
1569657085.472
1569657085.722
1569657085.972
1569657086.222
1569657086.472
1569657086.722
1569657086.972
1569657087.222
1569657087.472
1569657087.722
1569657087.972
1569657088.222
1569657088.472
1569657088.722
1569657088.972
1569657089.222
1569657089.472
1569657089.722
1569657089.972
1569657090.222
1569657090.472
1569657090.722
1569657090.972
1569657091.222
1569657091.472
1569657091.722
1569657091.972
1569657092.222
1569657092.472
1569657092.722
1569657092.972
1569657093.222
1569657093.472
1569657093.722
1569657093.972
1569657094.222
1569657094.472
1569657094.722
1569657094.972
1569657095.222
1569657095.472
1569657095.722
1569657095.972
1569657096.222
1569657096.472
1569657096.722
1569657096.972
1569657097.222
1569657097.472
1569657097.722
1569657097.972
1569657098.222
1569657098.472
1569657098.722
1569657098.972
1569657099.222
1569657099.472
1569657099.722
1569657099.972
1569657100.222
1569657100.472
1569657100.722
1569657100.972
1569657101.222
1569657101.472
1569657101.722
1569657101.972
1569657102.222
1569657102.472
1569657102.722
1569657102.972
1569657103.222
1569657103.472
1569657103.722
1569657103.972
1569657104.222
1569657104.472
1569657104.722
1569657104.972
1569657105.222
1569657105.472
1569657105.722
1569657105.972
1569657106.222
1569657106.472
1569657106.722
1569657106.972
1569657107.222
1569657107.472
1569657107.722
1569657107.972
1569657108.222
1569657108.472
1569657108.722
1569657108.972
1569657109.222
1569657109.472
1569657109.722
1569657109.972
1569657110.222
1569657110.472
1569657110.722
1569657110.972
1569657111.222
1569657111.472
1569657111.722
1569657111.972
1569657112.222
1569657112.472
1569657112.722
1569657112.972
1569657113.222
1569657113.472
1569657113.722
1569657113.972
1569657114.222
1569657114.472
1569657114.722
1569657114.972
1569657115.222
1569657115.472
1569657115.722
1569657115.972
1569657116.222
1569657116.472
1569657116.722
1569657116.972
1569657117.222
1569657117.472
1569657117.722
1569657117.972
1569657118.222
1569657118.472
1569657118.722
1569657118.972
1569657119.222
1569657119.472
1569657119.722
1569657119.972
1569657120.222
1569657120.472
1569657120.722
1569657120.972
1569657121.222
1569657121.472
1569657121.722
1569657121.972
1569657122.222
1569657122.472
1569657122.722
1569657122.972
1569657123.222
1569657123.472
1569657123.722
1569657123.972
1569657124.222
1569657124.472
1569657124.722
1569657124.972
1569657125.222
1569657125.472
1569657125.722
1569657125.972
1569657126.222
1569657126.472
1569657126.722
1569657126.972
1569657127.222
1569657127.472
1569657127.722
1569657127.972
1569657128.222
1569657128.472
1569657128.722
1569657128.972
1569657129.222
1569657129.472
1569657129.722
1569657129.972
1569657130.222
1569657130.472
1569657130.722
1569657130.972
1569657131.222
1569657131.472
1569657131.722
1569657131.972
1569657132.222
1569657132.472
1569657132.722
1569657132.972
1569657133.222
1569657133.472
1569657133.722
1569657133.972
1569657134.222
1569657134.472
1569657134.722
1569657134.972
1569657135.222
1569657135.472
1569657135.722
1569657135.972
1569657136.222
1569657136.472
1569657136.722
1569657136.972
1569657137.222
1569657137.472
1569657137.722
1569657137.972
1569657138.222
1569657138.472
1569657138.722
1569657138.972
1569657139.222
1569657139.472
1569657139.722
1569657139.972
1569657140.222
1569657140.472
1569657140.722
1569657140.972
1569657141.222
1569657141.472
1569657141.722
1569657141.972
1569657142.222
1569657142.472
1569657142.722
1569657142.972
1569657143.222
1569657143.472
1569657143.722
1569657143.972
1569657144.222
1569657144.472
1569657144.722
1569657144.972
1569657145.222
1569657145.472
1569657145.722
1569657145.972
1569657146.222
1569657146.472
1569657146.722
1569657146.972
1569657147.222
1569657147.472
1569657147.722
1569657147.972
1569657148.222
1569657148.472
1569657148.722
1569657148.972
1569657149.222
1569657149.472
1569657149.722
1569657149.972
1569657150.222
1569657150.472
1569657150.722
1569657150.972
1569657151.222
1569657151.472
1569657151.722
1569657151.972
1569657152.222
1569657152.472
1569657152.722
1569657152.972
1569657153.222
1569657153.472
1569657153.722
1569657153.972
1569657154.222
1569657154.472
1569657154.722
1569657154.972
1569657155.222
1569657155.472
1569657155.722
1569657155.972
1569657156.222
1569657156.472
1569657156.722
1569657156.972
1569657157.222
1569657157.472
1569657157.722
1569657157.972
1569657158.222
1569657158.472
1569657158.722
1569657158.972
1569657159.222
1569657159.472
1569657159.722
1569657159.972
1569657160.222
1569657160.472
1569657160.722
1569657160.972
1569657161.222
1569657161.472
1569657161.722
1569657161.972
1569657162.222
1569657162.472
1569657162.722
1569657162.972
1569657163.222
1569657163.472
1569657163.722
1569657163.972
1569657164.222
1569657164.472
1569657164.722
1569657164.972
1569657165.222
1569657165.472
1569657165.722
1569657165.972
1569657166.222
1569657166.472
1569657166.722
1569657166.972
1569657167.222
1569657167.472
1569657167.722
1569657167.972
1569657168.222
1569657168.472
1569657168.722
1569657168.972
1569657169.222
1569657169.472
1569657169.722
1569657169.972
1569657170.222
1569657170.472
1569657170.722
1569657170.972
1569657171.222
1569657171.472
1569657171.722
1569657171.972
1569657172.222
1569657172.472
1569657172.722
1569657172.972
1569657173.222
1569657173.472
1569657173.722
1569657173.972
1569657174.222
1569657174.472
1569657174.722
1569657174.972
1569657175.222
1569657175.472
1569657175.722
1569657175.972
1569657176.222
1569657176.472
1569657176.722
1569657176.972
1569657177.222
1569657177.472
1569657177.722
1569657177.972
1569657178.222
1569657178.472
1569657178.722
1569657178.972
1569657179.222
1569657179.472
1569657179.722
1569657179.972
1569657180.222
1569657180.472
1569657180.722
1569657180.972
1569657181.222
1569657181.472
1569657181.722
1569657181.972
1569657182.222
1569657182.472
1569657182.722
1569657182.972
1569657183.222
1569657183.472
1569657183.722
1569657183.972
1569657184.222
1569657184.472
1569657184.722
1569657184.972
1569657185.222
1569657185.472
1569657185.722
1569657185.972
1569657186.222
1569657186.472
1569657186.722
1569657186.972
1569657187.222
1569657187.472
1569657187.722
1569657187.972
1569657188.222
1569657188.472
1569657188.722
1569657188.972
1569657189.222
1569657189.472
1569657189.722
1569657189.972
1569657190.222
1569657190.472
1569657190.722
1569657190.972
1569657191.222
1569657191.472
1569657191.722
1569657191.972
1569657192.222
1569657192.472
1569657192.722
1569657192.972
1569657193.222
1569657193.472
1569657193.722
1569657193.972
1569657194.222
1569657194.472
1569657194.722
1569657194.972
1569657195.222
1569657195.472
1569657195.722
1569657195.972
1569657196.222
1569657196.472
1569657196.722
1569657196.972
1569657197.222
1569657197.472
1569657197.722
1569657197.972
1569657198.222
1569657198.472
1569657198.722
1569657198.972
1569657199.222
1569657199.472
1569657199.722
1569657199.972
1569657200.222
1569657200.472
1569657200.722
1569657200.972
1569657201.222
1569657201.472
1569657201.722
1569657201.972
1569657202.222
1569657202.472
1569657202.722
1569657202.972
1569657203.222
1569657203.472
1569657203.722
1569657203.972
1569657204.222
1569657204.472
1569657204.722
1569657204.972
1569657205.222
1569657205.472
1569657205.722
1569657205.972
1569657206.222
1569657206.472
1569657206.722
1569657206.972
1569657207.222
1569657207.472
1569657207.722
1569657207.972
1569657208.222
1569657208.472
1569657208.722
1569657208.972
1569657209.222
1569657209.472
1569657209.722
1569657209.972
1569657210.222
1569657210.472
1569657210.722
1569657210.972
1569657211.222
1569657211.472
1569657211.722
1569657211.972
1569657212.222
1569657212.472
1569657212.722
1569657212.972
1569657213.222
1569657213.472
1569657213.722
1569657213.972
1569657214.222
1569657214.472
1569657214.722
1569657214.972
1569657215.222
1569657215.472
1569657215.722
1569657215.972
1569657216.222
1569657216.472
1569657216.722
1569657216.972
1569657217.222
1569657217.472
1569657217.722
1569657217.972
1569657218.222
1569657218.472
1569657218.722
1569657218.972
1569657219.222
1569657219.472
1569657219.722
1569657219.972
1569657220.222
1569657220.472
1569657220.722
1569657220.972
1569657221.222
1569657221.472
1569657221.722
1569657221.972
1569657222.222
1569657222.472
1569657222.722
1569657222.972
1569657223.222
1569657223.472
1569657223.722
1569657223.972
1569657224.222
1569657224.472
1569657224.722
1569657224.972
1569657225.222
1569657225.472
1569657225.722
1569657225.972
1569657226.222
1569657226.472
1569657226.722
1569657226.972
1569657227.222
1569657227.472
1569657227.722
1569657227.972
1569657228.222
1569657228.472
1569657228.722
1569657228.972
1569657229.222
1569657229.472
1569657229.722
1569657229.972
1569657230.222
1569657230.472
1569657230.722
1569657230.972
1569657231.222
1569657231.472
1569657231.722
1569657231.972
1569657232.222
1569657232.472
1569657232.722
1569657232.972
1569657233.222
1569657233.472
1569657233.722
1569657233.972
1569657234.222
1569657234.472
1569657234.722
1569657234.972
1569657235.222
1569657235.472
1569657235.722
1569657235.972
1569657236.222
1569657236.472
1569657236.722
1569657236.972
1569657237.222
1569657237.472
1569657237.722
1569657237.972
1569657238.222
1569657238.472
1569657238.722
1569657238.972
1569657239.222
1569657239.472
1569657239.722
1569657239.972
1569657240.222
1569657240.472
1569657240.722
1569657240.972
1569657241.222
1569657241.472
1569657241.722
1569657241.972
1569657242.222
1569657242.472
1569657242.722
1569657242.972
1569657243.222
1569657243.472
1569657243.722
1569657243.972
1569657244.222
1569657244.472
1569657244.722
1569657244.972
1569657245.222
1569657245.472
1569657245.722
1569657245.972
1569657246.222
1569657246.472
1569657246.722
1569657246.972
1569657247.222
1569657247.472
1569657247.722
1569657247.972
1569657248.222
1569657248.472
1569657248.722
1569657248.972
1569657249.222
1569657249.472
1569657249.722
1569657249.972
1569657250.222
1569657250.472
