1569657375.722
1569657375.972
1569657376.222
1569657376.472
1569657376.722
1569657376.972
1569657377.222
1569657377.472
1569657377.722
1569657377.972
1569657378.222
1569657378.472
1569657378.722
1569657378.972
1569657379.222
1569657379.472
1569657379.722
1569657379.972
1569657380.222
1569657380.472
1569657380.722
1569657380.972
1569657381.222
1569657381.472
1569657381.722
1569657381.972
1569657382.222
1569657382.472
1569657382.722
1569657382.972
1569657383.222
1569657383.472
1569657383.722
1569657383.972
1569657384.222
1569657384.472
1569657384.722
1569657384.972
1569657385.222
1569657385.472
1569657385.722
1569657385.972
1569657386.222
1569657386.472
1569657386.722
1569657386.972
1569657387.222
1569657387.472
1569657387.722
1569657387.972
1569657388.222
1569657388.472
1569657388.722
1569657388.972
1569657389.222
1569657389.472
1569657389.722
1569657389.972
1569657390.222
1569657390.472
1569657390.722
1569657390.972
1569657391.222
1569657391.472
1569657391.722
1569657391.972
1569657392.222
1569657392.472
1569657392.722
1569657392.972
1569657393.222
1569657393.472
1569657393.722
1569657393.972
1569657394.222
1569657394.472
1569657394.722
1569657394.972
1569657395.222
1569657395.472
1569657395.722
1569657395.972
1569657396.222
1569657396.472
1569657396.722
1569657396.972
1569657397.222
1569657397.472
1569657397.722
1569657397.972
1569657398.222
1569657398.472
1569657398.722
1569657398.972
1569657399.222
1569657399.472
1569657399.722
1569657399.972
1569657400.222
1569657400.472
1569657400.722
1569657400.972
1569657401.222
1569657401.472
1569657401.722
1569657401.972
1569657402.222
1569657402.472
1569657402.722
1569657402.972
1569657403.222
1569657403.472
1569657403.722
1569657403.972
1569657404.222
1569657404.472
1569657404.722
1569657404.972
1569657405.222
1569657405.472
1569657405.722
1569657405.972
1569657406.222
1569657406.472
1569657406.722
1569657406.972
1569657407.222
1569657407.472
1569657407.722
1569657407.972
1569657408.222
1569657408.472
1569657408.722
1569657408.972
1569657409.222
1569657409.472
1569657409.722
1569657409.972
1569657410.222
1569657410.472
1569657410.722
1569657410.972
1569657411.222
1569657411.472
1569657411.722
1569657411.972
1569657412.222
1569657412.472
1569657412.722
1569657412.972
1569657413.222
1569657413.472
1569657413.722
1569657413.972
1569657414.222
1569657414.472
1569657414.722
1569657414.972
1569657415.222
1569657415.472
1569657415.722
1569657415.972
1569657416.222
1569657416.472
1569657416.722
1569657416.972
1569657417.222
1569657417.472
1569657417.722
1569657417.972
1569657418.222
1569657418.472
1569657418.722
1569657418.972
1569657419.222
1569657419.472
1569657419.722
1569657419.972
1569657420.222
1569657420.472
1569657420.722
1569657420.972
1569657421.222
1569657421.472
1569657421.722
1569657421.972
1569657422.222
1569657422.472
1569657422.722
1569657422.972
1569657423.222
1569657423.472
1569657423.722
1569657423.972
1569657424.222
1569657424.472
1569657424.722
1569657424.972
1569657425.222
1569657425.472
1569657425.722
1569657425.972
1569657426.222
1569657426.472
1569657426.722
1569657426.972
1569657427.222
1569657427.472
1569657427.722
1569657427.972
1569657428.222
1569657428.472
1569657428.722
1569657428.972
1569657429.222
1569657429.472
1569657429.722
1569657429.972
1569657430.222
1569657430.472
1569657430.722
1569657430.972
1569657431.222
1569657431.472
1569657431.722
1569657431.972
1569657432.222
1569657432.472
1569657432.722
1569657432.972
1569657433.222
1569657433.472
1569657433.722
1569657433.972
1569657434.222
1569657434.472
1569657434.722
1569657434.972
1569657435.222
1569657435.472
1569657435.722
1569657435.972
1569657436.222
1569657436.472
1569657436.722
1569657436.972
1569657437.222
1569657437.472
1569657437.722
1569657437.972
1569657438.222
1569657438.472
1569657438.722
1569657438.972
1569657439.222
1569657439.472
1569657439.722
1569657439.972
1569657440.222
1569657440.472
1569657440.722
1569657440.972
1569657441.222
1569657441.472
1569657441.722
1569657441.972
1569657442.222
1569657442.472
1569657442.722
1569657442.972
1569657443.222
1569657443.472
1569657443.722
1569657443.972
1569657444.222
1569657444.472
1569657444.722
1569657444.972
1569657445.222
1569657445.472
1569657445.722
1569657445.972
1569657446.222
1569657446.472
1569657446.722
1569657446.972
1569657447.222
1569657447.472
1569657447.722
1569657447.972
1569657448.222
1569657448.472
1569657448.722
1569657448.972
1569657449.222
1569657449.472
1569657449.722
1569657449.972
1569657450.222
1569657450.472
1569657450.722
1569657450.972
1569657451.222
1569657451.472
1569657451.722
1569657451.972
1569657452.222
1569657452.472
1569657452.722
1569657452.972
1569657453.222
1569657453.472
1569657453.722
1569657453.972
1569657454.222
1569657454.472
1569657454.722
1569657454.972
1569657455.222
1569657455.472
1569657455.722
1569657455.972
1569657456.222
1569657456.472
1569657456.722
1569657456.972
1569657457.222
1569657457.472
1569657457.722
1569657457.972
1569657458.222
1569657458.472
1569657458.722
1569657458.972
1569657459.222
1569657459.472
1569657459.722
1569657459.972
1569657460.222
1569657460.472
1569657460.722
1569657460.972
1569657461.222
1569657461.472
1569657461.722
1569657461.972
1569657462.222
1569657462.472
1569657462.722
1569657462.972
1569657463.222
1569657463.472
1569657463.722
1569657463.972
1569657464.222
1569657464.472
1569657464.722
1569657464.972
1569657465.222
1569657465.472
1569657465.722
1569657465.972
1569657466.222
1569657466.472
1569657466.722
1569657466.972
1569657467.222
1569657467.472
1569657467.722
1569657467.972
1569657468.222
1569657468.472
1569657468.722
1569657468.972
1569657469.222
1569657469.472
1569657469.722
1569657469.972
1569657470.222
1569657470.472
1569657470.722
1569657470.972
1569657471.222
1569657471.472
1569657471.722
1569657471.972
1569657472.222
1569657472.472
1569657472.722
1569657472.972
1569657473.222
1569657473.472
1569657473.722
1569657473.972
1569657474.222
1569657474.472
1569657474.722
1569657474.972
1569657475.222
1569657475.472
1569657475.722
1569657475.972
1569657476.222
1569657476.472
1569657476.722
1569657476.972
1569657477.222
1569657477.472
1569657477.722
1569657477.972
1569657478.222
1569657478.472
1569657478.722
1569657478.972
1569657479.222
1569657479.472
1569657479.722
1569657479.972
1569657480.222
1569657480.472
1569657480.722
1569657480.972
1569657481.222
1569657481.472
1569657481.722
1569657481.972
1569657482.222
1569657482.472
1569657482.722
1569657482.972
1569657483.222
1569657483.472
1569657483.722
1569657483.972
1569657484.222
1569657484.472
1569657484.722
1569657484.972
1569657485.222
1569657485.472
1569657485.722
1569657485.972
1569657486.222
1569657486.472
1569657486.722
1569657486.972
1569657487.222
1569657487.472
1569657487.722
1569657487.972
1569657488.222
1569657488.472
1569657488.722
1569657488.972
1569657489.222
1569657489.472
1569657489.722
1569657489.972
1569657490.222
1569657490.472
1569657490.722
1569657490.972
1569657491.222
1569657491.472
1569657491.722
1569657491.972
1569657492.222
1569657492.472
1569657492.722
1569657492.972
1569657493.222
1569657493.472
1569657493.722
1569657493.972
1569657494.222
1569657494.472
1569657494.722
1569657494.972
1569657495.222
1569657495.472
1569657495.722
1569657495.972
1569657496.222
1569657496.472
1569657496.722
1569657496.972
1569657497.222
1569657497.472
1569657497.722
1569657497.972
1569657498.222
1569657498.472
1569657498.722
1569657498.972
1569657499.222
1569657499.472
1569657499.722
1569657499.972
1569657500.222
1569657500.472
1569657500.722
1569657500.972
1569657501.222
1569657501.472
1569657501.722
1569657501.972
1569657502.222
1569657502.472
1569657502.722
1569657502.972
1569657503.222
1569657503.472
1569657503.722
1569657503.972
1569657504.222
1569657504.472
1569657504.722
1569657504.972
1569657505.222
1569657505.472
1569657505.722
1569657505.972
1569657506.222
1569657506.472
1569657506.722
1569657506.972
1569657507.222
1569657507.472
1569657507.722
1569657507.972
1569657508.222
1569657508.472
1569657508.722
1569657508.972
1569657509.222
1569657509.472
1569657509.722
1569657509.972
1569657510.222
1569657510.472
1569657510.722
1569657510.972
1569657511.222
1569657511.472
1569657511.722
1569657511.972
1569657512.222
1569657512.472
1569657512.722
1569657512.972
1569657513.222
1569657513.472
1569657513.722
1569657513.972
1569657514.222
1569657514.472
1569657514.722
1569657514.972
1569657515.222
1569657515.472
1569657515.722
1569657515.972
1569657516.222
1569657516.472
1569657516.722
1569657516.972
1569657517.222
1569657517.472
1569657517.722
1569657517.972
1569657518.222
1569657518.472
1569657518.722
1569657518.972
1569657519.222
1569657519.472
1569657519.722
1569657519.972
1569657520.222
1569657520.472
1569657520.722
1569657520.972
1569657521.222
1569657521.472
1569657521.722
1569657521.972
1569657522.222
1569657522.472
1569657522.722
1569657522.972
1569657523.222
1569657523.472
1569657523.722
1569657523.972
1569657524.222
1569657524.472
1569657524.722
1569657524.972
1569657525.222
1569657525.472
1569657525.722
1569657525.972
1569657526.222
1569657526.472
1569657526.722
1569657526.972
1569657527.222
1569657527.472
1569657527.722
1569657527.972
1569657528.222
1569657528.472
1569657528.722
1569657528.972
1569657529.222
1569657529.472
1569657529.722
1569657529.972
1569657530.222
1569657530.472
1569657530.722
1569657530.972
1569657531.222
1569657531.472
1569657531.722
1569657531.972
1569657532.222
1569657532.472
1569657532.722
1569657532.972
1569657533.222
1569657533.472
1569657533.722
1569657533.972
1569657534.222
1569657534.472
1569657534.722
1569657534.972
1569657535.222
1569657535.472
1569657535.722
1569657535.972
1569657536.222
1569657536.472
1569657536.722
1569657536.972
1569657537.222
1569657537.472
1569657537.722
1569657537.972
1569657538.222
1569657538.472
1569657538.722
1569657538.972
1569657539.222
1569657539.472
1569657539.722
1569657539.972
1569657540.222
1569657540.472
1569657540.722
1569657540.972
1569657541.222
1569657541.472
1569657541.722
1569657541.972
1569657542.222
1569657542.472
1569657542.722
1569657542.972
1569657543.222
1569657543.472
1569657543.722
1569657543.972
1569657544.222
1569657544.472
1569657544.722
1569657544.972
1569657545.222
1569657545.472
1569657545.722
1569657545.972
1569657546.222
1569657546.472
1569657546.722
1569657546.972
1569657547.222
1569657547.472
1569657547.722
1569657547.972
1569657548.222
1569657548.472
1569657548.722
1569657548.972
1569657549.222
1569657549.472
1569657549.722
1569657549.972
1569657550.222
1569657550.472
1569657550.722
1569657550.972
1569657551.222
1569657551.472
1569657551.722
1569657551.972
1569657552.222
1569657552.472
1569657552.722
1569657552.972
1569657553.222
1569657553.472
1569657553.722
1569657553.972
1569657554.222
1569657554.472
1569657554.722
1569657554.972
1569657555.222
1569657555.472
1569657555.722
1569657555.972
1569657556.222
1569657556.472
1569657556.722
1569657556.972
1569657557.222
1569657557.472
1569657557.722
1569657557.972
1569657558.222
1569657558.472
1569657558.722
1569657558.972
1569657559.222
1569657559.472
1569657559.722
1569657559.972
1569657560.222
1569657560.472
1569657560.722
1569657560.972
1569657561.222
1569657561.472
1569657561.722
1569657561.972
1569657562.222
1569657562.472
1569657562.722
1569657562.972
1569657563.222
1569657563.472
1569657563.722
1569657563.972
1569657564.222
1569657564.472
1569657564.722
1569657564.972
1569657565.222
1569657565.472
1569657565.722
1569657565.972
1569657566.222
1569657566.472
1569657566.722
1569657566.972
1569657567.222
1569657567.472
1569657567.722
1569657567.972
1569657568.222
1569657568.472
1569657568.722
1569657568.972
1569657569.222
1569657569.472
1569657569.722
1569657569.972
1569657570.222
1569657570.472
1569657570.722
1569657570.972
1569657571.222
1569657571.472
1569657571.722
1569657571.972
1569657572.222
1569657572.472
1569657572.722
1569657572.972
1569657573.222
1569657573.472
1569657573.722
1569657573.972
1569657574.222
1569657574.472
1569657574.722
1569657574.972
1569657575.222
1569657575.472
1569657575.722
1569657575.972
1569657576.222
1569657576.472
1569657576.722
1569657576.972
1569657577.222
1569657577.472
1569657577.722
1569657577.972
1569657578.222
1569657578.472
1569657578.722
1569657578.972
1569657579.222
1569657579.472
1569657579.722
1569657579.972
1569657580.222
1569657580.472
1569657580.722
1569657580.972
1569657581.222
1569657581.472
1569657581.722
1569657581.972
1569657582.222
1569657582.472
1569657582.722
1569657582.972
1569657583.222
1569657583.472
1569657583.722
1569657583.972
1569657584.222
1569657584.472
1569657584.722
1569657584.972
1569657585.222
1569657585.472
1569657585.722
1569657585.972
1569657586.222
1569657586.472
1569657586.722
1569657586.972
1569657587.222
1569657587.472
1569657587.722
1569657587.972
1569657588.222
1569657588.472
1569657588.722
1569657588.972
1569657589.222
1569657589.472
1569657589.722
1569657589.972
1569657590.222
1569657590.472
1569657590.722
1569657590.972
1569657591.222
1569657591.472
1569657591.722
1569657591.972
1569657592.222
1569657592.472
1569657592.722
1569657592.972
1569657593.222
1569657593.472
1569657593.722
1569657593.972
1569657594.222
1569657594.472
1569657594.722
1569657594.972
1569657595.222
1569657595.472
1569657595.722
1569657595.972
1569657596.222
1569657596.472
1569657596.722
1569657596.972
1569657597.222
1569657597.472
1569657597.722
1569657597.972
1569657598.222
1569657598.472
1569657598.722
1569657598.972
1569657599.222
1569657599.472
1569657599.722
1569657599.972
1569657600.222
1569657600.472
1569657600.722
1569657600.972
1569657601.222
1569657601.472
1569657601.722
1569657601.972
1569657602.222
1569657602.472
1569657602.722
1569657602.972
1569657603.222
1569657603.472
1569657603.722
1569657603.972
1569657604.222
1569657604.472
1569657604.722
1569657604.972
1569657605.222
1569657605.472
1569657605.722
1569657605.972
1569657606.222
1569657606.472
1569657606.722
1569657606.972
1569657607.222
1569657607.472
1569657607.722
1569657607.972
1569657608.222
1569657608.472
1569657608.722
1569657608.972
1569657609.222
1569657609.472
1569657609.722
1569657609.972
1569657610.222
1569657610.472
1569657610.722
1569657610.972
1569657611.222
1569657611.472
1569657611.722
1569657611.972
1569657612.222
1569657612.472
1569657612.722
1569657612.972
1569657613.222
1569657613.472
1569657613.722
1569657613.972
1569657614.222
1569657614.472
1569657614.722
1569657614.972
1569657615.222
1569657615.472
1569657615.722
1569657615.972
1569657616.222
1569657616.472
1569657616.722
1569657616.972
1569657617.222
1569657617.472
1569657617.722
1569657617.972
1569657618.222
1569657618.472
1569657618.722
1569657618.972
1569657619.222
1569657619.472
1569657619.722
1569657619.972
1569657620.222
1569657620.472
1569657620.722
1569657620.972
1569657621.222
1569657621.472
1569657621.722
1569657621.972
1569657622.222
1569657622.472
1569657622.722
1569657622.972
1569657623.222
1569657623.472
1569657623.722
1569657623.972
1569657624.222
1569657624.472
1569657624.722
1569657624.972
1569657625.222
1569657625.472
1569657625.722
1569657625.972
1569657626.222
1569657626.472
1569657626.722
1569657626.972
1569657627.222
1569657627.472
1569657627.722
1569657627.972
1569657628.222
1569657628.472
1569657628.722
1569657628.972
1569657629.222
1569657629.472
1569657629.722
1569657629.972
1569657630.222
1569657630.472
1569657630.722
1569657630.972
1569657631.222
1569657631.472
1569657631.722
1569657631.972
1569657632.222
1569657632.472
1569657632.722
1569657632.972
1569657633.222
1569657633.472
1569657633.722
1569657633.972
1569657634.222
1569657634.472
1569657634.722
1569657634.972
1569657635.222
1569657635.472
1569657635.722
1569657635.972
1569657636.222
1569657636.472
1569657636.722
1569657636.972
1569657637.222
1569657637.472
1569657637.722
1569657637.972
1569657638.222
1569657638.472
1569657638.722
1569657638.972
1569657639.222
1569657639.472
1569657639.722
1569657639.972
1569657640.222
1569657640.472
1569657640.722
1569657640.972
1569657641.222
1569657641.472
1569657641.722
1569657641.972
1569657642.222
1569657642.472
1569657642.722
1569657642.972
1569657643.222
1569657643.472
1569657643.722
1569657643.972
1569657644.222
1569657644.472
1569657644.722
1569657644.972
1569657645.222
1569657645.472
1569657645.722
1569657645.972
1569657646.222
1569657646.472
1569657646.722
1569657646.972
1569657647.222
1569657647.472
1569657647.722
1569657647.972
1569657648.222
1569657648.472
1569657648.722
1569657648.972
1569657649.222
1569657649.472
1569657649.722
1569657649.972
1569657650.222
1569657650.472
1569657650.722
1569657650.972
1569657651.222
1569657651.472
1569657651.722
1569657651.972
1569657652.222
1569657652.472
1569657652.722
1569657652.972
1569657653.222
1569657653.472
1569657653.722
1569657653.972
1569657654.222
1569657654.472
1569657654.722
1569657654.972
1569657655.222
1569657655.472
1569657655.722
1569657655.972
1569657656.222
1569657656.472
1569657656.722
1569657656.972
1569657657.222
1569657657.472
1569657657.722
1569657657.972
1569657658.222
1569657658.472
1569657658.722
1569657658.972
1569657659.222
1569657659.472
1569657659.722
1569657659.972
1569657660.222
1569657660.472
1569657660.722
1569657660.972
1569657661.222
1569657661.472
1569657661.722
1569657661.972
1569657662.222
1569657662.472
1569657662.722
1569657662.972
1569657663.222
1569657663.472
1569657663.722
1569657663.972
1569657664.222
1569657664.472
1569657664.722
1569657664.972
1569657665.222
1569657665.472
1569657665.722
1569657665.972
1569657666.222
1569657666.472
1569657666.722
1569657666.972
1569657667.222
1569657667.472
1569657667.722
1569657667.972
1569657668.222
1569657668.472
1569657668.722
1569657668.972
1569657669.222
1569657669.472
1569657669.722
1569657669.972
1569657670.222
1569657670.472
1569657670.722
1569657670.972
1569657671.222
1569657671.472
1569657671.722
1569657671.972
1569657672.222
1569657672.472
1569657672.722
1569657672.972
1569657673.222
1569657673.472
1569657673.722
1569657673.972
1569657674.222
1569657674.472
1569657674.722
1569657674.972
1569657675.222
1569657675.472
1569657675.722
1569657675.972
1569657676.222
1569657676.472
1569657676.722
1569657676.972
1569657677.222
1569657677.472
1569657677.722
1569657677.972
1569657678.222
1569657678.472
1569657678.722
1569657678.972
1569657679.222
1569657679.472
1569657679.722
1569657679.972
1569657680.222
1569657680.472
1569657680.722
1569657680.972
1569657681.222
1569657681.472
1569657681.722
1569657681.972
1569657682.222
1569657682.472
1569657682.722
1569657682.972
1569657683.222
1569657683.472
1569657683.722
1569657683.972
1569657684.222
1569657684.472
1569657684.722
1569657684.972
1569657685.222
1569657685.472
1569657685.722
1569657685.972
1569657686.222
1569657686.472
1569657686.722
1569657686.972
1569657687.222
1569657687.472
1569657687.722
1569657687.972
1569657688.222
1569657688.472
1569657688.722
1569657688.972
1569657689.222
1569657689.472
1569657689.722
1569657689.972
1569657690.222
1569657690.472
1569657690.722
1569657690.972
1569657691.222
1569657691.472
1569657691.722
1569657691.972
1569657692.222
1569657692.472
1569657692.722
1569657692.972
1569657693.222
1569657693.472
1569657693.722
1569657693.972
1569657694.222
1569657694.472
1569657694.722
1569657694.972
1569657695.222
1569657695.472
1569657695.722
1569657695.972
1569657696.222
1569657696.472
1569657696.722
1569657696.972
1569657697.222
1569657697.472
1569657697.722
1569657697.972
1569657698.222
1569657698.472
