1569655990.722
1569655990.972
1569655991.222
1569655991.472
1569655991.722
1569655991.972
1569655992.222
1569655992.472
1569655992.722
1569655992.972
1569655993.222
1569655993.472
1569655993.722
1569655993.972
1569655994.222
1569655994.472
1569655994.722
1569655994.972
1569655995.222
1569655995.472
1569655995.722
1569655995.972
1569655996.222
1569655996.472
1569655996.722
1569655996.972
1569655997.222
1569655997.472
1569655997.722
1569655997.972
1569655998.222
1569655998.472
1569655998.722
1569655998.972
1569655999.222
1569655999.472
1569655999.722
1569655999.972
1569656000.222
1569656000.472
1569656000.722
1569656000.972
1569656001.222
1569656001.472
1569656001.722
1569656001.972
1569656002.222
1569656002.472
1569656002.722
1569656002.972
1569656003.222
1569656003.472
1569656003.722
1569656003.972
1569656004.222
1569656004.472
1569656004.722
1569656004.972
1569656005.222
1569656005.472
1569656005.722
1569656005.972
1569656006.222
1569656006.472
1569656006.722
1569656006.972
1569656007.222
1569656007.472
1569656007.722
1569656007.972
1569656008.222
1569656008.472
1569656008.722
1569656008.972
1569656009.222
1569656009.472
1569656009.722
1569656009.972
1569656010.222
1569656010.472
1569656010.722
1569656010.972
1569656011.222
1569656011.472
1569656011.722
1569656011.972
1569656012.222
1569656012.472
1569656012.722
1569656012.972
1569656013.222
1569656013.472
1569656013.722
1569656013.972
1569656014.222
1569656014.472
1569656014.722
1569656014.972
1569656015.222
1569656015.472
1569656015.722
1569656015.972
1569656016.222
1569656016.472
1569656016.722
1569656016.972
1569656017.222
1569656017.472
1569656017.722
1569656017.972
1569656018.222
1569656018.472
1569656018.722
1569656018.972
1569656019.222
1569656019.472
1569656019.722
1569656019.972
1569656020.222
1569656020.472
1569656020.722
1569656020.972
1569656021.222
1569656021.472
1569656021.722
1569656021.972
1569656022.222
1569656022.472
1569656022.722
1569656022.972
1569656023.222
1569656023.472
1569656023.722
1569656023.972
1569656024.222
1569656024.472
1569656024.722
1569656024.972
1569656025.222
1569656025.472
1569656025.722
1569656025.972
1569656026.222
1569656026.472
1569656026.722
1569656026.972
1569656027.222
1569656027.472
1569656027.722
1569656027.972
1569656028.222
1569656028.472
1569656028.722
1569656028.972
1569656029.222
1569656029.472
1569656029.722
1569656029.972
1569656030.222
1569656030.472
1569656030.722
1569656030.972
1569656031.222
1569656031.472
1569656031.722
1569656031.972
1569656032.222
1569656032.472
1569656032.722
1569656032.972
1569656033.222
1569656033.472
1569656033.722
1569656033.972
1569656034.222
1569656034.472
1569656034.722
1569656034.972
1569656035.222
1569656035.472
1569656035.722
1569656035.972
1569656036.222
1569656036.472
1569656036.722
1569656036.972
1569656037.222
1569656037.472
1569656037.722
1569656037.972
1569656038.222
1569656038.472
1569656038.722
1569656038.972
1569656039.222
1569656039.472
1569656039.722
1569656039.972
1569656040.222
1569656040.472
1569656040.722
1569656040.972
1569656041.222
1569656041.472
1569656041.722
1569656041.972
1569656042.222
1569656042.472
1569656042.722
1569656042.972
1569656043.222
1569656043.472
1569656043.722
1569656043.972
1569656044.222
1569656044.472
1569656044.722
1569656044.972
1569656045.222
1569656045.472
1569656045.722
1569656045.972
1569656046.222
1569656046.472
1569656046.722
1569656046.972
1569656047.222
1569656047.472
1569656047.722
1569656047.972
1569656048.222
1569656048.472
1569656048.722
1569656048.972
1569656049.222
1569656049.472
1569656049.722
1569656049.972
1569656050.222
1569656050.472
1569656050.722
1569656050.972
1569656051.222
1569656051.472
1569656051.722
1569656051.972
1569656052.222
1569656052.472
1569656052.722
1569656052.972
1569656053.222
1569656053.472
1569656053.722
1569656053.972
1569656054.222
1569656054.472
1569656054.722
1569656054.972
1569656055.222
1569656055.472
1569656055.722
1569656055.972
1569656056.222
1569656056.472
1569656056.722
1569656056.972
1569656057.222
1569656057.472
1569656057.722
1569656057.972
1569656058.222
1569656058.472
1569656058.722
1569656058.972
1569656059.222
1569656059.472
1569656059.722
1569656059.972
1569656060.222
1569656060.472
1569656060.722
1569656060.972
1569656061.222
1569656061.472
1569656061.722
1569656061.972
1569656062.222
1569656062.472
1569656062.722
1569656062.972
1569656063.222
1569656063.472
1569656063.722
1569656063.972
1569656064.222
1569656064.472
1569656064.722
1569656064.972
1569656065.222
1569656065.472
1569656065.722
1569656065.972
1569656066.222
1569656066.472
1569656066.722
1569656066.972
1569656067.222
1569656067.472
1569656067.722
1569656067.972
1569656068.222
1569656068.472
1569656068.722
1569656068.972
1569656069.222
1569656069.472
1569656069.722
1569656069.972
1569656070.222
1569656070.472
1569656070.722
1569656070.972
1569656071.222
1569656071.472
1569656071.722
1569656071.972
1569656072.222
1569656072.472
1569656072.722
1569656072.972
1569656073.222
1569656073.472
1569656073.722
1569656073.972
1569656074.222
1569656074.472
1569656074.722
1569656074.972
1569656075.222
1569656075.472
1569656075.722
1569656075.972
1569656076.222
1569656076.472
1569656076.722
1569656076.972
1569656077.222
1569656077.472
1569656077.722
1569656077.972
1569656078.222
1569656078.472
1569656078.722
1569656078.972
1569656079.222
1569656079.472
1569656079.722
1569656079.972
1569656080.222
1569656080.472
1569656080.722
1569656080.972
1569656081.222
1569656081.472
1569656081.722
1569656081.972
1569656082.222
1569656082.472
1569656082.722
1569656082.972
1569656083.222
1569656083.472
1569656083.722
1569656083.972
1569656084.222
1569656084.472
1569656084.722
1569656084.972
1569656085.222
1569656085.472
1569656085.722
1569656085.972
1569656086.222
1569656086.472
1569656086.722
1569656086.972
1569656087.222
1569656087.472
1569656087.722
1569656087.972
1569656088.222
1569656088.472
1569656088.722
1569656088.972
1569656089.222
1569656089.472
1569656089.722
1569656089.972
1569656090.222
1569656090.472
1569656090.722
1569656090.972
1569656091.222
1569656091.472
1569656091.722
1569656091.972
1569656092.222
1569656092.472
1569656092.722
1569656092.972
1569656093.222
1569656093.472
1569656093.722
1569656093.972
1569656094.222
1569656094.472
1569656094.722
1569656094.972
1569656095.222
1569656095.472
1569656095.722
1569656095.972
1569656096.222
1569656096.472
1569656096.722
1569656096.972
1569656097.222
1569656097.472
1569656097.722
1569656097.972
1569656098.222
1569656098.472
1569656098.722
1569656098.972
1569656099.222
1569656099.472
1569656099.722
1569656099.972
1569656100.222
1569656100.472
1569656100.722
1569656100.972
1569656101.222
1569656101.472
1569656101.722
1569656101.972
1569656102.222
1569656102.472
1569656102.722
1569656102.972
1569656103.222
1569656103.472
1569656103.722
1569656103.972
1569656104.222
1569656104.472
1569656104.722
1569656104.972
1569656105.222
1569656105.472
1569656105.722
1569656105.972
1569656106.222
1569656106.472
1569656106.722
1569656106.972
1569656107.222
1569656107.472
1569656107.722
1569656107.972
1569656108.222
1569656108.472
1569656108.722
1569656108.972
1569656109.222
1569656109.472
1569656109.722
1569656109.972
1569656110.222
1569656110.472
1569656110.722
1569656110.972
1569656111.222
1569656111.472
1569656111.722
1569656111.972
1569656112.222
1569656112.472
1569656112.722
1569656112.972
1569656113.222
1569656113.472
1569656113.722
1569656113.972
1569656114.222
1569656114.472
1569656114.722
1569656114.972
1569656115.222
1569656115.472
1569656115.722
1569656115.972
1569656116.222
1569656116.472
1569656116.722
1569656116.972
1569656117.222
1569656117.472
1569656117.722
1569656117.972
1569656118.222
1569656118.472
1569656118.722
1569656118.972
1569656119.222
1569656119.472
1569656119.722
1569656119.972
1569656120.222
1569656120.472
1569656120.722
1569656120.972
1569656121.222
1569656121.472
1569656121.722
1569656121.972
1569656122.222
1569656122.472
1569656122.722
1569656122.972
1569656123.222
1569656123.472
1569656123.722
1569656123.972
1569656124.222
1569656124.472
1569656124.722
1569656124.972
1569656125.222
1569656125.472
1569656125.722
1569656125.972
1569656126.222
1569656126.472
1569656126.722
1569656126.972
1569656127.222
1569656127.472
1569656127.722
1569656127.972
1569656128.222
1569656128.472
1569656128.722
1569656128.972
1569656129.222
1569656129.472
1569656129.722
1569656129.972
1569656130.222
1569656130.472
1569656130.722
1569656130.972
1569656131.222
1569656131.472
1569656131.722
1569656131.972
1569656132.222
1569656132.472
1569656132.722
1569656132.972
1569656133.222
1569656133.472
1569656133.722
1569656133.972
1569656134.222
1569656134.472
1569656134.722
1569656134.972
1569656135.222
1569656135.472
1569656135.722
1569656135.972
1569656136.222
1569656136.472
1569656136.722
1569656136.972
1569656137.222
1569656137.472
1569656137.722
1569656137.972
1569656138.222
1569656138.472
1569656138.722
1569656138.972
1569656139.222
1569656139.472
1569656139.722
1569656139.972
1569656140.222
1569656140.472
1569656140.722
1569656140.972
1569656141.222
1569656141.472
1569656141.722
1569656141.972
1569656142.222
1569656142.472
1569656142.722
1569656142.972
1569656143.222
1569656143.472
1569656143.722
1569656143.972
1569656144.222
1569656144.472
1569656144.722
1569656144.972
1569656145.222
1569656145.472
1569656145.722
1569656145.972
1569656146.222
1569656146.472
1569656146.722
1569656146.972
1569656147.222
1569656147.472
1569656147.722
1569656147.972
1569656148.222
1569656148.472
1569656148.722
1569656148.972
1569656149.222
1569656149.472
1569656149.722
1569656149.972
1569656150.222
1569656150.472
1569656150.722
1569656150.972
1569656151.222
1569656151.472
1569656151.722
1569656151.972
1569656152.222
1569656152.472
1569656152.722
1569656152.972
1569656153.222
1569656153.472
1569656153.722
1569656153.972
1569656154.222
1569656154.472
1569656154.722
1569656154.972
1569656155.222
1569656155.472
1569656155.722
1569656155.972
1569656156.222
1569656156.472
1569656156.722
1569656156.972
1569656157.222
1569656157.472
1569656157.722
1569656157.972
1569656158.222
1569656158.472
1569656158.722
1569656158.972
1569656159.222
1569656159.472
1569656159.722
1569656159.972
1569656160.222
1569656160.472
1569656160.722
1569656160.972
1569656161.222
1569656161.472
1569656161.722
1569656161.972
1569656162.222
1569656162.472
1569656162.722
1569656162.972
1569656163.222
1569656163.472
1569656163.722
1569656163.972
1569656164.222
1569656164.472
1569656164.722
1569656164.972
1569656165.222
1569656165.472
1569656165.722
1569656165.972
1569656166.222
1569656166.472
1569656166.722
1569656166.972
1569656167.222
1569656167.472
1569656167.722
1569656167.972
1569656168.222
1569656168.472
1569656168.722
1569656168.972
1569656169.222
1569656169.472
1569656169.722
1569656169.972
1569656170.222
1569656170.472
1569656170.722
1569656170.972
1569656171.222
1569656171.472
1569656171.722
1569656171.972
1569656172.222
1569656172.472
1569656172.722
1569656172.972
1569656173.222
1569656173.472
1569656173.722
1569656173.972
1569656174.222
1569656174.472
1569656174.722
1569656174.972
1569656175.222
1569656175.472
1569656175.722
1569656175.972
1569656176.222
1569656176.472
1569656176.722
1569656176.972
1569656177.222
1569656177.472
1569656177.722
1569656177.972
1569656178.222
1569656178.472
1569656178.722
1569656178.972
1569656179.222
1569656179.472
1569656179.722
1569656179.972
1569656180.222
1569656180.472
1569656180.722
1569656180.972
1569656181.222
1569656181.472
1569656181.722
1569656181.972
1569656182.222
1569656182.472
1569656182.722
1569656182.972
1569656183.222
1569656183.472
1569656183.722
1569656183.972
1569656184.222
1569656184.472
1569656184.722
1569656184.972
1569656185.222
1569656185.472
1569656185.722
1569656185.972
1569656186.222
1569656186.472
1569656186.722
1569656186.972
1569656187.222
1569656187.472
1569656187.722
1569656187.972
1569656188.222
1569656188.472
1569656188.722
1569656188.972
1569656189.222
1569656189.472
1569656189.722
1569656189.972
1569656190.222
1569656190.472
1569656190.722
1569656190.972
1569656191.222
1569656191.472
1569656191.722
1569656191.972
1569656192.222
1569656192.472
1569656192.722
1569656192.972
1569656193.222
1569656193.472
1569656193.722
1569656193.972
1569656194.222
1569656194.472
1569656194.722
1569656194.972
1569656195.222
1569656195.472
1569656195.722
1569656195.972
1569656196.222
1569656196.472
1569656196.722
1569656196.972
1569656197.222
1569656197.472
1569656197.722
1569656197.972
1569656198.222
1569656198.472
1569656198.722
1569656198.972
1569656199.222
1569656199.472
1569656199.722
1569656199.972
1569656200.222
1569656200.472
1569656200.722
1569656200.972
1569656201.222
1569656201.472
1569656201.722
1569656201.972
1569656202.222
1569656202.472
1569656202.722
1569656202.972
1569656203.222
1569656203.472
1569656203.722
1569656203.972
1569656204.222
1569656204.472
1569656204.722
1569656204.972
1569656205.222
1569656205.472
1569656205.722
1569656205.972
1569656206.222
1569656206.472
1569656206.722
1569656206.972
1569656207.222
1569656207.472
1569656207.722
1569656207.972
1569656208.222
1569656208.472
1569656208.722
1569656208.972
1569656209.222
1569656209.472
1569656209.722
1569656209.972
1569656210.222
1569656210.472
1569656210.722
1569656210.972
1569656211.222
1569656211.472
1569656211.722
1569656211.972
1569656212.222
1569656212.472
1569656212.722
1569656212.972
1569656213.222
1569656213.472
1569656213.722
1569656213.972
1569656214.222
1569656214.472
1569656214.722
1569656214.972
1569656215.222
1569656215.472
1569656215.722
1569656215.972
1569656216.222
1569656216.472
1569656216.722
1569656216.972
1569656217.222
1569656217.472
1569656217.722
1569656217.972
1569656218.222
1569656218.472
1569656218.722
1569656218.972
1569656219.222
1569656219.472
1569656219.722
1569656219.972
1569656220.222
1569656220.472
1569656220.722
1569656220.972
1569656221.222
1569656221.472
1569656221.722
1569656221.972
1569656222.222
1569656222.472
1569656222.722
1569656222.972
1569656223.222
1569656223.472
1569656223.722
1569656223.972
1569656224.222
1569656224.472
1569656224.722
1569656224.972
1569656225.222
1569656225.472
1569656225.722
1569656225.972
1569656226.222
1569656226.472
1569656226.722
1569656226.972
1569656227.222
1569656227.472
1569656227.722
1569656227.972
1569656228.222
1569656228.472
1569656228.722
1569656228.972
1569656229.222
1569656229.472
1569656229.722
1569656229.972
1569656230.222
1569656230.472
1569656230.722
1569656230.972
1569656231.222
1569656231.472
1569656231.722
1569656231.972
1569656232.222
1569656232.472
1569656232.722
1569656232.972
1569656233.222
1569656233.472
1569656233.722
1569656233.972
1569656234.222
1569656234.472
1569656234.722
1569656234.972
1569656235.222
1569656235.472
1569656235.722
1569656235.972
1569656236.222
1569656236.472
1569656236.722
1569656236.972
1569656237.222
1569656237.472
1569656237.722
1569656237.972
1569656238.222
1569656238.472
1569656238.722
1569656238.972
1569656239.222
1569656239.472
1569656239.722
1569656239.972
1569656240.222
1569656240.472
1569656240.722
1569656240.972
1569656241.222
1569656241.472
1569656241.722
1569656241.972
1569656242.222
1569656242.472
1569656242.722
1569656242.972
1569656243.222
1569656243.472
1569656243.722
1569656243.972
1569656244.222
1569656244.472
1569656244.722
1569656244.972
1569656245.222
1569656245.472
1569656245.722
1569656245.972
1569656246.222
1569656246.472
1569656246.722
1569656246.972
1569656247.222
1569656247.472
1569656247.722
1569656247.972
1569656248.222
1569656248.472
1569656248.722
1569656248.972
1569656249.222
1569656249.472
1569656249.722
1569656249.972
1569656250.222
1569656250.472
1569656250.722
1569656250.972
1569656251.222
1569656251.472
1569656251.722
1569656251.972
1569656252.222
1569656252.472
1569656252.722
1569656252.972
1569656253.222
1569656253.472
1569656253.722
1569656253.972
1569656254.222
1569656254.472
1569656254.722
1569656254.972
1569656255.222
1569656255.472
1569656255.722
1569656255.972
1569656256.222
1569656256.472
1569656256.722
1569656256.972
1569656257.222
1569656257.472
1569656257.722
1569656257.972
1569656258.222
1569656258.472
1569656258.722
1569656258.972
1569656259.222
1569656259.472
1569656259.722
1569656259.972
1569656260.222
1569656260.472
1569656260.722
1569656260.972
1569656261.222
1569656261.472
1569656261.722
1569656261.972
1569656262.222
1569656262.472
1569656262.722
1569656262.972
1569656263.222
1569656263.472
1569656263.722
1569656263.972
1569656264.222
1569656264.472
1569656264.722
1569656264.972
1569656265.222
1569656265.472
1569656265.722
1569656265.972
1569656266.222
1569656266.472
1569656266.722
1569656266.972
1569656267.222
1569656267.472
1569656267.722
1569656267.972
1569656268.222
1569656268.472
1569656268.722
1569656268.972
1569656269.222
1569656269.472
1569656269.722
1569656269.972
1569656270.222
1569656270.472
1569656270.722
1569656270.972
1569656271.222
1569656271.472
1569656271.722
1569656271.972
1569656272.222
1569656272.472
1569656272.722
1569656272.972
1569656273.222
1569656273.472
1569656273.722
1569656273.972
1569656274.222
1569656274.472
1569656274.722
1569656274.972
1569656275.222
1569656275.472
1569656275.722
1569656275.972
1569656276.222
1569656276.472
1569656276.722
1569656276.972
1569656277.222
1569656277.472
1569656277.722
1569656277.972
1569656278.222
1569656278.472
1569656278.722
1569656278.972
1569656279.222
1569656279.472
1569656279.722
1569656279.972
1569656280.222
1569656280.472
1569656280.722
1569656280.972
1569656281.222
1569656281.472
1569656281.722
1569656281.972
1569656282.222
1569656282.472
1569656282.722
1569656282.972
1569656283.222
1569656283.472
1569656283.722
1569656283.972
1569656284.222
1569656284.472
1569656284.722
1569656284.972
1569656285.222
1569656285.472
1569656285.722
1569656285.972
1569656286.222
1569656286.472
1569656286.722
1569656286.972
1569656287.222
1569656287.472
1569656287.722
1569656287.972
1569656288.222
1569656288.472
1569656288.722
1569656288.972
1569656289.222
1569656289.472
1569656289.722
1569656289.972
1569656290.222
1569656290.472
1569656290.722
1569656290.972
1569656291.222
1569656291.472
1569656291.722
1569656291.972
1569656292.222
1569656292.472
1569656292.722
1569656292.972
1569656293.222
1569656293.472
1569656293.722
1569656293.972
1569656294.222
1569656294.472
1569656294.722
1569656294.972
1569656295.222
1569656295.472
1569656295.722
1569656295.972
1569656296.222
1569656296.472
1569656296.722
1569656296.972
1569656297.222
1569656297.472
1569656297.722
1569656297.972
1569656298.222
1569656298.472
1569656298.722
1569656298.972
1569656299.222
1569656299.472
1569656299.722
1569656299.972
1569656300.222
1569656300.472
1569656300.722
1569656300.972
1569656301.222
1569656301.472
1569656301.722
1569656301.972
1569656302.222
1569656302.472
1569656302.722
1569656302.972
1569656303.222
1569656303.472
1569656303.722
1569656303.972
1569656304.222
1569656304.472
1569656304.722
1569656304.972
1569656305.222
1569656305.472
1569656305.722
1569656305.972
1569656306.222
1569656306.472
1569656306.722
1569656306.972
1569656307.222
1569656307.472
1569656307.722
1569656307.972
1569656308.222
1569656308.472
1569656308.722
1569656308.972
1569656309.222
1569656309.472
1569656309.722
1569656309.972
1569656310.222
1569656310.472
1569656310.722
1569656310.972
1569656311.222
1569656311.472
1569656311.722
1569656311.972
1569656312.222
1569656312.472
1569656312.722
1569656312.972
1569656313.222
1569656313.472
1569656313.722
1569656313.972
1569656314.222
1569656314.472
1569656314.722
1569656314.972
1569656315.222
1569656315.472
1569656315.722
1569656315.972
1569656316.222
1569656316.472
1569656316.722
1569656316.972
1569656317.222
1569656317.472
1569656317.722
1569656317.972
1569656318.222
1569656318.472
1569656318.722
1569656318.972
1569656319.222
1569656319.472
1569656319.722
1569656319.972
1569656320.222
1569656320.472
1569656320.722
1569656320.972
1569656321.222
1569656321.472
1569656321.722
1569656321.972
1569656322.222
1569656322.472
1569656322.722
1569656322.972
1569656323.222
1569656323.472
1569656323.722
1569656323.972
1569656324.222
1569656324.472
1569656324.722
1569656324.972
1569656325.222
1569656325.472
1569656325.722
1569656325.972
1569656326.222
1569656326.472
1569656326.722
1569656326.972
1569656327.222
1569656327.472
1569656327.722
1569656327.972
1569656328.222
1569656328.472
1569656328.722
1569656328.972
1569656329.222
1569656329.472
1569656329.722
1569656329.972
1569656330.222
1569656330.472
1569656330.722
1569656330.972
1569656331.222
1569656331.472
1569656331.722
1569656331.972
1569656332.222
1569656332.472
1569656332.722
1569656332.972
1569656333.222
1569656333.472
1569656333.722
1569656333.972
1569656334.222
1569656334.472
1569656334.722
1569656334.972
1569656335.222
1569656335.472
1569656335.722
1569656335.972
1569656336.222
1569656336.472
1569656336.722
1569656336.972
1569656337.222
1569656337.472
1569656337.722
1569656337.972
1569656338.222
1569656338.472
1569656338.722
1569656338.972
1569656339.222
1569656339.472
1569656339.722
1569656339.972
1569656340.222
1569656340.472
1569656340.722
1569656340.972
1569656341.222
1569656341.472
1569656341.722
1569656341.972
1569656342.222
1569656342.472
1569656342.722
1569656342.972
1569656343.222
1569656343.472
1569656343.722
1569656343.972
1569656344.222
1569656344.472
1569656344.722
1569656344.972
1569656345.222
1569656345.472
1569656345.722
1569656345.972
1569656346.222
1569656346.472
1569656346.722
1569656346.972
1569656347.222
1569656347.472
1569656347.722
1569656347.972
1569656348.222
1569656348.472
1569656348.722
1569656348.972
1569656349.222
1569656349.472
1569656349.722
1569656349.972
1569656350.222
1569656350.472
1569656350.722
1569656350.972
1569656351.222
1569656351.472
1569656351.722
1569656351.972
1569656352.222
1569656352.472
1569656352.722
1569656352.972
1569656353.222
1569656353.472
1569656353.722
1569656353.972
1569656354.222
1569656354.472
1569656354.722
1569656354.972
1569656355.222
1569656355.472
1569656355.722
1569656355.972
1569656356.222
1569656356.472
1569656356.722
1569656356.972
1569656357.222
1569656357.472
1569656357.722
1569656357.972
1569656358.222
1569656358.472
1569656358.722
1569656358.972
1569656359.222
1569656359.472
1569656359.722
1569656359.972
1569656360.222
1569656360.472
1569656360.722
1569656360.972
1569656361.222
1569656361.472
1569656361.722
1569656361.972
1569656362.222
1569656362.472
1569656362.722
1569656362.972
1569656363.222
1569656363.472
1569656363.722
1569656363.972
1569656364.222
1569656364.472
1569656364.722
1569656364.972
1569656365.222
1569656365.472
1569656365.722
1569656365.972
1569656366.222
1569656366.472
1569656366.722
1569656366.972
1569656367.222
1569656367.472
1569656367.722
1569656367.972
1569656368.222
1569656368.472
1569656368.722
1569656368.972
1569656369.222
1569656369.472
1569656369.722
1569656369.972
1569656370.222
1569656370.472
1569656370.722
1569656370.972
1569656371.222
1569656371.472
1569656371.722
1569656371.972
1569656372.222
1569656372.472
1569656372.722
1569656372.972
1569656373.222
1569656373.472
1569656373.722
1569656373.972
1569656374.222
1569656374.472
1569656374.722
1569656374.972
1569656375.222
1569656375.472
1569656375.722
1569656375.972
1569656376.222
1569656376.472
1569656376.722
1569656376.972
1569656377.222
1569656377.472
1569656377.722
1569656377.972
1569656378.222
1569656378.472
1569656378.722
1569656378.972
1569656379.222
1569656379.472
1569656379.722
1569656379.972
1569656380.222
1569656380.472
1569656380.722
1569656380.972
1569656381.222
1569656381.472
