1569657375.2012
1569657375.45121
1569657375.70122
1569657375.95123
1569657376.20124
1569657376.45125
1569657376.70127
1569657376.95128
1569657377.20129
1569657377.4513
1569657377.70131
1569657377.95132
1569657378.20133
1569657378.45135
1569657378.70136
1569657378.95137
1569657379.20138
1569657379.45139
1569657379.7014
1569657379.95142
1569657380.20143
1569657380.45144
1569657380.70145
1569657380.95146
1569657381.20147
1569657381.45149
1569657381.7015
1569657381.95151
1569657382.20152
1569657382.45153
1569657382.70154
1569657382.95155
1569657383.20157
1569657383.45158
1569657383.70159
1569657383.9516
1569657384.20161
1569657384.45162
1569657384.70164
1569657384.95165
1569657385.20166
1569657385.45167
1569657385.70168
1569657385.95169
1569657386.2017
1569657386.45172
1569657386.70173
1569657386.95174
1569657387.20175
1569657387.45176
1569657387.70177
1569657387.95179
1569657388.2018
1569657388.45181
1569657388.70182
1569657388.95183
1569657389.20184
1569657389.45186
1569657389.70187
1569657389.95188
1569657390.20189
1569657390.4519
1569657390.70191
1569657390.95193
1569657391.20194
1569657391.45195
1569657391.70196
1569657391.95197
1569657392.20198
1569657392.45199
1569657392.70201
1569657392.95202
1569657393.20203
1569657393.45204
1569657393.70205
1569657393.95206
1569657394.20208
1569657394.45209
1569657394.7021
1569657394.95211
1569657395.20212
1569657395.45213
1569657395.70214
1569657395.95216
1569657396.20217
1569657396.45218
1569657396.70219
1569657396.9522
1569657397.20221
1569657397.45223
1569657397.70224
1569657397.95225
1569657398.20226
1569657398.45227
1569657398.70228
1569657398.9523
1569657399.20231
1569657399.45232
1569657399.70233
1569657399.95234
1569657400.20235
1569657400.45236
1569657400.70238
1569657400.95239
1569657401.2024
1569657401.45241
1569657401.70242
1569657401.95243
1569657402.20245
1569657402.45246
1569657402.70247
1569657402.95248
1569657403.20249
1569657403.4525
1569657403.70252
1569657403.95253
1569657404.20254
1569657404.45255
1569657404.70256
1569657404.95257
1569657405.20258
1569657405.4526
1569657405.70261
1569657405.95262
1569657406.20263
1569657406.45264
1569657406.70265
1569657406.95267
1569657407.20268
1569657407.45269
1569657407.7027
1569657407.95271
1569657408.20272
1569657408.45274
1569657408.70275
1569657408.95276
1569657409.20277
1569657409.45278
1569657409.70279
1569657409.9528
1569657410.20282
1569657410.45283
1569657410.70284
1569657410.95285
1569657411.20286
1569657411.45287
1569657411.70289
1569657411.9529
1569657412.20291
1569657412.45292
1569657412.70293
1569657412.95294
1569657413.20296
1569657413.45297
1569657413.70298
1569657413.95299
1569657414.203
1569657414.45301
1569657414.70302
1569657414.95304
1569657415.20305
1569657415.45306
1569657415.70307
1569657415.95308
1569657416.20309
1569657416.45311
1569657416.70312
1569657416.95313
1569657417.20314
1569657417.45315
1569657417.70316
1569657417.95318
1569657418.20319
1569657418.4532
1569657418.70321
1569657418.95322
1569657419.20323
1569657419.45324
1569657419.70326
1569657419.95327
1569657420.20328
1569657420.45329
1569657420.7033
1569657420.95331
1569657421.20333
1569657421.45334
1569657421.70335
1569657421.95336
1569657422.20337
1569657422.45338
1569657422.70339
1569657422.95341
1569657423.20342
1569657423.45343
1569657423.70344
1569657423.95345
1569657424.20346
1569657424.45348
1569657424.70349
1569657424.9535
1569657425.20351
1569657425.45352
1569657425.70353
1569657425.95355
1569657426.20356
1569657426.45357
1569657426.70358
1569657426.95359
1569657427.2036
1569657427.45361
1569657427.70363
1569657427.95364
1569657428.20365
1569657428.45366
1569657428.70367
1569657428.95368
1569657429.2037
1569657429.45371
1569657429.70372
1569657429.95373
1569657430.20374
1569657430.45375
1569657430.70377
1569657430.95378
1569657431.20379
1569657431.4538
1569657431.70381
1569657431.95382
1569657432.20383
1569657432.45385
1569657432.70386
1569657432.95387
1569657433.20388
1569657433.45389
1569657433.7039
1569657433.95392
1569657434.20393
1569657434.45394
1569657434.70395
1569657434.95396
1569657435.20397
1569657435.45399
1569657435.704
1569657435.95401
1569657436.20402
1569657436.45403
1569657436.70404
1569657436.95405
1569657437.20407
1569657437.45408
1569657437.70409
1569657437.9541
1569657438.20411
1569657438.45412
1569657438.70414
1569657438.95415
1569657439.20416
1569657439.45417
1569657439.70418
1569657439.95419
1569657440.20421
1569657440.45422
1569657440.70423
1569657440.95424
1569657441.20425
1569657441.45426
1569657441.70427
1569657441.95429
1569657442.2043
1569657442.45431
1569657442.70432
1569657442.95433
1569657443.20434
1569657443.45436
1569657443.70437
1569657443.95438
1569657444.20439
1569657444.4544
1569657444.70441
1569657444.95443
1569657445.20444
1569657445.45445
1569657445.70446
1569657445.95447
1569657446.20448
1569657446.45449
1569657446.70451
1569657446.95452
1569657447.20453
1569657447.45454
1569657447.70455
1569657447.95456
1569657448.20458
1569657448.45459
1569657448.7046
1569657448.95461
1569657449.20462
1569657449.45463
1569657449.70464
1569657449.95466
1569657450.20467
1569657450.45468
1569657450.70469
1569657450.9547
1569657451.20471
1569657451.45473
1569657451.70474
1569657451.95475
1569657452.20476
1569657452.45477
1569657452.70478
1569657452.9548
1569657453.20481
1569657453.45482
1569657453.70483
1569657453.95484
1569657454.20485
1569657454.45486
1569657454.70488
1569657454.95489
1569657455.2049
1569657455.45491
1569657455.70492
1569657455.95493
1569657456.20495
1569657456.45496
1569657456.70497
1569657456.95498
1569657457.20499
1569657457.455
1569657457.70502
1569657457.95503
1569657458.20504
1569657458.45505
1569657458.70506
1569657458.95507
1569657459.20508
1569657459.4551
1569657459.70511
1569657459.95512
1569657460.20513
1569657460.45514
1569657460.70515
1569657460.95517
1569657461.20518
1569657461.45519
1569657461.7052
1569657461.95521
1569657462.20522
1569657462.45524
1569657462.70525
1569657462.95526
1569657463.20527
1569657463.45528
1569657463.70529
1569657463.9553
1569657464.20532
1569657464.45533
1569657464.70534
1569657464.95535
1569657465.20536
1569657465.45537
1569657465.70539
1569657465.9554
1569657466.20541
1569657466.45542
1569657466.70543
1569657466.95544
1569657467.20546
1569657467.45547
1569657467.70548
1569657467.95549
1569657468.2055
1569657468.45551
1569657468.70552
1569657468.95554
1569657469.20555
1569657469.45556
1569657469.70557
1569657469.95558
1569657470.20559
1569657470.45561
1569657470.70562
1569657470.95563
1569657471.20564
1569657471.45565
1569657471.70566
1569657471.95568
1569657472.20569
1569657472.4557
1569657472.70571
1569657472.95572
1569657473.20573
1569657473.45574
1569657473.70576
1569657473.95577
1569657474.20578
1569657474.45579
1569657474.7058
1569657474.95581
1569657475.20583
1569657475.45584
1569657475.70585
1569657475.95586
1569657476.20587
1569657476.45588
1569657476.7059
1569657476.95591
1569657477.20592
1569657477.45593
1569657477.70594
1569657477.95595
1569657478.20596
1569657478.45598
1569657478.70599
1569657478.956
1569657479.20601
1569657479.45602
1569657479.70603
1569657479.95605
1569657480.20606
1569657480.45607
1569657480.70608
1569657480.95609
1569657481.2061
1569657481.45612
1569657481.70613
1569657481.95614
1569657482.20615
1569657482.45616
1569657482.70617
1569657482.95618
1569657483.2062
1569657483.45621
1569657483.70622
1569657483.95623
1569657484.20624
1569657484.45625
1569657484.70627
1569657484.95628
1569657485.20629
1569657485.4563
1569657485.70631
1569657485.95632
1569657486.20633
1569657486.45635
1569657486.70636
1569657486.95637
1569657487.20638
1569657487.45639
1569657487.7064
1569657487.95642
1569657488.20643
1569657488.45644
1569657488.70645
1569657488.95646
1569657489.20647
1569657489.45649
1569657489.7065
1569657489.95651
1569657490.20652
1569657490.45653
1569657490.70654
1569657490.95655
1569657491.20657
1569657491.45658
1569657491.70659
1569657491.9566
1569657492.20661
1569657492.45662
1569657492.70664
1569657492.95665
1569657493.20666
1569657493.45667
1569657493.70668
1569657493.95669
1569657494.20671
1569657494.45672
1569657494.70673
1569657494.95674
1569657495.20675
1569657495.45676
1569657495.70677
1569657495.95679
1569657496.2068
1569657496.45681
1569657496.70682
1569657496.95683
1569657497.20684
1569657497.45686
1569657497.70687
1569657497.95688
1569657498.20689
1569657498.4569
1569657498.70691
1569657498.95693
1569657499.20694
1569657499.45695
1569657499.70696
1569657499.95697
1569657500.20698
1569657500.45699
1569657500.70701
1569657500.95702
1569657501.20703
1569657501.45704
1569657501.70705
1569657501.95706
1569657502.20708
1569657502.45709
1569657502.7071
1569657502.95711
1569657503.20712
1569657503.45713
1569657503.70715
1569657503.95716
1569657504.20717
1569657504.45718
1569657504.70719
1569657504.9572
1569657505.20721
1569657505.45723
1569657505.70724
1569657505.95725
1569657506.20726
1569657506.45727
1569657506.70728
1569657506.9573
1569657507.20731
1569657507.45732
1569657507.70733
1569657507.95734
1569657508.20735
1569657508.45737
1569657508.70738
1569657508.95739
1569657509.2074
1569657509.45741
1569657509.70742
1569657509.95743
1569657510.20745
1569657510.45746
1569657510.70747
1569657510.95748
1569657511.20749
1569657511.4575
1569657511.70752
1569657511.95753
1569657512.20754
1569657512.45755
1569657512.70756
1569657512.95757
1569657513.20759
1569657513.4576
1569657513.70761
1569657513.95762
1569657514.20763
1569657514.45764
1569657514.70765
1569657514.95767
1569657515.20768
1569657515.45769
1569657515.7077
1569657515.95771
1569657516.20772
1569657516.45774
1569657516.70775
1569657516.95776
1569657517.20777
1569657517.45778
1569657517.70779
1569657517.9578
1569657518.20782
1569657518.45783
1569657518.70784
1569657518.95785
1569657519.20786
1569657519.45787
1569657519.70789
1569657519.9579
1569657520.20791
1569657520.45792
1569657520.70793
1569657520.95794
1569657521.20796
1569657521.45797
1569657521.70798
1569657521.95799
1569657522.208
1569657522.45801
1569657522.70802
1569657522.95804
1569657523.20805
1569657523.45806
1569657523.70807
1569657523.95808
1569657524.20809
1569657524.45811
1569657524.70812
1569657524.95813
1569657525.20814
1569657525.45815
1569657525.70816
1569657525.95818
1569657526.20819
1569657526.4582
1569657526.70821
1569657526.95822
1569657527.20823
1569657527.45824
1569657527.70826
1569657527.95827
1569657528.20828
1569657528.45829
1569657528.7083
1569657528.95831
1569657529.20833
1569657529.45834
1569657529.70835
1569657529.95836
1569657530.20837
1569657530.45838
1569657530.7084
1569657530.95841
1569657531.20842
1569657531.45843
1569657531.70844
1569657531.95845
1569657532.20846
1569657532.45848
1569657532.70849
1569657532.9585
1569657533.20851
1569657533.45852
1569657533.70853
1569657533.95855
1569657534.20856
1569657534.45857
1569657534.70858
1569657534.95859
1569657535.2086
1569657535.45862
1569657535.70863
1569657535.95864
1569657536.20865
1569657536.45866
1569657536.70867
1569657536.95868
1569657537.2087
1569657537.45871
1569657537.70872
1569657537.95873
1569657538.20874
1569657538.45875
1569657538.70877
1569657538.95878
1569657539.20879
1569657539.4588
1569657539.70881
1569657539.95882
1569657540.20884
1569657540.45885
1569657540.70886
1569657540.95887
1569657541.20888
1569657541.45889
1569657541.7089
1569657541.95892
1569657542.20893
1569657542.45894
1569657542.70895
1569657542.95896
1569657543.20897
1569657543.45899
1569657543.709
1569657543.95901
1569657544.20902
1569657544.45903
1569657544.70904
1569657544.95905
1569657545.20907
1569657545.45908
1569657545.70909
1569657545.9591
1569657546.20911
1569657546.45912
1569657546.70914
1569657546.95915
1569657547.20916
1569657547.45917
1569657547.70918
1569657547.95919
1569657548.20921
1569657548.45922
1569657548.70923
1569657548.95924
1569657549.20925
1569657549.45926
1569657549.70928
1569657549.95929
1569657550.2093
1569657550.45931
1569657550.70932
1569657550.95933
1569657551.20934
1569657551.45936
1569657551.70937
1569657551.95938
1569657552.20939
1569657552.4594
1569657552.70941
1569657552.95943
1569657553.20944
1569657553.45945
1569657553.70946
1569657553.95947
1569657554.20948
1569657554.45949
1569657554.70951
1569657554.95952
1569657555.20953
1569657555.45954
1569657555.70955
1569657555.95956
1569657556.20958
1569657556.45959
1569657556.7096
1569657556.95961
1569657557.20962
1569657557.45963
1569657557.70965
1569657557.95966
1569657558.20967
1569657558.45968
1569657558.70969
1569657558.9597
1569657559.20971
1569657559.45973
1569657559.70974
1569657559.95975
1569657560.20976
1569657560.45977
1569657560.70978
1569657560.9598
1569657561.20981
1569657561.45982
1569657561.70983
1569657561.95984
1569657562.20985
1569657562.45987
1569657562.70988
1569657562.95989
1569657563.2099
1569657563.45991
1569657563.70992
1569657563.95993
1569657564.20995
1569657564.45996
1569657564.70997
1569657564.95998
1569657565.20999
1569657565.46
1569657565.71002
1569657565.96003
1569657566.21004
1569657566.46005
1569657566.71006
1569657566.96007
1569657567.21009
1569657567.4601
1569657567.71011
1569657567.96012
1569657568.21013
1569657568.46014
1569657568.71015
1569657568.96017
1569657569.21018
1569657569.46019
1569657569.7102
1569657569.96021
1569657570.21022
1569657570.46024
1569657570.71025
1569657570.96026
1569657571.21027
1569657571.46028
1569657571.71029
1569657571.9603
1569657572.21032
1569657572.46033
1569657572.71034
1569657572.96035
1569657573.21036
1569657573.46037
1569657573.71039
1569657573.9604
1569657574.21041
1569657574.46042
1569657574.71043
1569657574.96044
1569657575.21046
1569657575.46047
1569657575.71048
1569657575.96049
1569657576.2105
1569657576.46051
1569657576.71053
1569657576.96054
1569657577.21055
1569657577.46056
1569657577.71057
1569657577.96058
1569657578.21059
1569657578.46061
1569657578.71062
1569657578.96063
1569657579.21064
1569657579.46065
1569657579.71066
1569657579.96068
1569657580.21069
1569657580.4607
1569657580.71071
1569657580.96072
1569657581.21073
1569657581.46074
1569657581.71076
1569657581.96077
1569657582.21078
1569657582.46079
1569657582.7108
1569657582.96081
1569657583.21083
1569657583.46084
1569657583.71085
1569657583.96086
1569657584.21087
1569657584.46088
1569657584.7109
1569657584.96091
1569657585.21092
1569657585.46093
1569657585.71094
1569657585.96095
1569657586.21096
1569657586.46098
1569657586.71099
1569657586.961
1569657587.21101
1569657587.46102
1569657587.71103
1569657587.96105
1569657588.21106
1569657588.46107
1569657588.71108
1569657588.96109
1569657589.2111
1569657589.46112
1569657589.71113
1569657589.96114
1569657590.21115
1569657590.46116
1569657590.71117
1569657590.96118
1569657591.2112
1569657591.46121
1569657591.71122
1569657591.96123
1569657592.21124
1569657592.46125
1569657592.71127
1569657592.96128
1569657593.21129
1569657593.4613
1569657593.71131
1569657593.96132
1569657594.21134
1569657594.46135
1569657594.71136
1569657594.96137
1569657595.21138
1569657595.46139
1569657595.7114
1569657595.96142
1569657596.21143
1569657596.46144
1569657596.71145
1569657596.96146
1569657597.21147
1569657597.46149
1569657597.7115
1569657597.96151
1569657598.21152
1569657598.46153
1569657598.71154
1569657598.96156
1569657599.21157
1569657599.46158
1569657599.71159
1569657599.9616
1569657600.21161
1569657600.46162
1569657600.71164
1569657600.96165
1569657601.21166
1569657601.46167
1569657601.71168
1569657601.96169
1569657602.21171
1569657602.46172
1569657602.71173
1569657602.96174
1569657603.21175
1569657603.46176
1569657603.71178
1569657603.96179
1569657604.2118
1569657604.46181
1569657604.71182
1569657604.96183
1569657605.21184
1569657605.46186
1569657605.71187
1569657605.96188
1569657606.21189
1569657606.4619
1569657606.71191
1569657606.96193
1569657607.21194
1569657607.46195
1569657607.71196
1569657607.96197
1569657608.21198
1569657608.46199
1569657608.71201
1569657608.96202
1569657609.21203
1569657609.46204
1569657609.71205
1569657609.96206
1569657610.21208
1569657610.46209
1569657610.7121
1569657610.96211
1569657611.21212
1569657611.46213
1569657611.71215
1569657611.96216
1569657612.21217
1569657612.46218
1569657612.71219
1569657612.9622
1569657613.21221
1569657613.46223
1569657613.71224
1569657613.96225
1569657614.21226
1569657614.46227
1569657614.71228
1569657614.9623
1569657615.21231
1569657615.46232
1569657615.71233
1569657615.96234
1569657616.21235
1569657616.46237
1569657616.71238
1569657616.96239
1569657617.2124
1569657617.46241
1569657617.71242
1569657617.96243
1569657618.21245
1569657618.46246
1569657618.71247
1569657618.96248
1569657619.21249
1569657619.4625
1569657619.71252
1569657619.96253
1569657620.21254
1569657620.46255
1569657620.71256
1569657620.96257
1569657621.21259
1569657621.4626
1569657621.71261
1569657621.96262
1569657622.21263
1569657622.46264
1569657622.71265
1569657622.96267
1569657623.21268
1569657623.46269
1569657623.7127
1569657623.96271
1569657624.21272
1569657624.46274
1569657624.71275
1569657624.96276
1569657625.21277
1569657625.46278
1569657625.71279
1569657625.96281
1569657626.21282
1569657626.46283
1569657626.71284
1569657626.96285
1569657627.21286
1569657627.46287
1569657627.71289
1569657627.9629
1569657628.21291
1569657628.46292
1569657628.71293
1569657628.96294
1569657629.21296
1569657629.46297
1569657629.71298
1569657629.96299
1569657630.213
1569657630.46301
1569657630.71303
1569657630.96304
1569657631.21305
1569657631.46306
1569657631.71307
1569657631.96308
1569657632.21309
1569657632.46311
1569657632.71312
1569657632.96313
1569657633.21314
1569657633.46315
1569657633.71316
1569657633.96318
1569657634.21319
1569657634.4632
1569657634.71321
1569657634.96322
1569657635.21323
1569657635.46325
1569657635.71326
1569657635.96327
1569657636.21328
1569657636.46329
1569657636.7133
1569657636.96331
1569657637.21333
1569657637.46334
1569657637.71335
1569657637.96336
1569657638.21337
1569657638.46338
1569657638.7134
1569657638.96341
1569657639.21342
1569657639.46343
1569657639.71344
1569657639.96345
1569657640.21346
1569657640.46348
1569657640.71349
1569657640.9635
1569657641.21351
1569657641.46352
1569657641.71353
1569657641.96355
1569657642.21356
1569657642.46357
1569657642.71358
1569657642.96359
1569657643.2136
1569657643.46362
1569657643.71363
1569657643.96364
1569657644.21365
1569657644.46366
1569657644.71367
1569657644.96368
1569657645.2137
1569657645.46371
1569657645.71372
1569657645.96373
1569657646.21374
1569657646.46375
1569657646.71377
1569657646.96378
1569657647.21379
1569657647.4638
1569657647.71381
1569657647.96382
1569657648.21384
1569657648.46385
1569657648.71386
1569657648.96387
1569657649.21388
1569657649.46389
1569657649.7139
1569657649.96392
1569657650.21393
1569657650.46394
1569657650.71395
1569657650.96396
1569657651.21397
1569657651.46399
1569657651.714
1569657651.96401
1569657652.21402
1569657652.46403
1569657652.71404
1569657652.96406
1569657653.21407
1569657653.46408
1569657653.71409
1569657653.9641
1569657654.21411
1569657654.46412
1569657654.71414
1569657654.96415
1569657655.21416
1569657655.46417
1569657655.71418
1569657655.96419
1569657656.21421
1569657656.46422
1569657656.71423
1569657656.96424
1569657657.21425
1569657657.46426
1569657657.71428
1569657657.96429
1569657658.2143
1569657658.46431
1569657658.71432
1569657658.96433
1569657659.21434
1569657659.46436
1569657659.71437
1569657659.96438
1569657660.21439
1569657660.4644
1569657660.71441
1569657660.96443
1569657661.21444
1569657661.46445
1569657661.71446
1569657661.96447
1569657662.21448
1569657662.4645
1569657662.71451
1569657662.96452
1569657663.21453
1569657663.46454
1569657663.71455
1569657663.96456
1569657664.21458
1569657664.46459
1569657664.7146
1569657664.96461
1569657665.21462
1569657665.46463
1569657665.71465
1569657665.96466
1569657666.21467
1569657666.46468
1569657666.71469
1569657666.9647
1569657667.21472
1569657667.46473
1569657667.71474
1569657667.96475
1569657668.21476
1569657668.46477
1569657668.71478
1569657668.9648
1569657669.21481
1569657669.46482
1569657669.71483
1569657669.96484
1569657670.21485
1569657670.46487
1569657670.71488
1569657670.96489
1569657671.2149
1569657671.46491
1569657671.71492
1569657671.96494
1569657672.21495
1569657672.46496
1569657672.71497
1569657672.96498
1569657673.21499
1569657673.465
1569657673.71502
1569657673.96503
1569657674.21504
1569657674.46505
1569657674.71506
1569657674.96507
1569657675.21509
1569657675.4651
1569657675.71511
1569657675.96512
1569657676.21513
1569657676.46514
1569657676.71515
1569657676.96517
1569657677.21518
1569657677.46519
1569657677.7152
1569657677.96521
1569657678.21522
1569657678.46524
1569657678.71525
1569657678.96526
1569657679.21527
1569657679.46528
1569657679.71529
1569657679.96531
1569657680.21532
1569657680.46533
1569657680.71534
1569657680.96535
1569657681.21536
1569657681.46537
1569657681.71539
1569657681.9654
1569657682.21541
1569657682.46542
1569657682.71543
1569657682.96544
1569657683.21546
1569657683.46547
1569657683.71548
1569657683.96549
1569657684.2155
1569657684.46551
1569657684.71553
1569657684.96554
1569657685.21555
1569657685.46556
1569657685.71557
1569657685.96558
1569657686.21559
1569657686.46561
1569657686.71562
1569657686.96563
1569657687.21564
1569657687.46565
1569657687.71566
1569657687.96568
1569657688.21569
1569657688.4657
1569657688.71571
1569657688.96572
1569657689.21573
1569657689.46575
1569657689.71576
1569657689.96577
1569657690.21578
1569657690.46579
1569657690.7158
1569657690.96581
1569657691.21583
1569657691.46584
1569657691.71585
1569657691.96586
1569657692.21587
1569657692.46588
1569657692.7159
1569657692.96591
1569657693.21592
1569657693.46593
1569657693.71594
1569657693.96595
1569657694.21597
1569657694.46598
1569657694.71599
1569657694.966
1569657695.21601
1569657695.46602
1569657695.71603
1569657695.96605
1569657696.21606
1569657696.46607
1569657696.71608
1569657696.96609
1569657697.2161
1569657697.46612
1569657697.71613
1569657697.96614
