1569658127.23601
1569658127.48602
1569658127.73604
1569658127.98605
1569658128.23606
1569658128.48607
1569658128.73608
1569658128.98609
1569658129.23611
1569658129.48612
1569658129.73613
1569658129.98614
1569658130.23615
1569658130.48616
1569658130.73617
1569658130.98619
1569658131.2362
1569658131.48621
1569658131.73622
1569658131.98623
1569658132.23624
1569658132.48626
1569658132.73627
1569658132.98628
1569658133.23629
1569658133.4863
1569658133.73631
1569658133.98633
1569658134.23634
1569658134.48635
1569658134.73636
1569658134.98637
1569658135.23638
1569658135.48639
1569658135.73641
1569658135.98642
1569658136.23643
1569658136.48644
1569658136.73645
1569658136.98646
1569658137.23648
1569658137.48649
1569658137.7365
1569658137.98651
1569658138.23652
1569658138.48653
1569658138.73655
1569658138.98656
1569658139.23657
1569658139.48658
1569658139.73659
1569658139.9866
1569658140.23661
1569658140.48663
1569658140.73664
1569658140.98665
1569658141.23666
1569658141.48667
1569658141.73668
1569658141.9867
1569658142.23671
1569658142.48672
1569658142.73673
1569658142.98674
1569658143.23675
1569658143.48676
1569658143.73678
1569658143.98679
1569658144.2368
1569658144.48681
1569658144.73682
1569658144.98683
1569658145.23685
1569658145.48686
1569658145.73687
1569658145.98688
1569658146.23689
1569658146.4869
1569658146.73692
1569658146.98693
1569658147.23694
1569658147.48695
1569658147.73696
1569658147.98697
1569658148.23698
1569658148.487
1569658148.73701
1569658148.98702
1569658149.23703
1569658149.48704
1569658149.73705
1569658149.98707
1569658150.23708
1569658150.48709
1569658150.7371
1569658150.98711
1569658151.23712
1569658151.48714
1569658151.73715
1569658151.98716
1569658152.23717
1569658152.48718
1569658152.73719
1569658152.9872
1569658153.23722
1569658153.48723
1569658153.73724
1569658153.98725
1569658154.23726
1569658154.48727
1569658154.73729
1569658154.9873
1569658155.23731
1569658155.48732
1569658155.73733
1569658155.98734
1569658156.23736
1569658156.48737
1569658156.73738
1569658156.98739
1569658157.2374
1569658157.48741
1569658157.73742
1569658157.98744
1569658158.23745
1569658158.48746
1569658158.73747
1569658158.98748
1569658159.23749
1569658159.48751
1569658159.73752
1569658159.98753
1569658160.23754
1569658160.48755
1569658160.73756
1569658160.98758
1569658161.23759
1569658161.4876
1569658161.73761
1569658161.98762
1569658162.23763
1569658162.48764
1569658162.73766
1569658162.98767
1569658163.23768
1569658163.48769
1569658163.7377
1569658163.98771
1569658164.23773
1569658164.48774
1569658164.73775
1569658164.98776
1569658165.23777
1569658165.48778
1569658165.7378
1569658165.98781
1569658166.23782
1569658166.48783
1569658166.73784
1569658166.98785
1569658167.23786
1569658167.48788
1569658167.73789
1569658167.9879
1569658168.23791
1569658168.48792
1569658168.73793
1569658168.98795
1569658169.23796
1569658169.48797
1569658169.73798
1569658169.98799
1569658170.238
1569658170.48801
1569658170.73803
1569658170.98804
1569658171.23805
1569658171.48806
1569658171.73807
1569658171.98808
1569658172.2381
1569658172.48811
1569658172.73812
1569658172.98813
1569658173.23814
1569658173.48815
1569658173.73817
1569658173.98818
1569658174.23819
1569658174.4882
1569658174.73821
1569658174.98822
1569658175.23824
1569658175.48825
1569658175.73826
1569658175.98827
1569658176.23828
1569658176.48829
1569658176.7383
1569658176.98832
1569658177.23833
1569658177.48834
1569658177.73835
1569658177.98836
1569658178.23837
1569658178.48839
1569658178.7384
1569658178.98841
1569658179.23842
1569658179.48843
1569658179.73844
1569658179.98845
1569658180.23847
1569658180.48848
1569658180.73849
1569658180.9885
1569658181.23851
1569658181.48852
1569658181.73854
1569658181.98855
1569658182.23856
1569658182.48857
1569658182.73858
1569658182.98859
1569658183.23861
1569658183.48862
1569658183.73863
1569658183.98864
1569658184.23865
1569658184.48866
1569658184.73867
1569658184.98869
1569658185.2387
1569658185.48871
1569658185.73872
1569658185.98873
1569658186.23874
1569658186.48876
1569658186.73877
1569658186.98878
1569658187.23879
1569658187.4888
1569658187.73881
1569658187.98883
1569658188.23884
1569658188.48885
1569658188.73886
1569658188.98887
1569658189.23888
1569658189.48889
1569658189.73891
1569658189.98892
1569658190.23893
1569658190.48894
1569658190.73895
1569658190.98896
1569658191.23898
1569658191.48899
1569658191.739
1569658191.98901
1569658192.23902
1569658192.48903
1569658192.73905
1569658192.98906
1569658193.23907
1569658193.48908
1569658193.73909
1569658193.9891
1569658194.23911
1569658194.48913
1569658194.73914
1569658194.98915
1569658195.23916
1569658195.48917
1569658195.73918
1569658195.9892
1569658196.23921
1569658196.48922
1569658196.73923
1569658196.98924
1569658197.23925
1569658197.48927
1569658197.73928
1569658197.98929
1569658198.2393
1569658198.48931
1569658198.73932
1569658198.98933
1569658199.23935
1569658199.48936
1569658199.73937
1569658199.98938
1569658200.23939
1569658200.4894
1569658200.73942
1569658200.98943
1569658201.23944
1569658201.48945
1569658201.73946
1569658201.98947
1569658202.23949
1569658202.4895
1569658202.73951
1569658202.98952
1569658203.23953
1569658203.48954
1569658203.73955
1569658203.98957
1569658204.23958
1569658204.48959
1569658204.7396
1569658204.98961
1569658205.23962
1569658205.48964
1569658205.73965
1569658205.98966
1569658206.23967
1569658206.48968
1569658206.73969
1569658206.9897
1569658207.23972
1569658207.48973
1569658207.73974
1569658207.98975
1569658208.23976
1569658208.48977
1569658208.73979
1569658208.9898
1569658209.23981
1569658209.48982
1569658209.73983
1569658209.98984
1569658210.23986
1569658210.48987
1569658210.73988
1569658210.98989
1569658211.2399
1569658211.48991
1569658211.73992
1569658211.98994
1569658212.23995
1569658212.48996
1569658212.73997
1569658212.98998
1569658213.23999
1569658213.49001
1569658213.74002
1569658213.99003
1569658214.24004
1569658214.49005
1569658214.74006
1569658214.99008
1569658215.24009
1569658215.4901
1569658215.74011
1569658215.99012
1569658216.24013
1569658216.49014
1569658216.74016
1569658216.99017
1569658217.24018
1569658217.49019
1569658217.7402
1569658217.99021
1569658218.24023
1569658218.49024
1569658218.74025
1569658218.99026
1569658219.24027
1569658219.49028
1569658219.7403
1569658219.99031
1569658220.24032
1569658220.49033
1569658220.74034
1569658220.99035
1569658221.24036
1569658221.49038
1569658221.74039
1569658221.9904
1569658222.24041
1569658222.49042
1569658222.74043
1569658222.99045
1569658223.24046
1569658223.49047
1569658223.74048
1569658223.99049
1569658224.2405
1569658224.49052
1569658224.74053
1569658224.99054
1569658225.24055
1569658225.49056
1569658225.74057
1569658225.99058
1569658226.2406
1569658226.49061
1569658226.74062
1569658226.99063
1569658227.24064
1569658227.49065
1569658227.74067
1569658227.99068
1569658228.24069
1569658228.4907
1569658228.74071
1569658228.99072
1569658229.24074
1569658229.49075
1569658229.74076
1569658229.99077
1569658230.24078
1569658230.49079
1569658230.7408
1569658230.99082
1569658231.24083
1569658231.49084
1569658231.74085
1569658231.99086
1569658232.24087
1569658232.49089
1569658232.7409
1569658232.99091
1569658233.24092
1569658233.49093
1569658233.74094
1569658233.99096
1569658234.24097
1569658234.49098
1569658234.74099
1569658234.991
1569658235.24101
1569658235.49102
1569658235.74104
1569658235.99105
1569658236.24106
1569658236.49107
1569658236.74108
1569658236.99109
1569658237.24111
1569658237.49112
1569658237.74113
1569658237.99114
1569658238.24115
1569658238.49116
1569658238.74117
1569658238.99119
1569658239.2412
1569658239.49121
1569658239.74122
1569658239.99123
1569658240.24124
1569658240.49126
1569658240.74127
1569658240.99128
1569658241.24129
1569658241.4913
1569658241.74131
1569658241.99133
1569658242.24134
1569658242.49135
1569658242.74136
1569658242.99137
1569658243.24138
1569658243.49139
1569658243.74141
1569658243.99142
1569658244.24143
1569658244.49144
1569658244.74145
1569658244.99146
1569658245.24148
1569658245.49149
1569658245.7415
1569658245.99151
1569658246.24152
1569658246.49153
1569658246.74155
1569658246.99156
1569658247.24157
1569658247.49158
1569658247.74159
1569658247.9916
1569658248.24161
1569658248.49163
1569658248.74164
1569658248.99165
1569658249.24166
1569658249.49167
1569658249.74168
1569658249.9917
1569658250.24171
1569658250.49172
1569658250.74173
1569658250.99174
1569658251.24175
1569658251.49177
1569658251.74178
1569658251.99179
1569658252.2418
1569658252.49181
1569658252.74182
1569658252.99183
1569658253.24185
1569658253.49186
1569658253.74187
1569658253.99188
1569658254.24189
1569658254.4919
1569658254.74192
1569658254.99193
1569658255.24194
1569658255.49195
1569658255.74196
1569658255.99197
1569658256.24199
1569658256.492
1569658256.74201
1569658256.99202
1569658257.24203
1569658257.49204
1569658257.74205
1569658257.99207
1569658258.24208
1569658258.49209
1569658258.7421
1569658258.99211
1569658259.24212
1569658259.49214
1569658259.74215
1569658259.99216
1569658260.24217
1569658260.49218
1569658260.74219
1569658260.99221
1569658261.24222
1569658261.49223
1569658261.74224
1569658261.99225
1569658262.24226
1569658262.49227
1569658262.74229
1569658262.9923
1569658263.24231
1569658263.49232
1569658263.74233
1569658263.99234
1569658264.24236
1569658264.49237
1569658264.74238
1569658264.99239
1569658265.2424
1569658265.49241
1569658265.74242
1569658265.99244
1569658266.24245
1569658266.49246
1569658266.74247
1569658266.99248
1569658267.24249
1569658267.49251
1569658267.74252
1569658267.99253
1569658268.24254
1569658268.49255
1569658268.74256
1569658268.99258
1569658269.24259
1569658269.4926
1569658269.74261
1569658269.99262
1569658270.24263
1569658270.49265
1569658270.74266
1569658270.99267
1569658271.24268
1569658271.49269
1569658271.7427
1569658271.99271
1569658272.24273
1569658272.49274
1569658272.74275
1569658272.99276
1569658273.24277
1569658273.49278
1569658273.7428
1569658273.99281
1569658274.24282
1569658274.49283
1569658274.74284
1569658274.99285
1569658275.24286
1569658275.49288
1569658275.74289
1569658275.9929
1569658276.24291
1569658276.49292
1569658276.74293
1569658276.99295
1569658277.24296
1569658277.49297
1569658277.74298
1569658277.99299
1569658278.243
1569658278.49302
1569658278.74303
1569658278.99304
1569658279.24305
1569658279.49306
1569658279.74307
1569658279.99308
1569658280.2431
1569658280.49311
1569658280.74312
1569658280.99313
1569658281.24314
1569658281.49315
1569658281.74317
1569658281.99318
1569658282.24319
1569658282.4932
1569658282.74321
1569658282.99322
1569658283.24324
1569658283.49325
1569658283.74326
1569658283.99327
1569658284.24328
1569658284.49329
1569658284.7433
1569658284.99332
1569658285.24333
1569658285.49334
1569658285.74335
1569658285.99336
1569658286.24337
1569658286.49339
1569658286.7434
1569658286.99341
1569658287.24342
1569658287.49343
1569658287.74344
1569658287.99346
1569658288.24347
1569658288.49348
1569658288.74349
1569658288.9935
1569658289.24351
1569658289.49352
1569658289.74354
1569658289.99355
1569658290.24356
1569658290.49357
1569658290.74358
1569658290.99359
1569658291.24361
1569658291.49362
1569658291.74363
1569658291.99364
1569658292.24365
1569658292.49366
1569658292.74367
1569658292.99369
1569658293.2437
1569658293.49371
1569658293.74372
1569658293.99373
1569658294.24374
1569658294.49376
1569658294.74377
1569658294.99378
1569658295.24379
1569658295.4938
1569658295.74381
1569658295.99383
1569658296.24384
1569658296.49385
1569658296.74386
1569658296.99387
1569658297.24388
1569658297.4939
1569658297.74391
1569658297.99392
1569658298.24393
1569658298.49394
1569658298.74395
1569658298.99396
1569658299.24398
1569658299.49399
1569658299.744
1569658299.99401
1569658300.24402
1569658300.49403
1569658300.74405
1569658300.99406
1569658301.24407
1569658301.49408
1569658301.74409
1569658301.9941
1569658302.24411
1569658302.49413
1569658302.74414
1569658302.99415
1569658303.24416
1569658303.49417
1569658303.74418
1569658303.9942
1569658304.24421
1569658304.49422
1569658304.74423
1569658304.99424
1569658305.24425
1569658305.49427
1569658305.74428
1569658305.99429
1569658306.2443
1569658306.49431
1569658306.74432
1569658306.99433
1569658307.24435
1569658307.49436
1569658307.74437
1569658307.99438
1569658308.24439
1569658308.4944
1569658308.74442
1569658308.99443
1569658309.24444
1569658309.49445
1569658309.74446
1569658309.99447
1569658310.24449
1569658310.4945
1569658310.74451
1569658310.99452
1569658311.24453
1569658311.49454
1569658311.74455
1569658311.99457
1569658312.24458
1569658312.49459
1569658312.7446
1569658312.99461
1569658313.24462
1569658313.49464
1569658313.74465
1569658313.99466
1569658314.24467
1569658314.49468
1569658314.74469
1569658314.99471
1569658315.24472
1569658315.49473
1569658315.74474
1569658315.99475
1569658316.24476
1569658316.49477
1569658316.74479
1569658316.9948
1569658317.24481
1569658317.49482
1569658317.74483
1569658317.99484
1569658318.24486
1569658318.49487
1569658318.74488
1569658318.99489
1569658319.2449
1569658319.49491
1569658319.74493
1569658319.99494
1569658320.24495
1569658320.49496
1569658320.74497
1569658320.99498
1569658321.24499
1569658321.49501
1569658321.74502
1569658321.99503
1569658322.24504
1569658322.49505
1569658322.74506
1569658322.99508
1569658323.24509
1569658323.4951
1569658323.74511
1569658323.99512
1569658324.24513
1569658324.49515
1569658324.74516
1569658324.99517
1569658325.24518
1569658325.49519
1569658325.7452
1569658325.99521
1569658326.24523
1569658326.49524
1569658326.74525
1569658326.99526
1569658327.24527
1569658327.49528
1569658327.7453
1569658327.99531
1569658328.24532
1569658328.49533
1569658328.74534
1569658328.99535
1569658329.24536
1569658329.49538
1569658329.74539
1569658329.9954
1569658330.24541
1569658330.49542
1569658330.74543
1569658330.99545
1569658331.24546
1569658331.49547
1569658331.74548
1569658331.99549
1569658332.2455
1569658332.49552
1569658332.74553
1569658332.99554
1569658333.24555
1569658333.49556
1569658333.74557
1569658333.99558
1569658334.2456
1569658334.49561
1569658334.74562
1569658334.99563
1569658335.24564
1569658335.49565
1569658335.74567
1569658335.99568
1569658336.24569
1569658336.4957
1569658336.74571
1569658336.99572
1569658337.24574
1569658337.49575
1569658337.74576
1569658337.99577
1569658338.24578
1569658338.49579
1569658338.7458
1569658338.99582
1569658339.24583
1569658339.49584
1569658339.74585
1569658339.99586
1569658340.24587
1569658340.49589
1569658340.7459
1569658340.99591
1569658341.24592
1569658341.49593
1569658341.74594
1569658341.99596
1569658342.24597
1569658342.49598
1569658342.74599
1569658342.996
1569658343.24601
1569658343.49602
1569658343.74604
1569658343.99605
1569658344.24606
1569658344.49607
1569658344.74608
1569658344.99609
1569658345.24611
1569658345.49612
1569658345.74613
1569658345.99614
1569658346.24615
1569658346.49616
1569658346.74618
1569658346.99619
1569658347.2462
1569658347.49621
1569658347.74622
1569658347.99623
1569658348.24624
1569658348.49626
1569658348.74627
1569658348.99628
1569658349.24629
1569658349.4963
1569658349.74631
1569658349.99633
1569658350.24634
1569658350.49635
1569658350.74636
1569658350.99637
1569658351.24638
1569658351.4964
1569658351.74641
1569658351.99642
1569658352.24643
1569658352.49644
1569658352.74645
1569658352.99646
1569658353.24648
1569658353.49649
1569658353.7465
1569658353.99651
1569658354.24652
1569658354.49653
1569658354.74655
1569658354.99656
1569658355.24657
1569658355.49658
1569658355.74659
1569658355.9966
1569658356.24662
1569658356.49663
1569658356.74664
1569658356.99665
1569658357.24666
1569658357.49667
1569658357.74668
1569658357.9967
1569658358.24671
1569658358.49672
1569658358.74673
1569658358.99674
1569658359.24675
1569658359.49677
1569658359.74678
1569658359.99679
1569658360.2468
1569658360.49681
1569658360.74682
1569658360.99683
1569658361.24685
1569658361.49686
1569658361.74687
1569658361.99688
1569658362.24689
1569658362.4969
1569658362.74692
1569658362.99693
1569658363.24694
1569658363.49695
1569658363.74696
1569658363.99697
1569658364.24699
1569658364.497
1569658364.74701
1569658364.99702
1569658365.24703
1569658365.49704
1569658365.74705
1569658365.99707
1569658366.24708
1569658366.49709
1569658366.7471
1569658366.99711
1569658367.24712
1569658367.49714
1569658367.74715
1569658367.99716
1569658368.24717
1569658368.49718
1569658368.74719
1569658368.99721
1569658369.24722
1569658369.49723
1569658369.74724
1569658369.99725
1569658370.24726
1569658370.49727
1569658370.74729
1569658370.9973
1569658371.24731
1569658371.49732
1569658371.74733
1569658371.99734
1569658372.24736
1569658372.49737
1569658372.74738
1569658372.99739
1569658373.2474
1569658373.49741
1569658373.74743
1569658373.99744
1569658374.24745
1569658374.49746
1569658374.74747
1569658374.99748
1569658375.24749
1569658375.49751
1569658375.74752
1569658375.99753
1569658376.24754
1569658376.49755
1569658376.74756
1569658376.99758
1569658377.24759
1569658377.4976
1569658377.74761
1569658377.99762
1569658378.24763
1569658378.49765
1569658378.74766
1569658378.99767
1569658379.24768
1569658379.49769
1569658379.7477
1569658379.99771
1569658380.24773
1569658380.49774
1569658380.74775
1569658380.99776
1569658381.24777
1569658381.49778
1569658381.7478
1569658381.99781
1569658382.24782
1569658382.49783
1569658382.74784
1569658382.99785
1569658383.24787
1569658383.49788
1569658383.74789
1569658383.9979
1569658384.24791
1569658384.49792
1569658384.74793
1569658384.99795
1569658385.24796
1569658385.49797
1569658385.74798
1569658385.99799
1569658386.248
1569658386.49802
1569658386.74803
1569658386.99804
1569658387.24805
1569658387.49806
1569658387.74807
1569658387.99809
1569658388.2481
1569658388.49811
1569658388.74812
1569658388.99813
1569658389.24814
1569658389.49815
1569658389.74817
1569658389.99818
1569658390.24819
1569658390.4982
1569658390.74821
1569658390.99822
1569658391.24824
1569658391.49825
1569658391.74826
1569658391.99827
1569658392.24828
1569658392.49829
1569658392.74831
1569658392.99832
1569658393.24833
1569658393.49834
1569658393.74835
1569658393.99836
1569658394.24837
1569658394.49839
1569658394.7484
1569658394.99841
1569658395.24842
1569658395.49843
1569658395.74844
1569658395.99846
1569658396.24847
1569658396.49848
1569658396.74849
1569658396.9985
1569658397.24851
1569658397.49852
1569658397.74854
1569658397.99855
1569658398.24856
1569658398.49857
1569658398.74858
1569658398.99859
1569658399.24861
1569658399.49862
1569658399.74863
1569658399.99864
1569658400.24865
1569658400.49866
1569658400.74868
1569658400.99869
1569658401.2487
1569658401.49871
1569658401.74872
1569658401.99873
1569658402.24874
1569658402.49876
1569658402.74877
1569658402.99878
1569658403.24879
1569658403.4988
1569658403.74881
1569658403.99883
1569658404.24884
1569658404.49885
1569658404.74886
1569658404.99887
1569658405.24888
1569658405.4989
1569658405.74891
1569658405.99892
1569658406.24893
1569658406.49894
1569658406.74895
1569658406.99896
1569658407.24898
1569658407.49899
1569658407.749
1569658407.99901
1569658408.24902
1569658408.49903
1569658408.74905
1569658408.99906
1569658409.24907
1569658409.49908
1569658409.74909
1569658409.9991
1569658410.24912
1569658410.49913
1569658410.74914
1569658410.99915
1569658411.24916
1569658411.49917
1569658411.74918
1569658411.9992
1569658412.24921
1569658412.49922
1569658412.74923
1569658412.99924
1569658413.24925
1569658413.49927
1569658413.74928
1569658413.99929
1569658414.2493
1569658414.49931
1569658414.74932
1569658414.99934
1569658415.24935
1569658415.49936
1569658415.74937
1569658415.99938
1569658416.24939
1569658416.4994
1569658416.74942
1569658416.99943
1569658417.24944
1569658417.49945
1569658417.74946
1569658417.99947
1569658418.24949
1569658418.4995
1569658418.74951
1569658418.99952
1569658419.24953
1569658419.49954
1569658419.74956
1569658419.99957
1569658420.24958
1569658420.49959
1569658420.7496
1569658420.99961
1569658421.24962
1569658421.49964
1569658421.74965
1569658421.99966
1569658422.24967
1569658422.49968
1569658422.74969
1569658422.99971
1569658423.24972
1569658423.49973
1569658423.74974
1569658423.99975
1569658424.24976
1569658424.49977
1569658424.74979
1569658424.9998
1569658425.24981
1569658425.49982
1569658425.74983
1569658425.99984
1569658426.24986
1569658426.49987
1569658426.74988
1569658426.99989
