1569656950.18152
1569656950.43153
1569656950.68154
1569656950.93155
1569656951.18157
1569656951.43158
1569656951.68159
1569656951.9316
1569656952.18161
1569656952.43162
1569656952.68163
1569656952.93165
1569656953.18166
1569656953.43167
1569656953.68168
1569656953.93169
1569656954.1817
1569656954.43172
1569656954.68173
1569656954.93174
1569656955.18175
1569656955.43176
1569656955.68177
1569656955.93178
1569656956.1818
1569656956.43181
1569656956.68182
1569656956.93183
1569656957.18184
1569656957.43185
1569656957.68187
1569656957.93188
1569656958.18189
1569656958.4319
1569656958.68191
1569656958.93192
1569656959.18194
1569656959.43195
1569656959.68196
1569656959.93197
1569656960.18198
1569656960.43199
1569656960.682
1569656960.93202
1569656961.18203
1569656961.43204
1569656961.68205
1569656961.93206
1569656962.18207
1569656962.43209
1569656962.6821
1569656962.93211
1569656963.18212
1569656963.43213
1569656963.68214
1569656963.93216
1569656964.18217
1569656964.43218
1569656964.68219
1569656964.9322
1569656965.18221
1569656965.43222
1569656965.68224
1569656965.93225
1569656966.18226
1569656966.43227
1569656966.68228
1569656966.93229
1569656967.18231
1569656967.43232
1569656967.68233
1569656967.93234
1569656968.18235
1569656968.43236
1569656968.68238
1569656968.93239
1569656969.1824
1569656969.43241
1569656969.68242
1569656969.93243
1569656970.18244
1569656970.43246
1569656970.68247
1569656970.93248
1569656971.18249
1569656971.4325
1569656971.68251
1569656971.93253
1569656972.18254
1569656972.43255
1569656972.68256
1569656972.93257
1569656973.18258
1569656973.4326
1569656973.68261
1569656973.93262
1569656974.18263
1569656974.43264
1569656974.68265
1569656974.93266
1569656975.18268
1569656975.43269
1569656975.6827
1569656975.93271
1569656976.18272
1569656976.43273
1569656976.68275
1569656976.93276
1569656977.18277
1569656977.43278
1569656977.68279
1569656977.9328
1569656978.18282
1569656978.43283
1569656978.68284
1569656978.93285
1569656979.18286
1569656979.43287
1569656979.68288
1569656979.9329
1569656980.18291
1569656980.43292
1569656980.68293
1569656980.93294
1569656981.18295
1569656981.43297
1569656981.68298
1569656981.93299
1569656982.183
1569656982.43301
1569656982.68302
1569656982.93303
1569656983.18305
1569656983.43306
1569656983.68307
1569656983.93308
1569656984.18309
1569656984.4331
1569656984.68312
1569656984.93313
1569656985.18314
1569656985.43315
1569656985.68316
1569656985.93317
1569656986.18319
1569656986.4332
1569656986.68321
1569656986.93322
1569656987.18323
1569656987.43324
1569656987.68325
1569656987.93327
1569656988.18328
1569656988.43329
1569656988.6833
1569656988.93331
1569656989.18332
1569656989.43334
1569656989.68335
1569656989.93336
1569656990.18337
1569656990.43338
1569656990.68339
1569656990.93341
1569656991.18342
1569656991.43343
1569656991.68344
1569656991.93345
1569656992.18346
1569656992.43347
1569656992.68349
1569656992.9335
1569656993.18351
1569656993.43352
1569656993.68353
1569656993.93354
1569656994.18356
1569656994.43357
1569656994.68358
1569656994.93359
1569656995.1836
1569656995.43361
1569656995.68363
1569656995.93364
1569656996.18365
1569656996.43366
1569656996.68367
1569656996.93368
1569656997.18369
1569656997.43371
1569656997.68372
1569656997.93373
1569656998.18374
1569656998.43375
1569656998.68376
1569656998.93378
1569656999.18379
1569656999.4338
1569656999.68381
1569656999.93382
1569657000.18383
1569657000.43385
1569657000.68386
1569657000.93387
1569657001.18388
1569657001.43389
1569657001.6839
1569657001.93391
1569657002.18393
1569657002.43394
1569657002.68395
1569657002.93396
1569657003.18397
1569657003.43398
1569657003.684
1569657003.93401
1569657004.18402
1569657004.43403
1569657004.68404
1569657004.93405
1569657005.18407
1569657005.43408
1569657005.68409
1569657005.9341
1569657006.18411
1569657006.43412
1569657006.68413
1569657006.93415
1569657007.18416
1569657007.43417
1569657007.68418
1569657007.93419
1569657008.1842
1569657008.43422
1569657008.68423
1569657008.93424
1569657009.18425
1569657009.43426
1569657009.68427
1569657009.93428
1569657010.1843
1569657010.43431
1569657010.68432
1569657010.93433
1569657011.18434
1569657011.43435
1569657011.68437
1569657011.93438
1569657012.18439
1569657012.4344
1569657012.68441
1569657012.93442
1569657013.18444
1569657013.43445
1569657013.68446
1569657013.93447
1569657014.18448
1569657014.43449
1569657014.6845
1569657014.93452
1569657015.18453
1569657015.43454
1569657015.68455
1569657015.93456
1569657016.18457
1569657016.43459
1569657016.6846
1569657016.93461
1569657017.18462
1569657017.43463
1569657017.68464
1569657017.93466
1569657018.18467
1569657018.43468
1569657018.68469
1569657018.9347
1569657019.18471
1569657019.43472
1569657019.68474
1569657019.93475
1569657020.18476
1569657020.43477
1569657020.68478
1569657020.93479
1569657021.18481
1569657021.43482
1569657021.68483
1569657021.93484
1569657022.18485
1569657022.43486
1569657022.68488
1569657022.93489
1569657023.1849
1569657023.43491
1569657023.68492
1569657023.93493
1569657024.18494
1569657024.43496
1569657024.68497
1569657024.93498
1569657025.18499
1569657025.435
1569657025.68501
1569657025.93503
1569657026.18504
1569657026.43505
1569657026.68506
1569657026.93507
1569657027.18508
1569657027.4351
1569657027.68511
1569657027.93512
1569657028.18513
1569657028.43514
1569657028.68515
1569657028.93516
1569657029.18518
1569657029.43519
1569657029.6852
1569657029.93521
1569657030.18522
1569657030.43523
1569657030.68525
1569657030.93526
1569657031.18527
1569657031.43528
1569657031.68529
1569657031.9353
1569657032.18532
1569657032.43533
1569657032.68534
1569657032.93535
1569657033.18536
1569657033.43537
1569657033.68538
1569657033.9354
1569657034.18541
1569657034.43542
1569657034.68543
1569657034.93544
1569657035.18545
1569657035.43547
1569657035.68548
1569657035.93549
1569657036.1855
1569657036.43551
1569657036.68552
1569657036.93554
1569657037.18555
1569657037.43556
1569657037.68557
1569657037.93558
1569657038.18559
1569657038.4356
1569657038.68562
1569657038.93563
1569657039.18564
1569657039.43565
1569657039.68566
1569657039.93567
1569657040.18569
1569657040.4357
1569657040.68571
1569657040.93572
1569657041.18573
1569657041.43574
1569657041.68576
1569657041.93577
1569657042.18578
1569657042.43579
1569657042.6858
1569657042.93581
1569657043.18582
1569657043.43584
1569657043.68585
1569657043.93586
1569657044.18587
1569657044.43588
1569657044.68589
1569657044.93591
1569657045.18592
1569657045.43593
1569657045.68594
1569657045.93595
1569657046.18596
1569657046.43597
1569657046.68599
1569657046.936
1569657047.18601
1569657047.43602
1569657047.68603
1569657047.93604
1569657048.18606
1569657048.43607
1569657048.68608
1569657048.93609
1569657049.1861
1569657049.43611
1569657049.68613
1569657049.93614
1569657050.18615
1569657050.43616
1569657050.68617
1569657050.93618
1569657051.18619
1569657051.43621
1569657051.68622
1569657051.93623
1569657052.18624
1569657052.43625
1569657052.68626
1569657052.93628
1569657053.18629
1569657053.4363
1569657053.68631
1569657053.93632
1569657054.18633
1569657054.43635
1569657054.68636
1569657054.93637
1569657055.18638
1569657055.43639
1569657055.6864
1569657055.93641
1569657056.18643
1569657056.43644
1569657056.68645
1569657056.93646
1569657057.18647
1569657057.43648
1569657057.6865
1569657057.93651
1569657058.18652
1569657058.43653
1569657058.68654
1569657058.93655
1569657059.18657
1569657059.43658
1569657059.68659
1569657059.9366
1569657060.18661
1569657060.43662
1569657060.68663
1569657060.93665
1569657061.18666
1569657061.43667
1569657061.68668
1569657061.93669
1569657062.1867
1569657062.43672
1569657062.68673
1569657062.93674
1569657063.18675
1569657063.43676
1569657063.68677
1569657063.93679
1569657064.1868
1569657064.43681
1569657064.68682
1569657064.93683
1569657065.18684
1569657065.43685
1569657065.68687
1569657065.93688
1569657066.18689
1569657066.4369
1569657066.68691
1569657066.93692
1569657067.18694
1569657067.43695
1569657067.68696
1569657067.93697
1569657068.18698
1569657068.43699
1569657068.68701
1569657068.93702
1569657069.18703
1569657069.43704
1569657069.68705
1569657069.93706
1569657070.18707
1569657070.43709
1569657070.6871
1569657070.93711
1569657071.18712
1569657071.43713
1569657071.68714
1569657071.93716
1569657072.18717
1569657072.43718
1569657072.68719
1569657072.9372
1569657073.18721
1569657073.43723
1569657073.68724
1569657073.93725
1569657074.18726
1569657074.43727
1569657074.68728
1569657074.93729
1569657075.18731
1569657075.43732
1569657075.68733
1569657075.93734
1569657076.18735
1569657076.43736
1569657076.68738
1569657076.93739
1569657077.1874
1569657077.43741
1569657077.68742
1569657077.93743
1569657078.18744
1569657078.43746
1569657078.68747
1569657078.93748
1569657079.18749
1569657079.4375
1569657079.68751
1569657079.93753
1569657080.18754
1569657080.43755
1569657080.68756
1569657080.93757
1569657081.18758
1569657081.4376
1569657081.68761
1569657081.93762
1569657082.18763
1569657082.43764
1569657082.68765
1569657082.93766
1569657083.18768
1569657083.43769
1569657083.6877
1569657083.93771
1569657084.18772
1569657084.43773
1569657084.68775
1569657084.93776
1569657085.18777
1569657085.43778
1569657085.68779
1569657085.9378
1569657086.18782
1569657086.43783
1569657086.68784
1569657086.93785
1569657087.18786
1569657087.43787
1569657087.68788
1569657087.9379
1569657088.18791
1569657088.43792
1569657088.68793
1569657088.93794
1569657089.18795
1569657089.43797
1569657089.68798
1569657089.93799
1569657090.188
1569657090.43801
1569657090.68802
1569657090.93804
1569657091.18805
1569657091.43806
1569657091.68807
1569657091.93808
1569657092.18809
1569657092.4381
1569657092.68812
1569657092.93813
1569657093.18814
1569657093.43815
1569657093.68816
1569657093.93817
1569657094.18819
1569657094.4382
1569657094.68821
1569657094.93822
1569657095.18823
1569657095.43824
1569657095.68826
1569657095.93827
1569657096.18828
1569657096.43829
1569657096.6883
1569657096.93831
1569657097.18832
1569657097.43834
1569657097.68835
1569657097.93836
1569657098.18837
1569657098.43838
1569657098.68839
1569657098.93841
1569657099.18842
1569657099.43843
1569657099.68844
1569657099.93845
1569657100.18846
1569657100.43848
1569657100.68849
1569657100.9385
1569657101.18851
1569657101.43852
1569657101.68853
1569657101.93854
1569657102.18856
1569657102.43857
1569657102.68858
1569657102.93859
1569657103.1886
1569657103.43861
1569657103.68863
1569657103.93864
1569657104.18865
1569657104.43866
1569657104.68867
1569657104.93868
1569657105.18869
1569657105.43871
1569657105.68872
1569657105.93873
1569657106.18874
1569657106.43875
1569657106.68876
1569657106.93878
1569657107.18879
1569657107.4388
1569657107.68881
1569657107.93882
1569657108.18883
1569657108.43885
1569657108.68886
1569657108.93887
1569657109.18888
1569657109.43889
1569657109.6889
1569657109.93892
1569657110.18893
1569657110.43894
1569657110.68895
1569657110.93896
1569657111.18897
1569657111.43898
1569657111.689
1569657111.93901
1569657112.18902
1569657112.43903
1569657112.68904
1569657112.93905
1569657113.18907
1569657113.43908
1569657113.68909
1569657113.9391
1569657114.18911
1569657114.43912
1569657114.68913
1569657114.93915
1569657115.18916
1569657115.43917
1569657115.68918
1569657115.93919
1569657116.1892
1569657116.43922
1569657116.68923
1569657116.93924
1569657117.18925
1569657117.43926
1569657117.68927
1569657117.93929
1569657118.1893
1569657118.43931
1569657118.68932
1569657118.93933
1569657119.18934
1569657119.43935
1569657119.68937
1569657119.93938
1569657120.18939
1569657120.4394
1569657120.68941
1569657120.93942
1569657121.18944
1569657121.43945
1569657121.68946
1569657121.93947
1569657122.18948
1569657122.43949
1569657122.68951
1569657122.93952
1569657123.18953
1569657123.43954
1569657123.68955
1569657123.93956
1569657124.18957
1569657124.43959
1569657124.6896
1569657124.93961
1569657125.18962
1569657125.43963
1569657125.68964
1569657125.93966
1569657126.18967
1569657126.43968
1569657126.68969
1569657126.9397
1569657127.18971
1569657127.43973
1569657127.68974
1569657127.93975
1569657128.18976
1569657128.43977
1569657128.68978
1569657128.93979
1569657129.18981
1569657129.43982
1569657129.68983
1569657129.93984
1569657130.18985
1569657130.43986
1569657130.68988
1569657130.93989
1569657131.1899
1569657131.43991
1569657131.68992
1569657131.93993
1569657132.18994
1569657132.43996
1569657132.68997
1569657132.93998
1569657133.18999
1569657133.44
1569657133.69001
1569657133.94003
1569657134.19004
1569657134.44005
1569657134.69006
1569657134.94007
1569657135.19008
1569657135.4401
1569657135.69011
1569657135.94012
1569657136.19013
1569657136.44014
1569657136.69015
1569657136.94017
1569657137.19018
1569657137.44019
1569657137.6902
1569657137.94021
1569657138.19022
1569657138.44023
1569657138.69025
1569657138.94026
1569657139.19027
1569657139.44028
1569657139.69029
1569657139.9403
1569657140.19032
1569657140.44033
1569657140.69034
1569657140.94035
1569657141.19036
1569657141.44037
1569657141.69038
1569657141.9404
1569657142.19041
1569657142.44042
1569657142.69043
1569657142.94044
1569657143.19045
1569657143.44047
1569657143.69048
1569657143.94049
1569657144.1905
1569657144.44051
1569657144.69052
1569657144.94054
1569657145.19055
1569657145.44056
1569657145.69057
1569657145.94058
1569657146.19059
1569657146.4406
1569657146.69062
1569657146.94063
1569657147.19064
1569657147.44065
1569657147.69066
1569657147.94067
1569657148.19069
1569657148.4407
1569657148.69071
1569657148.94072
1569657149.19073
1569657149.44074
1569657149.69076
1569657149.94077
1569657150.19078
1569657150.44079
1569657150.6908
1569657150.94081
1569657151.19082
1569657151.44084
1569657151.69085
1569657151.94086
1569657152.19087
1569657152.44088
1569657152.69089
1569657152.94091
1569657153.19092
1569657153.44093
1569657153.69094
1569657153.94095
1569657154.19096
1569657154.44098
1569657154.69099
1569657154.941
1569657155.19101
1569657155.44102
1569657155.69103
1569657155.94104
1569657156.19106
1569657156.44107
1569657156.69108
1569657156.94109
1569657157.1911
1569657157.44111
1569657157.69113
1569657157.94114
1569657158.19115
1569657158.44116
1569657158.69117
1569657158.94118
1569657159.1912
1569657159.44121
1569657159.69122
1569657159.94123
1569657160.19124
1569657160.44125
1569657160.69126
1569657160.94128
1569657161.19129
1569657161.4413
1569657161.69131
1569657161.94132
1569657162.19133
1569657162.44135
1569657162.69136
1569657162.94137
1569657163.19138
1569657163.44139
1569657163.6914
1569657163.94142
1569657164.19143
1569657164.44144
1569657164.69145
1569657164.94146
1569657165.19147
1569657165.44148
1569657165.6915
1569657165.94151
1569657166.19152
1569657166.44153
1569657166.69154
1569657166.94155
1569657167.19157
1569657167.44158
1569657167.69159
1569657167.9416
1569657168.19161
1569657168.44162
1569657168.69163
1569657168.94165
1569657169.19166
1569657169.44167
1569657169.69168
1569657169.94169
1569657170.1917
1569657170.44172
1569657170.69173
1569657170.94174
1569657171.19175
1569657171.44176
1569657171.69177
1569657171.94179
1569657172.1918
1569657172.44181
1569657172.69182
1569657172.94183
1569657173.19184
1569657173.44185
1569657173.69187
1569657173.94188
1569657174.19189
1569657174.4419
1569657174.69191
1569657174.94192
1569657175.19194
1569657175.44195
1569657175.69196
1569657175.94197
1569657176.19198
1569657176.44199
1569657176.69201
1569657176.94202
1569657177.19203
1569657177.44204
1569657177.69205
1569657177.94206
1569657178.19207
1569657178.44209
1569657178.6921
1569657178.94211
1569657179.19212
1569657179.44213
1569657179.69214
1569657179.94216
1569657180.19217
1569657180.44218
1569657180.69219
1569657180.9422
1569657181.19221
1569657181.44223
1569657181.69224
1569657181.94225
1569657182.19226
1569657182.44227
1569657182.69228
1569657182.94229
1569657183.19231
1569657183.44232
1569657183.69233
1569657183.94234
1569657184.19235
1569657184.44236
1569657184.69238
1569657184.94239
1569657185.1924
1569657185.44241
1569657185.69242
1569657185.94243
1569657186.19245
1569657186.44246
1569657186.69247
1569657186.94248
1569657187.19249
1569657187.4425
1569657187.69251
1569657187.94253
1569657188.19254
1569657188.44255
1569657188.69256
1569657188.94257
1569657189.19258
1569657189.4426
1569657189.69261
1569657189.94262
1569657190.19263
1569657190.44264
1569657190.69265
1569657190.94267
1569657191.19268
1569657191.44269
1569657191.6927
1569657191.94271
1569657192.19272
1569657192.44273
1569657192.69275
1569657192.94276
1569657193.19277
1569657193.44278
1569657193.69279
1569657193.9428
1569657194.19282
1569657194.44283
1569657194.69284
1569657194.94285
1569657195.19286
1569657195.44287
1569657195.69289
1569657195.9429
1569657196.19291
1569657196.44292
1569657196.69293
1569657196.94294
1569657197.19295
1569657197.44297
1569657197.69298
1569657197.94299
1569657198.193
1569657198.44301
1569657198.69302
1569657198.94304
1569657199.19305
1569657199.44306
1569657199.69307
1569657199.94308
1569657200.19309
1569657200.4431
1569657200.69312
1569657200.94313
1569657201.19314
1569657201.44315
1569657201.69316
1569657201.94317
1569657202.19319
1569657202.4432
1569657202.69321
1569657202.94322
1569657203.19323
1569657203.44324
1569657203.69326
1569657203.94327
1569657204.19328
1569657204.44329
1569657204.6933
1569657204.94331
1569657205.19332
1569657205.44334
1569657205.69335
1569657205.94336
1569657206.19337
1569657206.44338
1569657206.69339
1569657206.94341
1569657207.19342
1569657207.44343
1569657207.69344
1569657207.94345
1569657208.19346
1569657208.44348
1569657208.69349
1569657208.9435
1569657209.19351
1569657209.44352
1569657209.69353
1569657209.94354
1569657210.19356
1569657210.44357
1569657210.69358
1569657210.94359
1569657211.1936
1569657211.44361
1569657211.69363
1569657211.94364
1569657212.19365
1569657212.44366
1569657212.69367
1569657212.94368
1569657213.1937
1569657213.44371
1569657213.69372
1569657213.94373
1569657214.19374
1569657214.44375
1569657214.69376
1569657214.94378
1569657215.19379
1569657215.4438
1569657215.69381
1569657215.94382
1569657216.19383
1569657216.44385
1569657216.69386
1569657216.94387
1569657217.19388
1569657217.44389
1569657217.6939
1569657217.94392
1569657218.19393
1569657218.44394
1569657218.69395
1569657218.94396
1569657219.19397
1569657219.44398
1569657219.694
1569657219.94401
1569657220.19402
1569657220.44403
1569657220.69404
1569657220.94405
1569657221.19407
1569657221.44408
1569657221.69409
1569657221.9441
1569657222.19411
1569657222.44412
1569657222.69414
1569657222.94415
1569657223.19416
1569657223.44417
1569657223.69418
1569657223.94419
1569657224.1942
1569657224.44422
1569657224.69423
1569657224.94424
1569657225.19425
1569657225.44426
1569657225.69427
1569657225.94429
1569657226.1943
1569657226.44431
1569657226.69432
1569657226.94433
1569657227.19434
1569657227.44436
1569657227.69437
1569657227.94438
1569657228.19439
1569657228.4444
1569657228.69441
1569657228.94442
1569657229.19444
1569657229.44445
1569657229.69446
1569657229.94447
1569657230.19448
1569657230.44449
1569657230.69451
1569657230.94452
1569657231.19453
1569657231.44454
1569657231.69455
1569657231.94456
1569657232.19458
1569657232.44459
1569657232.6946
1569657232.94461
1569657233.19462
1569657233.44463
1569657233.69464
1569657233.94466
1569657234.19467
1569657234.44468
1569657234.69469
1569657234.9447
1569657235.19471
1569657235.44473
1569657235.69474
1569657235.94475
1569657236.19476
1569657236.44477
1569657236.69478
1569657236.94479
1569657237.19481
1569657237.44482
1569657237.69483
1569657237.94484
1569657238.19485
1569657238.44486
1569657238.69488
1569657238.94489
1569657239.1949
1569657239.44491
1569657239.69492
1569657239.94493
1569657240.19495
1569657240.44496
1569657240.69497
1569657240.94498
1569657241.19499
1569657241.445
1569657241.69501
1569657241.94503
1569657242.19504
1569657242.44505
1569657242.69506
1569657242.94507
1569657243.19508
1569657243.4451
1569657243.69511
1569657243.94512
1569657244.19513
1569657244.44514
1569657244.69515
1569657244.94517
1569657245.19518
1569657245.44519
1569657245.6952
1569657245.94521
1569657246.19522
1569657246.44523
1569657246.69525
1569657246.94526
1569657247.19527
1569657247.44528
1569657247.69529
1569657247.9453
1569657248.19532
1569657248.44533
1569657248.69534
1569657248.94535
1569657249.19536
1569657249.44537
1569657249.69539
1569657249.9454
