1569655500.11439
1569655500.3644
1569655500.61441
1569655500.86442
1569655501.11443
1569655501.36444
1569655501.61445
1569655501.86447
1569655502.11448
1569655502.36449
1569655502.6145
1569655502.86451
1569655503.11452
1569655503.36454
1569655503.61455
1569655503.86456
1569655504.11457
1569655504.36458
1569655504.61459
1569655504.8646
1569655505.11462
1569655505.36463
1569655505.61464
1569655505.86465
1569655506.11466
1569655506.36467
1569655506.61469
1569655506.8647
1569655507.11471
1569655507.36472
1569655507.61473
1569655507.86474
1569655508.11476
1569655508.36477
1569655508.61478
1569655508.86479
1569655509.1148
1569655509.36481
1569655509.61483
1569655509.86484
1569655510.11485
1569655510.36486
1569655510.61487
1569655510.86488
1569655511.11489
1569655511.36491
1569655511.61492
1569655511.86493
1569655512.11494
1569655512.36495
1569655512.61496
1569655512.86498
1569655513.11499
1569655513.365
1569655513.61501
1569655513.86502
1569655514.11503
1569655514.36504
1569655514.61506
1569655514.86507
1569655515.11508
1569655515.36509
1569655515.6151
1569655515.86511
1569655516.11513
1569655516.36514
1569655516.61515
1569655516.86516
1569655517.11517
1569655517.36518
1569655517.6152
1569655517.86521
1569655518.11522
1569655518.36523
1569655518.61524
1569655518.86525
1569655519.11526
1569655519.36528
1569655519.61529
1569655519.8653
1569655520.11531
1569655520.36532
1569655520.61533
1569655520.86535
1569655521.11536
1569655521.36537
1569655521.61538
1569655521.86539
1569655522.1154
1569655522.36542
1569655522.61543
1569655522.86544
1569655523.11545
1569655523.36546
1569655523.61547
1569655523.86548
1569655524.1155
1569655524.36551
1569655524.61552
1569655524.86553
1569655525.11554
1569655525.36555
1569655525.61557
1569655525.86558
1569655526.11559
1569655526.3656
1569655526.61561
1569655526.86562
1569655527.11564
1569655527.36565
1569655527.61566
1569655527.86567
1569655528.11568
1569655528.36569
1569655528.6157
1569655528.86572
1569655529.11573
1569655529.36574
1569655529.61575
1569655529.86576
1569655530.11577
1569655530.36579
1569655530.6158
1569655530.86581
1569655531.11582
1569655531.36583
1569655531.61584
1569655531.86585
1569655532.11587
1569655532.36588
1569655532.61589
1569655532.8659
1569655533.11591
1569655533.36592
1569655533.61594
1569655533.86595
1569655534.11596
1569655534.36597
1569655534.61598
1569655534.86599
1569655535.11601
1569655535.36602
1569655535.61603
1569655535.86604
1569655536.11605
1569655536.36606
1569655536.61608
1569655536.86609
1569655537.1161
1569655537.36611
1569655537.61612
1569655537.86613
1569655538.11614
1569655538.36616
1569655538.61617
1569655538.86618
1569655539.11619
1569655539.3662
1569655539.61621
1569655539.86623
1569655540.11624
1569655540.36625
1569655540.61626
1569655540.86627
1569655541.11628
1569655541.36629
1569655541.61631
1569655541.86632
1569655542.11633
1569655542.36634
1569655542.61635
1569655542.86636
1569655543.11638
1569655543.36639
1569655543.6164
1569655543.86641
1569655544.11642
1569655544.36643
1569655544.61645
1569655544.86646
1569655545.11647
1569655545.36648
1569655545.61649
1569655545.8665
1569655546.11651
1569655546.36653
1569655546.61654
1569655546.86655
1569655547.11656
1569655547.36657
1569655547.61658
1569655547.8666
1569655548.11661
1569655548.36662
1569655548.61663
1569655548.86664
1569655549.11665
1569655549.36667
1569655549.61668
1569655549.86669
1569655550.1167
1569655550.36671
1569655550.61672
1569655550.86673
1569655551.11675
1569655551.36676
1569655551.61677
1569655551.86678
1569655552.11679
1569655552.3668
1569655552.61682
1569655552.86683
1569655553.11684
1569655553.36685
1569655553.61686
1569655553.86687
1569655554.11689
1569655554.3669
1569655554.61691
1569655554.86692
1569655555.11693
1569655555.36694
1569655555.61695
1569655555.86697
1569655556.11698
1569655556.36699
1569655556.617
1569655556.86701
1569655557.11702
1569655557.36704
1569655557.61705
1569655557.86706
1569655558.11707
1569655558.36708
1569655558.61709
1569655558.86711
1569655559.11712
1569655559.36713
1569655559.61714
1569655559.86715
1569655560.11716
1569655560.36717
1569655560.61719
1569655560.8672
1569655561.11721
1569655561.36722
1569655561.61723
1569655561.86724
1569655562.11726
1569655562.36727
1569655562.61728
1569655562.86729
1569655563.1173
1569655563.36731
1569655563.61733
1569655563.86734
1569655564.11735
1569655564.36736
1569655564.61737
1569655564.86738
1569655565.11739
1569655565.36741
1569655565.61742
1569655565.86743
1569655566.11744
1569655566.36745
1569655566.61746
1569655566.86748
1569655567.11749
1569655567.3675
1569655567.61751
1569655567.86752
1569655568.11753
1569655568.36754
1569655568.61756
1569655568.86757
1569655569.11758
1569655569.36759
1569655569.6176
1569655569.86761
1569655570.11763
1569655570.36764
1569655570.61765
1569655570.86766
1569655571.11767
1569655571.36768
1569655571.6177
1569655571.86771
1569655572.11772
1569655572.36773
1569655572.61774
1569655572.86775
1569655573.11776
1569655573.36778
1569655573.61779
1569655573.8678
1569655574.11781
1569655574.36782
1569655574.61783
1569655574.86785
1569655575.11786
1569655575.36787
1569655575.61788
1569655575.86789
1569655576.1179
1569655576.36792
1569655576.61793
1569655576.86794
1569655577.11795
1569655577.36796
1569655577.61797
1569655577.86798
1569655578.118
1569655578.36801
1569655578.61802
1569655578.86803
1569655579.11804
1569655579.36805
1569655579.61807
1569655579.86808
1569655580.11809
1569655580.3681
1569655580.61811
1569655580.86812
1569655581.11814
1569655581.36815
1569655581.61816
1569655581.86817
1569655582.11818
1569655582.36819
1569655582.6182
1569655582.86822
1569655583.11823
1569655583.36824
1569655583.61825
1569655583.86826
1569655584.11827
1569655584.36829
1569655584.6183
1569655584.86831
1569655585.11832
1569655585.36833
1569655585.61834
1569655585.86836
1569655586.11837
1569655586.36838
1569655586.61839
1569655586.8684
1569655587.11841
1569655587.36842
1569655587.61844
1569655587.86845
1569655588.11846
1569655588.36847
1569655588.61848
1569655588.86849
1569655589.11851
1569655589.36852
1569655589.61853
1569655589.86854
1569655590.11855
1569655590.36856
1569655590.61858
1569655590.86859
1569655591.1186
1569655591.36861
1569655591.61862
1569655591.86863
1569655592.11864
1569655592.36866
1569655592.61867
1569655592.86868
1569655593.11869
1569655593.3687
1569655593.61871
1569655593.86873
1569655594.11874
1569655594.36875
1569655594.61876
1569655594.86877
1569655595.11878
1569655595.3688
1569655595.61881
1569655595.86882
1569655596.11883
1569655596.36884
1569655596.61885
1569655596.86886
1569655597.11888
1569655597.36889
1569655597.6189
1569655597.86891
1569655598.11892
1569655598.36893
1569655598.61895
1569655598.86896
1569655599.11897
1569655599.36898
1569655599.61899
1569655599.869
1569655600.11901
1569655600.36903
1569655600.61904
1569655600.86905
1569655601.11906
1569655601.36907
1569655601.61908
1569655601.8691
1569655602.11911
1569655602.36912
1569655602.61913
1569655602.86914
1569655603.11915
1569655603.36917
1569655603.61918
1569655603.86919
1569655604.1192
1569655604.36921
1569655604.61922
1569655604.86923
1569655605.11925
1569655605.36926
1569655605.61927
1569655605.86928
1569655606.11929
1569655606.3693
1569655606.61932
1569655606.86933
1569655607.11934
1569655607.36935
1569655607.61936
1569655607.86937
1569655608.11939
1569655608.3694
1569655608.61941
1569655608.86942
1569655609.11943
1569655609.36944
1569655609.61945
1569655609.86947
1569655610.11948
1569655610.36949
1569655610.6195
1569655610.86951
1569655611.11952
1569655611.36954
1569655611.61955
1569655611.86956
1569655612.11957
1569655612.36958
1569655612.61959
1569655612.86961
1569655613.11962
1569655613.36963
1569655613.61964
1569655613.86965
1569655614.11966
1569655614.36967
1569655614.61969
1569655614.8697
1569655615.11971
1569655615.36972
1569655615.61973
1569655615.86974
1569655616.11976
1569655616.36977
1569655616.61978
1569655616.86979
1569655617.1198
1569655617.36981
1569655617.61983
1569655617.86984
1569655618.11985
1569655618.36986
1569655618.61987
1569655618.86988
1569655619.11989
1569655619.36991
1569655619.61992
1569655619.86993
1569655620.11994
1569655620.36995
1569655620.61996
1569655620.86998
1569655621.11999
1569655621.37
1569655621.62001
1569655621.87002
1569655622.12003
1569655622.37005
1569655622.62006
1569655622.87007
1569655623.12008
1569655623.37009
1569655623.6201
1569655623.87011
1569655624.12013
1569655624.37014
1569655624.62015
1569655624.87016
1569655625.12017
1569655625.37018
1569655625.6202
1569655625.87021
1569655626.12022
1569655626.37023
1569655626.62024
1569655626.87025
1569655627.12027
1569655627.37028
1569655627.62029
1569655627.8703
1569655628.12031
1569655628.37032
1569655628.62033
1569655628.87035
1569655629.12036
1569655629.37037
1569655629.62038
1569655629.87039
1569655630.1204
1569655630.37042
1569655630.62043
1569655630.87044
1569655631.12045
1569655631.37046
1569655631.62047
1569655631.87049
1569655632.1205
1569655632.37051
1569655632.62052
1569655632.87053
1569655633.12054
1569655633.37055
1569655633.62057
1569655633.87058
1569655634.12059
1569655634.3706
1569655634.62061
1569655634.87062
1569655635.12064
1569655635.37065
1569655635.62066
1569655635.87067
1569655636.12068
1569655636.37069
1569655636.6207
1569655636.87072
1569655637.12073
1569655637.37074
1569655637.62075
1569655637.87076
1569655638.12077
1569655638.37079
1569655638.6208
1569655638.87081
1569655639.12082
1569655639.37083
1569655639.62084
1569655639.87086
1569655640.12087
1569655640.37088
1569655640.62089
1569655640.8709
1569655641.12091
1569655641.37092
1569655641.62094
1569655641.87095
1569655642.12096
1569655642.37097
1569655642.62098
1569655642.87099
1569655643.12101
1569655643.37102
1569655643.62103
1569655643.87104
1569655644.12105
1569655644.37106
1569655644.62108
1569655644.87109
1569655645.1211
1569655645.37111
1569655645.62112
1569655645.87113
1569655646.12114
1569655646.37116
1569655646.62117
1569655646.87118
1569655647.12119
1569655647.3712
1569655647.62121
1569655647.87123
1569655648.12124
1569655648.37125
1569655648.62126
1569655648.87127
1569655649.12128
1569655649.3713
1569655649.62131
1569655649.87132
1569655650.12133
1569655650.37134
1569655650.62135
1569655650.87136
1569655651.12138
1569655651.37139
1569655651.6214
1569655651.87141
1569655652.12142
1569655652.37143
1569655652.62145
1569655652.87146
1569655653.12147
1569655653.37148
1569655653.62149
1569655653.8715
1569655654.12152
1569655654.37153
1569655654.62154
1569655654.87155
1569655655.12156
1569655655.37157
1569655655.62158
1569655655.8716
1569655656.12161
1569655656.37162
1569655656.62163
1569655656.87164
1569655657.12165
1569655657.37167
1569655657.62168
1569655657.87169
1569655658.1217
1569655658.37171
1569655658.62172
1569655658.87174
1569655659.12175
1569655659.37176
1569655659.62177
1569655659.87178
1569655660.12179
1569655660.3718
1569655660.62182
1569655660.87183
1569655661.12184
1569655661.37185
1569655661.62186
1569655661.87187
1569655662.12189
1569655662.3719
1569655662.62191
1569655662.87192
1569655663.12193
1569655663.37194
1569655663.62195
1569655663.87197
1569655664.12198
1569655664.37199
1569655664.622
1569655664.87201
1569655665.12202
1569655665.37204
1569655665.62205
1569655665.87206
1569655666.12207
1569655666.37208
1569655666.62209
1569655666.87211
1569655667.12212
1569655667.37213
1569655667.62214
1569655667.87215
1569655668.12216
1569655668.37217
1569655668.62219
1569655668.8722
1569655669.12221
1569655669.37222
1569655669.62223
1569655669.87224
1569655670.12226
1569655670.37227
1569655670.62228
1569655670.87229
1569655671.1223
1569655671.37231
1569655671.62233
1569655671.87234
1569655672.12235
1569655672.37236
1569655672.62237
1569655672.87238
1569655673.12239
1569655673.37241
1569655673.62242
1569655673.87243
1569655674.12244
1569655674.37245
1569655674.62246
1569655674.87248
1569655675.12249
1569655675.3725
1569655675.62251
1569655675.87252
1569655676.12253
1569655676.37255
1569655676.62256
1569655676.87257
1569655677.12258
1569655677.37259
1569655677.6226
1569655677.87261
1569655678.12263
1569655678.37264
1569655678.62265
1569655678.87266
1569655679.12267
1569655679.37268
1569655679.6227
1569655679.87271
1569655680.12272
1569655680.37273
1569655680.62274
1569655680.87275
1569655681.12277
1569655681.37278
1569655681.62279
1569655681.8728
1569655682.12281
1569655682.37282
1569655682.62283
1569655682.87285
1569655683.12286
1569655683.37287
1569655683.62288
1569655683.87289
1569655684.1229
1569655684.37292
1569655684.62293
1569655684.87294
1569655685.12295
1569655685.37296
1569655685.62297
1569655685.87299
1569655686.123
1569655686.37301
1569655686.62302
1569655686.87303
1569655687.12304
1569655687.37305
1569655687.62307
1569655687.87308
1569655688.12309
1569655688.3731
1569655688.62311
1569655688.87312
1569655689.12314
1569655689.37315
1569655689.62316
1569655689.87317
1569655690.12318
1569655690.37319
1569655690.6232
1569655690.87322
1569655691.12323
1569655691.37324
1569655691.62325
1569655691.87326
1569655692.12327
1569655692.37329
1569655692.6233
1569655692.87331
1569655693.12332
1569655693.37333
1569655693.62334
1569655693.87336
1569655694.12337
1569655694.37338
1569655694.62339
1569655694.8734
1569655695.12341
1569655695.37343
1569655695.62344
1569655695.87345
1569655696.12346
1569655696.37347
1569655696.62348
1569655696.87349
1569655697.12351
1569655697.37352
1569655697.62353
1569655697.87354
1569655698.12355
1569655698.37356
1569655698.62358
1569655698.87359
1569655699.1236
1569655699.37361
1569655699.62362
1569655699.87363
1569655700.12364
1569655700.37366
1569655700.62367
1569655700.87368
1569655701.12369
1569655701.3737
1569655701.62371
1569655701.87373
1569655702.12374
1569655702.37375
1569655702.62376
1569655702.87377
1569655703.12378
1569655703.3738
1569655703.62381
1569655703.87382
1569655704.12383
1569655704.37384
1569655704.62385
1569655704.87386
1569655705.12388
1569655705.37389
1569655705.6239
1569655705.87391
1569655706.12392
1569655706.37393
1569655706.62395
1569655706.87396
1569655707.12397
1569655707.37398
1569655707.62399
1569655707.874
1569655708.12402
1569655708.37403
1569655708.62404
1569655708.87405
1569655709.12406
1569655709.37407
1569655709.62408
1569655709.8741
1569655710.12411
1569655710.37412
1569655710.62413
1569655710.87414
1569655711.12415
1569655711.37417
1569655711.62418
1569655711.87419
1569655712.1242
1569655712.37421
1569655712.62422
1569655712.87424
1569655713.12425
1569655713.37426
1569655713.62427
1569655713.87428
1569655714.12429
1569655714.3743
1569655714.62432
1569655714.87433
1569655715.12434
1569655715.37435
1569655715.62436
1569655715.87437
1569655716.12439
1569655716.3744
1569655716.62441
1569655716.87442
1569655717.12443
1569655717.37444
1569655717.62446
1569655717.87447
1569655718.12448
1569655718.37449
1569655718.6245
1569655718.87451
1569655719.12452
1569655719.37454
1569655719.62455
1569655719.87456
1569655720.12457
1569655720.37458
1569655720.62459
1569655720.87461
1569655721.12462
1569655721.37463
1569655721.62464
1569655721.87465
1569655722.12466
1569655722.37468
1569655722.62469
1569655722.8747
1569655723.12471
1569655723.37472
1569655723.62473
1569655723.87474
1569655724.12476
1569655724.37477
1569655724.62478
1569655724.87479
1569655725.1248
1569655725.37481
1569655725.62483
1569655725.87484
1569655726.12485
1569655726.37486
1569655726.62487
1569655726.87488
1569655727.12489
1569655727.37491
1569655727.62492
1569655727.87493
1569655728.12494
1569655728.37495
1569655728.62496
1569655728.87498
1569655729.12499
1569655729.375
1569655729.62501
1569655729.87502
1569655730.12503
1569655730.37505
1569655730.62506
1569655730.87507
1569655731.12508
1569655731.37509
1569655731.6251
1569655731.87511
1569655732.12513
1569655732.37514
1569655732.62515
1569655732.87516
1569655733.12517
1569655733.37518
1569655733.6252
1569655733.87521
1569655734.12522
1569655734.37523
1569655734.62524
1569655734.87525
1569655735.12527
1569655735.37528
1569655735.62529
1569655735.8753
1569655736.12531
1569655736.37532
1569655736.62533
1569655736.87535
1569655737.12536
1569655737.37537
1569655737.62538
1569655737.87539
1569655738.1254
1569655738.37542
1569655738.62543
1569655738.87544
1569655739.12545
1569655739.37546
1569655739.62547
1569655739.87549
1569655740.1255
1569655740.37551
1569655740.62552
1569655740.87553
1569655741.12554
1569655741.37555
1569655741.62557
1569655741.87558
1569655742.12559
1569655742.3756
1569655742.62561
1569655742.87562
1569655743.12564
1569655743.37565
1569655743.62566
1569655743.87567
1569655744.12568
1569655744.37569
1569655744.62571
1569655744.87572
1569655745.12573
1569655745.37574
1569655745.62575
1569655745.87576
1569655746.12577
1569655746.37579
1569655746.6258
1569655746.87581
1569655747.12582
1569655747.37583
1569655747.62584
1569655747.87586
1569655748.12587
1569655748.37588
1569655748.62589
1569655748.8759
1569655749.12591
1569655749.37593
1569655749.62594
1569655749.87595
1569655750.12596
1569655750.37597
1569655750.62598
1569655750.87599
1569655751.12601
1569655751.37602
1569655751.62603
1569655751.87604
1569655752.12605
1569655752.37606
1569655752.62608
1569655752.87609
1569655753.1261
1569655753.37611
1569655753.62612
1569655753.87613
1569655754.12615
1569655754.37616
1569655754.62617
1569655754.87618
1569655755.12619
1569655755.3762
1569655755.62621
1569655755.87623
1569655756.12624
1569655756.37625
1569655756.62626
1569655756.87627
1569655757.12628
1569655757.3763
1569655757.62631
1569655757.87632
1569655758.12633
1569655758.37634
1569655758.62635
1569655758.87636
1569655759.12638
1569655759.37639
1569655759.6264
1569655759.87641
1569655760.12642
1569655760.37643
1569655760.62645
1569655760.87646
1569655761.12647
1569655761.37648
1569655761.62649
1569655761.8765
1569655762.12652
1569655762.37653
1569655762.62654
1569655762.87655
1569655763.12656
1569655763.37657
1569655763.62658
1569655763.8766
1569655764.12661
1569655764.37662
1569655764.62663
1569655764.87664
1569655765.12665
1569655765.37667
1569655765.62668
1569655765.87669
1569655766.1267
1569655766.37671
1569655766.62672
1569655766.87674
1569655767.12675
1569655767.37676
1569655767.62677
1569655767.87678
1569655768.12679
1569655768.3768
1569655768.62682
1569655768.87683
1569655769.12684
1569655769.37685
1569655769.62686
1569655769.87687
1569655770.12689
1569655770.3769
1569655770.62691
1569655770.87692
1569655771.12693
1569655771.37694
1569655771.62696
1569655771.87697
1569655772.12698
1569655772.37699
1569655772.627
1569655772.87701
1569655773.12702
1569655773.37704
1569655773.62705
1569655773.87706
1569655774.12707
1569655774.37708
1569655774.62709
1569655774.87711
1569655775.12712
1569655775.37713
1569655775.62714
1569655775.87715
1569655776.12716
1569655776.37718
1569655776.62719
1569655776.8772
1569655777.12721
1569655777.37722
1569655777.62723
1569655777.87724
1569655778.12726
1569655778.37727
1569655778.62728
1569655778.87729
1569655779.1273
1569655779.37731
1569655779.62733
1569655779.87734
1569655780.12735
1569655780.37736
1569655780.62737
1569655780.87738
1569655781.1274
1569655781.37741
1569655781.62742
1569655781.87743
1569655782.12744
1569655782.37745
1569655782.62746
1569655782.87748
1569655783.12749
1569655783.3775
1569655783.62751
1569655783.87752
1569655784.12753
1569655784.37755
1569655784.62756
1569655784.87757
1569655785.12758
1569655785.37759
1569655785.6276
1569655785.87761
1569655786.12763
1569655786.37764
1569655786.62765
1569655786.87766
1569655787.12767
1569655787.37768
1569655787.6277
1569655787.87771
1569655788.12772
1569655788.37773
1569655788.62774
1569655788.87775
1569655789.12777
1569655789.37778
1569655789.62779
1569655789.8778
1569655790.12781
1569655790.37782
1569655790.62784
1569655790.87785
1569655791.12786
1569655791.37787
1569655791.62788
1569655791.87789
1569655792.1279
1569655792.37792
1569655792.62793
1569655792.87794
1569655793.12795
1569655793.37796
1569655793.62797
1569655793.87799
1569655794.128
1569655794.37801
1569655794.62802
1569655794.87803
1569655795.12804
1569655795.37805
1569655795.62807
1569655795.87808
1569655796.12809
1569655796.3781
1569655796.62811
1569655796.87812
1569655797.12814
1569655797.37815
1569655797.62816
1569655797.87817
1569655798.12818
1569655798.37819
1569655798.62821
1569655798.87822
1569655799.12823
1569655799.37824
1569655799.62825
1569655799.87826
