1569655990.13707
1569655990.38708
1569655990.63709
1569655990.88711
1569655991.13712
1569655991.38713
1569655991.63714
1569655991.88715
1569655992.13716
1569655992.38718
1569655992.63719
1569655992.8872
1569655993.13721
1569655993.38722
1569655993.63723
1569655993.88725
1569655994.13726
1569655994.38727
1569655994.63728
1569655994.88729
1569655995.1373
1569655995.38731
1569655995.63733
1569655995.88734
1569655996.13735
1569655996.38736
1569655996.63737
1569655996.88738
1569655997.1374
1569655997.38741
1569655997.63742
1569655997.88743
1569655998.13744
1569655998.38745
1569655998.63747
1569655998.88748
1569655999.13749
1569655999.3875
1569655999.63751
1569655999.88752
1569656000.13753
1569656000.38755
1569656000.63756
1569656000.88757
1569656001.13758
1569656001.38759
1569656001.6376
1569656001.88762
1569656002.13763
1569656002.38764
1569656002.63765
1569656002.88766
1569656003.13767
1569656003.38769
1569656003.6377
1569656003.88771
1569656004.13772
1569656004.38773
1569656004.63774
1569656004.88775
1569656005.13777
1569656005.38778
1569656005.63779
1569656005.8878
1569656006.13781
1569656006.38782
1569656006.63784
1569656006.88785
1569656007.13786
1569656007.38787
1569656007.63788
1569656007.88789
1569656008.1379
1569656008.38792
1569656008.63793
1569656008.88794
1569656009.13795
1569656009.38796
1569656009.63797
1569656009.88799
1569656010.138
1569656010.38801
1569656010.63802
1569656010.88803
1569656011.13804
1569656011.38806
1569656011.63807
1569656011.88808
1569656012.13809
1569656012.3881
1569656012.63811
1569656012.88812
1569656013.13814
1569656013.38815
1569656013.63816
1569656013.88817
1569656014.13818
1569656014.38819
1569656014.63821
1569656014.88822
1569656015.13823
1569656015.38824
1569656015.63825
1569656015.88826
1569656016.13828
1569656016.38829
1569656016.6383
1569656016.88831
1569656017.13832
1569656017.38833
1569656017.63834
1569656017.88836
1569656018.13837
1569656018.38838
1569656018.63839
1569656018.8884
1569656019.13841
1569656019.38843
1569656019.63844
1569656019.88845
1569656020.13846
1569656020.38847
1569656020.63848
1569656020.8885
1569656021.13851
1569656021.38852
1569656021.63853
1569656021.88854
1569656022.13855
1569656022.38856
1569656022.63858
1569656022.88859
1569656023.1386
1569656023.38861
1569656023.63862
1569656023.88863
1569656024.13865
1569656024.38866
1569656024.63867
1569656024.88868
1569656025.13869
1569656025.3887
1569656025.63872
1569656025.88873
1569656026.13874
1569656026.38875
1569656026.63876
1569656026.88877
1569656027.13878
1569656027.3888
1569656027.63881
1569656027.88882
1569656028.13883
1569656028.38884
1569656028.63885
1569656028.88887
1569656029.13888
1569656029.38889
1569656029.6389
1569656029.88891
1569656030.13892
1569656030.38894
1569656030.63895
1569656030.88896
1569656031.13897
1569656031.38898
1569656031.63899
1569656031.889
1569656032.13902
1569656032.38903
1569656032.63904
1569656032.88905
1569656033.13906
1569656033.38907
1569656033.63909
1569656033.8891
1569656034.13911
1569656034.38912
1569656034.63913
1569656034.88914
1569656035.13916
1569656035.38917
1569656035.63918
1569656035.88919
1569656036.1392
1569656036.38921
1569656036.63922
1569656036.88924
1569656037.13925
1569656037.38926
1569656037.63927
1569656037.88928
1569656038.13929
1569656038.38931
1569656038.63932
1569656038.88933
1569656039.13934
1569656039.38935
1569656039.63936
1569656039.88937
1569656040.13939
1569656040.3894
1569656040.63941
1569656040.88942
1569656041.13943
1569656041.38944
1569656041.63946
1569656041.88947
1569656042.13948
1569656042.38949
1569656042.6395
1569656042.88951
1569656043.13953
1569656043.38954
1569656043.63955
1569656043.88956
1569656044.13957
1569656044.38958
1569656044.63959
1569656044.88961
1569656045.13962
1569656045.38963
1569656045.63964
1569656045.88965
1569656046.13966
1569656046.38968
1569656046.63969
1569656046.8897
1569656047.13971
1569656047.38972
1569656047.63973
1569656047.88975
1569656048.13976
1569656048.38977
1569656048.63978
1569656048.88979
1569656049.1398
1569656049.38981
1569656049.63983
1569656049.88984
1569656050.13985
1569656050.38986
1569656050.63987
1569656050.88988
1569656051.1399
1569656051.38991
1569656051.63992
1569656051.88993
1569656052.13994
1569656052.38995
1569656052.63997
1569656052.88998
1569656053.13999
1569656053.39
1569656053.64001
1569656053.89002
1569656054.14003
1569656054.39005
1569656054.64006
1569656054.89007
1569656055.14008
1569656055.39009
1569656055.6401
1569656055.89012
1569656056.14013
1569656056.39014
1569656056.64015
1569656056.89016
1569656057.14017
1569656057.39019
1569656057.6402
1569656057.89021
1569656058.14022
1569656058.39023
1569656058.64024
1569656058.89025
1569656059.14027
1569656059.39028
1569656059.64029
1569656059.8903
1569656060.14031
1569656060.39032
1569656060.64034
1569656060.89035
1569656061.14036
1569656061.39037
1569656061.64038
1569656061.89039
1569656062.14041
1569656062.39042
1569656062.64043
1569656062.89044
1569656063.14045
1569656063.39046
1569656063.64047
1569656063.89049
1569656064.1405
1569656064.39051
1569656064.64052
1569656064.89053
1569656065.14054
1569656065.39056
1569656065.64057
1569656065.89058
1569656066.14059
1569656066.3906
1569656066.64061
1569656066.89063
1569656067.14064
1569656067.39065
1569656067.64066
1569656067.89067
1569656068.14068
1569656068.39069
1569656068.64071
1569656068.89072
1569656069.14073
1569656069.39074
1569656069.64075
1569656069.89076
1569656070.14078
1569656070.39079
1569656070.6408
1569656070.89081
1569656071.14082
1569656071.39083
1569656071.64085
1569656071.89086
1569656072.14087
1569656072.39088
1569656072.64089
1569656072.8909
1569656073.14091
1569656073.39093
1569656073.64094
1569656073.89095
1569656074.14096
1569656074.39097
1569656074.64098
1569656074.891
1569656075.14101
1569656075.39102
1569656075.64103
1569656075.89104
1569656076.14105
1569656076.39106
1569656076.64108
1569656076.89109
1569656077.1411
1569656077.39111
1569656077.64112
1569656077.89113
1569656078.14115
1569656078.39116
1569656078.64117
1569656078.89118
1569656079.14119
1569656079.3912
1569656079.64122
1569656079.89123
1569656080.14124
1569656080.39125
1569656080.64126
1569656080.89127
1569656081.14128
1569656081.3913
1569656081.64131
1569656081.89132
1569656082.14133
1569656082.39134
1569656082.64135
1569656082.89137
1569656083.14138
1569656083.39139
1569656083.6414
1569656083.89141
1569656084.14142
1569656084.39144
1569656084.64145
1569656084.89146
1569656085.14147
1569656085.39148
1569656085.64149
1569656085.8915
1569656086.14152
1569656086.39153
1569656086.64154
1569656086.89155
1569656087.14156
1569656087.39157
1569656087.64159
1569656087.8916
1569656088.14161
1569656088.39162
1569656088.64163
1569656088.89164
1569656089.14166
1569656089.39167
1569656089.64168
1569656089.89169
1569656090.1417
1569656090.39171
1569656090.64172
1569656090.89174
1569656091.14175
1569656091.39176
1569656091.64177
1569656091.89178
1569656092.14179
1569656092.39181
1569656092.64182
1569656092.89183
1569656093.14184
1569656093.39185
1569656093.64186
1569656093.89188
1569656094.14189
1569656094.3919
1569656094.64191
1569656094.89192
1569656095.14193
1569656095.39194
1569656095.64196
1569656095.89197
1569656096.14198
1569656096.39199
1569656096.642
1569656096.89201
1569656097.14203
1569656097.39204
1569656097.64205
1569656097.89206
1569656098.14207
1569656098.39208
1569656098.6421
1569656098.89211
1569656099.14212
1569656099.39213
1569656099.64214
1569656099.89215
1569656100.14216
1569656100.39218
1569656100.64219
1569656100.8922
1569656101.14221
1569656101.39222
1569656101.64223
1569656101.89225
1569656102.14226
1569656102.39227
1569656102.64228
1569656102.89229
1569656103.1423
1569656103.39231
1569656103.64233
1569656103.89234
1569656104.14235
1569656104.39236
1569656104.64237
1569656104.89238
1569656105.1424
1569656105.39241
1569656105.64242
1569656105.89243
1569656106.14244
1569656106.39245
1569656106.64247
1569656106.89248
1569656107.14249
1569656107.3925
1569656107.64251
1569656107.89252
1569656108.14253
1569656108.39255
1569656108.64256
1569656108.89257
1569656109.14258
1569656109.39259
1569656109.6426
1569656109.89262
1569656110.14263
1569656110.39264
1569656110.64265
1569656110.89266
1569656111.14267
1569656111.39269
1569656111.6427
1569656111.89271
1569656112.14272
1569656112.39273
1569656112.64274
1569656112.89275
1569656113.14277
1569656113.39278
1569656113.64279
1569656113.8928
1569656114.14281
1569656114.39282
1569656114.64284
1569656114.89285
1569656115.14286
1569656115.39287
1569656115.64288
1569656115.89289
1569656116.14291
1569656116.39292
1569656116.64293
1569656116.89294
1569656117.14295
1569656117.39296
1569656117.64297
1569656117.89299
1569656118.143
1569656118.39301
1569656118.64302
1569656118.89303
1569656119.14304
1569656119.39306
1569656119.64307
1569656119.89308
1569656120.14309
1569656120.3931
1569656120.64311
1569656120.89313
1569656121.14314
1569656121.39315
1569656121.64316
1569656121.89317
1569656122.14318
1569656122.39319
1569656122.64321
1569656122.89322
1569656123.14323
1569656123.39324
1569656123.64325
1569656123.89326
1569656124.14328
1569656124.39329
1569656124.6433
1569656124.89331
1569656125.14332
1569656125.39333
1569656125.64335
1569656125.89336
1569656126.14337
1569656126.39338
1569656126.64339
1569656126.8934
1569656127.14341
1569656127.39343
1569656127.64344
1569656127.89345
1569656128.14346
1569656128.39347
1569656128.64348
1569656128.8935
1569656129.14351
1569656129.39352
1569656129.64353
1569656129.89354
1569656130.14355
1569656130.39356
1569656130.64358
1569656130.89359
1569656131.1436
1569656131.39361
1569656131.64362
1569656131.89363
1569656132.14365
1569656132.39366
1569656132.64367
1569656132.89368
1569656133.14369
1569656133.3937
1569656133.64372
1569656133.89373
1569656134.14374
1569656134.39375
1569656134.64376
1569656134.89377
1569656135.14379
1569656135.3938
1569656135.64381
1569656135.89382
1569656136.14383
1569656136.39384
1569656136.64385
1569656136.89387
1569656137.14388
1569656137.39389
1569656137.6439
1569656137.89391
1569656138.14392
1569656138.39394
1569656138.64395
1569656138.89396
1569656139.14397
1569656139.39398
1569656139.64399
1569656139.894
1569656140.14402
1569656140.39403
1569656140.64404
1569656140.89405
1569656141.14406
1569656141.39407
1569656141.64409
1569656141.8941
1569656142.14411
1569656142.39412
1569656142.64413
1569656142.89414
1569656143.14416
1569656143.39417
1569656143.64418
1569656143.89419
1569656144.1442
1569656144.39421
1569656144.64422
1569656144.89424
1569656145.14425
1569656145.39426
1569656145.64427
1569656145.89428
1569656146.14429
1569656146.39431
1569656146.64432
1569656146.89433
1569656147.14434
1569656147.39435
1569656147.64436
1569656147.89438
1569656148.14439
1569656148.3944
1569656148.64441
1569656148.89442
1569656149.14443
1569656149.39444
1569656149.64446
1569656149.89447
1569656150.14448
1569656150.39449
1569656150.6445
1569656150.89451
1569656151.14453
1569656151.39454
1569656151.64455
1569656151.89456
1569656152.14457
1569656152.39458
1569656152.6446
1569656152.89461
1569656153.14462
1569656153.39463
1569656153.64464
1569656153.89465
1569656154.14466
1569656154.39468
1569656154.64469
1569656154.8947
1569656155.14471
1569656155.39472
1569656155.64473
1569656155.89475
1569656156.14476
1569656156.39477
1569656156.64478
1569656156.89479
1569656157.1448
1569656157.39482
1569656157.64483
1569656157.89484
1569656158.14485
1569656158.39486
1569656158.64487
1569656158.89488
1569656159.1449
1569656159.39491
1569656159.64492
1569656159.89493
1569656160.14494
1569656160.39495
1569656160.64497
1569656160.89498
1569656161.14499
1569656161.395
1569656161.64501
1569656161.89502
1569656162.14504
1569656162.39505
1569656162.64506
1569656162.89507
1569656163.14508
1569656163.39509
1569656163.6451
1569656163.89512
1569656164.14513
1569656164.39514
1569656164.64515
1569656164.89516
1569656165.14517
1569656165.39519
1569656165.6452
1569656165.89521
1569656166.14522
1569656166.39523
1569656166.64524
1569656166.89525
1569656167.14527
1569656167.39528
1569656167.64529
1569656167.8953
1569656168.14531
1569656168.39532
1569656168.64534
1569656168.89535
1569656169.14536
1569656169.39537
1569656169.64538
1569656169.89539
1569656170.14541
1569656170.39542
1569656170.64543
1569656170.89544
1569656171.14545
1569656171.39546
1569656171.64547
1569656171.89549
1569656172.1455
1569656172.39551
1569656172.64552
1569656172.89553
1569656173.14554
1569656173.39556
1569656173.64557
1569656173.89558
1569656174.14559
1569656174.3956
1569656174.64561
1569656174.89563
1569656175.14564
1569656175.39565
1569656175.64566
1569656175.89567
1569656176.14568
1569656176.39569
1569656176.64571
1569656176.89572
1569656177.14573
1569656177.39574
1569656177.64575
1569656177.89576
1569656178.14578
1569656178.39579
1569656178.6458
1569656178.89581
1569656179.14582
1569656179.39583
1569656179.64585
1569656179.89586
1569656180.14587
1569656180.39588
1569656180.64589
1569656180.8959
1569656181.14591
1569656181.39593
1569656181.64594
1569656181.89595
1569656182.14596
1569656182.39597
1569656182.64598
1569656182.896
1569656183.14601
1569656183.39602
1569656183.64603
1569656183.89604
1569656184.14605
1569656184.39607
1569656184.64608
1569656184.89609
1569656185.1461
1569656185.39611
1569656185.64612
1569656185.89613
1569656186.14615
1569656186.39616
1569656186.64617
1569656186.89618
1569656187.14619
1569656187.3962
1569656187.64622
1569656187.89623
1569656188.14624
1569656188.39625
1569656188.64626
1569656188.89627
1569656189.14629
1569656189.3963
1569656189.64631
1569656189.89632
1569656190.14633
1569656190.39634
1569656190.64635
1569656190.89637
1569656191.14638
1569656191.39639
1569656191.6464
1569656191.89641
1569656192.14642
1569656192.39644
1569656192.64645
1569656192.89646
1569656193.14647
1569656193.39648
1569656193.64649
1569656193.89651
1569656194.14652
1569656194.39653
1569656194.64654
1569656194.89655
1569656195.14656
1569656195.39657
1569656195.64659
1569656195.8966
1569656196.14661
1569656196.39662
1569656196.64663
1569656196.89664
1569656197.14666
1569656197.39667
1569656197.64668
1569656197.89669
1569656198.1467
1569656198.39671
1569656198.64672
1569656198.89674
1569656199.14675
1569656199.39676
1569656199.64677
1569656199.89678
1569656200.14679
1569656200.39681
1569656200.64682
1569656200.89683
1569656201.14684
1569656201.39685
1569656201.64686
1569656201.89688
1569656202.14689
1569656202.3969
1569656202.64691
1569656202.89692
1569656203.14693
1569656203.39694
1569656203.64696
1569656203.89697
1569656204.14698
1569656204.39699
1569656204.647
1569656204.89701
1569656205.14703
1569656205.39704
1569656205.64705
1569656205.89706
1569656206.14707
1569656206.39708
1569656206.6471
1569656206.89711
1569656207.14712
1569656207.39713
1569656207.64714
1569656207.89715
1569656208.14716
1569656208.39718
1569656208.64719
1569656208.8972
1569656209.14721
1569656209.39722
1569656209.64723
1569656209.89725
1569656210.14726
1569656210.39727
1569656210.64728
1569656210.89729
1569656211.1473
1569656211.39732
1569656211.64733
1569656211.89734
1569656212.14735
1569656212.39736
1569656212.64737
1569656212.89738
1569656213.1474
1569656213.39741
1569656213.64742
1569656213.89743
1569656214.14744
1569656214.39745
1569656214.64747
1569656214.89748
1569656215.14749
1569656215.3975
1569656215.64751
1569656215.89752
1569656216.14754
1569656216.39755
1569656216.64756
1569656216.89757
1569656217.14758
1569656217.39759
1569656217.6476
1569656217.89762
1569656218.14763
1569656218.39764
1569656218.64765
1569656218.89766
1569656219.14767
1569656219.39769
1569656219.6477
1569656219.89771
1569656220.14772
1569656220.39773
1569656220.64774
1569656220.89776
1569656221.14777
1569656221.39778
1569656221.64779
1569656221.8978
1569656222.14781
1569656222.39782
1569656222.64784
1569656222.89785
1569656223.14786
1569656223.39787
1569656223.64788
1569656223.89789
1569656224.14791
1569656224.39792
1569656224.64793
1569656224.89794
1569656225.14795
1569656225.39796
1569656225.64797
1569656225.89799
1569656226.148
1569656226.39801
1569656226.64802
1569656226.89803
1569656227.14804
1569656227.39806
1569656227.64807
1569656227.89808
1569656228.14809
1569656228.3981
1569656228.64811
1569656228.89813
1569656229.14814
1569656229.39815
1569656229.64816
1569656229.89817
1569656230.14818
1569656230.3982
1569656230.64821
1569656230.89822
1569656231.14823
1569656231.39824
1569656231.64825
1569656231.89826
1569656232.14828
1569656232.39829
1569656232.6483
1569656232.89831
1569656233.14832
1569656233.39833
1569656233.64835
1569656233.89836
1569656234.14837
1569656234.39838
1569656234.64839
1569656234.8984
1569656235.14841
1569656235.39843
1569656235.64844
1569656235.89845
1569656236.14846
1569656236.39847
1569656236.64848
1569656236.8985
1569656237.14851
1569656237.39852
1569656237.64853
1569656237.89854
1569656238.14855
1569656238.39857
1569656238.64858
1569656238.89859
1569656239.1486
1569656239.39861
1569656239.64862
1569656239.89863
1569656240.14865
1569656240.39866
1569656240.64867
1569656240.89868
1569656241.14869
1569656241.3987
1569656241.64872
1569656241.89873
1569656242.14874
1569656242.39875
1569656242.64876
1569656242.89877
1569656243.14879
1569656243.3988
1569656243.64881
1569656243.89882
1569656244.14883
1569656244.39884
1569656244.64885
1569656244.89887
1569656245.14888
1569656245.39889
1569656245.6489
1569656245.89891
1569656246.14892
1569656246.39894
1569656246.64895
1569656246.89896
1569656247.14897
1569656247.39898
1569656247.64899
1569656247.89901
1569656248.14902
1569656248.39903
1569656248.64904
1569656248.89905
1569656249.14906
1569656249.39907
1569656249.64909
1569656249.8991
1569656250.14911
1569656250.39912
1569656250.64913
1569656250.89914
1569656251.14916
1569656251.39917
1569656251.64918
1569656251.89919
1569656252.1492
1569656252.39921
1569656252.64923
1569656252.89924
1569656253.14925
1569656253.39926
1569656253.64927
1569656253.89928
1569656254.14929
1569656254.39931
1569656254.64932
1569656254.89933
1569656255.14934
1569656255.39935
1569656255.64936
1569656255.89938
1569656256.14939
1569656256.3994
1569656256.64941
1569656256.89942
1569656257.14943
1569656257.39945
1569656257.64946
1569656257.89947
1569656258.14948
1569656258.39949
1569656258.6495
1569656258.89951
1569656259.14953
1569656259.39954
1569656259.64955
1569656259.89956
1569656260.14957
1569656260.39958
1569656260.6496
1569656260.89961
1569656261.14962
1569656261.39963
1569656261.64964
1569656261.89965
1569656262.14966
1569656262.39968
1569656262.64969
1569656262.8997
1569656263.14971
1569656263.39972
1569656263.64973
1569656263.89975
1569656264.14976
1569656264.39977
1569656264.64978
1569656264.89979
1569656265.1498
1569656265.39982
1569656265.64983
1569656265.89984
1569656266.14985
1569656266.39986
1569656266.64987
1569656266.89988
1569656267.1499
1569656267.39991
1569656267.64992
1569656267.89993
1569656268.14994
1569656268.39995
1569656268.64997
1569656268.89998
1569656269.14999
1569656269.4
1569656269.65001
1569656269.90002
1569656270.15004
1569656270.40005
1569656270.65006
1569656270.90007
1569656271.15008
1569656271.40009
1569656271.6501
1569656271.90012
1569656272.15013
1569656272.40014
1569656272.65015
1569656272.90016
1569656273.15017
1569656273.40019
1569656273.6502
1569656273.90021
1569656274.15022
1569656274.40023
1569656274.65024
1569656274.90026
1569656275.15027
1569656275.40028
1569656275.65029
1569656275.9003
1569656276.15031
1569656276.40032
1569656276.65034
1569656276.90035
1569656277.15036
1569656277.40037
1569656277.65038
1569656277.90039
1569656278.15041
1569656278.40042
1569656278.65043
1569656278.90044
1569656279.15045
1569656279.40046
1569656279.65048
1569656279.90049
1569656280.1505
1569656280.40051
1569656280.65052
1569656280.90053
1569656281.15054
1569656281.40056
1569656281.65057
1569656281.90058
1569656282.15059
1569656282.4006
1569656282.65061
1569656282.90063
1569656283.15064
1569656283.40065
1569656283.65066
1569656283.90067
1569656284.15068
1569656284.4007
1569656284.65071
1569656284.90072
1569656285.15073
1569656285.40074
1569656285.65075
1569656285.90076
1569656286.15078
1569656286.40079
1569656286.6508
1569656286.90081
1569656287.15082
1569656287.40083
1569656287.65085
1569656287.90086
1569656288.15087
1569656288.40088
1569656288.65089
1569656288.9009
1569656289.15091
1569656289.40093
1569656289.65094
1569656289.90095
1569656290.15096
1569656290.40097
1569656290.65098
1569656290.901
1569656291.15101
1569656291.40102
1569656291.65103
1569656291.90104
1569656292.15105
1569656292.40107
1569656292.65108
1569656292.90109
1569656293.1511
1569656293.40111
1569656293.65112
1569656293.90113
1569656294.15115
1569656294.40116
1569656294.65117
1569656294.90118
1569656295.15119
1569656295.4012
1569656295.65122
1569656295.90123
1569656296.15124
1569656296.40125
1569656296.65126
1569656296.90127
1569656297.15129
1569656297.4013
1569656297.65131
1569656297.90132
1569656298.15133
1569656298.40134
1569656298.65135
1569656298.90137
1569656299.15138
1569656299.40139
1569656299.6514
1569656299.90141
1569656300.15142
1569656300.40144
1569656300.65145
1569656300.90146
1569656301.15147
1569656301.40148
1569656301.65149
1569656301.90151
1569656302.15152
1569656302.40153
1569656302.65154
1569656302.90155
1569656303.15156
1569656303.40157
1569656303.65159
1569656303.9016
1569656304.15161
1569656304.40162
1569656304.65163
1569656304.90164
1569656305.15166
1569656305.40167
1569656305.65168
1569656305.90169
1569656306.1517
1569656306.40171
1569656306.65173
1569656306.90174
1569656307.15175
1569656307.40176
1569656307.65177
1569656307.90178
1569656308.15179
1569656308.40181
1569656308.65182
1569656308.90183
1569656309.15184
1569656309.40185
1569656309.65186
1569656309.90188
1569656310.15189
1569656310.4019
1569656310.65191
1569656310.90192
1569656311.15193
1569656311.40195
1569656311.65196
1569656311.90197
1569656312.15198
1569656312.40199
1569656312.652
1569656312.90201
1569656313.15203
1569656313.40204
1569656313.65205
1569656313.90206
1569656314.15207
1569656314.40208
1569656314.6521
1569656314.90211
1569656315.15212
1569656315.40213
1569656315.65214
1569656315.90215
1569656316.15217
1569656316.40218
1569656316.65219
1569656316.9022
1569656317.15221
1569656317.40222
1569656317.65223
1569656317.90225
1569656318.15226
1569656318.40227
1569656318.65228
1569656318.90229
1569656319.1523
1569656319.40232
1569656319.65233
1569656319.90234
1569656320.15235
1569656320.40236
1569656320.65237
1569656320.90239
1569656321.1524
1569656321.40241
1569656321.65242
1569656321.90243
1569656322.15244
1569656322.40245
1569656322.65247
1569656322.90248
1569656323.15249
1569656323.4025
1569656323.65251
1569656323.90252
1569656324.15254
1569656324.40255
1569656324.65256
1569656324.90257
1569656325.15258
1569656325.40259
1569656325.6526
1569656325.90262
1569656326.15263
1569656326.40264
1569656326.65265
1569656326.90266
1569656327.15267
1569656327.40269
1569656327.6527
1569656327.90271
1569656328.15272
1569656328.40273
1569656328.65274
1569656328.90276
1569656329.15277
1569656329.40278
1569656329.65279
1569656329.9028
1569656330.15281
1569656330.40282
1569656330.65284
1569656330.90285
1569656331.15286
1569656331.40287
1569656331.65288
1569656331.90289
1569656332.15291
1569656332.40292
1569656332.65293
1569656332.90294
1569656333.15295
1569656333.40296
1569656333.65298
1569656333.90299
1569656334.153
1569656334.40301
1569656334.65302
1569656334.90303
1569656335.15304
1569656335.40306
1569656335.65307
1569656335.90308
1569656336.15309
1569656336.4031
1569656336.65311
1569656336.90313
1569656337.15314
1569656337.40315
1569656337.65316
1569656337.90317
1569656338.15318
1569656338.4032
1569656338.65321
1569656338.90322
1569656339.15323
1569656339.40324
1569656339.65325
1569656339.90326
1569656340.15328
1569656340.40329
1569656340.6533
1569656340.90331
1569656341.15332
1569656341.40333
1569656341.65335
1569656341.90336
1569656342.15337
1569656342.40338
1569656342.65339
1569656342.9034
1569656343.15342
1569656343.40343
1569656343.65344
1569656343.90345
1569656344.15346
1569656344.40347
1569656344.65348
1569656344.9035
1569656345.15351
1569656345.40352
1569656345.65353
1569656345.90354
1569656346.15355
1569656346.40357
1569656346.65358
1569656346.90359
1569656347.1536
1569656347.40361
1569656347.65362
1569656347.90364
1569656348.15365
1569656348.40366
1569656348.65367
1569656348.90368
1569656349.15369
1569656349.4037
1569656349.65372
1569656349.90373
1569656350.15374
1569656350.40375
1569656350.65376
1569656350.90377
1569656351.15379
1569656351.4038
1569656351.65381
1569656351.90382
1569656352.15383
1569656352.40384
1569656352.65386
1569656352.90387
1569656353.15388
1569656353.40389
1569656353.6539
1569656353.90391
1569656354.15392
1569656354.40394
1569656354.65395
1569656354.90396
1569656355.15397
1569656355.40398
1569656355.65399
1569656355.90401
1569656356.15402
1569656356.40403
1569656356.65404
1569656356.90405
1569656357.15406
1569656357.40407
1569656357.65409
1569656357.9041
1569656358.15411
1569656358.40412
1569656358.65413
1569656358.90414
1569656359.15416
1569656359.40417
1569656359.65418
1569656359.90419
1569656360.1542
1569656360.40421
1569656360.65423
1569656360.90424
1569656361.15425
1569656361.40426
1569656361.65427
1569656361.90428
1569656362.15429
1569656362.40431
1569656362.65432
1569656362.90433
1569656363.15434
1569656363.40435
1569656363.65436
1569656363.90438
1569656364.15439
1569656364.4044
1569656364.65441
1569656364.90442
1569656365.15443
1569656365.40445
1569656365.65446
1569656365.90447
1569656366.15448
1569656366.40449
1569656366.6545
1569656366.90451
1569656367.15453
1569656367.40454
1569656367.65455
1569656367.90456
1569656368.15457
1569656368.40458
1569656368.6546
1569656368.90461
1569656369.15462
1569656369.40463
1569656369.65464
1569656369.90465
1569656370.15467
1569656370.40468
1569656370.65469
1569656370.9047
1569656371.15471
1569656371.40472
1569656371.65473
1569656371.90475
1569656372.15476
1569656372.40477
1569656372.65478
1569656372.90479
1569656373.1548
1569656373.40482
1569656373.65483
1569656373.90484
1569656374.15485
1569656374.40486
1569656374.65487
1569656374.90489
1569656375.1549
1569656375.40491
1569656375.65492
1569656375.90493
1569656376.15494
1569656376.40495
1569656376.65497
1569656376.90498
1569656377.15499
1569656377.405
1569656377.65501
1569656377.90502
1569656378.15504
1569656378.40505
1569656378.65506
1569656378.90507
1569656379.15508
1569656379.40509
1569656379.65511
1569656379.90512
1569656380.15513
1569656380.40514
1569656380.65515
1569656380.90516
