27.25
27.25
27.25
27.21
27.21
27.21
27.21
27.21
27.21
27.21
27.21
27.23
27.23
27.23
27.23
27.23
27.23
27.23
27.23
27.19
27.19
27.19
27.19
27.21
27.21
27.21
27.21
27.19
27.19
27.19
27.19
27.19
27.19
27.19
27.19
27.17
27.17
27.17
27.17
27.21
27.21
27.21
27.21
27.19
27.19
27.19
27.19
27.19
27.19
27.19
27.19
27.19
27.19
27.19
27.19
27.15
27.15
27.15
27.15
27.17
27.17
27.17
27.17
27.15
27.15
27.15
27.15
27.15
27.15
27.15
27.15
27.13
27.13
27.13
27.13
27.15
27.15
27.15
27.15
27.15
27.15
27.15
27.15
27.13
27.13
27.13
27.13
27.13
27.13
27.13
27.13
27.11
27.11
27.11
27.11
27.11
27.11
27.11
27.11
27.13
27.13
27.13
27.13
27.09
27.09
27.09
27.09
27.11
27.11
27.11
27.11
27.11
27.11
27.11
27.11
27.11
27.11
27.11
27.11
27.13
27.13
27.13
27.13
27.11
27.11
27.11
27.11
27.09
27.09
27.09
27.09
27.11
27.11
27.11
27.11
27.09
27.09
27.09
27.09
27.07
27.07
27.07
27.07
27.07
27.07
27.07
27.07
27.07
27.07
27.07
27.07
27.07
27.07
27.07
27.07
27.07
27.07
27.07
27.07
27.05
27.05
27.05
27.05
27.07
27.07
27.07
27.07
27.07
27.07
27.07
27.07
27.07
27.07
27.07
27.07
27.07
27.07
27.07
27.07
27.07
27.07
27.07
27.07
27.05
27.05
27.05
27.05
27.07
27.07
27.07
27.07
27.05
27.05
27.05
27.05
27.05
27.05
27.05
27.05
27.03
27.03
27.03
27.03
27.03
27.03
27.03
27.03
27.05
27.05
27.05
27.05
27.05
27.05
27.05
27.05
27.03
27.03
27.03
27.03
27.05
27.05
27.05
27.05
27.05
27.05
27.05
27.05
27.03
27.03
27.03
27.03
27.05
27.05
27.05
27.05
27.03
27.03
27.03
27.03
27.03
27.03
27.03
27.03
27.01
27.01
27.01
27.01
27.03
27.03
27.03
27.03
27.03
27.03
27.03
27.03
27.01
27.01
27.01
27.01
27.03
27.03
27.03
27.03
27.05
27.05
27.05
27.05
27.03
27.03
27.03
27.03
27.03
27.03
27.03
27.03
27.03
27.03
27.03
27.03
27.01
27.01
27.01
27.01
27.03
27.03
27.03
27.03
27.01
27.01
27.01
27.01
27.03
27.03
27.03
27.03
27.01
27.01
27.01
27.01
27.03
27.03
27.03
27.03
27.01
27.01
27.01
27.01
27.01
27.01
27.01
27.01
26.99
26.99
26.99
26.99
27.01
27.01
27.01
27.01
27.01
27.01
27.01
27.01
26.99
26.99
26.99
26.99
27.01
27.01
27.01
27.01
26.99
26.99
26.99
26.99
27.01
27.01
27.01
27.01
26.99
26.99
26.99
26.99
27.03
27.03
27.03
27.03
26.99
26.99
26.99
26.99
27.03
27.03
27.03
27.03
26.99
26.99
26.99
26.99
26.99
26.99
26.99
26.99
26.99
26.99
26.99
26.99
26.99
26.99
26.99
26.99
26.99
26.99
26.99
26.99
26.97
26.97
26.97
26.97
26.99
26.99
26.99
26.99
26.99
26.99
26.99
26.99
26.97
26.97
26.97
26.97
26.97
26.97
26.97
26.97
26.97
26.97
26.97
26.97
26.97
26.97
26.97
26.97
26.99
26.99
26.99
26.99
26.97
26.97
26.97
26.97
26.97
26.97
26.97
26.97
26.97
26.97
26.97
26.97
26.95
26.95
26.95
26.95
26.97
26.97
26.97
26.97
26.99
26.99
26.99
26.99
26.99
26.99
26.99
26.99
26.95
26.95
26.95
26.95
26.97
26.97
26.97
26.97
26.97
26.97
26.97
26.97
26.99
26.99
26.99
26.99
26.97
26.97
26.97
26.97
26.95
26.95
26.95
26.95
26.95
26.95
26.95
26.95
26.97
26.97
26.97
26.97
26.95
26.95
26.95
26.95
26.95
26.95
26.95
26.95
26.97
26.97
26.97
26.97
26.97
26.97
26.97
26.97
26.93
26.93
26.93
26.93
26.95
26.95
26.95
26.95
26.95
26.95
26.95
26.95
26.93
26.93
26.93
26.93
26.95
26.95
26.95
26.95
26.93
26.93
26.93
26.93
26.93
26.93
26.93
26.93
26.95
26.95
26.95
26.95
26.97
26.97
26.97
26.97
26.93
26.93
26.93
26.93
26.91
26.91
26.91
26.91
26.93
26.93
26.93
26.93
26.93
26.93
26.93
26.93
26.95
26.95
26.95
26.95
26.93
26.93
26.93
26.93
26.95
26.95
26.95
26.95
26.93
26.93
26.93
26.93
26.91
26.91
26.91
26.91
26.95
26.95
26.95
26.95
26.93
26.93
26.93
26.93
26.93
26.93
26.93
26.93
26.93
26.93
26.93
26.93
26.93
26.93
26.93
26.93
26.95
26.95
26.95
26.95
26.93
26.93
26.93
26.93
26.95
26.95
26.95
26.95
26.95
26.95
26.95
26.95
26.93
26.93
26.93
26.93
26.93
26.93
26.93
26.93
26.93
26.93
26.93
26.93
26.91
26.91
26.91
26.91
26.91
26.91
26.91
26.91
26.91
26.91
26.91
26.91
26.93
26.93
26.93
26.93
26.93
26.93
26.93
26.93
26.91
26.91
26.91
26.91
26.89
26.89
26.89
26.89
26.91
26.91
26.91
26.91
26.91
26.91
26.91
26.91
26.89
26.89
26.89
26.89
26.89
26.89
26.89
26.89
26.89
26.89
26.89
26.89
26.91
26.91
26.91
26.91
26.91
26.91
26.91
26.91
26.89
26.89
26.89
26.89
26.91
26.91
26.91
26.91
26.93
26.93
26.93
26.93
26.89
26.89
26.89
26.89
26.93
26.93
26.93
26.93
26.89
26.89
26.89
26.89
26.89
26.89
26.89
26.89
26.89
26.89
26.89
26.89
26.89
26.89
26.89
26.89
26.89
26.89
26.89
26.89
26.89
26.89
26.89
26.89
26.89
26.89
26.89
26.89
26.91
26.91
26.91
26.91
26.89
26.89
26.89
26.89
26.87
26.87
26.87
26.87
26.89
26.89
26.89
26.89
26.87
26.87
26.87
26.87
26.91
26.91
26.91
26.91
26.89
26.89
26.89
26.89
26.91
26.91
26.91
26.91
26.87
26.87
26.87
26.87
26.87
26.87
26.87
26.87
26.89
26.89
26.89
26.89
26.89
26.89
26.89
26.89
26.89
26.89
26.89
26.89
26.87
26.87
26.87
26.87
26.89
26.89
26.89
26.89
26.91
26.91
26.91
26.91
26.89
26.89
26.89
26.89
26.87
26.87
26.87
26.87
26.89
26.89
26.89
26.89
26.89
26.89
26.89
26.89
26.89
26.89
26.89
26.89
26.89
26.89
26.89
26.89
26.91
26.91
26.91
26.91
26.87
26.87
26.87
26.87
26.87
26.87
26.87
26.87
26.89
26.89
26.89
26.89
26.89
26.89
26.89
26.89
26.89
26.89
26.89
26.89
26.89
26.89
26.89
26.89
26.85
26.85
26.85
26.85
26.87
26.87
26.87
26.87
26.87
26.87
26.87
26.87
26.85
26.85
26.85
26.85
26.87
26.87
26.87
26.87
26.87
26.87
26.87
26.87
26.87
26.87
26.87
26.87
26.87
26.87
26.87
26.87
26.87
26.87
26.87
26.87
26.87
26.87
26.87
26.87
26.85
26.85
26.85
26.85
26.87
26.87
26.87
26.87
26.87
26.87
26.87
26.87
26.87
26.87
26.87
26.87
26.85
26.85
26.85
26.85
26.85
26.85
26.85
26.85
26.87
26.87
26.87
26.87
26.87
26.87
26.87
26.87
26.85
26.85
26.85
26.85
26.87
26.87
26.87
26.87
26.87
26.87
26.87
26.87
26.85
26.85
26.85
26.85
26.85
26.85
26.85
26.85
26.87
26.87
26.87
26.87
26.85
26.85
26.85
26.85
26.85
26.85
26.85
26.85
26.87
26.87
26.87
26.87
26.85
26.85
26.85
26.85
26.85
26.85
26.85
26.85
26.87
26.87
26.87
26.87
26.85
26.85
26.85
26.85
26.83
26.83
26.83
26.83
26.83
26.83
26.83
26.83
26.83
26.83
26.83
26.83
26.85
26.85
26.85
26.85
26.83
26.83
26.83
26.83
26.85
26.85
26.85
26.85
26.83
26.83
26.83
26.83
26.85
26.85
26.85
26.85
26.85
26.85
26.85
26.85
26.85
26.85
26.85
26.85
26.85
26.85
26.85
26.85
26.85
26.85
26.85
26.85
26.83
26.83
26.83
26.83
26.81
26.81
26.81
26.81
26.85
26.85
26.85
26.85
26.85
26.85
26.85
26.85
26.85
26.85
26.85
26.85
26.85
26.85
26.85
26.85
26.81
26.81
26.81
26.81
26.83
26.83
26.83
26.83
26.83
26.83
26.83
26.83
26.83
26.83
26.83
26.83
26.81
26.81
26.81
26.81
26.85
26.85
26.85
26.85
26.83
26.83
26.83
26.83
26.85
26.85
26.85
26.85
26.85
26.85
26.85
26.85
26.85
26.85
26.85
26.85
26.83
26.83
26.83
26.83
26.83
26.83
26.83
26.83
26.83
26.83
26.83
26.83
26.81
26.81
26.81
26.81
26.81
26.81
26.81
26.81
26.85
26.85
26.85
26.85
26.81
26.81
26.81
26.81
26.81
26.81
26.81
26.81
26.83
26.83
26.83
26.83
26.81
26.81
26.81
26.81
26.81
26.81
26.81
26.81
26.83
26.83
26.83
26.83
26.83
26.83
26.83
26.83
26.79
26.79
26.79
26.79
26.81
26.81
26.81
26.81
26.83
26.83
26.83
26.83
26.81
26.81
26.81
26.81
26.81
26.81
26.81
26.81
26.81
26.81
26.81
26.81
26.81
26.81
26.81
26.81
26.81
26.81
26.81
26.81
26.81
26.81
26.81
26.81
26.83
26.83
26.83
26.83
26.83
26.83
26.83
26.83
26.81
26.81
26.81
26.81
26.81
26.81
26.81
26.81
26.81
26.81
26.81
26.81
26.83
26.83
26.83
26.83
26.81
26.81
26.81
26.81
26.81
26.81
26.81
26.81
26.77
26.77
26.77
26.77
26.79
26.79
26.79
26.79
26.81
26.81
26.81
26.81
26.81
26.81
26.81
26.81
26.81
26.81
26.81
26.81
26.81
