1569658489.25277
1569658489.50278
1569658489.7528
1569658490.00281
1569658490.25282
1569658490.50283
1569658490.75284
1569658491.00285
1569658491.25287
1569658491.50288
1569658491.75289
1569658492.0029
1569658492.25291
1569658492.50292
1569658492.75293
1569658493.00295
1569658493.25296
1569658493.50297
1569658493.75298
1569658494.00299
1569658494.253
1569658494.50302
1569658494.75303
1569658495.00304
1569658495.25305
1569658495.50306
1569658495.75307
1569658496.00309
1569658496.2531
1569658496.50311
1569658496.75312
1569658497.00313
1569658497.25314
1569658497.50315
1569658497.75317
1569658498.00318
1569658498.25319
1569658498.5032
1569658498.75321
1569658499.00322
1569658499.25324
1569658499.50325
1569658499.75326
1569658500.00327
1569658500.25328
1569658500.50329
1569658500.75331
1569658501.00332
1569658501.25333
1569658501.50334
1569658501.75335
1569658502.00336
1569658502.25337
1569658502.50339
1569658502.7534
1569658503.00341
1569658503.25342
1569658503.50343
1569658503.75344
1569658504.00346
1569658504.25347
1569658504.50348
1569658504.75349
1569658505.0035
1569658505.25351
1569658505.50353
1569658505.75354
1569658506.00355
1569658506.25356
1569658506.50357
1569658506.75358
1569658507.00359
1569658507.25361
1569658507.50362
1569658507.75363
1569658508.00364
1569658508.25365
1569658508.50366
1569658508.75368
1569658509.00369
1569658509.2537
1569658509.50371
1569658509.75372
1569658510.00373
1569658510.25375
1569658510.50376
1569658510.75377
1569658511.00378
1569658511.25379
1569658511.5038
1569658511.75381
1569658512.00383
1569658512.25384
1569658512.50385
1569658512.75386
1569658513.00387
1569658513.25388
1569658513.5039
1569658513.75391
1569658514.00392
1569658514.25393
1569658514.50394
1569658514.75395
1569658515.00397
1569658515.25398
1569658515.50399
1569658515.754
1569658516.00401
1569658516.25402
1569658516.50403
1569658516.75405
1569658517.00406
1569658517.25407
1569658517.50408
1569658517.75409
1569658518.0041
1569658518.25412
1569658518.50413
1569658518.75414
1569658519.00415
1569658519.25416
1569658519.50417
1569658519.75418
1569658520.0042
1569658520.25421
1569658520.50422
1569658520.75423
1569658521.00424
1569658521.25425
1569658521.50427
1569658521.75428
1569658522.00429
1569658522.2543
1569658522.50431
1569658522.75432
1569658523.00434
1569658523.25435
1569658523.50436
1569658523.75437
1569658524.00438
1569658524.25439
1569658524.5044
1569658524.75442
1569658525.00443
1569658525.25444
1569658525.50445
1569658525.75446
1569658526.00447
1569658526.25449
1569658526.5045
1569658526.75451
1569658527.00452
1569658527.25453
1569658527.50454
1569658527.75456
1569658528.00457
1569658528.25458
1569658528.50459
1569658528.7546
1569658529.00461
1569658529.25462
1569658529.50464
1569658529.75465
1569658530.00466
1569658530.25467
1569658530.50468
1569658530.75469
1569658531.00471
1569658531.25472
1569658531.50473
1569658531.75474
1569658532.00475
1569658532.25476
1569658532.50478
1569658532.75479
1569658533.0048
1569658533.25481
1569658533.50482
1569658533.75483
1569658534.00484
1569658534.25486
1569658534.50487
1569658534.75488
1569658535.00489
1569658535.2549
1569658535.50491
1569658535.75493
1569658536.00494
1569658536.25495
1569658536.50496
1569658536.75497
1569658537.00498
1569658537.255
1569658537.50501
1569658537.75502
1569658538.00503
1569658538.25504
1569658538.50505
1569658538.75506
1569658539.00508
1569658539.25509
1569658539.5051
1569658539.75511
1569658540.00512
1569658540.25513
1569658540.50515
1569658540.75516
1569658541.00517
1569658541.25518
1569658541.50519
1569658541.7552
1569658542.00522
1569658542.25523
1569658542.50524
1569658542.75525
1569658543.00526
1569658543.25527
1569658543.50528
1569658543.7553
1569658544.00531
1569658544.25532
1569658544.50533
1569658544.75534
1569658545.00535
1569658545.25537
1569658545.50538
1569658545.75539
1569658546.0054
1569658546.25541
1569658546.50542
1569658546.75543
1569658547.00545
1569658547.25546
1569658547.50547
1569658547.75548
1569658548.00549
1569658548.2555
1569658548.50552
1569658548.75553
1569658549.00554
1569658549.25555
1569658549.50556
1569658549.75557
1569658550.00559
1569658550.2556
1569658550.50561
1569658550.75562
1569658551.00563
1569658551.25564
1569658551.50566
1569658551.75567
1569658552.00568
1569658552.25569
1569658552.5057
1569658552.75571
1569658553.00572
1569658553.25574
1569658553.50575
1569658553.75576
1569658554.00577
1569658554.25578
1569658554.50579
1569658554.75581
1569658555.00582
1569658555.25583
1569658555.50584
1569658555.75585
1569658556.00586
1569658556.25587
1569658556.50589
1569658556.7559
1569658557.00591
1569658557.25592
1569658557.50593
1569658557.75594
1569658558.00596
1569658558.25597
1569658558.50598
1569658558.75599
1569658559.006
1569658559.25601
1569658559.50603
1569658559.75604
1569658560.00605
1569658560.25606
1569658560.50607
1569658560.75608
1569658561.00609
1569658561.25611
1569658561.50612
1569658561.75613
1569658562.00614
1569658562.25615
1569658562.50616
1569658562.75618
1569658563.00619
1569658563.2562
1569658563.50621
1569658563.75622
1569658564.00623
1569658564.25625
1569658564.50626
1569658564.75627
1569658565.00628
1569658565.25629
1569658565.5063
1569658565.75631
1569658566.00633
1569658566.25634
1569658566.50635
1569658566.75636
1569658567.00637
1569658567.25638
1569658567.5064
1569658567.75641
1569658568.00642
1569658568.25643
1569658568.50644
1569658568.75645
1569658569.00647
1569658569.25648
1569658569.50649
1569658569.7565
1569658570.00651
1569658570.25652
1569658570.50653
1569658570.75655
1569658571.00656
1569658571.25657
1569658571.50658
1569658571.75659
1569658572.0066
1569658572.25662
1569658572.50663
1569658572.75664
1569658573.00665
1569658573.25666
1569658573.50667
1569658573.75669
1569658574.0067
1569658574.25671
1569658574.50672
1569658574.75673
1569658575.00674
1569658575.25675
1569658575.50677
1569658575.75678
1569658576.00679
1569658576.2568
1569658576.50681
1569658576.75682
1569658577.00684
1569658577.25685
1569658577.50686
1569658577.75687
1569658578.00688
1569658578.25689
1569658578.50691
1569658578.75692
1569658579.00693
1569658579.25694
1569658579.50695
1569658579.75696
1569658580.00697
1569658580.25699
1569658580.507
1569658580.75701
1569658581.00702
1569658581.25703
1569658581.50704
1569658581.75706
1569658582.00707
1569658582.25708
1569658582.50709
1569658582.7571
1569658583.00711
1569658583.25712
1569658583.50714
1569658583.75715
1569658584.00716
1569658584.25717
1569658584.50718
1569658584.75719
1569658585.00721
1569658585.25722
1569658585.50723
1569658585.75724
1569658586.00725
1569658586.25726
1569658586.50728
1569658586.75729
1569658587.0073
1569658587.25731
1569658587.50732
1569658587.75733
1569658588.00734
1569658588.25736
1569658588.50737
1569658588.75738
1569658589.00739
1569658589.2574
1569658589.50741
1569658589.75743
1569658590.00744
1569658590.25745
1569658590.50746
1569658590.75747
1569658591.00748
1569658591.2575
1569658591.50751
1569658591.75752
1569658592.00753
1569658592.25754
1569658592.50755
1569658592.75756
1569658593.00758
1569658593.25759
1569658593.5076
1569658593.75761
1569658594.00762
1569658594.25763
1569658594.50765
1569658594.75766
1569658595.00767
1569658595.25768
1569658595.50769
1569658595.7577
1569658596.00772
1569658596.25773
1569658596.50774
1569658596.75775
1569658597.00776
1569658597.25777
1569658597.50778
1569658597.7578
1569658598.00781
1569658598.25782
1569658598.50783
1569658598.75784
1569658599.00785
1569658599.25787
1569658599.50788
1569658599.75789
1569658600.0079
1569658600.25791
1569658600.50792
1569658600.75794
1569658601.00795
1569658601.25796
1569658601.50797
1569658601.75798
1569658602.00799
1569658602.258
1569658602.50802
1569658602.75803
1569658603.00804
1569658603.25805
1569658603.50806
1569658603.75807
1569658604.00809
1569658604.2581
1569658604.50811
1569658604.75812
1569658605.00813
1569658605.25814
1569658605.50816
1569658605.75817
1569658606.00818
1569658606.25819
1569658606.5082
1569658606.75821
1569658607.00822
1569658607.25824
1569658607.50825
1569658607.75826
1569658608.00827
1569658608.25828
1569658608.50829
1569658608.75831
1569658609.00832
1569658609.25833
1569658609.50834
1569658609.75835
1569658610.00836
1569658610.25837
1569658610.50839
1569658610.7584
1569658611.00841
1569658611.25842
1569658611.50843
1569658611.75844
1569658612.00846
1569658612.25847
1569658612.50848
1569658612.75849
1569658613.0085
1569658613.25851
1569658613.50853
1569658613.75854
1569658614.00855
1569658614.25856
1569658614.50857
1569658614.75858
1569658615.00859
1569658615.25861
1569658615.50862
1569658615.75863
1569658616.00864
1569658616.25865
1569658616.50866
1569658616.75868
1569658617.00869
1569658617.2587
1569658617.50871
1569658617.75872
1569658618.00873
1569658618.25875
1569658618.50876
1569658618.75877
1569658619.00878
1569658619.25879
1569658619.5088
1569658619.75881
1569658620.00883
1569658620.25884
1569658620.50885
1569658620.75886
1569658621.00887
1569658621.25888
1569658621.5089
1569658621.75891
1569658622.00892
1569658622.25893
1569658622.50894
1569658622.75895
1569658623.00897
1569658623.25898
1569658623.50899
1569658623.759
1569658624.00901
1569658624.25902
1569658624.50903
1569658624.75905
1569658625.00906
1569658625.25907
1569658625.50908
1569658625.75909
1569658626.0091
1569658626.25912
1569658626.50913
1569658626.75914
1569658627.00915
1569658627.25916
1569658627.50917
1569658627.75919
1569658628.0092
1569658628.25921
1569658628.50922
1569658628.75923
1569658629.00924
1569658629.25925
1569658629.50927
1569658629.75928
1569658630.00929
1569658630.2593
1569658630.50931
1569658630.75932
1569658631.00934
1569658631.25935
1569658631.50936
1569658631.75937
1569658632.00938
1569658632.25939
1569658632.50941
1569658632.75942
1569658633.00943
1569658633.25944
1569658633.50945
1569658633.75946
1569658634.00947
1569658634.25949
1569658634.5095
1569658634.75951
1569658635.00952
1569658635.25953
1569658635.50954
1569658635.75956
1569658636.00957
1569658636.25958
1569658636.50959
1569658636.7596
1569658637.00961
1569658637.25963
1569658637.50964
1569658637.75965
1569658638.00966
1569658638.25967
1569658638.50968
1569658638.75969
1569658639.00971
1569658639.25972
1569658639.50973
1569658639.75974
1569658640.00975
1569658640.25976
1569658640.50978
1569658640.75979
1569658641.0098
1569658641.25981
1569658641.50982
1569658641.75983
1569658642.00985
1569658642.25986
1569658642.50987
1569658642.75988
1569658643.00989
1569658643.2599
1569658643.50991
1569658643.75993
1569658644.00994
1569658644.25995
1569658644.50996
1569658644.75997
1569658645.00998
1569658645.26
1569658645.51001
1569658645.76002
1569658646.01003
1569658646.26004
1569658646.51005
1569658646.76006
1569658647.01008
1569658647.26009
1569658647.5101
1569658647.76011
1569658648.01012
1569658648.26013
1569658648.51015
1569658648.76016
1569658649.01017
1569658649.26018
1569658649.51019
1569658649.7602
1569658650.01022
1569658650.26023
1569658650.51024
1569658650.76025
1569658651.01026
1569658651.26027
1569658651.51028
1569658651.7603
1569658652.01031
1569658652.26032
1569658652.51033
1569658652.76034
1569658653.01035
1569658653.26037
1569658653.51038
1569658653.76039
1569658654.0104
1569658654.26041
1569658654.51042
1569658654.76044
1569658655.01045
1569658655.26046
1569658655.51047
1569658655.76048
1569658656.01049
1569658656.2605
1569658656.51052
1569658656.76053
1569658657.01054
1569658657.26055
1569658657.51056
1569658657.76057
1569658658.01059
1569658658.2606
1569658658.51061
1569658658.76062
1569658659.01063
1569658659.26064
1569658659.51066
1569658659.76067
1569658660.01068
1569658660.26069
1569658660.5107
1569658660.76071
1569658661.01072
1569658661.26074
1569658661.51075
1569658661.76076
1569658662.01077
1569658662.26078
1569658662.51079
1569658662.76081
1569658663.01082
1569658663.26083
1569658663.51084
1569658663.76085
1569658664.01086
1569658664.26088
1569658664.51089
1569658664.7609
1569658665.01091
1569658665.26092
1569658665.51093
1569658665.76094
1569658666.01096
1569658666.26097
1569658666.51098
1569658666.76099
1569658667.011
1569658667.26101
1569658667.51103
1569658667.76104
1569658668.01105
1569658668.26106
1569658668.51107
1569658668.76108
1569658669.0111
1569658669.26111
1569658669.51112
1569658669.76113
1569658670.01114
1569658670.26115
1569658670.51116
1569658670.76118
1569658671.01119
1569658671.2612
1569658671.51121
1569658671.76122
1569658672.01123
1569658672.26125
1569658672.51126
1569658672.76127
1569658673.01128
1569658673.26129
1569658673.5113
1569658673.76132
1569658674.01133
1569658674.26134
1569658674.51135
1569658674.76136
1569658675.01137
1569658675.26138
1569658675.5114
1569658675.76141
1569658676.01142
1569658676.26143
1569658676.51144
1569658676.76145
1569658677.01147
1569658677.26148
1569658677.51149
1569658677.7615
1569658678.01151
1569658678.26152
1569658678.51153
1569658678.76155
1569658679.01156
1569658679.26157
1569658679.51158
1569658679.76159
1569658680.0116
1569658680.26162
1569658680.51163
1569658680.76164
1569658681.01165
1569658681.26166
1569658681.51167
1569658681.76169
1569658682.0117
1569658682.26171
1569658682.51172
1569658682.76173
1569658683.01174
1569658683.26175
1569658683.51177
1569658683.76178
1569658684.01179
1569658684.2618
1569658684.51181
1569658684.76182
1569658685.01184
1569658685.26185
1569658685.51186
1569658685.76187
1569658686.01188
1569658686.26189
1569658686.51191
1569658686.76192
1569658687.01193
1569658687.26194
1569658687.51195
1569658687.76196
1569658688.01197
1569658688.26199
1569658688.512
1569658688.76201
1569658689.01202
1569658689.26203
1569658689.51204
1569658689.76206
1569658690.01207
1569658690.26208
1569658690.51209
1569658690.7621
1569658691.01211
1569658691.26213
1569658691.51214
1569658691.76215
1569658692.01216
1569658692.26217
1569658692.51218
1569658692.76219
1569658693.01221
1569658693.26222
1569658693.51223
1569658693.76224
1569658694.01225
1569658694.26226
1569658694.51228
1569658694.76229
1569658695.0123
1569658695.26231
1569658695.51232
1569658695.76233
1569658696.01235
1569658696.26236
1569658696.51237
1569658696.76238
1569658697.01239
1569658697.2624
1569658697.51241
1569658697.76243
1569658698.01244
1569658698.26245
1569658698.51246
1569658698.76247
1569658699.01248
1569658699.2625
1569658699.51251
1569658699.76252
1569658700.01253
1569658700.26254
1569658700.51255
1569658700.76257
1569658701.01258
1569658701.26259
1569658701.5126
1569658701.76261
1569658702.01262
1569658702.26263
1569658702.51265
1569658702.76266
1569658703.01267
1569658703.26268
1569658703.51269
1569658703.7627
1569658704.01272
1569658704.26273
1569658704.51274
1569658704.76275
1569658705.01276
1569658705.26277
1569658705.51278
1569658705.7628
1569658706.01281
1569658706.26282
1569658706.51283
1569658706.76284
1569658707.01285
1569658707.26287
1569658707.51288
1569658707.76289
1569658708.0129
1569658708.26291
1569658708.51292
1569658708.76294
1569658709.01295
1569658709.26296
1569658709.51297
1569658709.76298
1569658710.01299
1569658710.26301
1569658710.51302
1569658710.76303
1569658711.01304
1569658711.26305
1569658711.51306
1569658711.76307
1569658712.01309
1569658712.2631
1569658712.51311
1569658712.76312
1569658713.01313
1569658713.26314
1569658713.51316
1569658713.76317
1569658714.01318
1569658714.26319
1569658714.5132
1569658714.76321
1569658715.01322
1569658715.26324
1569658715.51325
1569658715.76326
1569658716.01327
1569658716.26328
1569658716.51329
1569658716.76331
1569658717.01332
1569658717.26333
1569658717.51334
1569658717.76335
1569658718.01336
1569658718.26338
1569658718.51339
1569658718.7634
1569658719.01341
1569658719.26342
1569658719.51343
1569658719.76344
1569658720.01346
1569658720.26347
1569658720.51348
1569658720.76349
1569658721.0135
1569658721.26351
1569658721.51353
1569658721.76354
1569658722.01355
1569658722.26356
1569658722.51357
1569658722.76358
1569658723.0136
1569658723.26361
1569658723.51362
1569658723.76363
1569658724.01364
1569658724.26365
1569658724.51366
1569658724.76368
1569658725.01369
1569658725.2637
1569658725.51371
1569658725.76372
1569658726.01373
1569658726.26375
1569658726.51376
1569658726.76377
1569658727.01378
1569658727.26379
1569658727.5138
1569658727.76382
1569658728.01383
1569658728.26384
1569658728.51385
1569658728.76386
1569658729.01387
1569658729.26388
1569658729.5139
1569658729.76391
1569658730.01392
1569658730.26393
1569658730.51394
1569658730.76395
1569658731.01397
1569658731.26398
1569658731.51399
1569658731.764
1569658732.01401
1569658732.26402
1569658732.51403
1569658732.76405
1569658733.01406
1569658733.26407
1569658733.51408
1569658733.76409
1569658734.0141
1569658734.26412
1569658734.51413
1569658734.76414
1569658735.01415
1569658735.26416
1569658735.51417
1569658735.76419
1569658736.0142
1569658736.26421
1569658736.51422
1569658736.76423
1569658737.01424
1569658737.26426
1569658737.51427
1569658737.76428
1569658738.01429
1569658738.2643
1569658738.51431
1569658738.76432
1569658739.01434
1569658739.26435
1569658739.51436
1569658739.76437
1569658740.01438
1569658740.26439
1569658740.51441
1569658740.76442
1569658741.01443
1569658741.26444
1569658741.51445
1569658741.76446
1569658742.01447
1569658742.26449
1569658742.5145
1569658742.76451
1569658743.01452
1569658743.26453
1569658743.51454
1569658743.76456
1569658744.01457
1569658744.26458
1569658744.51459
1569658744.7646
1569658745.01461
1569658745.26463
1569658745.51464
1569658745.76465
1569658746.01466
1569658746.26467
1569658746.51468
1569658746.76469
1569658747.01471
1569658747.26472
1569658747.51473
1569658747.76474
1569658748.01475
1569658748.26476
1569658748.51478
1569658748.76479
1569658749.0148
1569658749.26481
1569658749.51482
1569658749.76483
1569658750.01485
1569658750.26486
1569658750.51487
1569658750.76488
1569658751.01489
1569658751.2649
1569658751.51491
1569658751.76493
1569658752.01494
1569658752.26495
1569658752.51496
1569658752.76497
1569658753.01498
1569658753.265
1569658753.51501
1569658753.76502
1569658754.01503
1569658754.26504
1569658754.51505
1569658754.76507
1569658755.01508
1569658755.26509
1569658755.5151
1569658755.76511
1569658756.01512
1569658756.26513
1569658756.51515
1569658756.76516
1569658757.01517
1569658757.26518
1569658757.51519
1569658757.7652
1569658758.01522
1569658758.26523
1569658758.51524
1569658758.76525
1569658759.01526
1569658759.26527
1569658759.51529
1569658759.7653
1569658760.01531
1569658760.26532
1569658760.51533
1569658760.76534
1569658761.01535
1569658761.26537
1569658761.51538
1569658761.76539
1569658762.0154
1569658762.26541
1569658762.51542
1569658762.76544
1569658763.01545
1569658763.26546
1569658763.51547
1569658763.76548
1569658764.01549
1569658764.26551
1569658764.51552
1569658764.76553
1569658765.01554
1569658765.26555
1569658765.51556
1569658765.76557
1569658766.01559
1569658766.2656
1569658766.51561
1569658766.76562
1569658767.01563
1569658767.26564
1569658767.51566
1569658767.76567
1569658768.01568
1569658768.26569
1569658768.5157
1569658768.76571
1569658769.01572
1569658769.26574
1569658769.51575
1569658769.76576
1569658770.01577
1569658770.26578
1569658770.51579
1569658770.76581
1569658771.01582
1569658771.26583
1569658771.51584
1569658771.76585
1569658772.01586
1569658772.26588
1569658772.51589
1569658772.7659
1569658773.01591
1569658773.26592
1569658773.51593
1569658773.76594
1569658774.01596
1569658774.26597
1569658774.51598
1569658774.76599
1569658775.016
1569658775.26601
1569658775.51603
1569658775.76604
1569658776.01605
1569658776.26606
1569658776.51607
1569658776.76608
1569658777.0161
1569658777.26611
1569658777.51612
1569658777.76613
1569658778.01614
1569658778.26615
1569658778.51616
1569658778.76618
1569658779.01619
1569658779.2662
1569658779.51621
1569658779.76622
1569658780.01623
1569658780.26625
1569658780.51626
1569658780.76627
1569658781.01628
1569658781.26629
1569658781.5163
1569658781.76632
1569658782.01633
1569658782.26634
1569658782.51635
1569658782.76636
1569658783.01637
1569658783.26638
1569658783.5164
1569658783.76641
1569658784.01642
1569658784.26643
1569658784.51644
1569658784.76645
1569658785.01647
1569658785.26648
1569658785.51649
1569658785.7665
1569658786.01651
1569658786.26652
1569658786.51654
1569658786.76655
1569658787.01656
1569658787.26657
1569658787.51658
1569658787.76659
1569658788.0166
1569658788.26662
1569658788.51663
1569658788.76664
1569658789.01665
1569658789.26666
1569658789.51667
1569658789.76669
1569658790.0167
1569658790.26671
1569658790.51672
1569658790.76673
1569658791.01674
