E4_Bvp 1568797431,38795 -20,37259
E4_Bvp 1568797431,40357 -19,10359
E4_Bvp 1568797431,4192 -16,64468
E4_Bvp 1568797431,43482 -13,29863
E4_Bvp 1568797431,45045 -9,511871
E4_Bvp 1568797431,46608 -5,736465
E4_Bvp 1568797431,4817 -2,356613
E4_Bvp 1568797431,49733 0,4219666
E4_Bvp 1568797431,51295 2,523804
E4_Bvp 1568797431,52858 3,983047
E4_Bvp 1568797431,5442 4,921921
E4_Gsr 1568797430,019 0,09380404
E4_Gsr 1568797430,269 0,09380404
E4_Gsr 1568797430,519 0,09508537
E4_Gsr 1568797430,769 0,09124137
E4_Gsr 1568797431,019 0,09124137
E4_Gsr 1568797431,269 0,09380404
E4_Bvp 1568797431,55983 5,488007
E4_Bvp 1568797431,57546 5,815018
E4_Bvp 1568797431,59108 6,015045
E4_Bvp 1568797431,60671 6,199188
E4_Bvp 1568797431,62233 6,410706
E4_Bvp 1568797431,63796 6,656601
E4_Bvp 1568797431,65359 6,915222
E4_Bvp 1568797431,66921 7,137894
E4_Bvp 1568797431,68484 7,294754
E4_Bvp 1568797431,70046 7,370026
E4_Bvp 1568797431,71609 7,393982
E4_Bvp 1568797431,73171 7,415985
E4_Bvp 1568797431,74734 7,491684
E4_Bvp 1568797431,76297 7,616119
E4_Bvp 1568797431,77859 7,750504
E4_Bvp 1568797431,79422 7,826248
E4_Bvp 1568797431,80984 7,758209
E4_Bvp 1568797431,82547 7,551453
E4_Bvp 1568797431,84109 7,247147
E4_Bvp 1568797431,85672 6,925095
E4_Bvp 1568797431,87235 6,6689
E4_Bvp 1568797431,88797 6,495682
E4_Bvp 1568797431,9036 6,3862
E4_Bvp 1568797431,91922 6,292755
E4_Bvp 1568797431,93485 6,155975
E4_Bvp 1568797431,95047 5,919952
E4_Bvp 1568797431,9661 5,568207
E4_Bvp 1568797431,98173 5,088821
E4_Bvp 1568797431,99735 4,479874
E4_Bvp 1568797432,01298 3,744576
E4_Bvp 1568797432,0286 2,906052
E4_Bvp 1568797432,04423 2,012833
E4_Bvp 1568797432,05985 1,130737
E4_Bvp 1568797432,07548 0,3357315
E4_Bvp 1568797432,09111 -0,3496399
E4_Bvp 1568797432,10673 -0,9563293
E4_Bvp 1568797432,12236 -1,58149
E4_Bvp 1568797432,13798 -2,342796
E4_Bvp 1568797432,15361 -3,299675
E4_Bvp 1568797432,16923 -4,426208
E4_Bvp 1568797432,18486 -5,615509
E4_Bvp 1568797432,20049 -6,752083
E4_Bvp 1568797432,21611 -7,778259
E4_Bvp 1568797432,23174 -8,767281
E4_Temperature 1568797430,36938 28,97
E4_Temperature 1568797430,61939 28,97
E4_Temperature 1568797430,8694 28,97
E4_Temperature 1568797431,11941 28,97
E4_Temperature 1568797431,36942 28,95
E4_Temperature 1568797431,61943 28,95
E4_Temperature 1568797431,86945 28,95
E4_Temperature 1568797432,11946 28,95
E4_Bvp 1568797432,24736 -9,855209
E4_Bvp 1568797432,26299 -11,1701
E4_Bvp 1568797432,27861 -12,67496
E4_Bvp 1568797432,29424 -14,13351
E4_Bvp 1568797432,30987 -15,14254
E4_Bvp 1568797432,32549 -15,29302
E4_Bvp 1568797432,34112 -14,38805
E4_Bvp 1568797432,35674 -12,50045
E4_Bvp 1568797432,37237 -9,964241
E4_Bvp 1568797432,38799 -7,201683
E4_Bvp 1568797432,40362 -4,543083
E4_Bvp 1568797432,41925 -2,163033
E4_Bvp 1568797432,43487 -0,05017853
E4_Bvp 1568797432,4505 1,836227
E4_Bvp 1568797432,46612 3,487282
E4_Bvp 1568797432,48175 4,823524
E4_Bvp 1568797432,49737 5,741516
E4_Bvp 1568797432,513 6,199959
E4_Bvp 1568797432,52863 6,264359
E4_Bvp 1568797432,54425 6,097832
E4_Bvp 1568797432,55988 5,862289
E4_Bvp 1568797432,5755 5,65863
E4_Bvp 1568797432,59113 5,49559
E4_Bvp 1568797432,60675 5,327187
E4_Bvp 1568797432,62238 5,143532
E4_Bvp 1568797432,63801 5,017433
E4_Bvp 1568797432,65363 5,084991
E4_Bvp 1568797432,66926 5,469101
E4_Bvp 1568797432,68488 6,198082
E4_Bvp 1568797432,70051 7,137009
E4_Bvp 1568797432,71613 8,036659
E4_Bvp 1568797432,73176 8,65078
E4_Bvp 1568797432,74739 8,821747
E4_Bvp 1568797432,76301 8,573265
E4_Bvp 1568797432,77864 8,043678
E4_Bvp 1568797432,79426 7,376015
E4_Bvp 1568797432,80989 6,651657
E4_Bvp 1568797432,82551 5,85585
E4_Bvp 1568797432,84114 4,945793
E4_Bvp 1568797432,85677 3,940628
E4_Bvp 1568797432,87239 2,938881
E4_Bvp 1568797432,88802 2,074371
E4_Bvp 1568797432,90364 1,444702
E4_Bvp 1568797432,91927 1,009094
E4_Bvp 1568797432,93489 0,6073151
E4_Bvp 1568797432,95052 0,0661087
E4_Bvp 1568797432,96615 -0,7104492
E4_Bvp 1568797432,98177 -1,683937
E4_Bvp 1568797432,9974 -2,691528
E4_Bvp 1568797433,01302 -3,567123
E4_Bvp 1568797433,02865 -4,227692
E4_Bvp 1568797433,04427 -4,68531
E4_Bvp 1568797433,0599 -5,057434
E4_Bvp 1568797433,07553 -5,446014
E4_Bvp 1568797433,09115 -5,91571
E4_Gsr 1568797431,519 0,09380404
E4_Gsr 1568797431,769 0,09252271
E4_Gsr 1568797432,019 0,09508537
E4_Gsr 1568797432,269 0,09380404
E4_Gsr 1568797432,519 0,08611605
E4_Gsr 1568797432,769 0,09508537
E4_Bvp 1568797433,10678 -6,449707
E4_Bvp 1568797433,1224 -7,038147
E4_Bvp 1568797433,13803 -7,674522
E4_Bvp 1568797433,15365 -8,452873
E4_Bvp 1568797433,16928 -9,512848
E4_Bvp 1568797433,18491 -10,93225
E4_Bvp 1568797433,20053 -12,66006
E4_Bvp 1568797433,21616 -14,44492
E4_Bvp 1568797433,23178 -15,89568
E4_Bvp 1568797433,24741 -16,60954
E4_Bvp 1568797433,26303 -16,28709
E4_Bvp 1568797433,27866 -14,85822
E4_Bvp 1568797433,29429 -12,47353
E4_Bvp 1568797433,30991 -9,449059
E4_Bvp 1568797433,32554 -6,148315
E4_Bvp 1568797433,34116 -2,915894
E4_Bvp 1568797433,35679 -0,00958252
E4_Bvp 1568797433,37241 2,388969
E4_Bvp 1568797433,38804 4,186127
E4_Bvp 1568797433,40367 5,361237
E4_Bvp 1568797433,41929 5,971344
E4_Bvp 1568797433,43492 6,145027
E4_Bvp 1568797433,45054 6,036522
E4_Bvp 1568797433,46617 5,828987
E4_Bvp 1568797433,48179 5,658531
E4_Bvp 1568797433,49742 5,635582
E4_Bvp 1568797433,51305 5,781708
E4_Bvp 1568797433,52867 6,072701
E4_Bvp 1568797433,5443 6,430397
E4_Bvp 1568797433,55992 6,783325
E4_Bvp 1568797433,57555 7,082436
E4_Bvp 1568797433,59117 7,376175
E4_Bvp 1568797433,6068 7,754158
E4_Bvp 1568797433,62243 8,285904
E4_Bvp 1568797433,63805 8,96656
E4_Bvp 1568797433,65368 9,674171
E4_Bvp 1568797433,6693 10,18321
E4_Bvp 1568797433,68493 10,27906
E4_Bvp 1568797433,70055 9,837364
E4_Bvp 1568797433,71618 8,906479
E4_Bvp 1568797433,73181 7,667549
E4_Bvp 1568797433,74743 6,345352
E4_Bvp 1568797433,76306 5,13269
E4_Bvp 1568797433,77868 4,109505
E4_Bvp 1568797433,79431 3,285866
E4_Bvp 1568797433,80993 2,612404
E4_Bvp 1568797433,82556 2,045631
E4_Bvp 1568797433,84119 1,568901
E4_Bvp 1568797433,85681 1,184868
E4_Bvp 1568797433,87244 0,8702469
E4_Bvp 1568797433,88806 0,5985413
E4_Bvp 1568797433,90369 0,3301697
E4_Bvp 1568797433,91932 0,01177216
E4_Bvp 1568797433,93494 -0,3717804
E4_Bvp 1568797433,95057 -0,8448868
E4_Bvp 1568797433,96619 -1,420395
E4_Bvp 1568797433,98182 -2,116768
E4_Bvp 1568797433,99744 -2,921021
E4_Bvp 1568797434,01307 -3,817924
E4_Bvp 1568797434,0287 -4,764412
E4_Bvp 1568797434,04432 -5,724266
E4_Bvp 1568797434,05995 -6,664604
E4_Bvp 1568797434,07557 -7,576897
E4_Bvp 1568797434,0912 -8,479683
E4_Bvp 1568797434,10682 -9,423141
E4_Bvp 1568797434,12245 -10,49758
E4_Bvp 1568797434,13808 -11,78113
E4_Bvp 1568797434,1537 -13,2977
E4_Bvp 1568797434,16933 -14,95778
E4_Bvp 1568797434,18495 -16,52209
E4_Bvp 1568797434,20058 -17,66247
E4_Bvp 1568797434,2162 -18,04922
E4_Bvp 1568797434,23183 -17,46017
E4_Bvp 1568797434,24746 -15,8582
E4_Bvp 1568797434,26308 -13,41326
E4_Bvp 1568797434,27871 -10,39713
E4_Bvp 1568797434,29433 -7,1315
E4_Temperature 1568797432,36947 28,97
E4_Temperature 1568797432,61948 28,97
E4_Temperature 1568797432,86949 28,97
E4_Temperature 1568797433,1195 28,97
E4_Temperature 1568797433,36952 28,99
E4_Temperature 1568797433,61953 28,99
E4_Temperature 1568797433,86954 28,99
E4_Temperature 1568797434,11955 28,99
E4_Bvp 1568797434,30996 -3,885391
E4_Bvp 1568797434,32558 -0,8707504
E4_Bvp 1568797434,34121 1,74662
E4_Bvp 1568797434,35684 3,83947
E4_Bvp 1568797434,37246 5,32473
E4_Bvp 1568797434,38809 6,216202
E4_Bvp 1568797434,40371 6,615929
E4_Bvp 1568797434,41934 6,697083
E4_Bvp 1568797434,43496 6,635719
E4_Bvp 1568797434,45059 6,553825
E4_Bvp 1568797434,46622 6,508224
E4_Bvp 1568797434,48184 6,505096
E4_Bvp 1568797434,49747 6,566284
E4_Bvp 1568797434,51309 6,712631
E4_Bvp 1568797434,52872 6,975067
E4_Bvp 1568797434,54434 7,345596
E4_Bvp 1568797434,55997 7,784851
E4_Bvp 1568797434,5756 8,223656
E4_Bvp 1568797434,59122 8,586937
E4_Bvp 1568797434,60685 8,859116
E4_Bvp 1568797434,62247 9,047882
E4_Bvp 1568797434,6381 9,193729
E4_Gsr 1568797433,019 0,09124137
E4_Gsr 1568797433,269 0,09124137
E4_Gsr 1568797433,519 0,09124137
E4_Gsr 1568797433,769 0,08996005
E4_Gsr 1568797434,019 0,09124137
E4_Gsr 1568797434,269 0,08996005
E4_Bvp 1568797434,65372 9,315056
E4_Bvp 1568797434,66935 9,393208
E4_Bvp 1568797434,68498 9,337246
E4_Bvp 1568797434,7006 9,054424
E4_Bvp 1568797434,71623 8,454754
E4_Bvp 1568797434,73185 7,516186
E4_Bvp 1568797434,74748 6,335648
E4_Bvp 1568797434,7631 5,096119
E4_Bvp 1568797434,77873 3,998558
E4_Bvp 1568797434,79436 3,200985
E4_Bvp 1568797434,80998 2,724663
E4_Bvp 1568797434,82561 2,478565
E4_Bvp 1568797434,84123 2,288307
E4_Bvp 1568797434,85686 2,015377
E4_Bvp 1568797434,87248 1,570786
E4_Bvp 1568797434,88811 0,9871826
E4_Bvp 1568797434,90374 0,3341255
E4_Bvp 1568797434,91936 -0,3099518
E4_Bvp 1568797434,93499 -0,9109917
E4_Bvp 1568797434,95061 -1,491673
E4_Bvp 1568797434,96624 -2,090157
E4_Bvp 1568797434,98186 -2,734898
E4_Bvp 1568797434,99749 -3,42934
E4_Bvp 1568797435,01312 -4,147858
E4_Bvp 1568797435,02874 -4,832813
E4_Bvp 1568797435,04437 -5,449203
E4_Bvp 1568797435,05999 -6,01078
E4_Bvp 1568797435,07562 -6,601624
E4_Bvp 1568797435,09124 -7,370594
E4_Bvp 1568797435,10687 -8,464447
E4_Bvp 1568797435,1225 -9,948647
E4_Bvp 1568797435,13812 -11,73703
E4_Bvp 1568797435,15375 -13,56135
E4_Bvp 1568797435,16937 -15,02699
E4_Bvp 1568797435,185 -15,7732
E4_Bvp 1568797435,20062 -15,56602
E4_Bvp 1568797435,21625 -14,36067
E4_Bvp 1568797435,23188 -12,30182
E4_Bvp 1568797435,2475 -9,638779
E4_Bvp 1568797435,26313 -6,674858
E4_Bvp 1568797435,27875 -3,701805
E4_Bvp 1568797435,29438 -0,9555016
E4_Bvp 1568797435,31 1,392498
E4_Bvp 1568797435,32563 3,245701
E4_Bvp 1568797435,34126 4,579384
E4_Bvp 1568797435,35688 5,433094
E4_Bvp 1568797435,37251 5,883808
E4_Bvp 1568797435,38813 6,01519
E4_Bvp 1568797435,40376 5,899014
E4_Bvp 1568797435,41938 5,614525
E4_Bvp 1568797435,43501 5,22509
E4_Bvp 1568797435,45064 4,792908
E4_Bvp 1568797435,46626 4,364426
E4_Bvp 1568797435,48189 4,006901
E4_Bvp 1568797435,49751 3,759754
E4_Bvp 1568797435,51314 3,675041
E4_Bvp 1568797435,52876 3,805359
E4_Bvp 1568797435,54439 4,199902
E4_Bvp 1568797435,56002 4,863552
E4_Bvp 1568797435,57564 5,729034
E4_Bvp 1568797435,59127 6,627083
E4_Bvp 1568797435,60689 7,38596
E4_Bvp 1568797435,62252 7,820278
E4_Bvp 1568797435,63814 7,823261
E4_Bvp 1568797435,65377 7,389065
E4_Bvp 1568797435,6694 6,617107
E4_Bvp 1568797435,68502 5,625408
E4_Bvp 1568797435,70065 4,545975
E4_Bvp 1568797435,71627 3,47105
E4_Bvp 1568797435,7319 2,486168
E4_Bvp 1568797435,74752 1,639603
E4_Bvp 1568797435,76315 0,9728355
E4_Bvp 1568797435,77878 0,4958649
E4_Bvp 1568797435,7944 0,2159157
E4_Bvp 1568797435,81003 0,0728302
E4_Bvp 1568797435,82565 0,002128601
E4_Bvp 1568797435,84128 -0,09439468
E4_Bvp 1568797435,8569 -0,3055801
E4_Bvp 1568797435,87253 -0,707859
E4_Bvp 1568797435,88816 -1,321896
E4_Bvp 1568797435,90378 -2,097088
E4_Bvp 1568797435,91941 -2,928364
E4_Bvp 1568797435,93503 -3,690592
E4_Bvp 1568797435,95066 -4,284641
E4_Bvp 1568797435,96628 -4,699671
E4_Bvp 1568797435,98191 -5,007429
E4_Bvp 1568797435,99754 -5,346468
E4_Bvp 1568797436,01316 -5,855923
E4_Bvp 1568797436,02879 -6,639818
E4_Bvp 1568797436,04441 -7,735752
E4_Bvp 1568797436,06004 -9,124147
E4_Bvp 1568797436,07567 -10,73144
E4_Bvp 1568797436,09129 -12,43244
E4_Bvp 1568797436,10692 -13,98607
E4_Bvp 1568797436,12254 -15,05482
E4_Bvp 1568797436,13817 -15,26686
E4_Bvp 1568797436,15379 -14,33189
E4_Bvp 1568797436,16942 -12,21055
E4_Bvp 1568797436,18505 -9,179207
E4_Gsr 1568797434,519 0,08996005
E4_Gsr 1568797434,769 0,08996005
E4_Gsr 1568797435,019 0,08996005
E4_Gsr 1568797435,269 0,08611605
E4_Gsr 1568797435,519 0,08867872
E4_Gsr 1568797435,769 0,08867872
E4_Temperature 1568797434,36956 28,97
E4_Temperature 1568797434,61957 28,97
E4_Temperature 1568797434,86958 28,97
E4_Temperature 1568797435,1196 28,97
E4_Temperature 1568797435,36961 28,97
E4_Temperature 1568797435,61962 28,97
E4_Temperature 1568797435,86963 28,97
E4_Temperature 1568797436,11964 28,97
E4_Bvp 1568797436,20067 -5,78414
E4_Bvp 1568797436,2163 -2,663874
E4_Bvp 1568797436,23192 -0,2591305
E4_Bvp 1568797436,24755 1,303625
E4_Bvp 1568797436,26317 2,217442
E4_Bvp 1568797436,2788 2,807535
E4_Bvp 1568797436,29443 3,334354
E4_Bvp 1568797436,31005 3,82835
E4_Bvp 1568797436,32568 4,180805
E4_Bvp 1568797436,3413 4,269098
E4_Bvp 1568797436,35693 4,125809
E4_Bvp 1568797436,37255 3,951729
E4_Bvp 1568797436,38818 3,983711
E4_Bvp 1568797436,40381 4,333952
E4_Bvp 1568797436,41943 4,890123
E4_Bvp 1568797436,43506 5,417749
E4_Bvp 1568797436,45068 5,728958
E4_Bvp 1568797436,46631 5,85022
E4_Bvp 1568797436,48193 6,000471
E4_Bvp 1568797436,49756 6,428598
E4_Bvp 1568797436,51319 7,210629
E4_Bvp 1568797436,52881 8,183516
E4_Bvp 1568797436,54444 9,02544
E4_Bvp 1568797436,56006 9,44154
E4_Bvp 1568797436,57569 9,298012
E4_Bvp 1568797436,59131 8,65897
E4_Bvp 1568797436,60694 7,741163
E4_Bvp 1568797436,62257 6,762817
E4_Bvp 1568797436,63819 5,886906
E4_Bvp 1568797436,65382 5,180035
E4_Bvp 1568797436,66944 4,650673
E4_Bvp 1568797436,68507 4,248425
E4_Bvp 1568797436,70069 3,900237
E4_Bvp 1568797436,71632 3,523747
E4_Bvp 1568797436,73195 3,014738
E4_Bvp 1568797436,74757 2,324715
E4_Bvp 1568797436,7632 1,466372
E4_Bvp 1568797436,77882 0,5399103
E4_Bvp 1568797436,79445 -0,3248882
E4_Bvp 1568797436,81007 -1,026814
E4_Bvp 1568797436,8257 -1,568726
E4_Bvp 1568797436,84133 -1,995898
E4_Bvp 1568797436,85695 -2,403177
E4_Bvp 1568797436,87258 -2,883921
E4_Bvp 1568797436,8882 -3,461226
E4_Bvp 1568797436,90383 -4,140203
E4_Bvp 1568797436,91945 -4,885676
E4_Bvp 1568797436,93508 -5,696559
E4_Bvp 1568797436,95071 -6,584429
E4_Bvp 1568797436,96633 -7,589149
E4_Bvp 1568797436,98196 -8,745024
E4_Bvp 1568797436,99758 -10,05117
E4_Bvp 1568797437,01321 -11,47901
E4_Bvp 1568797437,02883 -12,95505
E4_Bvp 1568797437,04446 -14,37709
E4_Bvp 1568797437,06009 -15,54254
E4_Bvp 1568797437,07571 -16,22915
E4_Bvp 1568797437,09134 -16,18281
E4_Bvp 1568797437,10696 -15,21719
E4_Bvp 1568797437,12259 -13,33133
E4_Bvp 1568797437,13821 -10,7171
E4_Bvp 1568797437,15384 -7,745695
E4_Bvp 1568797437,16947 -4,813745
E4_Bvp 1568797437,18509 -2,223764
E4_Bvp 1568797437,20072 -0,08012629
E4_Bvp 1568797437,21634 1,674457
E4_Bvp 1568797437,23197 3,184854
E4_Bvp 1568797437,24759 4,550427
E4_Bvp 1568797437,26322 5,767252
E4_Bvp 1568797437,27885 6,736653
E4_Bvp 1568797437,29447 7,344779
E4_Bvp 1568797437,3101 7,550642
E4_Bvp 1568797437,32572 7,434117
E4_Bvp 1568797437,34135 7,201063
E4_Bvp 1568797437,35697 7,051162
E4_Bvp 1568797437,3726 7,096563
E4_Bvp 1568797437,38823 7,296147
E4_Bvp 1568797437,40385 7,479539
E4_Bvp 1568797437,41948 7,467549
E4_Bvp 1568797437,4351 7,190175
E4_Bvp 1568797437,45073 6,755561
E4_Bvp 1568797437,46635 6,391562
E4_Bvp 1568797437,48198 6,311216
E4_Bvp 1568797437,49761 6,574898
E4_Bvp 1568797437,51323 7,021903
E4_Bvp 1568797437,52886 7,358683
E4_Bvp 1568797437,54448 7,31564
E4_Bvp 1568797437,56011 6,785714
E4_Gsr 1568797436,019 0,08867872
E4_Gsr 1568797436,269 0,08867872
E4_Gsr 1568797436,519 0,09380404
E4_Gsr 1568797436,769 0,09508537
E4_Gsr 1568797437,019 0,09380404
E4_Gsr 1568797437,269 0,09124137
E4_Bvp 1568797437,57573 5,887665
E4_Bvp 1568797437,59136 4,882711
E4_Bvp 1568797437,60699 4,041741
E4_Bvp 1568797437,62261 3,508259
E4_Bvp 1568797437,63824 3,298197
E4_Bvp 1568797437,65386 3,272611
E4_Bvp 1568797437,66949 3,269609
E4_Bvp 1568797437,68511 3,158955
E4_Bvp 1568797437,70074 2,912357
E4_Bvp 1568797437,71637 2,613712
E4_Bvp 1568797437,73199 2,394646
E4_Bvp 1568797437,74762 2,374067
E4_Bvp 1568797437,76324 2,59482
E4_Bvp 1568797437,77887 2,967628
E4_Bvp 1568797437,79449 3,325404
E4_Bvp 1568797437,81012 3,470845
E4_Bvp 1568797437,82575 3,286131
E4_Bvp 1568797437,84137 2,753571
E4_Bvp 1568797437,857 1,955335
E4_Bvp 1568797437,87262 0,9672461
E4_Bvp 1568797437,88825 -0,1814804
E4_Bvp 1568797437,90387 -1,515974
E4_Bvp 1568797437,9195 -3,041972
E4_Bvp 1568797437,93513 -4,677686
E4_Bvp 1568797437,95075 -6,26338
E4_Bvp 1568797437,96638 -7,597773
E4_Bvp 1568797437,982 -8,591256
E4_Bvp 1568797437,99763 -9,319828
E4_Bvp 1568797438,01325 -9,998955
E4_Bvp 1568797438,02888 -10,89068
E4_Bvp 1568797438,04451 -12,10484
E4_Bvp 1568797438,06013 -13,52546
E4_Bvp 1568797438,07576 -14,80683
E4_Bvp 1568797438,09138 -15,50455
E4_Bvp 1568797438,10701 -15,25192
E4_Bvp 1568797438,12263 -13,94612
E4_Bvp 1568797438,13826 -11,74094
E4_Bvp 1568797438,15389 -9,014462
E4_Bvp 1568797438,16951 -6,182577
E4_Bvp 1568797438,18514 -3,577467
E4_Bvp 1568797438,20076 -1,336294
E4_Bvp 1568797438,21639 0,5477104
E4_Bvp 1568797438,23201 2,134403
E4_Bvp 1568797438,24764 3,467617
E4_Temperature 1568797436,36965 28,95
E4_Temperature 1568797436,61967 28,95
E4_Temperature 1568797436,86968 28,95
E4_Temperature 1568797437,11969 28,95
E4_Temperature 1568797437,3697 28,97
E4_Temperature 1568797437,61971 28,97
E4_Temperature 1568797437,86972 28,97
E4_Temperature 1568797438,11974 28,97
E4_Bvp 1568797438,26327 4,50668
E4_Bvp 1568797438,27889 5,182369
E4_Bvp 1568797438,29452 5,455805
E4_Bvp 1568797438,31014 5,374926
E4_Bvp 1568797438,32577 5,074306
E4_Bvp 1568797438,34139 4,707977
E4_Bvp 1568797438,35702 4,425381
E4_Bvp 1568797438,37265 4,306746
E4_Bvp 1568797438,38827 4,376347
E4_Bvp 1568797438,4039 4,576939
E4_Bvp 1568797438,41952 4,852631
E4_Bvp 1568797438,43515 5,157423
E4_Bvp 1568797438,45077 5,469587
E4_Bvp 1568797438,4664 5,803606
E4_Bvp 1568797438,48203 6,162352
E4_Bvp 1568797438,49765 6,514368
E4_Bvp 1568797438,51328 6,758959
E4_Bvp 1568797438,5289 6,767292
E4_Bvp 1568797438,54453 6,465929
E4_Bvp 1568797438,56015 5,87673
E4_Bvp 1568797438,57578 5,150513
E4_Bvp 1568797438,59141 4,476755
E4_Bvp 1568797438,60703 4,024113
E4_Bvp 1568797438,62266 3,835194
E4_Bvp 1568797438,63828 3,83935
E4_Bvp 1568797438,65391 3,904385
E4_Bvp 1568797438,66953 3,904812
E4_Bvp 1568797438,68516 3,763828
E4_Bvp 1568797438,70079 3,470699
E4_Bvp 1568797438,71641 3,039097
E4_Bvp 1568797438,73204 2,494453
E4_Bvp 1568797438,74766 1,899864
E4_Bvp 1568797438,76329 1,365082
E4_Bvp 1568797438,77892 0,9970169
E4_Bvp 1568797438,79454 0,8551369
E4_Bvp 1568797438,81017 0,9031754
E4_Bvp 1568797438,82579 1,013676
E4_Bvp 1568797438,84142 1,010021
E4_Bvp 1568797438,85704 0,7534981
E4_Bvp 1568797438,87267 0,1956253
E4_Bvp 1568797438,8883 -0,5930977
E4_Bvp 1568797438,90392 -1,503746
E4_Bvp 1568797438,91955 -2,409428
E4_Bvp 1568797438,93517 -3,225037
E4_Bvp 1568797438,9508 -3,951283
E4_Bvp 1568797438,96642 -4,630619
E4_Bvp 1568797438,98205 -5,330116
E4_Bvp 1568797438,99768 -6,102745
E4_Bvp 1568797439,0133 -6,97607
E4_Bvp 1568797439,02893 -7,985394
E4_Bvp 1568797439,04455 -9,152473
E4_Bvp 1568797439,06018 -10,49989
E4_Bvp 1568797439,0758 -11,96568
E4_Bvp 1568797439,09143 -13,40881
E4_Bvp 1568797439,10706 -14,54743
E4_Gsr 1568797437,519 0,09252271
E4_Gsr 1568797437,769 0,08996005
E4_Gsr 1568797438,019 0,08739738
E4_Gsr 1568797438,269 0,09124137
E4_Gsr 1568797438,519 0,09252271
E4_Gsr 1568797438,769 0,09252271
E4_Bvp 1568797439,12268 -15,04313
E4_Bvp 1568797439,13831 -14,60669
E4_Bvp 1568797439,15393 -13,1198
E4_Bvp 1568797439,16956 -10,73396
E4_Bvp 1568797439,18518 -7,800323
E4_Bvp 1568797439,20081 -4,788387
E4_Bvp 1568797439,21644 -2,050468
E4_Bvp 1568797439,23206 0,2252121
E4_Bvp 1568797439,24769 2,035503
E4_Bvp 1568797439,26331 3,488571
E4_Bvp 1568797439,27894 4,660645
E4_Bvp 1568797439,29456 5,532703
E4_Bvp 1568797439,31019 6,021168
E4_Bvp 1568797439,32582 6,082836
E4_Bvp 1568797439,34144 5,737518
E4_Bvp 1568797439,35707 5,132019
E4_Bvp 1568797439,37269 4,467358
E4_Bvp 1568797439,38832 3,893436
E4_Bvp 1568797439,40394 3,466782
E4_Bvp 1568797439,41957 3,147614
E4_Bvp 1568797439,4352 2,858711
E4_Bvp 1568797439,45082 2,569653
E4_Bvp 1568797439,46645 2,320641
E4_Bvp 1568797439,48207 2,171185
E4_Bvp 1568797439,4977 2,189781
E4_Bvp 1568797439,51332 2,369835
E4_Bvp 1568797439,52895 2,670105
E4_Bvp 1568797439,54458 3,016537
E4_Bvp 1568797439,5602 3,34996
E4_Bvp 1568797439,57583 3,614216
E4_Bvp 1568797439,59145 3,752907
E4_Bvp 1568797439,60708 3,743484
E4_Bvp 1568797439,6227 3,589439
E4_Bvp 1568797439,63833 3,337154
E4_Bvp 1568797439,65396 3,102501
E4_Bvp 1568797439,66958 2,955959
E4_Bvp 1568797439,68521 2,955986
E4_Bvp 1568797439,70083 3,060177
E4_Bvp 1568797439,71646 3,156265
E4_Bvp 1568797439,73208 3,1087
E4_Bvp 1568797439,74771 2,823162
E4_Bvp 1568797439,76334 2,31105
E4_Bvp 1568797439,77896 1,689816
E4_Bvp 1568797439,79459 1,140659
E4_Bvp 1568797439,81021 0,7999878
E4_Bvp 1568797439,82584 0,7262115
E4_Bvp 1568797439,84146 0,8237419
E4_Bvp 1568797439,85709 0,929985
E4_Bvp 1568797439,87272 0,8571434
E4_Bvp 1568797439,88834 0,5150986
E4_Bvp 1568797439,90397 -0,07091522
E4_Bvp 1568797439,91959 -0,7807961
E4_Bvp 1568797439,93522 -1,503662
E4_Bvp 1568797439,95084 -2,178131
E4_Bvp 1568797439,96647 -2,822479
E4_Bvp 1568797439,9821 -3,534554
E4_Bvp 1568797439,99772 -4,386681
E4_Bvp 1568797440,01335 -5,408722
E4_Bvp 1568797440,02897 -6,591759
E4_Bvp 1568797440,0446 -7,915573
E4_Bvp 1568797440,06022 -9,329102
E4_Bvp 1568797440,07585 -10,74102
E4_Bvp 1568797440,09148 -11,99162
E4_Bvp 1568797440,1071 -12,81128
E4_Bvp 1568797440,12273 -12,92037
E4_Bvp 1568797440,13835 -12,12431
E4_Bvp 1568797440,15398 -10,41374
E4_Bvp 1568797440,1696 -8,007759
E4_Bvp 1568797440,18523 -5,290909
E4_Bvp 1568797440,20086 -2,670158
E4_Bvp 1568797440,21648 -0,4633331
E4_Bvp 1568797440,23211 1,178757
E4_Bvp 1568797440,24773 2,28965
E4_Bvp 1568797440,26336 3,004707
E4_Bvp 1568797440,27898 3,476662
E4_Bvp 1568797440,29461 3,823135
E4_Bvp 1568797440,31024 4,06852
E4_Temperature 1568797438,36975 28,95
E4_Temperature 1568797438,61976 28,95
E4_Temperature 1568797438,86977 28,95
E4_Temperature 1568797439,11978 28,95
E4_Temperature 1568797439,36979 28,97
E4_Temperature 1568797439,6198 28,97
E4_Temperature 1568797439,86982 28,97
E4_Temperature 1568797440,11983 28,97
E4_Bvp 1568797440,32586 4,195244
E4_Bvp 1568797440,34149 4,156837
E4_Bvp 1568797440,35711 3,958794
E4_Bvp 1568797440,37274 3,64843
E4_Bvp 1568797440,38836 3,339127
E4_Bvp 1568797440,40399 3,14994
E4_Bvp 1568797440,41962 3,143425
E4_Bvp 1568797440,43524 3,306053
E4_Bvp 1568797440,45087 3,551865
E4_Bvp 1568797440,46649 3,786919
E4_Bvp 1568797440,48212 3,955589
E4_Bvp 1568797440,49774 4,125969
E4_Bvp 1568797440,51337 4,382294
E4_Bvp 1568797440,529 4,779831
E4_Bvp 1568797440,54462 5,259834
E4_Bvp 1568797440,56025 5,620697
E4_Bvp 1568797440,57587 5,644547
E4_Bvp 1568797440,5915 5,198753
E4_Bvp 1568797440,60712 4,338188
E4_Bvp 1568797440,62275 3,298096
E4_Bvp 1568797440,63838 2,369881
E4_Bvp 1568797440,654 1,759552
E4_Gsr 1568797439,019 0,09124137
E4_Gsr 1568797439,269 0,09252271
E4_Gsr 1568797439,519 0,09252271
E4_Gsr 1568797439,769 0,09124137
E4_Gsr 1568797440,019 0,09124137
E4_Gsr 1568797440,269 0,09252271
E4_Bvp 1568797440,66963 1,49012
E4_Bvp 1568797440,68525 1,43634
E4_Bvp 1568797440,70088 1,387955
E4_Bvp 1568797440,7165 1,182617
E4_Bvp 1568797440,73213 0,7584152
E4_Bvp 1568797440,74776 0,1565628
E4_Bvp 1568797440,76338 -0,5216675
E4_Bvp 1568797440,77901 -1,159286
E4_Bvp 1568797440,79463 -1,681885
E4_Bvp 1568797440,81026 -2,057388
E4_Bvp 1568797440,82588 -2,321297
E4_Bvp 1568797440,84151 -2,544014
E4_Bvp 1568797440,85714 -2,821037
E4_Bvp 1568797440,87276 -3,213852
E4_Bvp 1568797440,88839 -3,736366
E4_Bvp 1568797440,90401 -4,329765
E4_Bvp 1568797440,91964 -4,891266
E4_Bvp 1568797440,93527 -5,336845
E4_Bvp 1568797440,95089 -5,623322
E4_Bvp 1568797440,96652 -5,813072
E4_Bvp 1568797440,98214 -6,059372
E4_Bvp 1568797440,99777 -6,538483
E4_Bvp 1568797441,01339 -7,408043
E4_Bvp 1568797441,02902 -8,715012
E4_Bvp 1568797441,04465 -10,31548
E4_Bvp 1568797441,06027 -11,94096
E4_Bvp 1568797441,0759 -13,21434
E4_Bvp 1568797441,09152 -13,8066
E4_Bvp 1568797441,10715 -13,54066
E4_Bvp 1568797441,12277 -12,43812
E4_Bvp 1568797441,1384 -10,69981
E4_Bvp 1568797441,15403 -8,603874
E4_Bvp 1568797441,16965 -6,403595
E4_Bvp 1568797441,18528 -4,235107
E4_Bvp 1568797441,2009 -2,184586
E4_Bvp 1568797441,21653 -0,2929688
E4_Bvp 1568797441,23215 1,373589
E4_Bvp 1568797441,24778 2,714043
E4_Bvp 1568797441,26341 3,644173
E4_Bvp 1568797441,27903 4,153809
E4_Bvp 1568797441,29466 4,306648
E4_Bvp 1568797441,31028 4,228195
E4_Bvp 1568797441,32591 4,050705
E4_Bvp 1568797441,34153 3,877983
E4_Bvp 1568797441,35716 3,790253
E4_Bvp 1568797441,37279 3,862923
E4_Bvp 1568797441,38841 4,140038
E4_Bvp 1568797441,40404 4,611534
E4_Bvp 1568797441,41966 5,212402
E4_Bvp 1568797441,43529 5,785583
E4_Bvp 1568797441,45091 6,170036
E4_Bvp 1568797441,46654 6,280243
E4_Bvp 1568797441,48217 6,120102
E4_Bvp 1568797441,49779 5,814125
E4_Bvp 1568797441,51342 5,511749
E4_Bvp 1568797441,52904 5,305389
E4_Bvp 1568797441,54467 5,221611
E4_Bvp 1568797441,56029 5,186699
E4_Bvp 1568797441,57592 5,133057
E4_Bvp 1568797441,59155 5,007866
E4_Bvp 1568797441,60717 4,811096
E4_Bvp 1568797441,6228 4,573814
E4_Bvp 1568797441,63842 4,315834
E4_Bvp 1568797441,65405 4,023209
E4_Bvp 1568797441,66967 3,665321
E4_Bvp 1568797441,6853 3,238869
E4_Bvp 1568797441,70093 2,742767
E4_Bvp 1568797441,71655 2,218399
E4_Bvp 1568797441,73218 1,710091
E4_Bvp 1568797441,7478 1,243523
E4_Bvp 1568797441,76343 0,8564911
E4_Bvp 1568797441,77905 0,5514297
E4_Bvp 1568797441,79468 0,3126526
E4_Bvp 1568797441,81031 0,0721817
E4_Bvp 1568797441,82593 -0,251976
E4_Bvp 1568797441,84156 -0,7460022
E4_Bvp 1568797441,85718 -1,441078
E4_Bvp 1568797441,87281 -2,304161
E4_Bvp 1568797441,88843 -3,253014
E4_Bvp 1568797441,90406 -4,159279
E4_Bvp 1568797441,91969 -4,93988
E4_Bvp 1568797441,93531 -5,539337
E4_Bvp 1568797441,95094 -5,981781
E4_Bvp 1568797441,96656 -6,313988
E4_Bvp 1568797441,98219 -6,637077
E4_Bvp 1568797441,99781 -7,06295
E4_Bvp 1568797442,01344 -7,692459
E4_Bvp 1568797442,02907 -8,608841
E4_Gsr 1568797440,519 0,09124137
E4_Gsr 1568797440,769 0,09124137
E4_Gsr 1568797441,019 0,09508537
E4_Gsr 1568797441,269 0,09380404
E4_Gsr 1568797441,519 0,09508537
E4_Gsr 1568797441,769 0,09252271
E4_Bvp 1568797442,04469 -9,785294
E4_Bvp 1568797442,06032 -11,11434
E4_Bvp 1568797442,07594 -12,36723
E4_Bvp 1568797442,09157 -13,26138
E4_Bvp 1568797442,10719 -13,52498
E4_Bvp 1568797442,12282 -13,00475
E4_Bvp 1568797442,13845 -11,71106
E4_Bvp 1568797442,15407 -9,812279
E4_Bvp 1568797442,1697 -7,616203
E4_Bvp 1568797442,18532 -5,428192
E4_Bvp 1568797442,20095 -3,512749
E4_Temperature 1568797440,36984 28,95
E4_Temperature 1568797440,61985 28,95
E4_Temperature 1568797440,86986 28,95
E4_Temperature 1568797441,11987 28,95
E4_Temperature 1568797441,36989 28,95
E4_Temperature 1568797441,6199 28,95
E4_Temperature 1568797441,86991 28,95
E4_Temperature 1568797442,11992 28,95
E4_Bvp 1568797442,21657 -1,994354
E4_Bvp 1568797442,2322 -0,834259
E4_Bvp 1568797442,24783 0,1035919
E4_Bvp 1568797442,26345 0,9769516
E4_Bvp 1568797442,27908 1,861954
E4_Bvp 1568797442,2947 2,721008
E4_Bvp 1568797442,31033 3,429008
E4_Bvp 1568797442,32595 3,875999
E4_Bvp 1568797442,34158 4,038368
E4_Bvp 1568797442,35721 4,00576
E4_Bvp 1568797442,37283 3,941017
E4_Bvp 1568797442,38846 3,958023
E4_Bvp 1568797442,40408 4,098724
E4_Bvp 1568797442,41971 4,308174
E4_Bvp 1568797442,43533 4,520775
E4_Bvp 1568797442,45096 4,713219
E4_Bvp 1568797442,46659 4,952614
E4_Bvp 1568797442,48221 5,321762
E4_Bvp 1568797442,49784 5,879318
E4_Bvp 1568797442,51346 6,567406
E4_Bvp 1568797442,52909 7,221565
E4_Bvp 1568797442,54471 7,663879
E4_Bvp 1568797442,56034 7,768097
E4_Bvp 1568797442,57597 7,542442
E4_Bvp 1568797442,59159 7,069801
E4_Bvp 1568797442,60722 6,487724
E4_Bvp 1568797442,62284 5,88961
E4_Bvp 1568797442,63847 5,331261
E4_Bvp 1568797442,65409 4,831596
E4_Bvp 1568797442,66972 4,418877
E4_Bvp 1568797442,68535 4,136482
E4_Bvp 1568797442,70097 3,998779
E4_Bvp 1568797442,7166 4,005142
E4_Bvp 1568797442,73222 4,044228
E4_Bvp 1568797442,74785 4,005745
E4_Bvp 1568797442,76347 3,800224
E4_Bvp 1568797442,7791 3,431984
E4_Bvp 1568797442,79473 2,988235
E4_Bvp 1568797442,81035 2,550888
E4_Bvp 1568797442,82598 2,157997
E4_Bvp 1568797442,8416 1,745003
E4_Bvp 1568797442,85723 1,197044
E4_Bvp 1568797442,87285 0,4198608
E4_Bvp 1568797442,88848 -0,5802383
E4_Bvp 1568797442,90411 -1,717842
E4_Bvp 1568797442,91973 -2,859497
E4_Bvp 1568797442,93536 -3,883179
E4_Bvp 1568797442,95098 -4,698631
E4_Bvp 1568797442,96661 -5,290329
E4_Bvp 1568797442,98223 -5,666679
E4_Bvp 1568797442,99786 -5,891594
E4_Bvp 1568797443,01349 -6,074158
E4_Bvp 1568797443,02911 -6,358002
E4_Bvp 1568797443,04474 -6,909126
E4_Bvp 1568797443,06036 -7,836006
E4_Bvp 1568797443,07599 -9,141769
E4_Bvp 1568797443,09161 -10,7002
E4_Bvp 1568797443,10724 -12,27853
E4_Bvp 1568797443,12287 -13,58675
E4_Bvp 1568797443,13849 -14,35362
E4_Bvp 1568797443,15412 -14,3786
E4_Bvp 1568797443,16974 -13,57694
E4_Bvp 1568797443,18537 -12,03042
E4_Bvp 1568797443,20099 -9,939705
E4_Bvp 1568797443,21662 -7,614021
E4_Bvp 1568797443,23225 -5,339958
E4_Bvp 1568797443,24787 -3,347435
E4_Bvp 1568797443,2635 -1,728683
E4_Bvp 1568797443,27912 -0,4868546
E4_Bvp 1568797443,29475 0,4205627
E4_Bvp 1568797443,31037 1,041061
E4_Bvp 1568797443,326 1,376076
E4_Bvp 1568797443,34163 1,463432
E4_Bvp 1568797443,35725 1,370033
E4_Bvp 1568797443,37288 1,242783
E4_Bvp 1568797443,3885 1,221092
E4_Bvp 1568797443,40413 1,423721
E4_Bvp 1568797443,41975 1,855141
E4_Bvp 1568797443,43538 2,434792
E4_Bvp 1568797443,45101 3,075943
E4_Bvp 1568797443,46663 3,673447
E4_Bvp 1568797443,48226 4,224846
E4_Bvp 1568797443,49788 4,779007
E4_Bvp 1568797443,51351 5,397232
E4_Bvp 1568797443,52913 6,100258
E4_Bvp 1568797443,54476 6,859764
E4_Bvp 1568797443,56039 7,548309
E4_Bvp 1568797443,57601 8,057106
E4_Gsr 1568797442,019 0,08867872
E4_Gsr 1568797442,269 0,09124137
E4_Gsr 1568797442,519 0,08996005
E4_Gsr 1568797442,769 0,09252271
E4_Gsr 1568797443,019 0,09124137
E4_Gsr 1568797443,269 0,09252271
E4_Bvp 1568797443,59164 8,260674
E4_Bvp 1568797443,60726 8,092117
E4_Bvp 1568797443,62289 7,56691
E4_Bvp 1568797443,63852 6,743935
E4_Bvp 1568797443,65414 5,768051
E4_Bvp 1568797443,66977 4,822884
E4_Bvp 1568797443,68539 4,108383
E4_Bvp 1568797443,70102 3,722549
E4_Bvp 1568797443,71664 3,61866
E4_Bvp 1568797443,73227 3,624893
E4_Bvp 1568797443,7479 3,491585
E4_Bvp 1568797443,76352 3,078796
E4_Bvp 1568797443,77915 2,377983
E4_Bvp 1568797443,79477 1,57782
E4_Bvp 1568797443,8104 0,9160385
E4_Bvp 1568797443,82602 0,5631485
E4_Bvp 1568797443,84165 0,5321045
E4_Bvp 1568797443,85728 0,6957169
E4_Bvp 1568797443,8729 0,8713531
E4_Bvp 1568797443,88853 0,9172745
E4_Bvp 1568797443,90415 0,8149719
E4_Bvp 1568797443,91978 0,5986176
E4_Bvp 1568797443,9354 0,2984543
E4_Bvp 1568797443,95103 -0,09229279
E4_Bvp 1568797443,96666 -0,6037521
E4_Bvp 1568797443,98228 -1,254822
E4_Bvp 1568797443,99791 -2,003502
E4_Bvp 1568797444,01353 -2,801773
E4_Bvp 1568797444,02916 -3,647064
E4_Bvp 1568797444,04478 -4,62867
E4_Bvp 1568797444,06041 -5,919693
E4_Bvp 1568797444,07604 -7,629036
E4_Bvp 1568797444,09166 -9,754517
E4_Bvp 1568797444,10729 -12,05988
E4_Bvp 1568797444,12291 -14,12289
E4_Bvp 1568797444,13854 -15,44415
E4_Bvp 1568797444,15416 -15,63515
E4_Bvp 1568797444,16979 -14,59426
E4_Bvp 1568797444,18542 -12,53579
E4_Bvp 1568797444,20104 -9,881699
E4_Bvp 1568797444,21667 -7,11483
E4_Bvp 1568797444,23229 -4,617142
E4_Bvp 1568797444,24792 -2,575012
E4_Bvp 1568797444,26354 -1,016037
E4_Temperature 1568797442,36993 28,95
E4_Temperature 1568797442,61994 28,95
E4_Temperature 1568797442,86996 28,95
E4_Temperature 1568797443,11997 28,95
E4_Temperature 1568797443,36998 28,93
E4_Temperature 1568797443,61999 28,93
E4_Temperature 1568797443,87 28,93
E4_Temperature 1568797444,12001 28,93
E4_Bvp 1568797444,27917 0,1148682
E4_Bvp 1568797444,2948 0,8842697
E4_Bvp 1568797444,31042 1,328445
E4_Bvp 1568797444,32605 1,510048
E4_Bvp 1568797444,34167 1,489456
E4_Bvp 1568797444,3573 1,378616
E4_Bvp 1568797444,37292 1,278336
E4_Bvp 1568797444,38855 1,279083
E4_Bvp 1568797444,40418 1,424126
E4_Bvp 1568797444,4198 1,73941
E4_Bvp 1568797444,43543 2,214554
E4_Bvp 1568797444,45105 2,814396
E4_Bvp 1568797444,46668 3,501545
E4_Bvp 1568797444,4823 4,190125
E4_Bvp 1568797444,49793 4,825657
E4_Bvp 1568797444,51356 5,384571
E4_Bvp 1568797444,52918 5,904743
E4_Bvp 1568797444,54481 6,433186
E4_Bvp 1568797444,56043 6,952724
E4_Bvp 1568797444,57606 7,393898
E4_Bvp 1568797444,59168 7,604294
E4_Bvp 1568797444,60731 7,474529
E4_Bvp 1568797444,62294 6,981194
E4_Bvp 1568797444,63856 6,242275
E4_Bvp 1568797444,65419 5,428642
E4_Bvp 1568797444,66981 4,689236
E4_Bvp 1568797444,68544 4,062866
E4_Bvp 1568797444,70106 3,476852
E4_Bvp 1568797444,71669 2,86541
E4_Bvp 1568797444,73232 2,199974
E4_Bvp 1568797444,74794 1,575409
E4_Bvp 1568797444,76357 1,112621
E4_Bvp 1568797444,77919 0,8905602
E4_Bvp 1568797444,79482 0,8479424
E4_Bvp 1568797444,81044 0,8094749
E4_Bvp 1568797444,82607 0,5652733
E4_Bvp 1568797444,8417 -0,04751205
E4_Bvp 1568797444,85732 -1,053223
E4_Bvp 1568797444,87295 -2,36338
E4_Bvp 1568797444,88857 -3,806038
E4_Bvp 1568797444,9042 -5,243515
E4_Bvp 1568797444,91982 -6,553558
E4_Bvp 1568797444,93545 -7,693981
E4_Bvp 1568797444,95108 -8,68824
E4_Bvp 1568797444,9667 -9,585415
E4_Bvp 1568797444,98233 -10,5019
E4_Bvp 1568797444,99795 -11,54352
E4_Bvp 1568797445,01358 -12,8382
E4_Bvp 1568797445,0292 -14,48038
E4_Bvp 1568797445,04483 -16,49916
E4_Bvp 1568797445,06046 -18,81666
E4_Bvp 1568797445,07608 -21,21865
E4_Bvp 1568797445,09171 -23,35491
E4_Bvp 1568797445,10733 -24,82278
E4_Bvp 1568797445,12296 -25,26892
E4_Gsr 1568797443,519 0,08996005
E4_Gsr 1568797443,769 0,09124137
E4_Gsr 1568797444,019 0,08739738
E4_Gsr 1568797444,269 0,08739738
E4_Gsr 1568797444,519 0,08611605
E4_Gsr 1568797444,769 0,08739738
E4_Bvp 1568797445,13858 -24,51463
E4_Bvp 1568797445,15421 -22,63297
E4_Bvp 1568797445,16984 -19,9395
E4_Bvp 1568797445,18546 -16,90975
E4_Bvp 1568797445,20109 -14,00913
E4_Bvp 1568797445,21671 -11,57496
E4_Bvp 1568797445,23234 -9,70718
E4_Bvp 1568797445,24796 -8,326809
E4_Bvp 1568797445,26359 -7,241726
E4_Bvp 1568797445,27922 -6,240721
E4_Bvp 1568797445,29484 -5,159924
E4_Bvp 1568797445,31047 -3,909777
E4_Bvp 1568797445,32609 -2,423384
E4_Bvp 1568797445,34172 -0,6760864
E4_Bvp 1568797445,35734 1,335382
E4_Bvp 1568797445,37297 3,574507
E4_Bvp 1568797445,3886 5,979219
E4_Bvp 1568797445,40422 8,443409
E4_Bvp 1568797445,41985 10,86658
E4_Bvp 1568797445,43547 13,19387
E4_Bvp 1568797445,4511 15,41111
E4_Bvp 1568797445,46672 17,54763
E4_Bvp 1568797445,48235 19,65778
E4_Bvp 1568797445,49798 21,81497
E4_Bvp 1568797445,5136 24,12213
E4_Bvp 1568797445,52923 26,68673
E4_Bvp 1568797445,54485 29,58524
E4_Bvp 1568797445,56048 32,80901
E4_Bvp 1568797445,5761 36,21585
E4_Bvp 1568797445,59173 39,57066
E4_Bvp 1568797445,60736 42,65925
E4_Bvp 1568797445,62298 45,39223
E4_Bvp 1568797445,63861 47,84301
E4_Bvp 1568797445,65423 50,20139
E4_Bvp 1568797445,66986 52,62663
E4_Bvp 1568797445,68548 55,15227
E4_Bvp 1568797445,70111 57,65828
E4_Bvp 1568797445,71674 59,92303
E4_Bvp 1568797445,73236 61,75304
E4_Bvp 1568797445,74799 63,08144
E4_Bvp 1568797445,76361 63,94553
E4_Bvp 1568797445,77924 64,44511
E4_Bvp 1568797445,79486 64,67148
E4_Bvp 1568797445,81049 64,7049
E4_Bvp 1568797445,82612 64,65169
E4_Bvp 1568797445,84174 64,70854
E4_Bvp 1568797445,85737 65,11369
E4_Bvp 1568797445,87299 66,06502
E4_Bvp 1568797445,88862 67,56902
E4_Bvp 1568797445,90425 69,33252
E4_Bvp 1568797445,91987 70,78572
E4_Bvp 1568797445,9355 71,23878
E4_Bvp 1568797445,95112 70,08739
E4_Bvp 1568797445,96675 67,00624
E4_Bvp 1568797445,98237 62,02451
E4_Bvp 1568797445,998 55,44917
E4_Bvp 1568797446,01363 47,72002
E4_Bvp 1568797446,02925 39,21865
E4_Bvp 1568797446,04488 30,17416
E4_Bvp 1568797446,0605 20,66461
E4_Bvp 1568797446,07613 10,6561
E4_Bvp 1568797446,09175 0,04660034
E4_Bvp 1568797446,10738 -11,2182
E4_Bvp 1568797446,12301 -23,03059
E4_Bvp 1568797446,13863 -34,98448
E4_Bvp 1568797446,15426 -46,25304
E4_Bvp 1568797446,16988 -55,64366
E4_Bvp 1568797446,18551 -61,87105
E4_Bvp 1568797446,20113 -63,93268
E4_Bvp 1568797446,21676 -61,52907
E4_Bvp 1568797446,23239 -55,1861
E4_Bvp 1568797446,24801 -46,05896
E4_Bvp 1568797446,26364 -35,50435
E4_Bvp 1568797446,27926 -24,60602
E4_Bvp 1568797446,29489 -13,9939
E4_Bvp 1568797446,31051 -3,90799
E4_Bvp 1568797446,32614 5,459732
E4_Temperature 1568797444,37002 28,93
E4_Temperature 1568797444,62004 28,93
E4_Temperature 1568797444,87005 28,93
E4_Temperature 1568797445,12006 28,93
E4_Temperature 1568797445,37007 28,97
E4_Temperature 1568797445,62008 28,97
E4_Temperature 1568797445,87009 28,97
E4_Temperature 1568797446,12011 28,97
E4_Bvp 1568797446,34177 13,74284
E4_Bvp 1568797446,35739 20,36388
E4_Bvp 1568797446,37302 24,72192
E4_Bvp 1568797446,38864 26,49545
E4_Bvp 1568797446,40427 25,83391
E4_Bvp 1568797446,41989 23,30379
E4_Bvp 1568797446,43552 19,68098
E4_Bvp 1568797446,45115 15,64063
E4_Bvp 1568797446,46677 11,55856
E4_Bvp 1568797446,4824 7,477783
E4_Bvp 1568797446,49802 3,158386
E4_Bvp 1568797446,51365 -1,814819
E4_Bvp 1568797446,52927 -7,93689
E4_Bvp 1568797446,5449 -15,76938
E4_Bvp 1568797446,56053 -25,84378
E4_Bvp 1568797446,57615 -38,35513
E4_Bvp 1568797446,59178 -52,85699
E4_Bvp 1568797446,6074 -68,06241
E4_Bvp 1568797446,62303 -81,94543
E4_Bvp 1568797446,63865 -92,29105
E4_Bvp 1568797446,65428 -97,48282
E4_Bvp 1568797446,66991 -97,11609
E4_Gsr 1568797445,019 0,08099072
E4_Gsr 1568797445,269 0,08355339
E4_Gsr 1568797445,519 0,08483472
E4_Gsr 1568797445,769 0,08739738
E4_Gsr 1568797446,019 0,08611605
E4_Gsr 1568797446,269 0,08483472
E4_Bvp 1568797446,68553 -92,18646
E4_Bvp 1568797446,70116 -84,65051
E4_Bvp 1568797446,71678 -76,61331
E4_Bvp 1568797446,73241 -69,54498
E4_Bvp 1568797446,74803 -63,9498
E4_Bvp 1568797446,76366 -59,55014
E4_Bvp 1568797446,77929 -55,79224
E4_Bvp 1568797446,79491 -52,36935
E4_Bvp 1568797446,81054 -49,3623
E4_Bvp 1568797446,82616 -47,0722
E4_Bvp 1568797446,84179 -45,66776
E4_Bvp 1568797446,85741 -44,89105
E4_Bvp 1568797446,87304 -44,13931
E4_Bvp 1568797446,88867 -42,74594
E4_Bvp 1568797446,90429 -40,2869
E4_Bvp 1568797446,91992 -36,82706
E4_Bvp 1568797446,93554 -32,90067
E4_Bvp 1568797446,95117 -29,24716
E4_Bvp 1568797446,96679 -26,52679
E4_Bvp 1568797446,98242 -25,05652
E4_Bvp 1568797446,99805 -24,74472
E4_Bvp 1568797447,01367 -25,16217
E4_Bvp 1568797447,0293 -25,69928
E4_Bvp 1568797447,04492 -25,72919
E4_Bvp 1568797447,06055 -24,78244
E4_Bvp 1568797447,07617 -22,65051
E4_Bvp 1568797447,0918 -19,40012
E4_Bvp 1568797447,10743 -15,37555
E4_Bvp 1568797447,12305 -11,06302
E4_Bvp 1568797447,13868 -6,914764
E4_Bvp 1568797447,1543 -3,253418
E4_Bvp 1568797447,16993 -0,2006226
E4_Bvp 1568797447,18555 2,235046
E4_Bvp 1568797447,20118 4,058533
E4_Bvp 1568797447,21681 5,168884
E4_Bvp 1568797447,23243 5,453552
E4_Bvp 1568797447,24806 4,868561
E4_Bvp 1568797447,26368 3,565857
E4_Bvp 1568797447,27931 1,923767
E4_Bvp 1568797447,29493 0,4690247
E4_Bvp 1568797447,31056 -0,3216248
E4_Bvp 1568797447,32619 -0,1934509
E4_Bvp 1568797447,34181 0,777771
E4_Bvp 1568797447,35744 2,233734
E4_Bvp 1568797447,37306 3,713989
E4_Bvp 1568797447,38869 4,810486
E4_Bvp 1568797447,40431 5,325165
E4_Bvp 1568797447,41994 5,267853
E4_Bvp 1568797447,43557 4,846985
E4_Bvp 1568797447,45119 4,31665
E4_Bvp 1568797447,46682 3,856659
E4_Bvp 1568797447,48244 3,548828
E4_Bvp 1568797447,49807 3,338165
E4_Bvp 1568797447,51369 3,085327
E4_Bvp 1568797447,52932 2,637238
E4_Bvp 1568797447,54495 1,897095
E4_Bvp 1568797447,56057 0,8285522
E4_Bvp 1568797447,5762 -0,5021667
E4_Bvp 1568797447,59182 -1,978912
E4_Bvp 1568797447,60745 -3,476959
E4_Bvp 1568797447,62307 -4,883759
E4_Bvp 1568797447,6387 -6,182465
E4_Bvp 1568797447,65433 -7,414856
E4_Bvp 1568797447,66995 -8,647125
E4_Bvp 1568797447,68558 -9,92099
E4_Bvp 1568797447,7012 -11,2261
E4_Bvp 1568797447,71683 -12,51184
E4_Bvp 1568797447,73245 -13,76874
E4_Bvp 1568797447,74808 -15,03879
E4_Bvp 1568797447,76371 -16,35803
E4_Bvp 1568797447,77933 -17,71411
E4_Bvp 1568797447,79496 -18,93045
E4_Bvp 1568797447,81058 -19,71103
E4_Bvp 1568797447,82621 -19,75485
E4_Bvp 1568797447,84183 -18,88406
E4_Bvp 1568797447,85746 -17,13202
E4_Bvp 1568797447,87309 -14,70343
E4_Bvp 1568797447,88871 -11,84555
E4_Bvp 1568797447,90434 -8,764252
E4_Bvp 1568797447,91996 -5,582245
E4_Bvp 1568797447,93559 -2,41687
E4_Bvp 1568797447,95121 0,5759888
E4_Bvp 1568797447,96684 3,145447
E4_Bvp 1568797447,98247 5,038239
E4_Bvp 1568797447,99809 6,133972
E4_Bvp 1568797448,01372 6,492706
E4_Bvp 1568797448,02934 6,369263
E4_Bvp 1568797448,04497 6,088867
E4_Gsr 1568797446,519 0,08867872
E4_Gsr 1568797446,769 0,08867872
E4_Gsr 1568797447,019 0,08739738
E4_Gsr 1568797447,269 0,08867872
E4_Gsr 1568797447,519 0,05280145
E4_Gsr 1568797447,769 0,05280145
E4_Bvp 1568797448,0606 5,883148
E4_Bvp 1568797448,07622 5,866653
E4_Bvp 1568797448,09185 6,025055
E4_Bvp 1568797448,10747 6,311356
E4_Bvp 1568797448,1231 6,734924
E4_Bvp 1568797448,13872 7,361893
E4_Bvp 1568797448,15435 8,247162
E4_Bvp 1568797448,16998 9,385254
E4_Bvp 1568797448,1856 10,67671
E4_Bvp 1568797448,20123 11,894
E4_Bvp 1568797448,21685 12,77327
E4_Temperature 1568797446,37012 28,97
E4_Temperature 1568797446,62013 28,97
E4_Temperature 1568797446,87014 28,97
E4_Temperature 1568797447,12015 28,97
E4_Temperature 1568797447,37016 28,95
E4_Temperature 1568797447,62018 28,95
E4_Temperature 1568797447,87019 28,95
E4_Temperature 1568797448,1202 28,95
E4_Bvp 1568797448,23248 13,05965
E4_Bvp 1568797448,2481 12,62587
E4_Bvp 1568797448,26373 11,51013
E4_Bvp 1568797448,27936 9,892517
E4_Bvp 1568797448,29498 8,010422
E4_Bvp 1568797448,31061 6,079163
E4_Bvp 1568797448,32623 4,210037
E4_Bvp 1568797448,34186 2,410004
E4_Bvp 1568797448,35748 0,6485596
E4_Bvp 1568797448,37311 -1,07724
E4_Bvp 1568797448,38874 -2,693558
E4_Bvp 1568797448,40436 -4,103806
E4_Bvp 1568797448,41999 -5,225754
E4_Bvp 1568797448,43561 -6,085159
E4_Bvp 1568797448,45124 -6,849991
E4_Bvp 1568797448,46686 -7,733536
E4_Bvp 1568797448,48249 -8,956451
E4_Bvp 1568797448,49812 -10,60516
E4_Bvp 1568797448,51374 -12,56352
E4_Bvp 1568797448,52937 -14,54961
E4_Bvp 1568797448,54499 -16,16116
E4_Bvp 1568797448,56062 -17,01367
E4_Bvp 1568797448,57624 -16,86162
E4_Bvp 1568797448,59187 -15,6434
E4_Bvp 1568797448,6075 -13,49184
E4_Bvp 1568797448,62312 -10,68555
E4_Bvp 1568797448,63875 -7,542969
E4_Bvp 1568797448,65437 -4,37146
E4_Bvp 1568797448,67 -1,435608
E4_Bvp 1568797448,68562 1,0681
E4_Bvp 1568797448,70125 3,055038
E4_Bvp 1568797448,71688 4,567062
E4_Bvp 1568797448,7325 5,746094
E4_Bvp 1568797448,74813 6,767639
E4_Bvp 1568797448,76375 7,713898
E4_Bvp 1568797448,77938 8,527222
E4_Bvp 1568797448,795 8,997803
E4_Bvp 1568797448,81063 8,901619
E4_Bvp 1568797448,82626 8,154922
E4_Bvp 1568797448,84188 6,943687
E4_Bvp 1568797448,85751 5,656296
E4_Bvp 1568797448,87313 4,720551
E4_Bvp 1568797448,88876 4,417801
E4_Bvp 1568797448,90438 4,729034
E4_Bvp 1568797448,92001 5,367058
E4_Bvp 1568797448,93564 5,92485
E4_Bvp 1568797448,95126 6,019806
E4_Bvp 1568797448,96689 5,390213
E4_Bvp 1568797448,98251 3,887192
E4_Bvp 1568797448,99814 1,451042
E4_Bvp 1568797449,01376 -1,880585
E4_Bvp 1568797449,02939 -5,888725
E4_Bvp 1568797449,04502 -10,09628
E4_Bvp 1568797449,06064 -13,79672
E4_Bvp 1568797449,07627 -16,25451
E4_Bvp 1568797449,09189 -17,01356
E4_Bvp 1568797449,10752 -16,1447
E4_Bvp 1568797449,12314 -14,32331
E4_Bvp 1568797449,13877 -12,56513
E4_Bvp 1568797449,1544 -11,86877
E4_Bvp 1568797449,17002 -12,8661
E4_Bvp 1568797449,18565 -15,66434
E4_Bvp 1568797449,20127 -19,93362
E4_Bvp 1568797449,2169 -25,08688
E4_Bvp 1568797449,23252 -30,47646
E4_Bvp 1568797449,24815 -35,47475
E4_Bvp 1568797449,26378 -39,49677
E4_Bvp 1568797449,2794 -42,01655
E4_Bvp 1568797449,29503 -42,65941
E4_Bvp 1568797449,31065 -41,35786
E4_Bvp 1568797449,32628 -38,39339
E4_Bvp 1568797449,3419 -34,36466
E4_Bvp 1568797449,35753 -29,97148
E4_Bvp 1568797449,37316 -25,79522
E4_Bvp 1568797449,38878 -22,07525
E4_Bvp 1568797449,40441 -18,73001
E4_Bvp 1568797449,42003 -15,40915
E4_Bvp 1568797449,43566 -11,72421
E4_Bvp 1568797449,45128 -7,422436
E4_Bvp 1568797449,46691 -2,468803
E4_Bvp 1568797449,48254 2,893112
E4_Bvp 1568797449,49816 8,261326
E4_Bvp 1568797449,51379 13,21845
E4_Bvp 1568797449,52941 17,45453
E4_Bvp 1568797449,54504 20,86356
E4_Bvp 1568797449,56066 23,52347
E4_Bvp 1568797449,57629 25,62314
E4_Bvp 1568797449,59192 27,34895
E4_Gsr 1568797448,019 0,05023878
E4_Gsr 1568797448,269 0,05152011
E4_Gsr 1568797448,519 0,05664544
E4_Gsr 1568797448,769 0,08739738
E4_Gsr 1568797449,019 0,08739738
E4_Gsr 1568797449,269 0,08739738
E4_Bvp 1568797449,60754 28,79817
E4_Bvp 1568797449,62317 29,98254
E4_Bvp 1568797449,63879 30,84574
E4_Bvp 1568797449,65442 31,35989
E4_Bvp 1568797449,67004 31,55695
E4_Bvp 1568797449,68567 31,51357
E4_Bvp 1568797449,7013 31,30768
E4_Bvp 1568797449,71692 30,94113
E4_Bvp 1568797449,73255 30,38272
E4_Bvp 1568797449,74817 29,58322
E4_Bvp 1568797449,7638 28,56693
E4_Bvp 1568797449,77942 27,45934
E4_Bvp 1568797449,79505 26,44999
E4_Bvp 1568797449,81068 25,70532
E4_Bvp 1568797449,8263 25,24617
E4_Bvp 1568797449,84193 24,95497
E4_Bvp 1568797449,85755 24,5475
E4_Bvp 1568797449,87318 23,76321
E4_Bvp 1568797449,8888 22,43504
E4_Bvp 1568797449,90443 20,60254
E4_Bvp 1568797449,92006 18,45358
E4_Bvp 1568797449,93568 16,27036
E4_Bvp 1568797449,95131 14,31841
E4_Bvp 1568797449,96693 12,84785
E4_Bvp 1568797449,98256 12,13239
E4_Bvp 1568797449,99818 12,50616
E4_Bvp 1568797450,01381 14,30696
E4_Bvp 1568797450,02944 17,76215
E4_Bvp 1568797450,04506 22,8148
E4_Bvp 1568797450,06069 29,02942
E4_Bvp 1568797450,07631 35,70509
E4_Bvp 1568797450,09194 42,04811
E4_Bvp 1568797450,10756 47,39029
E4_Bvp 1568797450,12319 51,32922
E4_Bvp 1568797450,13882 53,71367
E4_Bvp 1568797450,15444 54,55162
E4_Bvp 1568797450,17007 53,94577
E4_Bvp 1568797450,18569 52,06772
E4_Bvp 1568797450,20132 49,17705
E4_Bvp 1568797450,21694 45,60231
E4_Bvp 1568797450,23257 41,67677
E4_Bvp 1568797450,2482 37,62852
E4_Bvp 1568797450,26382 33,52475
E4_Bvp 1568797450,27945 29,35013
E4_Temperature 1568797448,37021 28,97
E4_Temperature 1568797448,62022 28,97
E4_Temperature 1568797448,87023 28,97
E4_Temperature 1568797449,12024 28,97
E4_Temperature 1568797449,37026 28,97
E4_Temperature 1568797449,62027 28,97
E4_Temperature 1568797449,87028 28,97
E4_Temperature 1568797450,12029 28,97
E4_Bvp 1568797450,29507 25,12773
E4_Bvp 1568797450,3107 21,00522
E4_Bvp 1568797450,32632 17,21254
E4_Bvp 1568797450,34195 13,94839
E4_Bvp 1568797450,35758 11,21982
E4_Bvp 1568797450,3732 8,826279
E4_Bvp 1568797450,38883 6,458313
E4_Bvp 1568797450,40445 3,884674
E4_Bvp 1568797450,42008 1,104996
E4_Bvp 1568797450,4357 -1,624313
E4_Bvp 1568797450,45133 -3,841629
E4_Bvp 1568797450,46696 -5,039398
E4_Bvp 1568797450,48258 -4,80423
E4_Bvp 1568797450,49821 -2,854187
E4_Bvp 1568797450,51383 0,826416
E4_Bvp 1568797450,52946 5,980515
E4_Bvp 1568797450,54508 11,91994
E4_Bvp 1568797450,56071 17,59952
E4_Bvp 1568797450,57634 21,74498
E4_Bvp 1568797450,59196 23,26773
E4_Bvp 1568797450,60759 21,66197
E4_Bvp 1568797450,62321 17,31596
E4_Bvp 1568797450,63884 11,45862
E4_Bvp 1568797450,65446 5,76712
E4_Bvp 1568797450,67009 1,793594
E4_Bvp 1568797450,68572 0,4053345
E4_Bvp 1568797450,70134 1,573746
E4_Bvp 1568797450,71697 4,493027
E4_Bvp 1568797450,73259 8,016159
E4_Bvp 1568797450,74822 11,08516
E4_Bvp 1568797450,76385 13,04121
E4_Bvp 1568797450,77947 13,65927
E4_Bvp 1568797450,7951 12,99947
E4_Bvp 1568797450,81072 11,25005
E4_Bvp 1568797450,82635 8,630646
E4_Bvp 1568797450,84197 5,388672
E4_Bvp 1568797450,8576 1,795792
E4_Bvp 1568797450,87323 -1,82576
E4_Bvp 1568797450,88885 -5,214325
E4_Bvp 1568797450,90448 -8,196442
E4_Bvp 1568797450,9201 -10,73582
E4_Bvp 1568797450,93573 -12,89413
E4_Bvp 1568797450,95135 -14,76605
E4_Bvp 1568797450,96698 -16,39065
E4_Bvp 1568797450,98261 -17,73386
E4_Bvp 1568797450,99823 -18,71991
E4_Bvp 1568797451,01386 -19,2934
E4_Bvp 1568797451,02948 -19,43457
E4_Bvp 1568797451,04511 -19,17605
E4_Bvp 1568797451,06073 -18,59889
E4_Bvp 1568797451,07636 -17,82532
E4_Bvp 1568797451,09199 -17,00665
E4_Bvp 1568797451,10761 -16,29951
E4_Bvp 1568797451,12324 -15,82388
E4_Bvp 1568797451,13886 -15,57286
E4_Gsr 1568797449,519 0,09892936
E4_Gsr 1568797449,769 0,09764803
E4_Gsr 1568797450,019 0,07458407
E4_Gsr 1568797450,269 0,08611605
E4_Gsr 1568797450,519 0,08355339
E4_Gsr 1568797450,769 0,08355339
E4_Bvp 1568797451,15449 -15,42323
E4_Bvp 1568797451,17011 -15,1381
E4_Bvp 1568797451,18574 -14,48422
E4_Bvp 1568797451,20137 -13,34072
E4_Bvp 1568797451,21699 -11,79942
E4_Bvp 1568797451,23262 -10,12115
E4_Bvp 1568797451,24824 -8,678169
E4_Bvp 1568797451,26387 -7,812233
E4_Bvp 1568797451,27949 -7,72229
E4_Bvp 1568797451,29512 -8,401741
E4_Bvp 1568797451,31075 -9,624657
E4_Bvp 1568797451,32637 -10,93547
E4_Bvp 1568797451,342 -11,72245
E4_Bvp 1568797451,35762 -11,29623
E4_Bvp 1568797451,37325 -9,045143
E4_Bvp 1568797451,38887 -4,623993
E4_Bvp 1568797451,4045 1,917412
E4_Bvp 1568797451,42013 10,10703
E4_Bvp 1568797451,43575 19,1237
E4_Bvp 1568797451,45138 28,03031
E4_Bvp 1568797451,467 35,99411
E4_Bvp 1568797451,48263 42,46503
E4_Bvp 1568797451,49825 47,20396
E4_Bvp 1568797451,51388 50,20283
E4_Bvp 1568797451,52951 51,56811
E4_Bvp 1568797451,54513 51,5149
E4_Bvp 1568797451,56076 50,35372
E4_Bvp 1568797451,57638 48,50388
E4_Bvp 1568797451,59201 46,44701
E4_Bvp 1568797451,60763 44,54157
E4_Bvp 1568797451,62326 42,90173
E4_Bvp 1568797451,63889 41,32321
E4_Bvp 1568797451,65451 39,37894
E4_Bvp 1568797451,67014 36,62347
E4_Bvp 1568797451,68576 32,75587
E4_Bvp 1568797451,70139 27,75923
E4_Bvp 1568797451,71701 21,83097
E4_Bvp 1568797451,73264 15,26139
E4_Bvp 1568797451,74827 8,372578
E4_Bvp 1568797451,76389 1,41608
E4_Bvp 1568797451,77952 -5,410894
E4_Bvp 1568797451,79514 -11,97986
E4_Bvp 1568797451,81077 -18,22987
E4_Bvp 1568797451,82639 -24,16477
E4_Bvp 1568797451,84202 -29,85484
E4_Bvp 1568797451,85765 -35,37329
E4_Bvp 1568797451,87327 -40,7461
E4_Bvp 1568797451,8889 -45,93509
E4_Bvp 1568797451,90452 -50,87379
E4_Bvp 1568797451,92015 -55,49916
E4_Bvp 1568797451,93577 -59,81018
E4_Bvp 1568797451,9514 -63,85462
E4_Bvp 1568797451,96703 -67,67844
E4_Bvp 1568797451,98265 -71,23696
E4_Bvp 1568797451,99828 -74,31015
E4_Bvp 1568797452,0139 -76,46954
E4_Bvp 1568797452,02953 -77,09811
E4_Bvp 1568797452,04515 -75,52046
E4_Bvp 1568797452,06078 -71,24573
E4_Bvp 1568797452,07641 -64,15054
E4_Bvp 1568797452,09203 -54,6721
E4_Bvp 1568797452,10766 -43,76302
E4_Bvp 1568797452,12328 -32,64348
E4_Bvp 1568797452,13891 -22,44756
E4_Bvp 1568797452,15453 -13,87817
E4_Bvp 1568797452,17016 -7,048096
E4_Temperature 1568797450,3703 28,95
E4_Temperature 1568797450,62031 28,95
E4_Temperature 1568797450,87033 28,95
E4_Temperature 1568797451,12034 28,95
E4_Temperature 1568797451,37035 28,97
E4_Temperature 1568797451,62036 28,97
E4_Temperature 1568797451,87037 28,97
E4_Temperature 1568797452,12038 28,97
E4_Bvp 1568797452,18579 -1,606468
E4_Bvp 1568797452,20141 3,001709
E4_Bvp 1568797452,21704 7,208218
E4_Bvp 1568797452,23266 11,19501
E4_Bvp 1568797452,24829 14,86273
E4_Bvp 1568797452,26391 18,02089
E4_Bvp 1568797452,27954 20,55506
E4_Bvp 1568797452,29517 22,50495
E4_Bvp 1568797452,31079 24,02582
E4_Bvp 1568797452,32642 25,28995
E4_Bvp 1568797452,34204 26,38219
E4_Bvp 1568797452,35767 27,28803
E4_Bvp 1568797452,37329 27,90982
E4_Bvp 1568797452,38892 28,16678
E4_Bvp 1568797452,40455 28,0069
E4_Bvp 1568797452,42017 27,43385
E4_Bvp 1568797452,4358 26,45886
E4_Bvp 1568797452,45142 25,06489
E4_Bvp 1568797452,46705 23,19437
E4_Bvp 1568797452,48267 20,7546
E4_Bvp 1568797452,4983 17,66529
E4_Bvp 1568797452,51393 13,9135
E4_Bvp 1568797452,52955 9,602219
E4_Bvp 1568797452,54518 4,961838
E4_Bvp 1568797452,5608 0,3116417
E4_Bvp 1568797452,57643 -4,06675
E4_Bvp 1568797452,59205 -8,050129
E4_Bvp 1568797452,60768 -11,73497
E4_Bvp 1568797452,62331 -15,41531
E4_Bvp 1568797452,63893 -19,45046
E4_Bvp 1568797452,65456 -24,10789
E4_Bvp 1568797452,67018 -29,37818
E4_Bvp 1568797452,68581 -35,01268
E4_Gsr 1568797451,019 0,07842807
E4_Gsr 1568797451,269 0,07714673
E4_Gsr 1568797451,519 0,07458407
E4_Gsr 1568797451,769 0,07202141
E4_Gsr 1568797452,019 0,07330274
E4_Gsr 1568797452,269 0,07842807
E4_Bvp 1568797452,70143 -40,4865
E4_Bvp 1568797452,71706 -45,23304
E4_Bvp 1568797452,73269 -48,78523
E4_Bvp 1568797452,74831 -50,88584
E4_Bvp 1568797452,76394 -51,58395
E4_Bvp 1568797452,77956 -51,15707
E4_Bvp 1568797452,79519 -50,04667
E4_Bvp 1568797452,81081 -48,71351
E4_Bvp 1568797452,82644 -47,54125
E4_Bvp 1568797452,84207 -46,76842
E4_Bvp 1568797452,85769 -46,43369
E4_Bvp 1568797452,87332 -46,41919
E4_Bvp 1568797452,88894 -46,49146
E4_Bvp 1568797452,90457 -46,37976
E4_Bvp 1568797452,9202 -45,82306
E4_Bvp 1568797452,93582 -44,60197
E4_Bvp 1568797452,95145 -42,54731
E4_Bvp 1568797452,96707 -39,56226
E4_Bvp 1568797452,9827 -35,60348
E4_Bvp 1568797452,99832 -30,74649
E4_Bvp 1568797453,01395 -25,17225
E4_Bvp 1568797453,02958 -19,17117
E4_Bvp 1568797453,0452 -13,06282
E4_Bvp 1568797453,06083 -7,139212
E4_Bvp 1568797453,07645 -1,606975
E4_Bvp 1568797453,09208 3,390737
E4_Bvp 1568797453,1077 7,751118
E4_Bvp 1568797453,12333 11,37504
E4_Bvp 1568797453,13896 14,21142
E4_Bvp 1568797453,15458 16,28923
E4_Bvp 1568797453,17021 17,81514
E4_Bvp 1568797453,18583 19,12197
E4_Bvp 1568797453,20146 20,53746
E4_Bvp 1568797453,21708 22,22278
E4_Bvp 1568797453,23271 24,08857
E4_Bvp 1568797453,24834 25,822
E4_Bvp 1568797453,26396 27,08192
E4_Bvp 1568797453,27959 27,71341
E4_Bvp 1568797453,29521 27,81231
E4_Bvp 1568797453,31084 27,68946
E4_Bvp 1568797453,32646 27,64996
E4_Bvp 1568797453,34209 27,81496
E4_Bvp 1568797453,35772 28,07702
E4_Bvp 1568797453,37334 28,22007
E4_Bvp 1568797453,38897 28,10702
E4_Bvp 1568797453,40459 27,82827
E4_Bvp 1568797453,42022 27,68211
E4_Bvp 1568797453,43584 27,97898
E4_Bvp 1568797453,45147 28,86126
E4_Bvp 1568797453,4671 30,19676
E4_Bvp 1568797453,48272 31,61011
E4_Bvp 1568797453,49835 32,71351
E4_Bvp 1568797453,51397 33,26914
E4_Bvp 1568797453,5296 33,29173
E4_Bvp 1568797453,54522 33,01909
E4_Bvp 1568797453,56085 32,71846
E4_Bvp 1568797453,57648 32,52961
E4_Bvp 1568797453,5921 32,38267
E4_Bvp 1568797453,60773 32,08927
E4_Bvp 1568797453,62335 31,43542
E4_Bvp 1568797453,63898 30,34824
E4_Bvp 1568797453,6546 28,89158
E4_Bvp 1568797453,67023 27,17387
E4_Bvp 1568797453,68586 25,25007
E4_Bvp 1568797453,70148 23,04386
E4_Bvp 1568797453,71711 20,43997
E4_Bvp 1568797453,73273 17,45724
E4_Bvp 1568797453,74836 14,34248
E4_Bvp 1568797453,76398 11,55859
E4_Bvp 1568797453,77961 9,616196
E4_Bvp 1568797453,79524 8,766411
E4_Bvp 1568797453,81086 8,865341
E4_Bvp 1568797453,82649 9,382919
E4_Bvp 1568797453,84211 9,671982
E4_Bvp 1568797453,85774 9,305481
E4_Bvp 1568797453,87336 8,293777
E4_Bvp 1568797453,88899 7,012093
E4_Bvp 1568797453,90462 6,016472
E4_Bvp 1568797453,92024 5,723961
E4_Bvp 1568797453,93587 6,243797
E4_Bvp 1568797453,95149 7,351074
E4_Bvp 1568797453,96712 8,654083
E4_Bvp 1568797453,98274 9,695213
E4_Bvp 1568797453,99837 10,05051
E4_Bvp 1568797454,014 9,440239
E4_Bvp 1568797454,02962 7,818176
E4_Bvp 1568797454,04525 5,576977
E4_Bvp 1568797454,06087 3,509338
E4_Gsr 1568797452,519 0,116868
E4_Gsr 1568797452,769 0,1002107
E4_Gsr 1568797453,019 0,08099072
E4_Gsr 1568797453,269 0,0758654
E4_Gsr 1568797453,519 0,07074008
E4_Gsr 1568797453,769 0,07458407
E4_Bvp 1568797454,0765 2,669731
E4_Bvp 1568797454,09212 3,970844
E4_Bvp 1568797454,10775 7,81575
E4_Bvp 1568797454,12338 13,86552
E4_Bvp 1568797454,139 21,20489
E4_Bvp 1568797454,15463 28,71936
E4_Bvp 1568797454,17025 35,52758
E4_Bvp 1568797454,18588 41,22413
E4_Bvp 1568797454,2015 45,83921
E4_Bvp 1568797454,21713 49,67347
E4_Bvp 1568797454,23276 53,04718
E4_Temperature 1568797452,3704 28,97
E4_Temperature 1568797452,62041 28,97
E4_Temperature 1568797452,87042 28,97
E4_Temperature 1568797453,12043 28,97
E4_Temperature 1568797453,37044 28,97
E4_Temperature 1568797453,62045 28,97
E4_Temperature 1568797453,87046 28,97
E4_Temperature 1568797454,12048 28,97
E4_Bvp 1568797454,24838 56,14379
E4_Bvp 1568797454,26401 58,98594
E4_Bvp 1568797454,27963 61,37141
E4_Bvp 1568797454,29526 62,8849
E4_Bvp 1568797454,31088 62,96023
E4_Bvp 1568797454,32651 61,05276
E4_Bvp 1568797454,34214 56,91756
E4_Bvp 1568797454,35776 50,80089
E4_Bvp 1568797454,37339 43,48995
E4_Bvp 1568797454,38901 36,00807
E4_Bvp 1568797454,40464 29,27251
E4_Bvp 1568797454,42026 23,83853
E4_Bvp 1568797454,43589 19,80453
E4_Bvp 1568797454,45152 16,92858
E4_Bvp 1568797454,46714 14,88746
E4_Bvp 1568797454,48277 13,41509
E4_Bvp 1568797454,49839 12,36207
E4_Bvp 1568797454,51402 11,6188
E4_Bvp 1568797454,52964 11,05866
E4_Bvp 1568797454,54527 10,50723
E4_Bvp 1568797454,5609 9,792824
E4_Bvp 1568797454,57652 8,805252
E4_Bvp 1568797454,59215 7,563797
E4_Bvp 1568797454,60777 6,214073
E4_Bvp 1568797454,6234 4,953384
E4_Bvp 1568797454,63902 3,970947
E4_Bvp 1568797454,65465 3,395157
E4_Bvp 1568797454,67028 3,249428
E4_Bvp 1568797454,6859 3,454109
E4_Bvp 1568797454,70153 3,856339
E4_Bvp 1568797454,71715 4,293564
E4_Bvp 1568797454,73278 4,670074
E4_Bvp 1568797454,7484 4,960312
E4_Bvp 1568797454,76403 5,209183
E4_Bvp 1568797454,77966 5,485794
E4_Bvp 1568797454,79528 5,821167
E4_Bvp 1568797454,81091 6,194733
E4_Bvp 1568797454,82653 6,521454
E4_Bvp 1568797454,84216 6,697098
E4_Bvp 1568797454,85778 6,613312
E4_Bvp 1568797454,87341 6,189499
E4_Bvp 1568797454,88904 5,39357
E4_Bvp 1568797454,90466 4,219635
E4_Bvp 1568797454,92029 2,713882
E4_Bvp 1568797454,93591 0,9039459
E4_Bvp 1568797454,95154 -1,18718
E4_Bvp 1568797454,96716 -3,579376
E4_Bvp 1568797454,98279 -6,317078
E4_Bvp 1568797454,99842 -9,382416
E4_Bvp 1568797455,01404 -12,7178
E4_Bvp 1568797455,02967 -16,19083
E4_Bvp 1568797455,04529 -19,67764
E4_Bvp 1568797455,06092 -23,12891
E4_Bvp 1568797455,07654 -26,58932
E4_Bvp 1568797455,09217 -30,17346
E4_Bvp 1568797455,1078 -33,91235
E4_Bvp 1568797455,12342 -37,62668
E4_Bvp 1568797455,13905 -40,91492
E4_Bvp 1568797455,15467 -43,24863
E4_Bvp 1568797455,1703 -44,13602
E4_Bvp 1568797455,18593 -43,39444
E4_Bvp 1568797455,20155 -41,26352
E4_Bvp 1568797455,21718 -38,3974
E4_Bvp 1568797455,2328 -35,64603
E4_Bvp 1568797455,24843 -33,76544
E4_Bvp 1568797455,26405 -33,12506
E4_Bvp 1568797455,27968 -33,53543
E4_Bvp 1568797455,29531 -34,32144
E4_Bvp 1568797455,31093 -34,56158
E4_Bvp 1568797455,32656 -33,43948
E4_Bvp 1568797455,34218 -30,50894
E4_Bvp 1568797455,35781 -25,84662
E4_Bvp 1568797455,37343 -20,0369
E4_Bvp 1568797455,38906 -14,06934
E4_Bvp 1568797455,40469 -9,19516
E4_Bvp 1568797455,42031 -6,73996
E4_Bvp 1568797455,43594 -7,763092
E4_Bvp 1568797455,45156 -12,68741
E4_Bvp 1568797455,46719 -20,96521
E4_Bvp 1568797455,48281 -31,02338
E4_Bvp 1568797455,49844 -40,63016
E4_Bvp 1568797455,51407 -47,53546
E4_Bvp 1568797455,52969 -50,20389
E4_Bvp 1568797455,54532 -48,22186
E4_Bvp 1568797455,56094 -42,24014
E4_Bvp 1568797455,57657 -33,50845
E4_Bvp 1568797455,59219 -23,34131
E4_Bvp 1568797455,60782 -12,76859
E4_Gsr 1568797454,019 0,0758654
E4_Gsr 1568797454,269 0,07330274
E4_Gsr 1568797454,519 0,06817742
E4_Gsr 1568797454,769 0,07330274
E4_Gsr 1568797455,019 0,07714673
E4_Gsr 1568797455,269 0,07202141
E4_Bvp 1568797455,62345 -2,468903
E4_Bvp 1568797455,63907 7,069733
E4_Bvp 1568797455,6547 15,41855
E4_Bvp 1568797455,67032 22,26511
E4_Bvp 1568797455,68595 27,6059
E4_Bvp 1568797455,70157 31,8017
E4_Bvp 1568797455,7172 35,44638
E4_Bvp 1568797455,73283 38,98096
E4_Bvp 1568797455,74845 42,35321
E4_Bvp 1568797455,76408 44,85742
E4_Bvp 1568797455,7797 45,37213
E4_Bvp 1568797455,79533 42,91339
E4_Bvp 1568797455,81095 37,12451
E4_Bvp 1568797455,82658 28,50952
E4_Bvp 1568797455,84221 18,30707
E4_Bvp 1568797455,85783 8,042236
E4_Bvp 1568797455,87346 -0,9512329
E4_Bvp 1568797455,88908 -7,81897
E4_Bvp 1568797455,90471 -12,26569
E4_Bvp 1568797455,92033 -14,41937
E4_Bvp 1568797455,93596 -14,63544
E4_Bvp 1568797455,95159 -13,44385
E4_Bvp 1568797455,96721 -11,47211
E4_Bvp 1568797455,98284 -9,44043
E4_Bvp 1568797455,99846 -8,084351
E4_Bvp 1568797456,01409 -7,94104
E4_Bvp 1568797456,02971 -9,178833
E4_Bvp 1568797456,04534 -11,52997
E4_Bvp 1568797456,06097 -14,34924
E4_Bvp 1568797456,07659 -16,87848
E4_Bvp 1568797456,09222 -18,52222
E4_Bvp 1568797456,10784 -19,05786
E4_Bvp 1568797456,12347 -18,60944
E4_Bvp 1568797456,13909 -17,51575
E4_Bvp 1568797456,15472 -16,05994
E4_Bvp 1568797456,17035 -14,39606
E4_Bvp 1568797456,18597 -12,54767
E4_Bvp 1568797456,2016 -10,62134
E4_Bvp 1568797456,21722 -8,919739
E4_Bvp 1568797456,23285 -7,906677
E4_Bvp 1568797456,24847 -7,940918
E4_Bvp 1568797456,2641 -9,016724
E4_Bvp 1568797456,27973 -10,65582
E4_Bvp 1568797456,29535 -12,06073
E4_Temperature 1568797454,37049 28,99
E4_Temperature 1568797454,6205 28,99
E4_Temperature 1568797454,87051 28,99
E4_Temperature 1568797455,12052 28,99
E4_Temperature 1568797455,37053 28,97
E4_Temperature 1568797455,62055 28,97
E4_Temperature 1568797455,87056 28,97
E4_Temperature 1568797456,12057 28,97
E4_Bvp 1568797456,31098 -12,50159
E4_Bvp 1568797456,3266 -11,62433
E4_Bvp 1568797456,34223 -9,541443
E4_Bvp 1568797456,35785 -6,685242
E4_Bvp 1568797456,37348 -3,555664
E4_Bvp 1568797456,38911 -0,4622803
E4_Bvp 1568797456,40473 2,46405
E4_Bvp 1568797456,42036 5,191406
E4_Bvp 1568797456,43598 7,64502
E4_Bvp 1568797456,45161 9,668701
E4_Bvp 1568797456,46723 11,10352
E4_Bvp 1568797456,48286 11,83142
E4_Bvp 1568797456,49849 11,79559
E4_Bvp 1568797456,51411 10,93573
E4_Bvp 1568797456,52974 9,148804
E4_Bvp 1568797456,54536 6,332886
E4_Bvp 1568797456,56099 2,471863
E4_Bvp 1568797456,57661 -2,263184
E4_Bvp 1568797456,59224 -7,579102
E4_Bvp 1568797456,60787 -13,15216
E4_Bvp 1568797456,62349 -18,74115
E4_Bvp 1568797456,63912 -24,23639
E4_Bvp 1568797456,65474 -29,59619
E4_Bvp 1568797456,67037 -34,75531
E4_Bvp 1568797456,68599 -39,51483
E4_Bvp 1568797456,70162 -43,60712
E4_Bvp 1568797456,71725 -46,74768
E4_Bvp 1568797456,73287 -48,78674
E4_Bvp 1568797456,7485 -49,74689
E4_Bvp 1568797456,76412 -49,7641
E4_Bvp 1568797456,77975 -49,02148
E4_Bvp 1568797456,79537 -47,64209
E4_Bvp 1568797456,811 -45,67169
E4_Bvp 1568797456,82663 -43,10059
E4_Bvp 1568797456,84225 -39,97778
E4_Bvp 1568797456,85788 -36,44391
E4_Bvp 1568797456,8735 -32,78668
E4_Bvp 1568797456,88913 -29,31403
E4_Bvp 1568797456,90475 -26,2666
E4_Bvp 1568797456,92038 -23,71362
E4_Bvp 1568797456,93601 -21,539
E4_Bvp 1568797456,95163 -19,49768
E4_Bvp 1568797456,96726 -17,37317
E4_Bvp 1568797456,98288 -15,07513
E4_Bvp 1568797456,99851 -12,63837
E4_Bvp 1568797457,01413 -10,17804
E4_Bvp 1568797457,02976 -7,818298
E4_Bvp 1568797457,04539 -5,62677
E4_Bvp 1568797457,06101 -3,63324
E4_Bvp 1568797457,07664 -1,829163
E4_Bvp 1568797457,09226 -0,2250977
E4_Bvp 1568797457,10789 1,171875
E4_Bvp 1568797457,12351 2,388672
E4_Bvp 1568797457,13914 3,47345
E4_Bvp 1568797457,15477 4,459351
E4_Gsr 1568797455,519 0,07330274
E4_Gsr 1568797455,769 0,07458407
E4_Gsr 1568797456,019 0,07714673
E4_Gsr 1568797456,269 0,07330274
E4_Gsr 1568797456,519 0,07714673
E4_Gsr 1568797456,769 0,0758654
E4_Bvp 1568797457,17039 5,345703
E4_Bvp 1568797457,18602 6,058838
E4_Bvp 1568797457,20164 6,476379
E4_Bvp 1568797457,21727 6,524292
E4_Bvp 1568797457,23289 6,177185
E4_Bvp 1568797457,24852 5,53302
E4_Bvp 1568797457,26415 4,733093
E4_Bvp 1568797457,27977 3,988831
E4_Bvp 1568797457,2954 3,454102
E4_Bvp 1568797457,31102 3,20697
E4_Bvp 1568797457,32665 3,23114
E4_Bvp 1568797457,34227 3,422913
E4_Bvp 1568797457,3579 3,6203
E4_Bvp 1568797457,37353 3,699341
E4_Bvp 1568797457,38915 3,650574
E4_Bvp 1568797457,40478 3,570862
E4_Bvp 1568797457,4204 3,588074
E4_Bvp 1568797457,43603 3,771606
E4_Bvp 1568797457,45165 4,080933
E4_Bvp 1568797457,46728 4,402405
E4_Bvp 1568797457,48291 4,634521
E4_Bvp 1568797457,49853 4,761841
E4_Bvp 1568797457,51416 4,874634
E4_Bvp 1568797457,52978 5,095703
E4_Bvp 1568797457,54541 5,45697
E4_Bvp 1568797457,56103 5,854614
E4_Bvp 1568797457,57666 6,094788
E4_Bvp 1568797457,59229 6,008667
E4_Bvp 1568797457,60791 5,557312
E4_Bvp 1568797457,62354 4,868347
E4_Bvp 1568797457,63916 4,144104
E4_Bvp 1568797457,65479 3,549561
E4_Bvp 1568797457,67041 3,099182
E4_Bvp 1568797457,68604 2,687317
E4_Bvp 1568797457,70167 2,173279
E4_Bvp 1568797457,71729 1,48645
E4_Bvp 1568797457,73292 0,7218628
E4_Bvp 1568797457,74854 0,1050415
E4_Bvp 1568797457,76417 -0,1522217
E4_Bvp 1568797457,7798 0,03918457
E4_Bvp 1568797457,79542 0,5731201
E4_Bvp 1568797457,81105 1,143677
E4_Bvp 1568797457,82667 1,373291
E4_Bvp 1568797457,8423 1,003296
E4_Bvp 1568797457,85792 -0,008239746
E4_Bvp 1568797457,87355 -1,461121
E4_Bvp 1568797457,88918 -3,045959
E4_Bvp 1568797457,9048 -4,499329
E4_Bvp 1568797457,92043 -5,720581
E4_Bvp 1568797457,93605 -6,758057
E4_Bvp 1568797457,95168 -7,69928
E4_Bvp 1568797457,9673 -8,54364
E4_Bvp 1568797457,98293 -9,123474
E4_Bvp 1568797457,99856 -9,218933
E4_Bvp 1568797458,01418 -8,666077
E4_Bvp 1568797458,02981 -7,496887
E4_Bvp 1568797458,04543 -5,955444
E4_Bvp 1568797458,06106 -4,378906
E4_Bvp 1568797458,07668 -3,049805
E4_Bvp 1568797458,09231 -2,0896
E4_Bvp 1568797458,10794 -1,461182
E4_Bvp 1568797458,12356 -1,063232
E4_Bvp 1568797458,13919 -0,7957153
E4_Bvp 1568797458,15481 -0,6084595
E4_Bvp 1568797458,17044 -0,4786987
E4_Bvp 1568797458,18606 -0,3336182
E4_Temperature 1568797456,37058 28,97
E4_Temperature 1568797456,62059 28,97
E4_Temperature 1568797456,8706 28,97
E4_Temperature 1568797457,12062 28,97
E4_Temperature 1568797457,37063 28,97
E4_Temperature 1568797457,62064 28,97
E4_Temperature 1568797457,87065 28,97
E4_Temperature 1568797458,12066 28,97
E4_Bvp 1568797458,20169 -0,0994873
E4_Bvp 1568797458,21732 0,2680054
E4_Bvp 1568797458,23294 0,680542
E4_Bvp 1568797458,24857 0,9643555
E4_Bvp 1568797458,26419 0,9488525
E4_Bvp 1568797458,27982 0,5588989
E4_Bvp 1568797458,29544 -0,08642578
E4_Bvp 1568797458,31107 -0,7599487
E4_Bvp 1568797458,3267 -1,216309
E4_Bvp 1568797458,34232 -1,330383
E4_Bvp 1568797458,35795 -1,140747
E4_Bvp 1568797458,37357 -0,8085938
E4_Bvp 1568797458,3892 -0,5174561
E4_Bvp 1568797458,40482 -0,4039307
E4_Bvp 1568797458,42045 -0,5214844
E4_Bvp 1568797458,43608 -0,819519
E4_Bvp 1568797458,4517 -1,244324
E4_Bvp 1568797458,46733 -1,731262
E4_Bvp 1568797458,48295 -2,217102
E4_Bvp 1568797458,49858 -2,634827
E4_Bvp 1568797458,5142 -2,907959
E4_Bvp 1568797458,52983 -2,977112
E4_Gsr 1568797457,019 0,07458407
E4_Gsr 1568797457,269 0,07330274
E4_Gsr 1568797457,519 0,07842807
E4_Gsr 1568797457,769 0,0797094
E4_Gsr 1568797458,019 0,07842807
E4_Gsr 1568797458,269 0,0758654
E4_Bvp 1568797458,54546 -2,829956
E4_Bvp 1568797458,56108 -2,539978
E4_Bvp 1568797458,57671 -2,21167
E4_Bvp 1568797458,59233 -1,977661
E4_Bvp 1568797458,60796 -1,909668
E4_Bvp 1568797458,62358 -1,975342
E4_Bvp 1568797458,63921 -2,033447
E4_Bvp 1568797458,65484 -1,90271
E4_Bvp 1568797458,67046 -1,446838
E4_Bvp 1568797458,68609 -0,6640015
E4_Bvp 1568797458,70171 0,2890015
E4_Bvp 1568797458,71734 1,189819
E4_Bvp 1568797458,73296 1,831909
E4_Bvp 1568797458,74859 2,150757
E4_Bvp 1568797458,76422 2,216187
E4_Bvp 1568797458,77984 2,183228
E4_Bvp 1568797458,79547 2,196655
E4_Bvp 1568797458,81109 2,334656
E4_Bvp 1568797458,82672 2,614136
E4_Bvp 1568797458,84234 2,966125
E4_Bvp 1568797458,85797 3,3078
E4_Bvp 1568797458,8736 3,548767
E4_Bvp 1568797458,88922 3,589905
E4_Bvp 1568797458,90485 3,356018
E4_Bvp 1568797458,92047 2,799805
E4_Bvp 1568797458,9361 1,988037
E4_Bvp 1568797458,95172 1,064087
E4_Bvp 1568797458,96735 0,2434692
E4_Bvp 1568797458,98298 -0,2761841
E4_Bvp 1568797458,9986 -0,3913574
E4_Bvp 1568797459,01423 -0,1361084
E4_Bvp 1568797459,02985 0,3620605
E4_Bvp 1568797459,04548 0,9484863
E4_Bvp 1568797459,0611 1,498291
E4_Bvp 1568797459,07673 1,895264
E4_Bvp 1568797459,09236 2,045776
E4_Bvp 1568797459,10798 1,865906
E4_Bvp 1568797459,12361 1,309937
E4_Bvp 1568797459,13923 0,4534912
E4_Bvp 1568797459,15486 -0,5072632
E4_Bvp 1568797459,17048 -1,328064
E4_Bvp 1568797459,18611 -1,8302
E4_Bvp 1568797459,20174 -2,030884
E4_Bvp 1568797459,21736 -2,151062
E4_Bvp 1568797459,23299 -2,50885
E4_Bvp 1568797459,24861 -3,309692
E4_Bvp 1568797459,26424 -4,511963
E4_Bvp 1568797459,27986 -5,808899
E4_Bvp 1568797459,29549 -6,769348
E4_Bvp 1568797459,31112 -7,08374
E4_Bvp 1568797459,32674 -6,674316
E4_Bvp 1568797459,34237 -5,748718
E4_Bvp 1568797459,35799 -4,654175
E4_Bvp 1568797459,37362 -3,687195
E4_Bvp 1568797459,38924 -2,940918
E4_Bvp 1568797459,40487 -2,311279
E4_Bvp 1568797459,4205 -1,589905
E4_Bvp 1568797459,43612 -0,6260376
E4_Bvp 1568797459,45175 0,5548096
E4_Bvp 1568797459,46737 1,758484
E4_Bvp 1568797459,483 2,738281
E4_Bvp 1568797459,49862 3,359253
E4_Bvp 1568797459,51425 3,639648
E4_Bvp 1568797459,52988 3,739746
E4_Bvp 1568797459,5455 3,828247
E4_Bvp 1568797459,56113 3,986206
E4_Bvp 1568797459,57675 4,140076
E4_Bvp 1568797459,59238 4,151062
E4_Bvp 1568797459,608 3,904297
E4_Bvp 1568797459,62363 3,417542
E4_Bvp 1568797459,63926 2,799622
E4_Bvp 1568797459,65488 2,206726
E4_Bvp 1568797459,67051 1,731567
E4_Bvp 1568797459,68613 1,395142
E4_Bvp 1568797459,70176 1,169067
E4_Bvp 1568797459,71738 1,004456
E4_Bvp 1568797459,73301 0,883728
E4_Bvp 1568797459,74864 0,7985229
E4_Bvp 1568797459,76426 0,7119751
E4_Bvp 1568797459,77989 0,5462036
E4_Bvp 1568797459,79551 0,2153931
E4_Bvp 1568797459,81114 -0,3157349
E4_Bvp 1568797459,82676 -0,9874268
E4_Bvp 1568797459,84239 -1,656555
E4_Bvp 1568797459,85802 -2,144958
E4_Bvp 1568797459,87364 -2,348267
E4_Bvp 1568797459,88927 -2,308472
E4_Bvp 1568797459,90489 -2,196655
E4_Bvp 1568797459,92052 -2,248047
E4_Bvp 1568797459,93614 -2,611145
E4_Bvp 1568797459,95177 -3,250732
E4_Bvp 1568797459,9674 -3,986267
E4_Bvp 1568797459,98302 -4,55481
E4_Bvp 1568797459,99865 -4,750732
E4_Bvp 1568797460,01427 -4,518799
E4_Bvp 1568797460,0299 -3,937683
E4_Bvp 1568797460,04553 -3,146057
E4_Bvp 1568797460,06115 -2,251709
E4_Bvp 1568797460,07678 -1,283752
E4_Gsr 1568797458,519 0,0797094
E4_Gsr 1568797458,769 0,07714673
E4_Gsr 1568797459,019 0,07202141
E4_Gsr 1568797459,269 0,08739738
E4_Gsr 1568797459,519 0,0758654
E4_Gsr 1568797459,769 0,07202141
E4_Bvp 1568797460,0924 -0,2426147
E4_Bvp 1568797460,10803 0,8414307
E4_Bvp 1568797460,12365 1,869263
E4_Bvp 1568797460,13928 2,678833
E4_Bvp 1568797460,15491 3,166077
E4_Bvp 1568797460,17053 3,316345
E4_Bvp 1568797460,18616 3,225647
E4_Bvp 1568797460,20178 3,057861
E4_Bvp 1568797460,21741 2,96637
E4_Bvp 1568797460,23303 3,025452
E4_Bvp 1568797460,24866 3,233765
E4_Temperature 1568797458,37067 28,95
E4_Temperature 1568797458,62068 28,95
E4_Temperature 1568797458,8707 28,95
E4_Temperature 1568797459,12071 28,95
E4_Temperature 1568797459,37072 28,97
E4_Temperature 1568797459,62073 28,97
E4_Temperature 1568797459,87074 28,97
E4_Temperature 1568797460,12075 28,97
E4_Bvp 1568797460,26429 3,502563
E4_Bvp 1568797460,27991 3,726013
E4_Bvp 1568797460,29554 3,778748
E4_Bvp 1568797460,31116 3,575684
E4_Bvp 1568797460,32679 3,092834
E4_Bvp 1568797460,34241 2,409302
E4_Bvp 1568797460,35804 1,659363
E4_Bvp 1568797460,37367 1,022095
E4_Bvp 1568797460,38929 0,6216431
E4_Bvp 1568797460,40492 0,4761353
E4_Bvp 1568797460,42054 0,4894409
E4_Bvp 1568797460,43617 0,4976196
E4_Bvp 1568797460,45179 0,3859863
E4_Bvp 1568797460,46742 0,1176147
E4_Bvp 1568797460,48305 -0,2489624
E4_Bvp 1568797460,49867 -0,6143799
E4_Bvp 1568797460,5143 -0,9240112
E4_Bvp 1568797460,52992 -1,17926
E4_Bvp 1568797460,54555 -1,4245
E4_Bvp 1568797460,56117 -1,675354
E4_Bvp 1568797460,5768 -1,913635
E4_Bvp 1568797460,59243 -2,080933
E4_Bvp 1568797460,60805 -2,144287
E4_Bvp 1568797460,62368 -2,147705
E4_Bvp 1568797460,6393 -2,184692
E4_Bvp 1568797460,65493 -2,347473
E4_Bvp 1568797460,67055 -2,640259
E4_Bvp 1568797460,68618 -2,951904
E4_Bvp 1568797460,70181 -3,099854
E4_Bvp 1568797460,71743 -2,924744
E4_Bvp 1568797460,73306 -2,354553
E4_Bvp 1568797460,74868 -1,470154
E4_Bvp 1568797460,76431 -0,4598999
